   0.0000000e+00   0.0000000e+00   6.5119141e-02   1.9684120e-01   2.0097869e-01   2.1877897e-01   2.9310988e-01   8.5258385e-02   5.0526769e-02   8.2449593e-02   3.0975278e-01   1.8847853e-01  -1.3657683e-01   1.1559024e-01   3.7217774e-02  -2.1255193e-01   8.0124030e-02   2.2007277e-02   1.5824850e-01  -6.4714754e-02  -3.0861161e-02   2.2165911e-02   2.3209676e-02  -5.8258489e-02   3.3913429e-02   1.8852046e-01   5.6876641e-02   1.1834639e-01  -1.3203948e-01  -2.1187530e-02   1.3239754e-01   2.4344071e-01   1.3578838e-01   3.9451293e-02   2.3038525e-02   6.2429081e-02  -1.9404846e-01   2.0143489e-01   1.6402600e-01   2.7277322e-01   3.5927486e-01   6.3697946e-02   3.0408274e-01   1.2805981e-01   9.3573925e-02   1.1748529e-01   6.6281800e-02  -2.6951163e-02  -3.4777970e-02   1.2600201e-01  -6.1709518e-03  -4.3633140e-02   2.0502007e-01   1.8723573e-01  -2.7857088e-02  -1.0277377e-01  -2.8763180e-02   1.9908104e-02   3.3685077e-03   1.5672303e-01   6.0682975e-02   1.0392550e-01   8.5981745e-02   2.0785146e-01  -1.0623193e-01   1.0962279e-01   2.5189131e-02   4.0447868e-01   2.3081500e-01   5.6641036e-02   8.8828016e-02   1.0898437e-01   6.1724772e-01   3.4116058e-01   1.2484692e-01   2.4008371e-01   2.2615398e-01   2.7128322e-01   1.6203879e-01   1.0234514e-01   1.0705099e-01   1.9528169e-01   1.1247705e-01   3.1895942e-02   9.3968851e-02   1.0919447e-01   2.3898236e-01   2.1424523e-01   2.9490494e-01   2.4978053e-01   1.4954003e-01  -6.7220881e-03   1.2330248e-01   4.7951379e-02   2.6202049e-01   1.1159611e-01   1.1739265e-01   1.3110268e-01   1.1901174e-01   1.9037378e-01   1.4115025e-01   1.8242289e-01   7.7373136e-02   1.7929459e-01  -6.6944714e-02   4.2140540e-02   5.4354028e-02  -1.1013759e-02   1.0729519e-01   2.0995717e-01  -4.4272365e-02   1.5507000e-01   1.5889568e-01  -4.5624220e-02   0.0000000e+00   1.6087862e-01   4.0313779e-02   1.4233125e-01
   0.0000000e+00   0.0000000e+00   0.0000000e+00   0.0000000e+00   0.0000000e+00   0.0000000e+00   0.0000000e+00   0.0000000e+00   0.0000000e+00   0.0000000e+00   0.0000000e+00   0.0000000e+00   0.0000000e+00   0.0000000e+00   0.0000000e+00   0.0000000e+00   0.0000000e+00   0.0000000e+00   0.0000000e+00   0.0000000e+00   0.0000000e+00   0.0000000e+00   0.0000000e+00   0.0000000e+00   0.0000000e+00   0.0000000e+00   0.0000000e+00   0.0000000e+00   0.0000000e+00   0.0000000e+00   0.0000000e+00   0.0000000e+00   0.0000000e+00   0.0000000e+00   0.0000000e+00   0.0000000e+00   0.0000000e+00   0.0000000e+00   0.0000000e+00   0.0000000e+00   0.0000000e+00   0.0000000e+00   0.0000000e+00   0.0000000e+00   0.0000000e+00   0.0000000e+00   0.0000000e+00   0.0000000e+00   0.0000000e+00   0.0000000e+00   0.0000000e+00   0.0000000e+00   0.0000000e+00   0.0000000e+00   0.0000000e+00   0.0000000e+00   0.0000000e+00   0.0000000e+00   0.0000000e+00   0.0000000e+00   0.0000000e+00   0.0000000e+00   0.0000000e+00   0.0000000e+00   0.0000000e+00   0.0000000e+00   0.0000000e+00   0.0000000e+00   0.0000000e+00   0.0000000e+00   0.0000000e+00   0.0000000e+00   0.0000000e+00   0.0000000e+00   0.0000000e+00   0.0000000e+00   0.0000000e+00   0.0000000e+00   0.0000000e+00   0.0000000e+00   0.0000000e+00   0.0000000e+00   0.0000000e+00   0.0000000e+00   0.0000000e+00   0.0000000e+00   0.0000000e+00   0.0000000e+00   0.0000000e+00   0.0000000e+00   0.0000000e+00   0.0000000e+00   0.0000000e+00   0.0000000e+00   0.0000000e+00   0.0000000e+00   0.0000000e+00   0.0000000e+00   0.0000000e+00   0.0000000e+00   0.0000000e+00   0.0000000e+00   0.0000000e+00   0.0000000e+00   0.0000000e+00   0.0000000e+00   0.0000000e+00   0.0000000e+00   0.0000000e+00   0.0000000e+00   0.0000000e+00   0.0000000e+00   0.0000000e+00   0.0000000e+00   0.0000000e+00   0.0000000e+00   0.0000000e+00   0.0000000e+00
   6.5119141e-02   0.0000000e+00   0.0000000e+00   1.4976806e-01   1.6120195e-01   1.0437177e-01  -7.6321854e-02  -5.4356163e-02  -3.5916586e-02   1.6737491e-01   3.9558343e-01  -1.0350898e-01   1.0475715e-01  -3.3225496e-02   3.1153892e-01   2.3275599e-01   2.0728417e-01   1.1167091e-01   9.5671510e-02   1.4586373e-01   2.0930123e-01   1.1462796e-01   8.1482588e-02   1.3482836e-01   2.1840473e-01   1.2317257e-01   2.5414426e-01   1.0105837e-01  -2.9751451e-02   1.1397132e-01   6.7802480e-02   1.3761988e-01   2.8800711e-01   2.4791486e-01   2.7882149e-01   3.8454836e-01   1.9433854e-01   8.8948881e-02   1.1432961e-01   2.0408452e-01   4.1609024e-02   1.8286177e-01  -6.8812759e-02  -1.4939813e-02   5.2853083e-01   8.1690070e-03   3.6374292e-02  -4.9222401e-02   1.7488879e-01   2.3750622e-01   6.5527496e-02   1.3146146e-01   2.0180974e-02   7.9115153e-02   3.2445034e-01   2.2870451e-01   1.1829651e-01   2.7341309e-03   9.9740858e-02  -4.8310129e-02  -1.6426260e-01  -1.3936916e-01  -1.6991508e-01   2.6886765e-01   1.5548129e-01   1.2421816e-01  -3.5922746e-02   1.0530699e-02   5.3005502e-03  -1.7246074e-01  -3.0215019e-01  -1.5919496e-01  -1.9034110e-01  -9.8432933e-02   5.4785330e-02  -6.9620183e-03  -1.6704992e-01  -1.6128147e-01  -1.1775261e-01  -6.2459067e-02   2.8911378e-02  -3.6206310e-02   1.0071924e-01  -3.2040377e-02   1.0173682e-01  -5.6568228e-02   1.1644516e-01  -2.2293788e-02   4.4656474e-02  -5.2904072e-03  -9.4950448e-02  -1.7059354e-02   1.3703287e-02   4.3226304e-02  -1.0381713e-02   1.9226985e-01   9.9076523e-02  -5.8210829e-02  -1.6738465e-01  -8.9574730e-02  -2.5506133e-01  -7.0583212e-02  -3.4942275e-01  -2.2115320e-02   5.5787217e-02  -7.4379154e-02  -7.8264702e-02  -3.4295301e-03  -9.8224749e-02  -1.0822576e-01   9.7693461e-02   1.1749879e-01   1.5768436e-01   2.2174994e-01   0.0000000e+00  -6.6586207e-02  -1.3271793e-01  -2.1837991e-02
   1.9684120e-01   0.0000000e+00   1.4976806e-01   0.0000000e+00   2.4605375e-01   2.3653948e-01   1.1003871e-01   7.2359265e-02   8.7017359e-02   1.5599616e-01   3.4984394e-01   7.8492110e-02   1.0008370e-01   1.0325262e-01   1.4810264e-01   1.0970007e-01   2.9975376e-01   1.7837286e-01   2.3732794e-01   2.3085638e-01   2.5278034e-01   1.3589384e-01   1.6822402e-01   1.1929098e-01   2.5239010e-01   9.0440492e-02   1.2365116e-01   8.0119533e-02  -6.4905183e-02  -1.0136238e-01   6.1444104e-02   1.2655798e-01   1.2690654e-01   7.1298295e-02   8.6085449e-02   1.0542091e-01   1.0717483e-02   1.2195293e-01   5.9338974e-02   2.7762225e-01   2.1014816e-01   8.9481756e-02   5.1703004e-02  -1.9126154e-02   9.6937882e-02  -7.8855089e-02   2.4573886e-01   1.8057526e-01   2.4818683e-01   1.4968740e-01   1.1789496e-01  -3.0618637e-02  -4.9698976e-02   1.7598124e-01   1.7971594e-01   2.4225457e-01   1.2028200e-01   8.1709537e-03   1.8854771e-01   1.5703520e-01  -1.5406931e-02  -2.2118177e-02  -8.6520280e-02   2.9861623e-01  -1.0984919e-01   1.6391361e-01   8.0368296e-02   1.0258108e-01   8.2589798e-02  -4.2193030e-02  -1.3965165e-01   4.8523897e-02   2.8718807e-02   1.4696500e-01  -7.8018886e-02   2.0898861e-01  -1.0864745e-01  -8.8030308e-02  -5.1502268e-02  -6.7899130e-02   2.6575055e-03   1.0397085e-02   5.8093940e-02  -3.5433162e-03   1.0441649e-01   3.4152572e-02   1.5191776e-01  -3.4376437e-02   1.2337421e-01   2.1485388e-01  -2.0489378e-02   9.2893446e-02  -7.5603362e-02   1.9904685e-02   1.2608473e-01   5.0516667e-02  -2.2452187e-02  -4.6831800e-02  -5.0834228e-02   4.6549195e-02  -1.6010170e-01   7.8474556e-03  -1.7745352e-01   2.0027388e-01   5.2067280e-02   1.4248991e-01   1.3458369e-01  -4.1928686e-02   1.3531527e-01   6.0774999e-02   5.4402911e-02   2.2471540e-01   2.5108447e-01   2.0131286e-01   0.0000000e+00  -4.4578569e-03  -7.9508974e-02   8.4243258e-02
   2.0097869e-01   0.0000000e+00   1.6120195e-01   2.4605375e-01   0.0000000e+00   4.6055346e-01  -5.7035451e-02  -2.3720897e-02   1.8499182e-02   5.6538307e-02   2.0320207e-01   1.6691366e-02   1.9499559e-01   2.4332333e-01   1.5236152e-01   1.5725022e-01   2.9227380e-01   2.5897916e-01   4.8094153e-02   3.2992504e-01   1.6234349e-01   3.0175172e-01   7.7039313e-02   2.0187762e-01   2.6754297e-01   3.3403030e-01   6.1483466e-01   5.0115350e-01  -7.9026760e-02   2.0477258e-02   4.0098532e-01   4.4641297e-01   3.4685985e-01   3.0287237e-01   1.2975406e-01   2.2912833e-01  -8.0746148e-02  -2.0155882e-02   7.7718684e-02   1.2968265e-01   1.1928845e-01   2.2018626e-02   2.0929143e-01  -5.4433156e-02   9.6166472e-03   1.7095182e-02   6.2079181e-01   2.6729425e-02   3.8976458e-01   5.4325702e-01   2.2004820e-01  -3.6213646e-02   1.2839930e-01   2.1643120e-01   2.4855634e-01   1.4401547e-01   3.5091139e-01   4.9090397e-02  -2.3517915e-02   1.5876583e-01   1.1241738e-01  -7.1626751e-03   1.7137430e-01   1.6911142e-01   1.9777691e-02   2.0722574e-01   5.0580545e-02   1.2331928e-01   1.8038785e-01   1.6643913e-01  -7.0401379e-02  -2.4772595e-02   1.0046685e-01   1.3534287e-01   1.0009785e-01   1.6535651e-01  -6.3129006e-02   4.7156816e-02   4.2968492e-01   1.1324779e-01   6.1673900e-01   4.1953113e-01   5.3296832e-01   3.0260584e-01   3.5840803e-01  -5.2069862e-02   3.4503414e-01   3.3087852e-01   5.4253179e-01   2.7313254e-01   5.9470031e-02   4.0484116e-01   9.8747501e-02   1.3511555e-01   1.4212826e-01  -7.2917462e-02  -1.0124623e-01  -1.4808794e-01  -1.1785929e-01   5.2635985e-02  -2.3248486e-01   1.1327188e-01  -1.6417579e-01   1.9418928e-01   2.4586801e-01  -5.3735408e-02   1.0750585e-01   1.9535808e-01   1.2665546e-01  -9.7143401e-02  -4.3092066e-02   1.7793900e-01   1.9904282e-01   3.4258416e-01   0.0000000e+00   1.4588630e-01  -1.8815881e-02   2.5729766e-01
   2.1877897e-01   0.0000000e+00   1.0437177e-01   2.3653948e-01   4.6055346e-01   0.0000000e+00   6.4194494e-02   7.1791986e-02  -3.3587930e-03   1.8245928e-02   3.2098261e-01   1.7385662e-02   6.2767112e-02   2.8832144e-01   1.2007970e-01  -4.3937473e-02   2.1529486e-01   3.0216300e-01   4.6109509e-02   2.2489759e-01   1.0229033e-01   2.5616900e-01  -2.8439450e-02   8.8900655e-02   2.6455011e-01   3.5208035e-01   4.8209955e-01   3.2662772e-01  -1.6728866e-01  -2.9549333e-02   4.0546240e-01   2.8393175e-01   2.7969575e-01   2.2503340e-01   2.8228714e-02   1.6612651e-01  -8.9403396e-02  -7.7297441e-02  -6.1182961e-02   1.0911999e-01   1.2428709e-01  -6.2515734e-02   2.3144766e-01   1.5272889e-03   9.0502963e-02  -5.2836588e-02   2.5509811e-01   1.8673925e-01   2.1410778e-01   5.7350821e-01   3.7039828e-01  -1.0553987e-01   2.1463988e-01   2.5696112e-01   1.6541734e-01  -1.1737344e-02   1.5912302e-01   1.7079791e-01  -4.6620849e-02   1.9795853e-01   1.9749659e-01   4.7414233e-02   9.9267492e-02   1.7512426e-01   3.5981308e-02   1.7690730e-01   1.9834361e-01   4.0432442e-01   3.3143818e-01   2.0741583e-01  -4.8340948e-02   2.6190200e-01   1.3883277e-01   2.0319998e-01   1.8855842e-01   3.2277029e-01  -8.7439886e-03  -6.0911319e-02   2.4772584e-01   2.7769110e-01   3.3714036e-01   3.9977754e-01   5.2881887e-01   3.0432933e-01   2.3798188e-01  -5.3186387e-02   3.0693379e-01   2.8800564e-01   3.4324400e-01   3.0285854e-01   2.2995135e-01   9.4348777e-02   1.5131765e-01   8.5776110e-02   8.9133112e-02  -8.4765289e-03  -5.9097973e-02  -1.1238604e-01  -2.1354324e-02  -1.9001843e-02  -1.3772021e-01   1.1869578e-01  -1.4653435e-01   1.7910975e-01   4.4709402e-02  -1.7896790e-01   9.4855347e-02   1.1184977e-02   7.0095338e-02   6.8524386e-02  -9.4834072e-02   2.9456705e-01   1.9856978e-01   2.4039282e-01   0.0000000e+00   4.9626460e-02   3.2968771e-02   4.7429220e-01
   2.9310988e-01   0.0000000e+00  -7.6321854e-02   1.1003871e-01  -5.7035451e-02   6.4194494e-02   0.0000000e+00   6.0789736e-02   2.0860859e-01   1.2147921e-01   1.7983487e-01   1.5703433e-01   7.8226965e-02   1.6956001e-01   6.8960098e-02   2.7374811e-02   1.2509734e-01   1.5290050e-01   5.5054443e-01  -3.0424281e-02  -1.2987233e-02   4.7749649e-02  -9.2955780e-02  -1.1536523e-01  -3.2159399e-02   4.7623968e-02  -1.7105790e-02   6.9477238e-02   2.2816876e-01   3.2905953e-02  -2.1244595e-01   7.6524081e-03   3.1551038e-01  -6.6476596e-02   5.8243622e-02   1.4853946e-01  -4.4213662e-02   4.1854095e-01   4.3489454e-01   3.8548146e-01   5.3535535e-01   1.6050397e-01   3.6187258e-01   3.6948686e-01  -6.1682707e-02   3.1052581e-01   2.5054198e-01   1.8814013e-01  -1.5319215e-01   9.2758424e-02   3.5532104e-02   2.5750946e-01   1.7757190e-01   1.9771734e-01   1.3118024e-02  -2.5866309e-03   1.5496980e-01   2.4223800e-01   4.2642294e-01   1.5030636e-01   6.4252873e-02   1.6293554e-01   1.9529169e-01   1.7765426e-01  -9.1776839e-02   5.2968571e-01  -5.7453482e-02   1.4774623e-01  -5.7781031e-02   3.1788738e-01   5.2934911e-02   5.2910429e-02   4.2355018e-01   4.8904963e-01  -4.6193283e-03   3.3821573e-02   4.0536535e-01   3.8780679e-01   1.7929599e-01  -1.2128517e-02   1.0477212e-01   6.5959494e-02  -1.7148843e-01   1.0881007e-01   2.0537551e-01   2.5076256e-01  -1.4297273e-02  -7.4231854e-02   1.9795733e-01   7.2799310e-02  -3.7302287e-02   2.7560277e-01   1.7480787e-01   3.2817643e-01   4.3472486e-01   2.2618208e-01   1.8955021e-01   3.7734729e-01   2.9350443e-01   2.7450958e-01   5.3644920e-01   3.7057611e-01   3.5677208e-01   2.8842683e-01   1.4770096e-01   2.7361948e-01   1.0655405e-01   4.5977864e-02   3.3068893e-01   5.2246682e-01   1.3857380e-01  -8.0193368e-03   1.5294904e-02   3.7214825e-02   0.0000000e+00   1.1692213e-01   5.7846150e-02  -1.5960154e-01
   8.5258385e-02   0.0000000e+00  -5.4356163e-02   7.2359265e-02  -2.3720897e-02   7.1791986e-02   6.0789736e-02   0.0000000e+00   1.5319749e-01   2.8678993e-02   9.9698586e-02   3.2820831e-02   1.3527476e-01   1.5482502e-02   9.3429409e-02   1.1279631e-01   1.8534505e-02   1.1743137e-01   1.1941911e-01   3.8468960e-02  -6.5110967e-02  -9.5985047e-03   2.1351860e-02  -5.1601789e-02   7.5408323e-02   9.3435350e-03  -9.1016555e-03  -2.5573231e-02  -6.5832387e-02  -1.2575570e-01   2.0675087e-02   3.9492162e-03   2.3625149e-02  -8.2025267e-02  -4.7135135e-02   6.5623250e-02  -1.0532107e-02  -2.0794500e-02   2.7225038e-02   9.2839486e-04  -1.8150445e-02   4.0903522e-02  -2.6652817e-02   1.2556674e-02  -1.2786607e-02  -2.2097191e-02   2.4882055e-02   3.4295137e-01   8.2618814e-02   1.1824419e-01   2.0924289e-01  -1.2860050e-01   2.3426666e-02   1.1592100e-01   1.6375419e-01   1.6076034e-01   1.4422670e-02   3.0973384e-01   6.8206235e-02   6.6636855e-03   3.4145782e-04   1.2267998e-01  -2.2058034e-02   1.1324854e-01  -1.3215953e-01   7.7524987e-02   7.9200003e-02   2.0001753e-01   3.6510834e-01   1.1847756e-01  -2.9368229e-02   1.3466140e-01   1.7552889e-02   8.7198897e-02  -1.7408696e-02   2.1247213e-01   1.9620104e-01   3.8358940e-02   5.0538123e-02   1.2686334e-01  -4.2302763e-02   2.9706520e-03  -3.0854969e-02   1.5307733e-01   2.4658706e-02  -8.7952300e-03   3.9624459e-02   1.1552718e-01   3.2081228e-02   8.1105667e-02   1.9548717e-02   4.8118316e-02  -3.8968036e-03   1.4591762e-01   5.6012967e-03   1.1325774e-01   1.4901659e-01   8.0724298e-02   9.5674739e-02   5.8753218e-02   4.0597257e-02   7.4622308e-02   1.8847510e-02  -3.1379348e-02   4.9916494e-02   2.8922729e-01   4.9915161e-02  -1.1270290e-02   1.3184190e-01   2.1366930e-01   3.2699514e-02   1.4656572e-01   8.9248478e-02   7.4994523e-02   0.0000000e+00   5.6480884e-01   6.6903302e-01   7.4203863e-02
   5.0526769e-02   0.0000000e+00  -3.5916586e-02   8.7017359e-02   1.8499182e-02  -3.3587930e-03   2.0860859e-01   1.5319749e-01   0.0000000e+00   6.2815846e-02   5.7702879e-02   1.0699510e-01   1.4441145e-01  -1.4618209e-02   1.3908425e-01   2.1131258e-01   1.0411456e-01   1.7331823e-01   2.1233551e-01   9.1317913e-02   1.4499172e-02  -2.3888535e-03  -9.4104897e-02  -7.2982040e-02   3.0631998e-03   3.8324805e-02   4.6794102e-02   2.0301483e-01   1.2513302e-01   1.8826620e-01   1.1304824e-01   7.2293171e-02   1.9346121e-01   7.1375190e-02   1.6272494e-01   1.7967971e-01   7.3146655e-02   3.2302803e-01   2.0555763e-01   1.1831243e-01   2.0528733e-01   2.1708090e-01   1.5472186e-01   3.5909962e-01   9.5652210e-03   2.4864183e-01   6.4883643e-02   3.8581840e-01   2.3793936e-01   1.1398875e-01   2.0804976e-01   1.6754168e-01   1.9337675e-01   1.8690391e-02   1.3417653e-01   2.0472869e-01   1.1482665e-01   4.4748749e-01   2.2902696e-01   8.9708567e-03  -5.6926658e-02  -3.9490633e-02   7.4019783e-02   1.2491950e-01   2.8936476e-01   1.7740720e-01   4.9777098e-01   8.2626002e-02   1.6849250e-01   2.3385559e-01   1.1133392e-01   1.4047897e-01   1.4161746e-01   8.9484251e-02   1.4568498e-01   2.5383437e-01   1.7758517e-01   1.1623374e-01   5.4219239e-02   1.0662138e-01   8.7975092e-02   8.8004807e-02  -7.1610451e-02   1.8653714e-01   1.5919848e-01   3.7747339e-01   1.8715109e-01   5.4246909e-02   1.2392062e-01   2.0575971e-01   2.0283589e-01   8.6838075e-02   1.7430708e-01   1.5308364e-01   1.5851269e-01   2.7238205e-01   3.3377843e-01   3.0588591e-01   3.2548341e-01   2.8316723e-01   1.9579630e-01   1.9229339e-01   2.5252618e-01   8.3530687e-02   1.0062855e-01   2.3375750e-01   1.7010502e-01   2.8001039e-01   2.8204874e-01   2.0413370e-01   5.2486525e-01   9.3705926e-02   1.1619837e-01   6.9300042e-02   0.0000000e+00   6.7432703e-02   1.6047390e-01   1.8765472e-02
   8.2449593e-02   0.0000000e+00   1.6737491e-01   1.5599616e-01   5.6538307e-02   1.8245928e-02   1.2147921e-01   2.8678993e-02   6.2815846e-02   0.0000000e+00   2.7878468e-01   3.9276054e-01   1.7961466e-01  -1.8480807e-02   1.9194700e-01   1.8152661e-01   7.8650637e-02   7.3392106e-02   2.9988421e-01   2.6582468e-01   2.7797056e-01   1.6935019e-01  -2.9160735e-02   2.7281976e-02   2.3667253e-01   4.0783502e-03   1.8159092e-01   1.8823934e-01   1.0684647e-01   4.4551508e-02  -3.8850693e-02   1.7265803e-01   2.9781518e-01   2.4445602e-01   2.3385889e-01   2.0336309e-01   1.9543838e-01   1.2481726e-01   9.2900257e-02   2.5864033e-01   1.7636514e-01   1.6761508e-01  -3.5816250e-03   3.1808177e-02   1.0016307e-01   1.3147399e-02   1.0824349e-01   1.0559135e-01   1.2391213e-01   1.4894766e-01   1.0693191e-01   2.0873648e-01  -9.4263751e-02   6.8725732e-02   2.4872735e-01   2.9595292e-01   3.0406760e-01   3.9451623e-03   2.2561264e-01   3.4496416e-02  -1.9471573e-02  -1.0172126e-01  -9.6185177e-02   3.0146435e-01   3.3408190e-02   2.5308612e-01  -2.6447897e-02  -6.2490909e-02  -1.6907478e-02  -3.3396085e-02  -1.8786596e-01   1.7097350e-02  -1.1339099e-01   4.2468133e-03   2.1985708e-02  -2.5401681e-02  -6.2051886e-02  -6.6582498e-02  -1.1207507e-01  -1.2162800e-01  -4.3013189e-02  -1.1320249e-01  -5.5756175e-02  -5.2044426e-02   2.2675335e-01  -1.3714833e-02   1.2718909e-01  -1.1473565e-01   1.1295675e-01   2.2791131e-02  -6.2987369e-02   1.5457866e-01  -1.5952743e-01   1.0875443e-01   1.4955435e-01   6.2416591e-02  -5.2748335e-02  -1.0558879e-01  -1.2876410e-01   3.9690462e-02  -1.5119557e-01   1.4290381e-02  -1.2909747e-01   4.6273478e-02   1.3247367e-01   4.2971241e-02   4.6450895e-02   1.9248023e-02   3.0664788e-04   1.5619316e-01   2.3998775e-01   3.9468526e-02   1.3828352e-01   1.7020453e-01   0.0000000e+00   1.1351832e-02  -1.0209296e-01  -6.3710514e-02
   3.0975278e-01   0.0000000e+00   3.9558343e-01   3.4984394e-01   2.0320207e-01   3.2098261e-01   1.7983487e-01   9.9698586e-02   5.7702879e-02   2.7878468e-01   0.0000000e+00   5.9626098e-02   2.9705895e-01   8.8457626e-02   2.4421686e-01   2.4612512e-01   1.4932772e-01   1.9041568e-01   4.5180893e-01   2.8605096e-01   3.0852298e-01   2.4272893e-01   2.2148303e-01   1.7147698e-01   4.6526110e-01   1.6388741e-01   3.2220735e-01   2.6387973e-01   3.5517335e-02  -9.3783563e-03   1.6179160e-01   4.3303490e-01   3.6135412e-01   3.0900336e-01   4.1703114e-01   5.5784868e-01   1.9754631e-01   2.1667288e-01   2.4898200e-01   6.9684786e-01   3.6279702e-01   3.3481502e-01   5.8494826e-02   1.4621413e-01   3.9374580e-01   3.8417923e-02   1.3210976e-01   2.2891596e-01   3.4176333e-01   3.2154325e-01   2.9295142e-01   7.2151365e-02   4.8926651e-02   3.1849133e-01   4.5886374e-01   4.5221138e-01   2.2018035e-01   1.7386183e-01   3.5084912e-01   1.4050464e-01  -3.0311945e-02  -1.3259879e-01  -1.6686173e-01   5.8422127e-01   1.7926581e-02   3.5443326e-01   9.8002103e-02   2.7665146e-01   2.3966840e-01  -3.0368145e-02  -2.0657405e-01   1.5097911e-02   1.1384304e-01   2.6074597e-01   1.8989158e-02   2.4009577e-01  -6.9612321e-02  -1.6432956e-01  -1.1795525e-01  -2.3229469e-02  -1.3016154e-02   4.2548367e-02   1.4731828e-01   5.5614883e-02   2.5598242e-01   9.6726151e-02   2.8578887e-01  -2.5656504e-02   1.9141068e-01   3.1952427e-01   2.1018602e-02   3.0550747e-02  -7.0158601e-02   1.5490643e-01   1.1370924e-01   1.6813652e-01   1.0902181e-01   1.4413714e-02  -1.2631855e-01   7.7923600e-02  -7.5667003e-02   2.0929836e-01  -1.8980592e-01   1.2027914e-01   1.2220033e-01  -4.4652132e-03   1.5282195e-02  -2.2685775e-02   6.1858775e-03   1.6867864e-01   1.3195896e-01   1.7290384e-01   2.1613034e-01   2.4162525e-01   0.0000000e+00  -2.9011743e-02  -4.4399713e-02   1.2156735e-01
   1.8847853e-01   0.0000000e+00  -1.0350898e-01   7.8492110e-02   1.6691366e-02   1.7385662e-02   1.5703433e-01   3.2820831e-02   1.0699510e-01   3.9276054e-01   5.9626098e-02   0.0000000e+00   5.6835035e-02   2.4530477e-01  -2.6661206e-02  -1.3410173e-01   8.3743886e-02   9.7303250e-02   8.0252829e-02   5.6498502e-02   1.1196063e-01   1.0047767e-01   8.4980921e-02  -5.7131826e-03   5.5926101e-02   1.0264542e-01   3.3163184e-03   7.8957476e-02  -7.9116287e-02  -6.1745029e-02   8.6974562e-02   1.0112317e-01  -3.4738260e-03   1.3647902e-01  -3.9490481e-02  -7.2154365e-02  -1.8147286e-01   7.5031540e-02   4.7501196e-02   1.8786287e-01   2.2892527e-01  -4.7225197e-02   3.0074562e-01   9.9134511e-02  -9.0569330e-02   4.6521292e-02   4.4101048e-02   4.3612112e-02   4.3424944e-02  -2.9386203e-02   3.0142260e-02  -1.3860861e-01   1.1521500e-01   3.3097214e-03  -1.7274697e-01  -5.3203282e-02   4.6443889e-02   3.0109415e-02   5.4081334e-02   2.4574011e-01   2.4047787e-01   2.0728526e-01   1.3320006e-01   6.1070337e-02  -2.4791004e-02  -9.1860917e-02   1.2952879e-01   5.3685063e-02   5.5564770e-02   1.9546914e-01  -3.0171782e-02   1.5306489e-01   2.3730548e-01   4.6196142e-02   1.0004044e-01   2.0900163e-01   1.2314938e-01   1.0246273e-01   1.3985719e-01   9.2471312e-02   7.7694082e-02   1.4434501e-01   1.2396006e-01   1.0315013e-01  -7.5330544e-02   8.1792994e-02   1.9103446e-01   1.5282232e-01   1.1497981e-01   2.2940199e-01   9.6517180e-02   6.1533428e-02   1.0235473e-01   5.7697034e-02   1.7000672e-01   1.2335308e-01   9.3369602e-02   1.5311486e-01   2.1190054e-01   1.9963080e-01   1.0818332e-02   1.7771323e-01   1.0463060e-01   2.0837082e-01   2.4062984e-02   1.3665944e-01   3.9307119e-02   3.6724107e-02   5.2426254e-02  -5.9886161e-03   7.9383906e-03  -1.0570117e-02   1.5077678e-02  -1.3714675e-01   0.0000000e+00   1.2493052e-01   1.5099133e-01   1.3371416e-01
  -1.3657683e-01   0.0000000e+00   1.0475715e-01   1.0008370e-01   1.9499559e-01   6.2767112e-02   7.8226965e-02   1.3527476e-01   1.4441145e-01   1.7961466e-01   2.9705895e-01   5.6835035e-02   0.0000000e+00   7.6861060e-02   3.4347566e-01   4.0055627e-01   1.7065135e-01   2.9984754e-01   3.3967898e-01   6.5137562e-01   5.5341302e-01   4.0048218e-01   2.8757984e-01   3.0498589e-01   4.2527899e-01   9.4766528e-02   3.8819797e-01   3.3390848e-01   3.2350050e-01   1.1673448e-01   2.0586165e-02   2.5824195e-01   3.7521401e-01   2.7378067e-01   4.7791685e-01   2.8559502e-01   1.7270542e-01   2.2793932e-01   3.4413309e-01   1.7502045e-01   1.4769977e-01   3.8277234e-01  -1.4300371e-01   2.4290629e-02   6.3791412e-02   3.9936693e-02   3.1886011e-01   4.5589269e-01   4.4264200e-01   3.5766383e-01   4.0160762e-01   2.3985945e-01  -1.4222357e-01   7.6892114e-02   4.3168373e-01   6.4512036e-01   5.3818284e-01   3.3148256e-01   3.3202383e-01   1.7542487e-01   4.7454371e-02  -8.5224174e-02  -4.6472388e-03   3.9688648e-01   6.5225098e-03   3.8820298e-01   7.5351106e-02  -1.2297782e-01  -6.8236317e-03   2.2190389e-01  -1.3085897e-01  -2.1701212e-02  -9.8714587e-02   1.9202783e-01  -1.2908755e-01   1.2890009e-01  -5.6909140e-02  -1.2047889e-01  -2.6332280e-03  -5.7229176e-02   1.1460291e-01  -7.3830411e-02  -5.7730804e-02   3.5850564e-01   4.8810583e-01   2.0779026e-01   1.4635959e-01  -7.7538624e-02   1.2143544e-01   1.9051505e-01  -1.3475960e-01   3.3349690e-01  -1.3924672e-01   2.9815903e-01   4.4912568e-02  -1.9231021e-02  -1.0790045e-02  -8.6083369e-02  -9.2967519e-02   1.2921575e-01  -1.0966072e-02   7.0798821e-02  -1.3197063e-02   1.1905447e-01   5.8007662e-01   2.4405293e-01   6.3195953e-02   1.8760802e-01   1.8879176e-01   1.1500808e-01   2.5575660e-01   1.0336661e-01   8.2144127e-02   4.1443592e-01   0.0000000e+00   3.1072764e-02   1.3431511e-01  -5.0883048e-02
   1.1559024e-01   0.0000000e+00  -3.3225496e-02   1.0325262e-01   2.4332333e-01   2.8832144e-01   1.6956001e-01   1.5482502e-02  -1.4618209e-02  -1.8480807e-02   8.8457626e-02   2.4530477e-01   7.6861060e-02   0.0000000e+00   4.2936550e-02  -7.0393071e-02   2.2384755e-01   1.8933674e-01   1.0451545e-01   9.3506001e-02   2.5497598e-01   4.6967215e-01   1.8423531e-01   1.5162716e-01   3.1865788e-01   3.2102053e-01   3.1334063e-01   1.8709682e-01  -5.5532289e-02  -4.9920710e-02   1.5691304e-01   2.0511762e-01  -2.6084925e-02  -2.9360519e-02  -2.0087183e-02   1.0859107e-01  -1.5250771e-01   1.7092723e-01   1.9173486e-01   2.3015936e-01   3.6390216e-01   1.1158217e-02   2.7689592e-01   8.2697493e-02  -9.6303405e-02   1.7676790e-01   4.3825218e-01   1.2877676e-01   3.9735088e-02   2.9405952e-01   1.4530417e-01  -1.3764437e-01   2.1638306e-01   1.8282291e-01  -1.0826349e-02  -1.2911538e-01   3.0504274e-01   8.3739770e-02   4.2101570e-02   3.9335125e-01   4.1238791e-01   5.9863112e-01   3.6507077e-01  -7.0321215e-02  -1.1278304e-01   1.2077112e-01  -1.0200894e-02   2.1398966e-01   9.4614723e-03   4.0149370e-01   8.0676351e-02   3.1321713e-01   2.4010236e-01   1.2463129e-01   1.3467233e-01   1.5281450e-01   2.4940494e-01   2.2174419e-01   5.1589296e-01   4.1202434e-02   4.5290098e-01   3.9976887e-01   4.6039432e-01   2.6018830e-01   1.0510261e-01   6.3358178e-02   3.8272396e-02   3.2604332e-01   1.7447371e-01   1.7702512e-01   1.8909800e-04   3.9756646e-01   2.2566110e-01   1.7394950e-01   2.3202591e-01  -1.2797279e-03   5.0981880e-02   8.5760092e-02   6.9681507e-02   1.0128950e-02   1.1049727e-01   2.8277113e-01   4.7372852e-02   3.7862907e-01   2.8321605e-01   1.5170583e-01   2.2196394e-01   9.0107785e-02   3.4356617e-01   1.2315698e-01  -1.7538736e-01   6.0527553e-02   6.2724289e-02   7.3244874e-02   0.0000000e+00   3.5597804e-01   8.0729963e-02   1.8728276e-01
   3.7217774e-02   0.0000000e+00   3.1153892e-01   1.4810264e-01   1.5236152e-01   1.2007970e-01   6.8960098e-02   9.3429409e-02   1.3908425e-01   1.9194700e-01   2.4421686e-01  -2.6661206e-02   3.4347566e-01   4.2936550e-02   0.0000000e+00   3.7127424e-01   2.1859597e-01   1.9670548e-01   2.7570854e-01   2.2300495e-01   1.4099018e-01   6.2323001e-02   6.3832001e-02   1.0566651e-01   1.1276548e-01   3.8048145e-02   2.1877946e-01   1.3610015e-01   1.1205795e-03   1.4576314e-01   3.4494032e-03   7.7208411e-02   2.1232237e-01   1.3647307e-01   1.7307915e-01   2.9444325e-01   1.3024856e-01   1.4859237e-01   2.0169783e-01   1.3868972e-01   1.0950151e-01   2.8015528e-01  -6.2612078e-02   1.1459434e-01   3.3603538e-01   1.5823906e-01   1.9410490e-01   2.2887915e-01   1.6678403e-01   3.0360083e-01   2.3628848e-01   1.9167601e-01   2.2940810e-02   1.5520451e-01   4.4991881e-01   4.3197122e-01   2.5675931e-01   1.7452590e-01   2.4432050e-01   4.0968614e-02  -7.9238113e-02  -6.1506249e-02  -5.9315945e-02   3.3442472e-01   3.3274987e-02   2.8888338e-01   8.1761104e-02  -3.1291811e-02   1.3818503e-01   1.0936234e-01  -1.0781885e-01   3.1871668e-02  -5.1744499e-02   6.7490633e-02   2.5152374e-02   8.1774396e-02   1.2926925e-01   3.2847975e-02   2.0029601e-02  -1.0217900e-01   1.3353658e-01   2.3064755e-02   8.7009406e-03   9.4173760e-02   2.4457237e-01   1.1691381e-01   1.5533422e-01  -4.1080469e-02   1.2436114e-01   1.2720346e-01  -1.4320337e-01   1.9742021e-01  -5.4248633e-02   2.3328846e-01   1.7460496e-01   1.2087601e-01   2.2124980e-01  -3.1432183e-02  -8.2366568e-02   8.8132500e-03  -2.5126039e-02   2.0173718e-02  -6.2523346e-03   3.5195219e-02   2.7092415e-01   7.9042589e-02   1.1973474e-01   1.3054046e-01   1.5034871e-01   1.3131185e-01   2.4075143e-01   3.5109305e-01   4.4111370e-01   4.9815599e-01   0.0000000e+00   6.3096432e-02  -1.4545773e-02  -7.9833318e-02
  -2.1255193e-01   0.0000000e+00   2.3275599e-01   1.0970007e-01   1.5725022e-01  -4.3937473e-02   2.7374811e-02   1.1279631e-01   2.1131258e-01   1.8152661e-01   2.4612512e-01  -1.3410173e-01   4.0055627e-01  -7.0393071e-02   3.7127424e-01   0.0000000e+00   1.0135541e-01   1.7743106e-01   3.5768231e-01   2.6452240e-01   2.6389267e-01   1.4680931e-01   7.8940551e-03   2.5002920e-02   2.8779107e-01  -6.0595929e-02   1.8905547e-01   1.1334296e-01   2.4341647e-01   1.7514845e-01  -8.1208961e-02   8.3717468e-02   2.3305148e-01   1.1302585e-01   2.2197216e-01   4.5661317e-01   3.5923881e-01   1.9014120e-01   2.4937413e-01   1.8915132e-01   1.3442088e-01   4.5685907e-01  -2.4059813e-01   2.4925081e-01   1.8724207e-01   1.7645192e-01   2.2389342e-01   3.1773709e-01   3.2194392e-01   1.9753709e-01   1.9112608e-01   3.5248998e-01  -6.8432820e-03   2.8247314e-01   7.4266781e-01   5.8172738e-01   3.8487431e-01   2.0736712e-01   3.0531744e-01  -4.1042605e-03  -1.5773953e-01  -1.4620682e-01  -8.1413882e-02   3.2856262e-01   1.0794680e-01   3.5387312e-01   6.1392761e-02  -1.7160953e-01  -2.8887796e-02   2.2474712e-03  -5.9818584e-02  -3.1322237e-02  -2.2973575e-01  -9.7334301e-02  -6.4968026e-02  -2.1412091e-02  -6.3086944e-02   1.4886223e-02  -1.1082803e-01  -1.3202646e-01   1.9578184e-02  -1.2097238e-01  -1.4725808e-01   7.9619918e-02   2.3445915e-01   1.5253152e-01   3.6549530e-03  -1.4791659e-01  -3.8714716e-02  -3.8612009e-02  -2.1623390e-01   2.2572714e-01  -1.3090916e-01   2.5074765e-01   7.2356114e-02   1.1565221e-01   1.5684836e-01   3.9740038e-02  -1.4037118e-01  -8.6730644e-03   5.5461060e-02   2.4774483e-02   3.7262007e-02   2.5389241e-02   4.5814046e-01   1.6185323e-01   1.5450705e-01   2.9140126e-01   2.1455044e-01   1.2704526e-01   3.6298282e-01   1.7035449e-01   1.3431109e-01   4.9625805e-01   0.0000000e+00   6.6679626e-02   3.0091068e-02  -1.8722262e-01
   8.0124030e-02   0.0000000e+00   2.0728417e-01   2.9975376e-01   2.9227380e-01   2.1529486e-01   1.2509734e-01   1.8534505e-02   1.0411456e-01   7.8650637e-02   1.4932772e-01   8.3743886e-02   1.7065135e-01   2.2384755e-01   2.1859597e-01   1.0135541e-01   0.0000000e+00   7.3391905e-01   1.4130466e-01   4.2053480e-01   2.0476605e-01   2.1683681e-01   9.3174890e-03   1.2418430e-01   1.3360218e-01   2.2016347e-01   2.8660790e-01   2.6981161e-01   8.0913190e-02   1.0075224e-01   1.1372025e-01   2.0388843e-01   2.9391829e-01   1.6566291e-01   1.8333803e-01   1.0514273e-01  -2.1072094e-02   2.2266247e-01   2.3931648e-01   1.9297209e-01   2.4634998e-01   1.1603169e-01   1.9952337e-01   4.7389299e-02  -3.9039571e-02   9.4293399e-02   4.6425990e-01   3.7125486e-01   3.4033003e-01   2.5148115e-01   2.5861588e-01   1.0697405e-01   5.2676881e-02   1.7335537e-01   1.2103505e-01   1.0616943e-01   3.1665043e-01   1.6799161e-01   9.4151537e-02   2.1088357e-01   1.0727406e-01   5.7693781e-02   1.5570455e-01   2.9424851e-01  -7.5002187e-02   2.8368512e-01   8.7467440e-02  -6.1779099e-02  -8.9805241e-02   3.6432365e-01   2.5334262e-02  -2.4868373e-02   1.0767759e-01   1.8071732e-01   1.0739513e-01   1.5937479e-01  -8.4454994e-03   1.5133971e-02   2.3739223e-01  -3.6381255e-02   3.3994053e-01   1.7524392e-01   7.1010823e-02   2.8684865e-01   2.0724498e-01   1.4907831e-01   1.8504824e-01   4.0327182e-02   2.5076767e-01   2.6273146e-01  -1.2670987e-01   3.3097463e-01   5.9247262e-02   1.2417779e-01   1.9001929e-01  -8.9677073e-02  -8.7998175e-02  -8.9774562e-02  -6.2266812e-02   1.9222979e-02  -1.1413789e-01   1.2469462e-01  -3.5373087e-02   2.6921830e-01   1.6431746e-01   1.2927653e-01  -2.7043817e-02   1.3185759e-01   1.0214767e-01   9.9132459e-03   1.0888000e-01   1.8076714e-02   1.2391152e-01   1.8420144e-01   0.0000000e+00   7.6105366e-02   3.0032702e-02  -3.8113250e-03
   2.2007277e-02   0.0000000e+00   1.1167091e-01   1.7837286e-01   2.5897916e-01   3.0216300e-01   1.5290050e-01   1.1743137e-01   1.7331823e-01   7.3392106e-02   1.9041568e-01   9.7303250e-02   2.9984754e-01   1.8933674e-01   1.9670548e-01   1.7743106e-01   7.3391905e-01   0.0000000e+00   1.6016234e-01   4.5130833e-01   1.7579539e-01   2.6463646e-01  -1.8798941e-02   6.0026783e-02   1.7434347e-01   2.8693410e-01   3.2501453e-01   3.5787750e-01   1.3053274e-01   7.0408045e-02   2.1907114e-01   2.7343915e-01   3.5620358e-01   2.7674195e-01   1.5346071e-01   2.2074868e-01  -2.9265968e-02   8.7285472e-02   1.8042670e-01   1.4147994e-01   1.9949192e-01   1.2235025e-01   1.8967334e-01   6.5113215e-02  -8.4259295e-02   1.0833128e-01   4.7973961e-01   6.2065901e-01   4.4024080e-01   3.4128591e-01   4.2063391e-01   1.0432273e-01   9.6870835e-02   9.3624205e-02   2.4134681e-01   1.5202914e-01   3.4632651e-01   3.5390823e-01   1.5440219e-01   2.4753205e-01   1.2346618e-01   3.4929638e-02   1.2885655e-01   2.5822386e-01  -5.5891661e-02   3.1054398e-01   1.6401903e-01   4.1338451e-02   3.3393889e-02   4.9987780e-01   5.9922240e-03   9.0915336e-02   4.6814688e-02   1.7679389e-01   9.7895604e-02   2.3131337e-01   4.6560756e-02   2.3542005e-02   3.0505808e-01   7.7527082e-02   3.8745492e-01   2.8649973e-01   1.2095197e-01   5.3225924e-01   3.3908646e-01   1.3235556e-01   3.0445756e-01   8.8543094e-02   3.5197410e-01   3.5189278e-01  -8.5367474e-03   3.8776568e-01   7.2650805e-02   2.9453805e-01   1.6413577e-01  -9.3879983e-02  -5.4284978e-02  -1.2329879e-01  -8.7079012e-02   1.3966523e-02  -4.9983298e-02   1.4736536e-01   3.9545197e-02   2.3528170e-01   1.9953818e-01   1.1792586e-01  -7.0955929e-03   9.4075790e-02   7.0702677e-02   8.4437175e-02   1.2979957e-01   7.8394184e-02   6.0677118e-02   2.0779929e-01   0.0000000e+00   9.9245019e-02   1.4505855e-01   7.3536533e-02
   1.5824850e-01   0.0000000e+00   9.5671510e-02   2.3732794e-01   4.8094153e-02   4.6109509e-02   5.5054443e-01   1.1941911e-01   2.1233551e-01   2.9988421e-01   4.5180893e-01   8.0252829e-02   3.3967898e-01   1.0451545e-01   2.7570854e-01   3.5768231e-01   1.4130466e-01   1.6016234e-01   0.0000000e+00   1.5598273e-01   2.8827994e-01   2.1512488e-01   7.0208102e-03   2.3784794e-02   2.5669897e-01   1.3200693e-02   1.1690477e-01   1.3861687e-01   2.8993853e-01   1.3609704e-01  -1.5496511e-01   2.0018238e-01   3.8497536e-01   3.9371558e-02   2.4952388e-01   4.0710999e-01   1.8592378e-01   4.7235176e-01   5.5983847e-01   5.2543306e-01   4.7944424e-01   4.8929289e-01   1.3718977e-01   3.2230314e-01   8.9249505e-02   2.9240338e-01   3.8228717e-01   3.1102808e-01   8.1653260e-02   1.8860385e-01   1.1201715e-01   4.1370956e-01   5.4551827e-02   3.1096237e-01   3.5404577e-01   3.7437859e-01   3.9401074e-01   2.5906764e-01   8.2549509e-01   1.0641058e-01  -4.2062168e-02  -1.1905283e-03   5.1114661e-02   4.2130489e-01   2.7857661e-02   7.0228046e-01  -9.0867100e-03   6.7159179e-02  -7.9008808e-03   1.3909811e-01  -1.0740785e-01   6.9051905e-02   1.3635016e-01   2.8290685e-01  -4.9002669e-02   6.4157792e-02   8.0724338e-02   8.4711493e-02  -8.1025915e-03  -1.2955555e-01   4.7526013e-02   1.0049283e-02  -1.0382068e-01   1.0104867e-01   3.9544096e-01   3.0480080e-01   7.4408955e-02  -1.0724570e-01   1.5959018e-01   9.8130093e-02  -8.9578565e-02   3.3399419e-01   1.8294756e-02   5.4092698e-01   4.8942168e-01   2.6558296e-01   1.2661477e-01   2.5100877e-01   9.9124111e-02   2.9134178e-01   1.8142203e-01   2.0114612e-01   1.3689682e-01   2.3340540e-01   4.0689194e-01   2.0448162e-01   1.1231243e-01   1.3312816e-01   2.3604256e-01   4.3556583e-01   3.5849786e-01   4.6786188e-02   1.2778106e-01   2.4912414e-01   0.0000000e+00   5.2583049e-02   4.0149991e-03  -1.5919578e-01
  -6.4714754e-02   0.0000000e+00   1.4586373e-01   2.3085638e-01   3.2992504e-01   2.2489759e-01  -3.0424281e-02   3.8468960e-02   9.1317913e-02   2.6582468e-01   2.8605096e-01   5.6498502e-02   6.5137562e-01   9.3506001e-02   2.2300495e-01   2.6452240e-01   4.2053480e-01   4.5130833e-01   1.5598273e-01   0.0000000e+00   5.0297707e-01   3.8947028e-01   1.5282340e-01   2.9592134e-01   3.6885446e-01   2.5313010e-01   5.8534396e-01   4.9513382e-01   2.7897453e-01   2.6979732e-01   2.7834347e-01   3.9070424e-01   3.6331861e-01   4.2273484e-01   5.1657817e-01   2.4683437e-01   3.7632108e-02   9.5510748e-02   1.3519861e-01   1.7710304e-01   5.5557336e-02   2.2672768e-01  -3.9713117e-03  -1.0243468e-01   1.0956217e-01  -7.6272492e-02   3.7670394e-01   4.1678168e-01   5.2386474e-01   3.8168024e-01   4.9990654e-01   1.3448919e-01  -1.3267895e-01   4.0628559e-02   3.6938101e-01   4.2510637e-01   5.2037958e-01   2.4335956e-01   1.5333455e-01   2.3568953e-01   1.9418717e-01  -7.1941078e-02   1.8209783e-02   3.3066159e-01   4.4541491e-02   2.4094635e-01   1.9872702e-01  -1.1821230e-01  -5.0199194e-02   3.8747514e-01  -1.5154546e-01  -3.3517662e-02  -9.2866458e-02   1.7419883e-01  -6.9246015e-02   1.4128420e-01  -1.7613154e-01  -2.2167443e-01   7.5750735e-02   1.2256678e-01   2.5066292e-01   4.0328054e-02   1.0655304e-01   4.6094575e-01   4.2946336e-01   1.1645761e-01   2.4988181e-01  -1.8828583e-02   1.9119762e-01   3.0724913e-01  -1.4854749e-02   3.4607448e-01  -5.6816437e-02   7.4011343e-02   2.8667043e-02  -1.2551538e-01  -1.3704391e-01  -2.8549762e-01  -1.7926418e-01   2.5917785e-02  -2.2996637e-01   3.0627055e-02  -1.7686415e-01   1.2342231e-01   2.6817189e-01  -4.7029282e-02  -3.4526315e-03   1.7066122e-01  -4.1542239e-02  -6.3979349e-02   1.3375874e-01  -1.1212468e-02   4.7422807e-02   2.8620536e-01   0.0000000e+00  -6.1500937e-02   3.7384619e-02   1.8559055e-01
  -3.0861161e-02   0.0000000e+00   2.0930123e-01   2.5278034e-01   1.6234349e-01   1.0229033e-01  -1.2987233e-02  -6.5110967e-02   1.4499172e-02   2.7797056e-01   3.0852298e-01   1.1196063e-01   5.5341302e-01   2.5497598e-01   1.4099018e-01   2.6389267e-01   2.0476605e-01   1.7579539e-01   2.8827994e-01   5.0297707e-01   0.0000000e+00   5.1764740e-01   2.9028392e-01   3.4544827e-01   6.7115848e-01   1.7553713e-01   3.5245448e-01   2.3640718e-01   2.1800771e-01   9.5171648e-02   5.3228512e-02   2.0557593e-01   2.6115055e-01   2.4523822e-01   4.2551784e-01   2.1191430e-01   1.5307026e-01   2.3930982e-01   1.9121158e-01   2.6084827e-01   2.1622369e-01   3.3752827e-01  -1.3401948e-01  -4.2939543e-02   9.8423508e-02  -2.8369452e-02   2.8189358e-01   2.5439225e-01   2.8643943e-01   2.6765981e-01   1.9465462e-01   1.6811229e-01  -1.7072197e-01   3.5323958e-02   2.8861267e-01   3.7761710e-01   5.5766151e-01   2.9389538e-02   2.7159190e-01   3.0438665e-01   1.2377000e-01   1.2895978e-02  -4.0160397e-02   2.8329826e-01  -3.9372698e-02   2.2993246e-01   1.8876390e-02  -1.0220980e-01  -1.4854340e-01   4.3723938e-02  -1.7486736e-01   7.4538021e-02  -9.1342171e-02   8.7324259e-02  -3.4143539e-02   4.1762042e-02  -1.8868141e-01  -2.2782741e-01  -8.4680007e-02  -9.0888494e-02   7.2348984e-02  -5.0462269e-02   3.0025922e-02   1.4341563e-01   3.2590859e-01   1.2671343e-01   1.0832031e-01  -9.2099750e-02   6.5719910e-02   9.8925509e-02  -7.5373007e-02   2.3926594e-01  -1.4871660e-01   9.0666836e-02   9.2165654e-02  -8.3760019e-02  -1.2483112e-01  -1.3595888e-01  -1.7583651e-01   3.1775308e-02  -1.5705917e-01   3.0672186e-02  -1.5560617e-01   2.6978065e-01   4.5724364e-01   8.6947815e-02   1.2415357e-01   9.9685284e-02   1.4405671e-01  -3.7683612e-02   1.2972250e-01   4.9331700e-02   8.5096852e-02   2.7032576e-01   0.0000000e+00  -1.0973752e-01  -1.2174825e-01   5.8588832e-02
