   0.0000000e+00   2.1522557e-01   0.0000000e+00   3.1855122e-02  -1.3065673e-01  -1.2556938e-01   6.1700941e-01   1.0934116e-01   1.4953660e-02   1.4089767e-01   2.8556586e-01  -7.8446176e-02  -1.4220843e-01   1.8279745e-02   4.9286141e-02  -9.4388178e-02  -2.3412705e-01  -2.2226780e-01   1.0154959e-01  -3.2495853e-01  -7.2143299e-02  -2.5800486e-02   2.7854984e-03   4.2092712e-02  -2.6469970e-01  -1.6113687e-01  -2.5330756e-01  -1.7552503e-01  -2.7597061e-02   7.1301684e-02  -5.4950036e-02  -1.8181527e-01  -1.9822745e-01  -4.4322590e-02  -2.4273375e-01  -9.3267549e-02   3.1109272e-02   5.3659750e-03  -2.4565120e-01   1.2756544e-01   1.7457065e-01  -2.0719876e-01  -2.1205721e-02  -1.7347776e-01   1.0493014e-01  -4.6047248e-02   4.7069271e-02  -1.1663412e-01   3.8689582e-02   4.5768355e-03   0.0000000e+00   5.3390545e-02  -5.9274326e-02   7.4156140e-02  -1.1799254e-01   3.3579457e-02  -2.2040374e-01  -1.6317554e-01   8.5214846e-02  -2.0387879e-01  -5.0255422e-02  -1.6529150e-01  -1.9489676e-01   1.1413860e-01  -1.2742781e-01   9.8265794e-02   4.4377451e-02   3.0962779e-01   1.9940131e-01  -2.3911281e-01  -1.1299650e-01   2.0777978e-01   4.1794846e-01   1.1149102e-01   2.3872753e-01   3.2436581e-01   3.6165730e-01   1.1453077e-01  -1.4851087e-01   1.3025643e-01  -8.7778294e-02  -6.8375166e-02  -2.9123782e-02  -7.4903873e-02  -7.0176391e-03  -7.7218935e-04   1.3803266e-01   1.4180611e-01   2.8904527e-02   2.7446267e-01   1.4637417e-01  -2.6364586e-01  -9.1972107e-02  -5.3387046e-02  -1.5452734e-01   6.8599032e-02  -1.5282393e-01  -1.8939716e-01   6.0075892e-02  -6.8847352e-03  -1.2269662e-01  -2.2024381e-01  -1.9137101e-01  -1.4565430e-01  -3.7785056e-02  -8.8439418e-02   1.0916883e-01  -1.4840642e-01   3.0448332e-02  -6.9328883e-03   1.8491881e-01   3.0944274e-02   1.1780202e-01  -3.5044581e-02   0.0000000e+00   1.3120478e-01   3.7098591e-02   1.8737646e-01
   2.1522557e-01   0.0000000e+00   0.0000000e+00   6.2203013e-02  -9.0112858e-03   2.4370729e-02   2.4836164e-01   1.2295535e-01  -1.1684319e-02  -1.3418520e-02  -5.6928171e-02  -3.1987687e-02   8.1651610e-02   6.6812563e-02  -9.4981261e-02  -3.6024986e-02  -1.9356588e-02   3.7601557e-03  -8.0892993e-03  -3.0295445e-02  -7.3666160e-02   2.7899124e-02   4.1067035e-02   1.3484867e-02  -2.5148756e-02   4.1794704e-02  -6.5067490e-02  -1.1491726e-01  -4.8584212e-02   9.9461875e-02   1.7721847e-01  -1.4478254e-01  -7.0499967e-02  -1.1890716e-01  -1.6350722e-01  -9.8331918e-02   3.6151569e-02   2.9405125e-03  -8.7414817e-02  -7.5001568e-03   7.0025885e-02  -1.0846986e-01   5.9837376e-03  -8.7090580e-02   1.3127683e-02   9.0454506e-03  -9.2026752e-02  -6.0633176e-02   1.4584357e-02   1.3741512e-01   0.0000000e+00   1.0147709e-01  -1.3997620e-03  -4.0178349e-03  -9.7769014e-02   4.9542896e-02  -5.3008199e-02  -2.5566528e-02  -2.1588700e-03  -2.4892032e-02  -3.0056230e-03  -9.4865348e-02  -2.4320129e-02   9.6999181e-02  -5.9208700e-02   1.2390882e-01   4.5352220e-02   1.6215666e-01   1.4442639e-01   4.8541822e-02  -2.7738172e-02   9.0905475e-02   3.2066422e-02  -6.0076138e-02   1.1575805e-01   2.8488088e-01   4.2078629e-01   1.4363783e-01  -9.7850634e-02   1.4657190e-01  -5.2920890e-03  -1.7127293e-02   3.7600641e-02   3.4567686e-02   4.6694491e-02   7.7724788e-02   1.9819168e-01   8.9012584e-02   7.3618813e-02   1.8376269e-01   4.1381363e-02  -1.1825954e-01  -2.3460130e-02   4.4161023e-02  -5.5433439e-02   8.9403382e-02  -1.1987769e-01  -5.2878337e-02   5.5706351e-02   5.8157783e-02  -9.7486598e-02  -8.2745614e-02  -1.3273519e-01  -6.7155052e-02   1.6512546e-02  -1.5169417e-02  -2.2311896e-03  -1.7717300e-02   3.7960532e-02   3.6918854e-02   1.2472438e-01  -4.4392008e-03   7.3233412e-02  -1.0092634e-01   0.0000000e+00   2.9367267e-02   8.7811222e-02   1.1484824e-01
   0.0000000e+00   0.0000000e+00   0.0000000e+00   0.0000000e+00   0.0000000e+00   0.0000000e+00   0.0000000e+00   0.0000000e+00   0.0000000e+00   0.0000000e+00   0.0000000e+00   0.0000000e+00   0.0000000e+00   0.0000000e+00   0.0000000e+00   0.0000000e+00   0.0000000e+00   0.0000000e+00   0.0000000e+00   0.0000000e+00   0.0000000e+00   0.0000000e+00   0.0000000e+00   0.0000000e+00   0.0000000e+00   0.0000000e+00   0.0000000e+00   0.0000000e+00   0.0000000e+00   0.0000000e+00   0.0000000e+00   0.0000000e+00   0.0000000e+00   0.0000000e+00   0.0000000e+00   0.0000000e+00   0.0000000e+00   0.0000000e+00   0.0000000e+00   0.0000000e+00   0.0000000e+00   0.0000000e+00   0.0000000e+00   0.0000000e+00   0.0000000e+00   0.0000000e+00   0.0000000e+00   0.0000000e+00   0.0000000e+00   0.0000000e+00   0.0000000e+00   0.0000000e+00   0.0000000e+00   0.0000000e+00   0.0000000e+00   0.0000000e+00   0.0000000e+00   0.0000000e+00   0.0000000e+00   0.0000000e+00   0.0000000e+00   0.0000000e+00   0.0000000e+00   0.0000000e+00   0.0000000e+00   0.0000000e+00   0.0000000e+00   0.0000000e+00   0.0000000e+00   0.0000000e+00   0.0000000e+00   0.0000000e+00   0.0000000e+00   0.0000000e+00   0.0000000e+00   0.0000000e+00   0.0000000e+00   0.0000000e+00   0.0000000e+00   0.0000000e+00   0.0000000e+00   0.0000000e+00   0.0000000e+00   0.0000000e+00   0.0000000e+00   0.0000000e+00   0.0000000e+00   0.0000000e+00   0.0000000e+00   0.0000000e+00   0.0000000e+00   0.0000000e+00   0.0000000e+00   0.0000000e+00   0.0000000e+00   0.0000000e+00   0.0000000e+00   0.0000000e+00   0.0000000e+00   0.0000000e+00   0.0000000e+00   0.0000000e+00   0.0000000e+00   0.0000000e+00   0.0000000e+00   0.0000000e+00   0.0000000e+00   0.0000000e+00   0.0000000e+00   0.0000000e+00   0.0000000e+00   0.0000000e+00   0.0000000e+00   0.0000000e+00   0.0000000e+00   0.0000000e+00   0.0000000e+00   0.0000000e+00
   3.1855122e-02   6.2203013e-02   0.0000000e+00   0.0000000e+00  -5.7291685e-02  -5.6901627e-02   1.3630028e-02   4.5332218e-02   1.5805784e-01   2.2254313e-01   1.2722314e-01  -4.4906006e-02  -9.2613604e-02   1.9451566e-01   5.4408429e-02   1.1762721e-01  -6.3328483e-02  -4.2037558e-02   1.4160597e-01   4.0861709e-03   1.4838131e-01   7.6561796e-02   2.5107283e-01   2.8742658e-01  -1.9247961e-03   8.9928734e-02  -6.9150261e-02   4.5878770e-02   7.3580782e-02   2.0678505e-01   3.6232333e-02  -1.5662628e-01   4.5950974e-02   7.9388979e-02  -5.5373743e-02   7.4852540e-02   1.0926407e-01   2.2286636e-01   2.7052228e-02   2.4543076e-01   3.0280666e-01   5.4996135e-02  -3.0206727e-02   6.5852989e-02   3.5354489e-02   1.9463537e-01   1.6953969e-01  -3.7286153e-02   6.0256670e-03   5.6839322e-02   0.0000000e+00   2.8248762e-02   6.9578384e-02  -3.6084390e-02   6.3341140e-02   1.5976277e-01  -1.4676646e-01   6.5398056e-02   9.9804014e-02   3.8441018e-03   4.0465551e-03  -1.4015875e-01   3.7371243e-02  -7.5843727e-02  -7.9790642e-02   9.9693412e-02  -5.3711000e-02   8.1099441e-02   3.1043962e-02  -1.7889301e-01   3.7429952e-03  -1.7447872e-02  -3.3403060e-02  -8.8384297e-02   1.8584756e-02   6.2584784e-02   6.7262813e-02  -1.1315550e-02  -2.5287661e-01  -1.1841936e-01  -8.6171633e-02   3.8841357e-02   2.4732463e-01  -6.6191623e-02  -6.7729008e-02   9.8115017e-02   6.7359747e-02  -3.9975647e-02   4.0556113e-02   6.5229713e-02   5.8649085e-02  -2.6707024e-01  -6.4513825e-02  -6.0202070e-02  -1.0854550e-01   1.9383634e-02  -4.2129556e-02   8.4068975e-02   4.3680087e-02   1.2841764e-01  -4.1584765e-02  -1.8076697e-01  -1.1215912e-01   2.1371759e-02  -1.1600478e-01   5.8167610e-02   1.8843364e-02  -7.5968554e-02  -2.0585634e-01  -5.2513813e-02   1.0002662e-01   1.0417055e-01   3.6666895e-02   5.2392868e-03   0.0000000e+00  -2.9723870e-02  -5.9837485e-02   7.3198476e-02
  -1.3065673e-01  -9.0112858e-03   0.0000000e+00  -5.7291685e-02   0.0000000e+00   5.2450932e-01  -2.0210200e-01  -3.4866645e-02  -1.1281761e-01   2.8694795e-02  -3.9023479e-02   2.5084599e-01  -2.2389637e-02   3.9708431e-02   6.6417616e-02   2.4341530e-01   5.3909556e-01   5.6902881e-01   1.0608900e-01   5.3841669e-01   8.0224665e-02   6.0510473e-02  -9.2754054e-03  -6.9953063e-02   4.3309094e-01   2.5316802e-01   7.4147003e-01   2.9351045e-01   1.8300498e-01  -3.2097565e-03   3.3041315e-01   2.5008865e-01   1.0332890e-01   1.6178421e-02   1.2294518e-01   7.9706056e-02   5.3796450e-02  -4.4592913e-02   2.4204534e-01  -9.7986374e-02  -5.7583451e-02   2.2239710e-01   2.8242993e-01   1.7108527e-01  -4.9806423e-02   1.6949403e-01   1.2088749e-01   1.5450750e-01  -5.3606571e-03   4.8699800e-01   0.0000000e+00   3.0761735e-01   1.1212905e-01  -6.6984262e-02   2.7611890e-01   7.8510347e-02   4.0180608e-01   2.2052577e-01   2.4106889e-02   4.2518994e-01  -6.5173116e-02   1.7738533e-01   7.6122097e-02   5.2839140e-02   1.4792669e-01   2.9307981e-01  -4.1834556e-02   9.9544610e-03  -1.6968050e-01   4.8920025e-01   1.0364768e-01  -2.6700982e-02   1.0386722e-02   4.1871966e-02   3.6292548e-02  -1.9006504e-01  -9.1909493e-02   1.4200418e-01   4.3000127e-01   1.2401004e-01   6.3201043e-01   3.1010191e-01   2.0015401e-01   3.9319493e-01   4.8476185e-01   2.5825959e-01  -4.0166359e-02   1.2294601e-01   3.6774731e-01  -2.2947921e-01  -2.7328086e-02   4.1774487e-01  -1.3371817e-02   8.5475834e-02   2.6524545e-01   3.0990335e-02   1.5806397e-01   1.3513704e-01  -6.4530492e-02  -1.2334254e-02   3.4819937e-01   2.5402405e-01   2.0062612e-01   1.8772658e-01   6.5910469e-02   8.7344061e-02  -1.3317349e-01   1.9166476e-01  -1.3210402e-01   1.5295354e-01  -8.8733054e-02  -4.2063996e-02  -3.0861768e-02   5.4219807e-02   0.0000000e+00  -1.4519746e-01   6.0405887e-02  -5.2714622e-02
  -1.2556938e-01   2.4370729e-02   0.0000000e+00  -5.6901627e-02   5.2450932e-01   0.0000000e+00  -2.6664497e-01   8.7032365e-02  -3.7677534e-02  -2.2655764e-01  -1.8897207e-01   2.2198400e-01   1.1720809e-01   3.0951052e-04  -1.6221818e-01   5.9417999e-02   2.7961930e-01   3.5589814e-01  -2.9176193e-02   2.8416133e-01  -1.5859555e-01  -5.1115533e-02  -1.2715774e-01  -1.4929863e-01   3.2142945e-01   3.3940378e-01   4.7452237e-01   6.6461416e-02  -4.9093028e-02  -1.7343146e-01   4.6094597e-01   1.8091611e-01  -6.1124226e-02  -1.4760822e-01   2.8505776e-02  -1.3263423e-01  -1.1249394e-01  -1.5247848e-01   1.7784872e-01  -2.8591903e-01  -1.5735260e-01   4.2146431e-02   1.4589177e-01   1.4679321e-02  -1.3444037e-01  -7.9423972e-02  -1.6846344e-01  -2.2691545e-02  -1.9546339e-01   2.0699505e-01   0.0000000e+00   1.2166090e-01   7.8830744e-02  -1.2994969e-01   5.6553513e-02  -1.3215117e-01   3.7502676e-01  -3.8058155e-03  -7.1539840e-02   3.7868890e-01   3.5019806e-03   3.0390774e-01   1.9374291e-01  -1.3234941e-01   1.3906223e-01   6.5468231e-02  -2.8268016e-02   7.0466553e-02  -3.8006885e-02   5.6474561e-01   1.3615770e-01   4.8054527e-02   4.8695328e-02   5.8793095e-02   7.9407140e-02  -1.5430242e-01   8.2612615e-02   3.2912424e-01   4.8873192e-01   1.5035573e-01   4.6768617e-01   4.1608963e-01   2.5129263e-02   2.9315089e-01   4.1896384e-01   2.5807949e-01  -4.9837644e-02   2.0504318e-01   1.5832020e-01  -1.6507870e-01  -1.1956054e-01   4.9606526e-01   1.2183669e-01   5.4754667e-02   1.7839417e-01  -4.0398899e-02   2.0563805e-01   1.2065897e-01  -1.0640445e-01  -4.6019080e-02   3.7984437e-01   3.6611395e-01   3.2974299e-01   2.5433007e-01   1.3960208e-01  -5.2740536e-02  -1.0850570e-01   1.8772658e-01  -1.4527234e-01   1.3525822e-01  -2.5677162e-01   2.7101454e-02  -2.8552803e-02   2.2066410e-02   0.0000000e+00  -8.3766795e-02   1.5419487e-01  -8.2497649e-02
   6.1700941e-01   2.4836164e-01   0.0000000e+00   1.3630028e-02  -2.0210200e-01  -2.6664497e-01   0.0000000e+00   3.3849139e-02  -2.8642626e-02   2.0478555e-01   2.2077245e-01  -1.9752192e-01  -6.5346123e-02   2.9812783e-02   2.3138714e-01  -4.5640784e-02  -2.0123440e-01  -1.6813177e-01   8.0815934e-02  -2.6230612e-01   1.1531983e-01   5.2214844e-02   4.9625662e-02   7.6186644e-02  -3.2134907e-01  -2.4471086e-01  -2.4327740e-01  -1.2305418e-02   9.8850220e-02   2.7306909e-01  -1.9472577e-01  -1.7172026e-01   5.2068038e-02   1.2929231e-01  -1.1540267e-01   1.2683272e-01   1.8474466e-01   6.2228687e-02  -1.8168757e-01   2.4009655e-01   1.5770445e-01  -4.6000931e-02   7.1702110e-03  -2.0852953e-02   9.1448051e-02   1.0563392e-01   1.8645651e-01   3.7291279e-02   2.2799661e-01   4.0454722e-02   0.0000000e+00   1.3518173e-01  -6.7916345e-02   1.4688895e-01  -5.1580870e-02   1.4989276e-01  -2.9361129e-01  -1.5212464e-02   1.8035751e-01  -2.9971660e-01  -1.5409264e-01  -3.3857162e-01  -2.9564182e-01   2.9483348e-01  -9.1260331e-02   2.4913244e-01   1.1577175e-01   2.5365586e-01   1.4294106e-01  -2.8696603e-01  -2.0903042e-01   1.4953966e-01   1.8936914e-01   7.1392421e-03   5.5458112e-02   3.4224077e-01   3.3465663e-01   1.3693203e-01  -2.3219340e-01   7.6638180e-02  -9.8794906e-02  -2.4536589e-01   2.2608449e-02  -9.1483749e-02  -7.3401560e-02  -5.4006941e-03   2.1150688e-01   4.1955954e-02   2.3415276e-01   2.8961128e-01   2.6257296e-01  -3.5420379e-01  -1.1006187e-01   2.5919049e-02  -1.0336878e-01   2.1523151e-02  -1.9178238e-01  -1.9472299e-01   8.8771139e-02  -3.3821942e-02  -1.8276957e-01  -2.9624425e-01  -3.2492649e-01  -2.8683833e-01  -1.0410075e-01   2.1295248e-02   1.6740643e-01  -1.6806964e-01   1.3600029e-01  -2.3068374e-02   4.2350317e-01   5.2416532e-02   1.0307409e-01  -8.0288383e-03   0.0000000e+00   1.3830074e-01  -2.4864530e-02   1.2444254e-01
   1.0934116e-01   1.2295535e-01   0.0000000e+00   4.5332218e-02  -3.4866645e-02   8.7032365e-02   3.3849139e-02   0.0000000e+00   3.1763399e-02   3.3242327e-03  -2.0013981e-02  -2.3091711e-02   1.5083714e-01   5.8717589e-02  -1.8945520e-02  -7.7403552e-02  -8.4671218e-02  -1.2932986e-01  -4.4260805e-03  -1.7009330e-01  -6.0128172e-03   1.4324715e-01   6.6311452e-02   1.4256117e-02   4.4374413e-02   5.1076414e-02  -1.1563880e-01  -4.8803849e-02  -5.4003173e-02  -2.9358584e-02   1.4931788e-01  -9.5806215e-04  -7.9704072e-02  -8.0254630e-02  -8.0280634e-02  -2.3809037e-02   4.6681351e-02   9.1853342e-02   9.4836070e-02   1.0911213e-02   8.1245904e-02  -6.0050156e-02   1.8375770e-03  -2.1995943e-02  -8.5813489e-02  -8.7082798e-03  -5.3226669e-02  -9.4992625e-02  -1.9075518e-01  -1.2114016e-01   0.0000000e+00  -1.0287789e-01   5.3271609e-02   7.2793618e-02  -3.8233700e-02  -4.9921615e-02  -1.0933812e-01  -5.6227139e-02  -2.7898545e-02   7.0969471e-02   1.3022764e-01   7.7030829e-02   2.6475642e-02  -1.0405340e-01  -8.8276744e-02  -4.4143614e-02   2.0393860e-02   2.4140988e-02   1.1607513e-01   5.9687122e-02   7.6412133e-02   1.2395019e-01   4.3554627e-02  -4.3666236e-02   1.6149610e-01   1.7329257e-02   3.2229367e-01   2.2977213e-01   8.7732823e-03   1.8027175e-01  -1.8334189e-01   1.2054774e-01   7.4036430e-02  -1.1533945e-02   1.2192289e-01   1.0729651e-01  -1.2374291e-03   4.8964799e-02  -6.7448708e-02   1.3963673e-01  -1.2898059e-02  -7.4932661e-02   2.2633255e-01  -9.4216093e-02  -6.1907098e-02   8.6281684e-02   1.0837601e-01   8.0061696e-02   7.9264743e-02   8.3450209e-02   7.6244270e-02  -1.1993859e-02   6.9934405e-02   3.4223203e-02   1.4616825e-02  -1.7512013e-01   7.5406932e-02  -1.4135485e-01  -8.7079732e-03  -2.3624899e-02  -8.5504774e-02   4.7937819e-02   1.0250059e-01  -3.7680187e-02   0.0000000e+00   2.3257610e-01   3.0576794e-01   2.7501645e-02
   1.4953660e-02  -1.1684319e-02   0.0000000e+00   1.5805784e-01  -1.1281761e-01  -3.7677534e-02  -2.8642626e-02   3.1763399e-02   0.0000000e+00  -1.0504393e-01  -7.9641113e-02  -1.4941606e-01   5.1411010e-04  -1.3390697e-02  -1.1194907e-01  -5.2992368e-02  -1.9875781e-01  -1.6950378e-01  -2.7781336e-02  -2.2164409e-01  -2.2806024e-01  -8.3134143e-02  -1.9722996e-01  -1.2767330e-01  -1.5628260e-01  -1.6631225e-01  -1.4761573e-01  -1.9765091e-01  -6.4997689e-02  -2.8220780e-01  -5.5943613e-02   7.0449867e-02  -1.7980683e-02   8.5066160e-02   1.3577577e-01  -1.0023930e-01  -1.3633315e-01  -1.4622474e-01  -1.4287327e-01  -1.2358031e-01  -1.0815945e-01  -1.1011138e-01  -7.4511771e-03  -1.0549187e-01  -4.0798938e-02  -1.6920785e-01  -1.3701032e-01  -9.7833611e-03  -9.5942224e-02  -4.1818203e-02   0.0000000e+00  -6.6695350e-02   7.4020715e-02  -8.7517610e-02  -6.5909022e-02  -1.9796663e-01  -4.1874658e-02  -1.0157801e-01   8.5953069e-03  -1.0103955e-01   6.6123636e-02   6.4357864e-02  -5.7278597e-02  -8.8746270e-02  -1.2310308e-02  -9.5065294e-02   5.8404747e-02   7.8299961e-02   2.8560987e-01  -9.3067250e-02   1.0859450e-01  -8.8859163e-02  -2.3869961e-02   2.0144436e-02  -5.1687000e-02   1.2060839e-01   1.8646870e-02   5.2347201e-02  -7.0218135e-03  -1.6709109e-02  -1.7717966e-01   6.4183168e-02  -1.5130348e-01  -2.4239674e-02  -2.1172331e-02  -2.7481666e-02   1.7193438e-01  -3.9204715e-02  -9.5259718e-02   1.9831131e-01  -3.7120319e-02  -8.4532050e-03   2.2319697e-01   3.6181869e-02  -2.3483182e-02   1.2914961e-01   1.3960874e-01   1.2123542e-01   2.5602155e-01   2.3673929e-01  -7.1937880e-02   1.0172557e-01   1.8930423e-01   6.8124327e-02   4.8288292e-02   5.3316804e-02   6.8903293e-02   5.3430129e-02  -9.9696028e-03   3.2101655e-02  -1.8700226e-02  -6.5694350e-03   5.3825283e-02   6.0883917e-02   0.0000000e+00   1.2133474e-01   1.1382182e-01  -7.0502687e-02
   1.4089767e-01  -1.3418520e-02   0.0000000e+00   2.2254313e-01   2.8694795e-02  -2.2655764e-01   2.0478555e-01   3.3242327e-03  -1.0504393e-01   0.0000000e+00   4.4872388e-01   8.1665876e-02  -1.3160034e-01   1.2811143e-01   4.1219074e-01   1.8706106e-01   1.4369165e-01   7.3153289e-02   2.8155468e-01   1.2052223e-01   5.4039223e-01   3.0041317e-01   3.1890440e-01   3.3603819e-01   1.2760749e-01  -4.4821525e-02   6.9098708e-02   4.6454128e-01   3.7279831e-01   5.2168200e-01  -1.0968776e-01  -1.0182439e-02   3.3891256e-01   3.7845559e-01   1.6385640e-01   5.2636617e-01   3.7075452e-01   3.6707851e-01   1.7699891e-01   5.7448759e-01   4.2929551e-01   3.0803639e-01   1.5113148e-01   3.2065306e-01   2.0238353e-01   4.3951248e-01   5.2487457e-01   1.2169098e-01   2.7801943e-01   1.6190318e-01   0.0000000e+00   1.7763024e-01   1.5111320e-02   1.4438481e-01   2.5715353e-01   3.3634288e-01  -1.1717225e-01   3.2587031e-01   2.8294761e-01   1.3956244e-02  -7.1144975e-02  -2.8275068e-01  -1.7970685e-01   1.5696800e-01   2.6473796e-02   2.3155181e-01  -2.7119036e-02  -2.2661051e-02  -1.3174594e-01  -2.1315382e-01  -1.2616647e-01  -1.1348922e-01   9.8078893e-02  -4.4407380e-02   2.3008953e-02  -5.1855513e-02  -3.9320608e-02  -1.5491522e-01  -1.9393219e-01  -1.7607820e-01   3.8091562e-02  -9.3661197e-02   3.7127784e-01   1.6849643e-03   2.6600679e-02   5.1585586e-02   1.0396555e-01  -1.0311925e-01   2.5595875e-01   3.7389153e-02   2.4534298e-01  -2.5052697e-01  -1.8218142e-01  -9.1542147e-02   9.2414641e-02   7.5151381e-02  -3.9535332e-02   1.1244081e-01   3.0533903e-03   2.5522678e-02  -3.6349307e-02  -2.5628015e-01  -2.7709373e-01  -1.0488467e-01  -1.8996701e-01   1.7695035e-01   7.7478524e-02  -1.3270955e-01  -8.9277299e-03  -8.9632158e-02   2.2271961e-01   1.8595434e-02   4.1872053e-02   1.4023086e-01   0.0000000e+00  -2.2178420e-02  -1.1447930e-01   7.0289630e-02
   2.8556586e-01  -5.6928171e-02   0.0000000e+00   1.2722314e-01  -3.9023479e-02  -1.8897207e-01   2.2077245e-01  -2.0013981e-02  -7.9641113e-02   4.4872388e-01   0.0000000e+00  -1.9721203e-02  -1.1385905e-01   1.0054997e-01   3.9155362e-01   1.7401221e-01  -1.4768102e-02  -2.1200646e-02   2.1714868e-01  -1.3388312e-02   4.1318164e-01   1.4139736e-01   2.8449495e-01   2.3179725e-01   2.2295208e-03  -7.9372701e-02  -1.2080302e-01   9.8817244e-02   2.6392304e-01   3.0531938e-01  -2.2430712e-01  -5.7880685e-02   2.5580161e-01   3.1569781e-01  -5.6330800e-03   2.6891918e-01   2.3748663e-01   4.4304371e-01   6.5735346e-02   5.9858138e-01   4.7129113e-01   1.8505011e-01   1.2363213e-01   1.3020738e-01   2.6648658e-01   2.0564551e-01   3.1018222e-01   2.3328295e-01   2.9547499e-01   3.0115674e-02   0.0000000e+00   1.8226643e-01  -3.9049483e-02   2.4433587e-01   9.7606950e-02   4.7130610e-01  -9.0551986e-02   3.2128418e-01   3.0925241e-01  -7.4091423e-02  -1.5587773e-01  -2.5085917e-01  -1.0623895e-01   2.3363288e-01   3.3972270e-02   3.2044641e-01   1.5317596e-01   1.2015192e-01   5.5515790e-02  -1.8485141e-01  -1.7860430e-01   4.3497835e-02   1.8509114e-01  -1.3344882e-02   1.1657382e-01   6.0242040e-02  -1.7072496e-01  -2.8909863e-01  -1.4074475e-01  -3.3780927e-02  -1.3217768e-01  -1.3616683e-01   3.9190243e-01  -9.7193503e-02  -1.6294249e-01  -5.9310983e-02   3.6712079e-03  -5.9882971e-02  -4.1152803e-02   4.9351593e-02   2.4740761e-02  -2.3814084e-01  -1.7966468e-01  -5.0705861e-02  -4.6984472e-02   3.7413095e-03  -1.4069308e-01  -9.2838012e-02  -6.0213548e-02  -1.1782008e-01  -6.5617430e-02  -2.8870356e-01  -3.2131070e-01  -1.8642045e-01  -5.5629044e-02   1.3525357e-01   1.1792772e-01  -4.1370505e-02   4.8566402e-02   2.0112966e-01   3.7350169e-01  -5.2132741e-02  -1.6766182e-02   6.0987072e-02   0.0000000e+00   9.6746211e-03  -1.4946428e-01   1.4159826e-01
  -7.8446176e-02  -3.1987687e-02   0.0000000e+00  -4.4906006e-02   2.5084599e-01   2.2198400e-01  -1.9752192e-01  -2.3091711e-02  -1.4941606e-01   8.1665876e-02  -1.9721203e-02   0.0000000e+00  -1.5732756e-01  -8.1856785e-02  -1.3875872e-01  -2.0832352e-02   3.0097235e-01   2.7418057e-01  -6.2330614e-02   1.8194387e-01  -9.2386570e-02   3.0341964e-02   3.2884842e-02   2.3947649e-02   3.3329786e-01   3.0069360e-01   2.5660838e-01   1.3480736e-01  -4.5299417e-02  -5.3387180e-02   3.6563002e-01   9.7302868e-02  -1.3993398e-01  -1.8656311e-01  -3.7630806e-02  -1.0175497e-01  -1.8441841e-01  -1.7613057e-02   1.8659528e-01  -7.4022413e-02   2.3628855e-02   3.1836095e-02   6.3582123e-02   9.2796055e-02   1.4906556e-01   5.9474491e-02  -9.1118235e-02  -6.3521700e-02  -2.0195046e-01   2.2001519e-01   0.0000000e+00  -2.2450186e-02   1.4803245e-01  -1.1620398e-01   5.3435792e-02  -9.7216065e-02   1.7478678e-01  -4.0349651e-02  -1.6688378e-01   4.2248737e-01   5.0061752e-02   2.8458706e-01   5.9426821e-02  -9.0444693e-02   4.1543684e-02   7.5897480e-02  -2.4818154e-01   1.2759636e-02  -2.5378876e-01   2.2871617e-01   1.1443343e-01  -2.3155496e-01   5.5361521e-02   2.7291203e-01   1.6079889e-01  -1.8314289e-01   1.9223303e-03   5.6445548e-02   2.1104138e-01   8.6189055e-02   4.3481090e-01   2.5020405e-01   4.3042037e-02   3.9975846e-01   2.0262989e-01   3.5974169e-01   1.0037948e-01   2.5671280e-01   1.4717005e-01  -1.2440515e-01   3.3448200e-01   1.4926192e-01   4.6597128e-02  -6.3430775e-02   1.6434317e-01   7.4673383e-02   3.0342264e-01   7.8233730e-02  -6.3779396e-02   1.5207975e-02   5.1230433e-01   1.2985395e-01   3.7697612e-01   3.4852976e-01   4.6650912e-04  -1.1022536e-01  -1.4696202e-01   6.7757091e-02  -1.1764289e-01  -5.4475792e-03  -1.7582046e-01   6.3623475e-03  -4.1124127e-02  -4.3786385e-02   0.0000000e+00  -2.0060758e-01   1.1277267e-01  -1.6038212e-03
  -1.4220843e-01   8.1651610e-02   0.0000000e+00  -9.2613604e-02  -2.2389637e-02   1.1720809e-01  -6.5346123e-02   1.5083714e-01   5.1411010e-04  -1.3160034e-01  -1.1385905e-01  -1.5732756e-01   0.0000000e+00   2.3039920e-01   4.9601819e-02   2.7395537e-02  -2.2265633e-02  -1.3522553e-04  -7.3546326e-03   2.5441971e-02   4.1245636e-02   1.6864363e-01   6.0377795e-02  -1.0659869e-02   6.3146987e-02   1.3454335e-01  -1.2776694e-02   3.6642049e-02  -2.9097712e-02  -2.8090851e-02   1.4391993e-01   1.7307026e-01   1.5818289e-01   2.7490372e-02   1.2575048e-01   1.3038290e-01   1.5509021e-01   3.9446110e-02   2.0172136e-01  -4.5207484e-02  -3.1937229e-03   9.0385739e-02   8.4312615e-03   1.1724984e-01  -1.4034782e-01   2.5073281e-02  -4.1729724e-02   1.2433345e-02  -2.1951286e-02  -1.7097130e-01   0.0000000e+00  -1.5384888e-02   7.6550631e-02   1.3728115e-01   4.1889697e-02   3.5811505e-02   1.1065005e-01   1.6916377e-02   6.6287208e-02  -1.4682152e-02   1.4074258e-01   5.6115840e-02   3.0627939e-01  -2.7592721e-02   4.9340669e-02  -9.3848041e-02   2.1948246e-01  -8.8120199e-02   1.6167110e-01   2.4381602e-01   2.0235430e-01   1.6920184e-01  -1.5951177e-01  -1.3629881e-01  -6.5841133e-03  -5.9759603e-02   1.7267598e-01   1.2741159e-01   3.0745091e-02   1.1863216e-02  -1.9849258e-01   3.0487254e-03   1.8463898e-02  -1.4430618e-01  -6.7319566e-02  -1.0897936e-01  -7.3089621e-02  -1.0972998e-01  -1.6330129e-01  -2.0328944e-02  -1.1408332e-01   1.5880673e-01   1.7447599e-01   4.2504835e-02   1.1825388e-01   9.7505479e-02   6.1548785e-02   1.9277409e-01   1.3554037e-01   1.2084229e-01  -2.7210701e-02   1.5006291e-01   7.3871448e-02  -4.7388915e-02   2.5575823e-01  -5.9919717e-02   8.2362996e-02   6.4784600e-02   2.7170483e-01   1.3142200e-01   3.6174687e-02   1.0619423e-01   1.0831474e-01   1.1443481e-01   0.0000000e+00   1.9380107e-01   1.4443512e-01  -9.0655513e-02
   1.8279745e-02   6.6812563e-02   0.0000000e+00   1.9451566e-01   3.9708431e-02   3.0951052e-04   2.9812783e-02   5.8717589e-02  -1.3390697e-02   1.2811143e-01   1.0054997e-01  -8.1856785e-02   2.3039920e-01   0.0000000e+00   1.3370203e-01   1.8126731e-01   2.5948465e-02  -3.2383351e-02   1.3548300e-01   1.2063512e-01   2.0456280e-01   3.1526092e-01   4.6017613e-01   1.6054009e-01   1.6363767e-01   1.4491442e-01   6.4874518e-02   1.4263282e-01  -9.9132039e-03   1.5374693e-01   9.2658498e-02   3.7354947e-02   1.1460432e-01   2.9477037e-02   1.6927332e-02   1.9888363e-01   2.7222600e-01   2.5577223e-01   1.2609490e-01   2.3691141e-01   3.0917709e-01   1.6199420e-01   4.3017474e-02   1.4800093e-01  -1.5808285e-03   2.1063116e-01   2.0294252e-01   4.4851287e-02   9.0121535e-03  -8.1743587e-02   0.0000000e+00   6.0687259e-02   7.2809842e-02   1.6469135e-01   1.4229817e-01   1.8544431e-01  -3.2039176e-02   1.7090392e-01   5.6897562e-02  -2.4730179e-03   1.6133858e-01  -1.2309174e-01   9.1549734e-02  -6.0951752e-02  -1.0970936e-01   1.2276547e-01  -5.6106425e-02  -9.5348681e-03  -3.0280456e-02  -3.1674941e-03   1.6594461e-01   1.4936473e-01  -9.0723126e-02  -1.7147457e-01   6.7994517e-03   4.9927575e-02   1.2771784e-01   4.9780936e-02  -1.5679351e-01  -7.9028628e-02  -8.8292621e-02   8.2758826e-02   4.3972624e-01  -4.5240651e-02   7.7020910e-02   6.4146762e-02   3.1320131e-03  -8.3499035e-02   4.8957260e-03  -1.3579258e-02   4.2625821e-03  -1.0851774e-01   1.2342869e-01  -1.0233743e-01   4.6356294e-02   1.6022065e-01  -4.9652588e-03   2.1201197e-01   6.9081488e-02   6.6512092e-02  -7.3926250e-03  -8.6126665e-02  -3.1123418e-02  -1.1726307e-01  -3.7171227e-02  -8.7322793e-02  -8.3906181e-03  -1.2807319e-01  -1.5909576e-03   5.4879103e-02   4.1738107e-02   3.9037513e-02   5.7927222e-02   7.8860891e-02   0.0000000e+00   4.2924395e-02   2.7716374e-03  -3.0432691e-03
   4.9286141e-02  -9.4981261e-02   0.0000000e+00   5.4408429e-02   6.6417616e-02  -1.6221818e-01   2.3138714e-01  -1.8945520e-02  -1.1194907e-01   4.1219074e-01   3.9155362e-01  -1.3875872e-01   4.9601819e-02   1.3370203e-01   0.0000000e+00   2.6190262e-01   2.1242981e-01   1.6440273e-01   1.9228459e-01   2.7983180e-01   5.2537265e-01   1.3931373e-01   1.2818890e-01   1.1232023e-01   1.2459521e-02  -1.2630781e-01   1.1859154e-01   2.5205477e-01   4.5666892e-01   4.4876430e-01  -2.0259222e-01   1.1619678e-01   4.7011247e-01   4.8861408e-01   1.9932682e-01   5.0497791e-01   3.4923215e-01   2.7685078e-01   2.0083973e-01   4.3002755e-01   2.0093276e-01   4.0575763e-01   1.9141551e-01   2.9024596e-01   1.2047234e-01   3.9205492e-01   3.9289073e-01   4.2830216e-01   4.3153949e-01   6.5043683e-02   0.0000000e+00   2.2992953e-01  -8.3414185e-03   2.9104214e-01   3.6262724e-01   5.6905200e-01   9.1120521e-03   4.2093208e-01   3.0416379e-01  -4.8632033e-02  -2.1182396e-01  -2.8528063e-01  -1.5682311e-01   3.5829191e-01   1.0296835e-01   2.7793203e-01   2.1608917e-01  -3.7808979e-02  -1.3848327e-02  -4.3638625e-02  -1.8086081e-01   2.1081438e-02  -3.6340364e-02  -1.3338448e-01  -7.6119717e-02  -8.7027170e-02  -1.7616012e-01  -1.3521043e-01  -4.8966372e-02  -9.2108903e-02  -2.7916480e-02  -2.0505213e-01   2.1617611e-01  -4.3299690e-02  -6.8500339e-02  -2.8499066e-02   1.7492703e-02  -1.7308766e-01   2.0245451e-01  -8.6119929e-02   2.3706555e-02  -5.9222104e-02  -9.5099072e-02   5.7621579e-02   1.6974219e-01   2.1269164e-02  -1.0273636e-01   3.6698746e-02   3.5872662e-02   1.2839424e-02  -2.6728264e-02  -1.2332418e-01  -2.8348249e-01  -1.5996910e-01   1.0488320e-02   3.6886471e-01   1.0784296e-01   3.8292174e-02   8.5722137e-02   1.6177237e-01   4.2994594e-01   2.8454688e-02   5.4213434e-02   2.2156905e-01   0.0000000e+00   6.7928389e-02  -1.5812639e-01  -4.2014323e-02
  -9.4388178e-02  -3.6024986e-02   0.0000000e+00   1.1762721e-01   2.4341530e-01   5.9417999e-02  -4.5640784e-02  -7.7403552e-02  -5.2992368e-02   1.8706106e-01   1.7401221e-01  -2.0832352e-02   2.7395537e-02   1.8126731e-01   2.6190262e-01   0.0000000e+00   2.7281969e-01   2.9608113e-01   1.7956239e-01   3.7495968e-01   2.8686995e-01   1.0714102e-01   1.8953920e-01   2.3013671e-02   2.8538698e-01   8.0945896e-02   3.3892659e-01   2.7351913e-01   3.7557419e-01   2.6232111e-01   8.7146750e-02   1.6229607e-01   3.9768417e-01   2.6517673e-01   1.9250613e-01   3.0226685e-01   2.6720704e-01   1.9030694e-01   2.2402621e-01   2.1172394e-01   1.3210034e-01   3.2911803e-01   2.6044936e-01   2.4240020e-01   6.8505022e-02   3.5192907e-01   1.7893185e-01   4.2975364e-01   2.1931228e-01   1.5934401e-01   0.0000000e+00   4.0968655e-01   1.4131383e-01   2.0666053e-01   5.8762191e-01   5.0376771e-01   2.4021362e-01   3.3048447e-01   2.1421538e-01   1.6954034e-01  -1.2829478e-01  -1.0137403e-01   4.3590397e-02   2.3464519e-01   2.4935213e-01   3.4263838e-01   1.4415277e-01  -5.4618609e-02   3.5497332e-02   2.1298227e-01  -8.2872231e-02  -2.1341204e-02  -6.3007884e-02  -1.0086857e-01  -7.1714058e-02  -1.6585916e-01  -2.2600825e-01  -1.6525246e-01   1.4725648e-01  -6.5171624e-02   1.2173796e-01   6.2402937e-03   2.9306619e-01   4.2207127e-02   5.7312266e-02  -1.3845125e-02  -9.1148621e-02  -1.3118505e-01   1.2973773e-01  -2.3980109e-01  -1.0022007e-01   2.0307202e-01  -1.1196200e-01   3.9049706e-02   1.9079651e-01   5.5420183e-02  -3.4226413e-03   1.1081624e-01  -5.0583148e-02   8.2300445e-02   2.4844974e-02   8.1079653e-02  -8.4092838e-02   7.4016180e-03   2.0058132e-01   1.9785046e-01   3.1603447e-02   2.8592267e-01  -1.2225804e-01   3.2603154e-01   2.1130195e-01   3.3417202e-03   1.7913247e-02   1.6905452e-01   0.0000000e+00  -1.4539636e-01  -1.9831747e-01  -1.0103364e-01
  -2.3412705e-01  -1.9356588e-02   0.0000000e+00  -6.3328483e-02   5.3909556e-01   2.7961930e-01  -2.0123440e-01  -8.4671218e-02  -1.9875781e-01   1.4369165e-01  -1.4768102e-02   3.0097235e-01  -2.2265633e-02   2.5948465e-02   2.1242981e-01   2.7281969e-01   0.0000000e+00   7.9042988e-01   1.0360581e-01   8.6282709e-01   1.6264723e-01   5.7402809e-02   9.3684747e-03  -5.4619019e-03   3.8381326e-01   2.3475439e-01   7.1104136e-01   4.1103273e-01   3.4911017e-01   1.8211297e-01   2.4727172e-01   4.0371961e-01   2.9094355e-01   1.5905916e-01   3.1165933e-01   2.9731005e-01   5.0248727e-02   7.2969862e-02   3.5890678e-01  -7.1061611e-03  -5.0789052e-02   4.9921285e-01   3.4827716e-01   3.4410383e-01  -4.4400666e-03   3.3320891e-01   1.3870141e-01   3.0231444e-01   1.2579080e-01   3.3664006e-01   0.0000000e+00   2.9388031e-01   1.6336221e-01  -1.7145900e-02   4.4887694e-01   1.4769484e-01   4.3019026e-01   3.4405333e-01   5.5020280e-02   3.7105282e-01  -1.1956582e-01   4.1842380e-02   1.8538396e-02   1.5936962e-01   1.8757305e-01   2.5830581e-01  -4.0105057e-02  -1.4675367e-01  -2.1974327e-01   4.0698443e-01   8.4489273e-02  -1.9858388e-01  -9.4776940e-02  -1.0349578e-01  -3.8185251e-02  -3.1040886e-01  -1.8280910e-01   5.1981513e-02   3.0443298e-01  -9.2561569e-03   4.6099143e-01   5.3544258e-02   1.4894617e-01   3.5912739e-01   3.1149180e-01   2.3504337e-01  -1.2989379e-02  -5.4589790e-02   3.7111470e-01  -3.1673034e-01   4.0730311e-02   4.4704443e-01   5.8084759e-02   8.9821699e-02   3.0326118e-01   1.0146457e-01   2.0635838e-01   1.5577935e-01  -4.4539336e-02   5.0681640e-02   3.1237380e-01   2.8342008e-01   1.5483041e-01   1.1992151e-01   9.4824430e-02   2.4446402e-01  -2.2745635e-02   2.5271352e-01  -1.2245613e-01   1.5792748e-01   2.4222717e-03  -8.6529897e-03  -7.6460463e-02   1.4515492e-01   0.0000000e+00  -2.0206254e-01  -5.8225056e-02  -1.3967925e-01
  -2.2226780e-01   3.7601557e-03   0.0000000e+00  -4.2037558e-02   5.6902881e-01   3.5589814e-01  -1.6813177e-01  -1.2932986e-01  -1.6950378e-01   7.3153289e-02  -2.1200646e-02   2.7418057e-01  -1.3522553e-04  -3.2383351e-02   1.6440273e-01   2.9608113e-01   7.9042988e-01   0.0000000e+00   7.3521296e-02   7.9421784e-01   1.0778542e-01   1.0024821e-02  -5.8144660e-02  -5.2981369e-02   3.9032405e-01   2.1741029e-01   7.5088435e-01   3.8169992e-01   3.8038747e-01   2.0121777e-01   2.9662074e-01   3.3866283e-01   3.1126863e-01   1.6035029e-01   2.6287485e-01   1.8906637e-01   9.1999122e-02  -5.6029074e-03   2.7223267e-01  -5.2655739e-02  -7.5094447e-02   4.1072306e-01   3.6852957e-01   2.5872966e-01   8.9579872e-03   2.8937205e-01   7.9787457e-02   3.3646739e-01   1.9385562e-01   4.1105764e-01   0.0000000e+00   3.7922472e-01   1.3569313e-01  -6.1563234e-04   3.9246857e-01   2.2351455e-01   5.4625034e-01   3.5845815e-01   8.5022105e-02   4.3099591e-01  -9.2665713e-02   1.0605421e-01   3.4807866e-02   2.7766621e-01   2.6975751e-01   3.3249106e-01   1.2413762e-01  -5.3310253e-02  -1.1569115e-01   5.6340299e-01   7.4354553e-02  -8.9321469e-02  -9.2311278e-02   7.8260113e-03  -4.0902348e-02  -1.8404796e-01  -1.8673508e-01   4.8268817e-02   3.8068435e-01   4.2327713e-02   5.3224212e-01   1.0853202e-01   1.3828832e-01   4.3065004e-01   3.5112217e-01   2.4608480e-01   7.0851245e-02   4.4024131e-02   3.9939667e-01  -2.2994680e-01   3.3007516e-02   5.0957340e-01   9.0604323e-03   1.4726511e-01   3.0797714e-01   1.9910123e-02   1.9112315e-01   9.5514104e-02  -2.2324984e-02   6.6220018e-02   2.3424594e-01   3.6085073e-01   1.3883206e-01   1.7863990e-01   1.8760558e-01   2.7995632e-01   1.9477670e-02   3.7940241e-01  -2.8366710e-02   2.6466149e-01   8.6202758e-02   1.3565038e-02  -5.3318851e-02   1.7224949e-01   0.0000000e+00  -1.5710998e-01  -4.3218914e-02  -6.1538647e-02
   1.0154959e-01  -8.0892993e-03   0.0000000e+00   1.4160597e-01   1.0608900e-01  -2.9176193e-02   8.0815934e-02  -4.4260805e-03  -2.7781336e-02   2.8155468e-01   2.1714868e-01  -6.2330614e-02  -7.3546326e-03   1.3548300e-01   1.9228459e-01   1.7956239e-01   1.0360581e-01   7.3521296e-02   0.0000000e+00   1.7683754e-01   3.1884458e-01   8.1217601e-02   9.8727183e-02   1.5195317e-01   9.8833208e-02   1.8299332e-02   4.4591202e-02   1.7982568e-01   2.0515340e-01   2.2544884e-01  -7.2597133e-02   1.0676870e-01   3.4742496e-01   2.7392222e-01   2.2265979e-01   3.7964097e-01   2.1799969e-01   2.3960571e-01   1.6315427e-01   2.4937234e-01   2.3303546e-01   3.0505031e-01   1.8998490e-01   2.7406461e-01   1.6622984e-01   3.3997568e-01   2.5048118e-01   9.9056052e-02   6.9649370e-02   5.3538575e-02   0.0000000e+00   1.9889609e-01   1.1456923e-01   1.4817055e-01   1.2762425e-01   1.5646591e-01   1.3948894e-02   1.7354995e-01   6.7368864e-01  -1.6706902e-02  -1.2212893e-01  -2.4273821e-01  -5.9759668e-02   1.9068399e-01   1.8243940e-02   2.1295630e-01   5.9114871e-02   2.1604631e-02   1.7048226e-02  -3.2712210e-02  -6.5441296e-02  -5.1655816e-02  -8.2384868e-02  -1.1517265e-01   3.2087270e-02  -2.9812877e-02  -4.1855632e-02  -5.7163805e-02  -1.3638057e-01  -1.3494045e-01  -5.9750872e-02  -1.0971603e-01   1.9077721e-01  -1.4990260e-02  -9.2326294e-04   3.2113938e-02   8.0960075e-02  -1.7536678e-01   1.0524096e-01  -1.3645765e-02   3.8235315e-02  -6.0633560e-02  -2.0059190e-01   7.8032623e-02   2.2377145e-01   7.4545139e-02  -2.6349300e-03   1.8412092e-01   6.6377833e-02  -5.1176102e-02  -2.8574178e-02  -1.2268011e-01  -1.3032109e-01  -1.4389719e-01  -8.4028274e-02   2.2137639e-01   5.9374359e-02  -8.6163480e-03  -1.2853180e-01   1.7717208e-01   2.4580665e-01  -1.0771949e-01  -5.5457740e-02   1.3216785e-01   0.0000000e+00  -7.2963923e-02  -1.0480192e-01  -6.0380409e-02
  -3.2495853e-01  -3.0295445e-02   0.0000000e+00   4.0861709e-03   5.3841669e-01   2.8416133e-01  -2.6230612e-01  -1.7009330e-01  -2.2164409e-01   1.2052223e-01  -1.3388312e-02   1.8194387e-01   2.5441971e-02   1.2063512e-01   2.7983180e-01   3.7495968e-01   8.6282709e-01   7.9421784e-01   1.7683754e-01   0.0000000e+00   3.0686730e-01   1.1274094e-01   9.5505737e-02   1.7114454e-02   4.6560456e-01   3.2899959e-01   8.6486272e-01   4.5072066e-01   4.3441861e-01   2.9025193e-01   2.7482700e-01   3.8043747e-01   4.4138862e-01   2.8342751e-01   3.9046118e-01   3.8216492e-01   1.9965935e-01   1.4555563e-01   4.3062794e-01   6.8044405e-02  -2.9722142e-02   6.0208661e-01   3.9830435e-01   3.8065273e-01   1.3714508e-01   3.8873850e-01   1.7151193e-01   4.1359586e-01   2.1664406e-01   3.1264653e-01   0.0000000e+00   3.9706259e-01   6.9182741e-02   4.6512698e-02   4.7608512e-01   3.2622461e-01   5.7210053e-01   5.6262949e-01   1.2250060e-01   4.1825884e-01  -1.3386580e-01   1.0318490e-02   1.3653163e-01   2.7487573e-01   3.3386603e-01   3.3759997e-01   9.6601716e-02  -2.0171831e-01  -1.8338690e-01   5.9497137e-01   4.1035465e-02  -1.5076496e-01  -1.8037110e-01  -1.6632465e-01  -1.3238936e-01  -2.3859592e-01  -2.8710519e-01  -3.5411871e-02   3.3242895e-01   4.1245801e-02   5.6895523e-01   1.2505618e-02   3.0160954e-01   4.2534247e-01   2.4193945e-01   2.0300808e-01  -8.6821521e-03  -9.0879849e-02   3.3336760e-01  -3.5630976e-01  -1.0144265e-01   5.3156877e-01  -5.5937005e-02   1.2853163e-01   2.9081835e-01  -4.1176425e-03   7.7391655e-02   1.8336504e-01  -1.5242385e-01  -1.1399542e-02   2.3968489e-01   2.2863462e-01   7.6533065e-02   1.4275755e-01   1.3984020e-01   4.1902181e-01  -7.6468404e-02   3.4502726e-01  -1.0423882e-01   2.7890133e-01   1.4144680e-01  -7.3197508e-03  -1.2201488e-01   1.7233765e-01   0.0000000e+00  -2.5673162e-01  -1.2141692e-01  -6.2305534e-02
  -7.2143299e-02  -7.3666160e-02   0.0000000e+00   1.4838131e-01   8.0224665e-02  -1.5859555e-01   1.1531983e-01  -6.0128172e-03  -2.2806024e-01   5.4039223e-01   4.1318164e-01  -9.2386570e-02   4.1245636e-02   2.0456280e-01   5.2537265e-01   2.8686995e-01   1.6264723e-01   1.0778542e-01   3.1884458e-01   3.0686730e-01   0.0000000e+00   4.6733259e-01   4.6493213e-01   3.5457044e-01   2.6603991e-01   6.4596314e-02   8.2961806e-02   4.3484242e-01   3.0885827e-01   5.4321626e-01  -1.5150297e-01   7.5432586e-02   4.1418588e-01   5.1033166e-01   2.1105261e-01   7.0352525e-01   4.8690856e-01   5.7258966e-01   3.0100199e-01   6.6523662e-01   4.2386830e-01   4.8478620e-01   7.9256977e-02   4.2481984e-01   1.7918704e-01   5.6249686e-01   4.2828446e-01   2.8211850e-01   2.9697143e-01   3.9584226e-02   0.0000000e+00   1.1688843e-01   6.4770785e-02   2.0049030e-01   3.1009695e-01   4.4281131e-01  -3.3070211e-02   5.3071336e-01   3.1432449e-01   2.4574333e-03  -8.3262348e-02  -2.6619468e-01  -3.5284928e-02   1.0006311e-01   4.6579434e-02   2.4647181e-01   5.4826189e-02  -1.0173231e-01  -1.4287768e-01  -1.0248728e-01  -6.8167079e-02   1.3640955e-02  -1.2904573e-01  -1.8877998e-01  -1.1110601e-01  -1.2306620e-01  -1.6705605e-01  -1.6935854e-01  -1.5859642e-01  -1.0197932e-01  -6.6589659e-03  -1.4791678e-01   5.5624460e-01  -8.8693945e-03  -7.0428540e-02  -4.1031899e-02  -5.6742220e-02  -1.3904821e-01   5.2030929e-02  -9.6030655e-02   4.7723700e-03  -1.7292065e-01  -1.4101599e-01  -7.5099517e-02   1.1668219e-01   4.0029995e-02  -5.7794762e-02   1.1036311e-01  -4.9328202e-02  -3.3710575e-02  -4.3229612e-02  -2.3633838e-01  -2.6321476e-01  -1.4135864e-01  -9.1485765e-02   2.1436198e-01   9.2430803e-02  -5.7241079e-03   7.2313259e-02   9.1887273e-03   2.7207766e-01  -2.0300360e-02   2.6856425e-02   5.8194015e-02   0.0000000e+00  -1.9859352e-02  -1.1441392e-01   8.5049535e-02
