   0.0000000e+00   1.5713743e-01   0.0000000e+00   6.1379102e-02   1.0421137e-01   7.1454944e-02   7.9886526e-03   2.0063159e-02   1.5021016e-01   1.3225847e-01   1.6899763e-01   3.0204239e-02  -4.5278798e-02  -8.0027929e-03   4.6776465e-02  -1.0681903e-01   3.3090970e-02   8.3307870e-02   7.4812602e-03  -6.6886038e-02  -2.8073500e-02  -8.7319703e-02   1.4353006e-01   1.0490454e-01  -6.0295132e-02  -8.3038787e-02  -6.4596823e-02   8.5623338e-02  -9.4145347e-02  -2.2450949e-02  -1.0822593e-01   4.9032118e-02  -5.3018022e-02  -9.4178055e-02   1.1546760e-02   3.3989852e-03  -3.9774106e-02   5.0311514e-02  -2.4240172e-02   1.4680476e-01   8.5252005e-02   3.0834205e-01  -6.2595593e-02   8.5579913e-02   3.0337672e-01  -5.5175160e-02   9.3561769e-02  -9.3743300e-03   1.3608129e-02  -1.6818105e-02   2.3475934e-02   6.3616131e-02  -2.2470434e-02   2.9218192e-02  -3.6892658e-02   4.2606086e-02  -4.5735515e-02  -2.2281904e-03   1.3323660e-01  -5.7133466e-02  -3.5655671e-02  -4.7980923e-02  -9.0442163e-02   3.5084467e-01   1.1191171e-01  -5.3969193e-02  -1.4400434e-02   2.3229773e-01   9.9039811e-02   8.9557926e-02   1.4123229e-01   1.9072691e-01   8.3470240e-01   1.5644750e-01   0.0000000e+00   1.9827022e-02   1.5287508e-01   2.7054880e-01   9.1419123e-02   2.4619409e-02   6.7338145e-02   7.6740828e-02  -8.0484348e-04   5.9754520e-02  -7.8485706e-02   9.4367127e-02  -1.5211246e-01   1.5563915e-02   1.7721922e-01   3.1470598e-01   2.1108615e-02   5.0936951e-02   4.0464957e-01   1.3521199e-01  -3.5964406e-02  -1.4391575e-02   6.0665094e-02   1.2507020e-01   4.2759250e-02   8.9495853e-02   4.5211529e-02   1.9398370e-01   3.0352790e-01   4.1490081e-02  -1.6556078e-02   8.7507381e-02   3.8650291e-02  -1.2216649e-02   4.2306383e-02  -8.1442786e-03  -1.5378846e-02   1.3390420e-01   2.7641532e-01   1.4418080e-01   3.3809876e-01   7.4399523e-02   2.6293679e-02   2.8576572e-02
   1.5713743e-01   0.0000000e+00   0.0000000e+00   7.2336491e-02   9.0590221e-02   1.6945550e-01  -9.7434542e-02   3.0865466e-02   8.8399103e-03  -1.4429197e-01  -7.0963161e-02  -3.8194042e-03  -2.7027372e-02  -1.0112095e-01   5.9423989e-02  -8.7124345e-02  -5.0487698e-02  -1.9089250e-02   1.4252326e-03  -4.2374687e-02  -2.5194977e-02  -5.9361622e-03   1.0681301e-01   5.4824617e-02  -3.9509980e-02  -1.3712018e-01  -1.9320441e-02  -4.7814317e-02  -2.6638121e-02   5.5969091e-02   1.2888307e-02  -3.0563012e-02  -1.3637678e-01  -1.4258878e-02   3.4470354e-02  -7.9260577e-02  -1.0251496e-01  -1.3257406e-01  -1.4583912e-01  -5.3555660e-02  -6.3440452e-02   4.5594531e-02  -9.8814269e-02  -1.0292191e-01   5.3283598e-02  -1.2132564e-01   8.4126342e-03  -5.5301282e-02   8.1824060e-02  -2.8173156e-03  -2.0460757e-02   7.5680753e-02  -7.5381411e-02  -1.0570086e-02   3.6607749e-02   4.1570106e-02  -2.0495459e-02   7.5310900e-02  -1.2509292e-02  -4.0832895e-02  -1.1222287e-01  -4.7361674e-02  -1.6156702e-01   1.3994076e-01   1.9618737e-01  -8.4265208e-02   1.1098367e-01   2.0150649e-01   1.4698852e-01  -2.9439938e-02   8.7398416e-02   1.5662226e-01   1.2750178e-01   7.7141245e-05   0.0000000e+00   1.6067246e-01   3.2497392e-02  -3.5066782e-02   7.4044749e-02   1.9829005e-01   7.9549538e-02   8.9385792e-02   1.7920385e-02   9.1981308e-02  -4.0436610e-02  -8.7123697e-02  -2.7733743e-02   2.0565909e-01  -6.9586317e-02   1.6994405e-01   1.3126280e-01  -3.2186750e-02   1.2191907e-01  -1.2281737e-04  -7.6434570e-02   1.6021797e-02  -1.0841841e-01  -1.9694772e-02  -8.4104543e-02  -9.7405148e-02   3.4258412e-02  -8.7907347e-03   1.2664483e-01  -1.3651700e-01  -6.8793510e-03   1.5400716e-02   4.2295240e-03   4.0308177e-02  -7.5248454e-02  -8.7663279e-02  -6.6177626e-02  -1.1345461e-02  -5.7116872e-02  -3.6505090e-02  -9.5995095e-02   5.4771661e-02   1.5584057e-01   5.9854843e-02
   0.0000000e+00   0.0000000e+00   0.0000000e+00   0.0000000e+00   0.0000000e+00   0.0000000e+00   0.0000000e+00   0.0000000e+00   0.0000000e+00   0.0000000e+00   0.0000000e+00   0.0000000e+00   0.0000000e+00   0.0000000e+00   0.0000000e+00   0.0000000e+00   0.0000000e+00   0.0000000e+00   0.0000000e+00   0.0000000e+00   0.0000000e+00   0.0000000e+00   0.0000000e+00   0.0000000e+00   0.0000000e+00   0.0000000e+00   0.0000000e+00   0.0000000e+00   0.0000000e+00   0.0000000e+00   0.0000000e+00   0.0000000e+00   0.0000000e+00   0.0000000e+00   0.0000000e+00   0.0000000e+00   0.0000000e+00   0.0000000e+00   0.0000000e+00   0.0000000e+00   0.0000000e+00   0.0000000e+00   0.0000000e+00   0.0000000e+00   0.0000000e+00   0.0000000e+00   0.0000000e+00   0.0000000e+00   0.0000000e+00   0.0000000e+00   0.0000000e+00   0.0000000e+00   0.0000000e+00   0.0000000e+00   0.0000000e+00   0.0000000e+00   0.0000000e+00   0.0000000e+00   0.0000000e+00   0.0000000e+00   0.0000000e+00   0.0000000e+00   0.0000000e+00   0.0000000e+00   0.0000000e+00   0.0000000e+00   0.0000000e+00   0.0000000e+00   0.0000000e+00   0.0000000e+00   0.0000000e+00   0.0000000e+00   0.0000000e+00   0.0000000e+00   0.0000000e+00   0.0000000e+00   0.0000000e+00   0.0000000e+00   0.0000000e+00   0.0000000e+00   0.0000000e+00   0.0000000e+00   0.0000000e+00   0.0000000e+00   0.0000000e+00   0.0000000e+00   0.0000000e+00   0.0000000e+00   0.0000000e+00   0.0000000e+00   0.0000000e+00   0.0000000e+00   0.0000000e+00   0.0000000e+00   0.0000000e+00   0.0000000e+00   0.0000000e+00   0.0000000e+00   0.0000000e+00   0.0000000e+00   0.0000000e+00   0.0000000e+00   0.0000000e+00   0.0000000e+00   0.0000000e+00   0.0000000e+00   0.0000000e+00   0.0000000e+00   0.0000000e+00   0.0000000e+00   0.0000000e+00   0.0000000e+00   0.0000000e+00   0.0000000e+00   0.0000000e+00   0.0000000e+00   0.0000000e+00   0.0000000e+00
   6.1379102e-02   7.2336491e-02   0.0000000e+00   0.0000000e+00   1.8352034e-01   8.4463464e-02   1.5403617e-01  -1.1148790e-02  -5.1412601e-02   1.3690018e-01   2.5067360e-01   1.1879338e-01   4.3654454e-02   7.4343840e-02   1.8056731e-01   1.3640728e-01   1.1189076e-01   2.9861212e-02   1.8917613e-01   1.7216892e-01   1.5809141e-01  -3.4063977e-03   2.3266916e-01   7.5002958e-02   2.0781287e-02  -5.7098505e-03   9.9859099e-02   4.9796326e-02   1.4363238e-01   1.1106101e-01   1.3233369e-01   1.4947813e-01   2.1588841e-01   1.8390403e-01   7.6079737e-02   7.2587176e-02   7.8538833e-02   1.4167255e-01  -8.4601925e-02   3.4111637e-01   1.8392931e-01   7.4459184e-02   9.5060637e-02   1.4767047e-01   1.0715387e-01   1.7101516e-01   5.5948722e-02   1.1971666e-01   1.4838802e-01   1.4374721e-01   2.1208563e-01   1.6287783e-04   5.2714684e-02   1.0922306e-01   1.0500177e-01   1.5438802e-01   2.5486115e-03   1.3273324e-02   2.4821119e-01   1.1069856e-01  -1.3207336e-01  -1.0197987e-01  -1.0926138e-01   1.7791965e-01   2.5100635e-02   1.9371343e-01   8.6651830e-02   1.2221892e-01   1.1480678e-01   1.7287982e-02   1.1902707e-02   1.4899732e-01   3.7921370e-02  -2.7661208e-03   0.0000000e+00   7.1731224e-02   3.7706054e-02   6.1046244e-03  -2.7201285e-02   2.6094758e-02  -2.7501409e-02   6.0488278e-02   8.3773171e-03   3.5402881e-02   1.5826270e-02  -2.1486159e-02   1.0223892e-01   5.7631779e-02  -3.0180525e-02   1.3748295e-01   1.0691158e-01  -8.6444703e-02  -1.0224622e-01   1.5364354e-01   6.3741783e-02   1.3730605e-01   4.2123208e-02   1.3195472e-02   9.1604867e-03   3.4608663e-02   3.8841746e-02  -3.0963942e-02   1.5676045e-01   5.5130298e-02  -1.9817954e-02  -9.6533346e-02   8.0075820e-02   1.2774943e-01  -1.0980792e-01   3.7771132e-03   1.4568110e-01   1.2215705e-01   1.0309289e-01   1.1354793e-03   1.0348555e-01  -1.8887606e-02  -4.5092197e-02   6.8812586e-03
   1.0421137e-01   9.0590221e-02   0.0000000e+00   1.8352034e-01   0.0000000e+00   5.3507152e-01   3.6157650e-01  -1.2356079e-01  -8.0626446e-02   1.6988776e-01   2.3068565e-01   1.0328318e-01  -1.0423982e-02   1.6093748e-01   1.8088616e-01   1.8664952e-01   5.7059359e-01   4.4295949e-01   3.2022303e-01   5.4801799e-01   1.8707385e-01   1.2529713e-01   7.5703259e-02   4.2586791e-02   2.1228185e-01   9.8929843e-02   6.7392459e-01   4.7764874e-01   3.4563615e-01   1.8831867e-01   5.2610191e-01   2.7911254e-01   2.7761062e-01   1.4483986e-01   1.6779505e-02   3.6970720e-01   2.9591813e-01   2.0157121e-01   1.7901614e-01   3.0386040e-01   2.5662607e-01   2.3942036e-01   3.6578780e-01   2.5546609e-01   1.1120664e-01   2.1434338e-01   5.5427468e-01   8.6499129e-02   1.7244534e-01   6.6268527e-01   5.6028998e-01   3.3092202e-01   1.4215449e-01   2.0555704e-01   3.5635146e-01   2.2013740e-01   2.3986656e-01   2.0846918e-02   1.8926922e-01   2.1593194e-01   4.1124028e-02   9.4995982e-02  -2.3980629e-01   5.5344169e-02  -6.8999562e-02   4.0382112e-01   1.2707653e-01   2.1915063e-01   5.1830157e-02   3.9247841e-01  -3.3773183e-02   2.0187664e-01   2.9299564e-01   1.7704907e-01   0.0000000e+00   3.3655263e-02  -5.1695591e-02   1.1932456e-01   4.4817314e-01   1.5098626e-01   4.5555971e-01   4.2710131e-01   4.4301754e-01   3.3280984e-01   4.5288945e-01   2.5873187e-01   3.3337481e-01   2.7196067e-01   2.6448870e-01   2.7177051e-01   1.4288284e-01   4.8086996e-01   1.8537730e-01   2.3858733e-01   1.9828570e-01  -4.7175130e-02   7.2054100e-02   2.7232191e-02  -1.7926315e-02   9.4059116e-02   4.4239942e-01   8.9178657e-02   3.2386596e-01   1.6990404e-01   1.6807363e-01  -1.0658360e-01  -3.6748761e-02   1.7701595e-01  -2.6812445e-03   1.8354946e-01   1.8805496e-01   9.8339072e-02   2.7828499e-02   2.8495704e-01   1.1685573e-01  -1.2362602e-01  -4.9207246e-02   4.7170900e-02
   7.1454944e-02   1.6945550e-01   0.0000000e+00   8.4463464e-02   5.3507152e-01   0.0000000e+00   1.3003274e-01  -8.7116667e-02  -7.0292973e-02  -4.3556433e-03   1.3698063e-01  -7.6677221e-02   4.3873913e-02  -1.3802560e-02   1.4966399e-01   1.5983971e-01   2.6152466e-01   3.0337369e-01   2.2051195e-01   2.0483304e-01  -1.5511590e-03   1.2823164e-02   7.7533642e-02   5.6541561e-02  -2.2290147e-02  -3.6043020e-02   1.8522837e-01   2.0867580e-01   1.6049911e-01   1.0685598e-01   2.7721951e-01   2.4868718e-01   8.9353968e-02   4.7013951e-02   5.3501273e-02   1.5184363e-01   1.1606834e-01   1.3618332e-01   3.7982636e-02   1.1319417e-01   1.8591500e-01   1.4528210e-01   1.6805224e-01   1.6878139e-01   3.1013440e-02   8.7868938e-02   3.6153712e-01   4.5209697e-02   3.2030547e-02   2.8540535e-01   2.5503645e-01   1.4732377e-01   5.4926344e-02   1.6792789e-01   2.1685372e-01   1.7290596e-01   1.8625971e-02  -7.0519171e-02   8.4930253e-02  -2.2282236e-02  -6.1963506e-02  -1.8322316e-02  -1.7873493e-01   1.2842425e-01   1.3509109e-01   2.4217198e-01   7.6179048e-02   2.6473688e-01   1.1691022e-01   1.4649780e-01   1.0609825e-01   2.1984521e-01   2.0409919e-01   1.0553531e-01   0.0000000e+00   7.8493463e-02   6.0507012e-02   1.3840801e-01   2.2989795e-01   9.9777358e-02   1.1895323e-01   2.0057765e-01   1.6316333e-01   1.2902824e-01   1.1605252e-01   1.5417223e-01   2.0578729e-01   1.3629260e-01   1.3565989e-01   2.7641852e-01   1.2404348e-01   1.6881898e-01   2.3043052e-01   1.2176905e-01   1.0687939e-01   5.6507543e-02   1.1909255e-01   5.7489030e-02   3.5472367e-02   1.5512353e-01   2.4586368e-01   7.5252243e-02   1.3611056e-01   3.9308779e-02   4.2416806e-02  -1.4005548e-01  -2.1338344e-02   3.4515181e-02   8.6695388e-02   3.8949779e-02   1.3816702e-01  -2.6189900e-02  -5.9229210e-02   1.2156346e-01   1.5555365e-02  -1.1069409e-01   4.3963216e-02   1.0582932e-02
   7.9886526e-03  -9.7434542e-02   0.0000000e+00   1.5403617e-01   3.6157650e-01   1.3003274e-01   0.0000000e+00  -9.2526652e-02  -4.8687655e-02   1.0683747e-01   2.1153226e-01   6.3450566e-02   3.9362927e-04   1.7531078e-01   2.5354934e-01   8.5127035e-02   2.2781170e-01   1.3555457e-01   1.4449444e-01   3.9782265e-01   5.6468322e-02  -6.8729331e-02  -4.4089775e-03   3.0374388e-02   2.0744335e-02  -4.1831512e-02   3.0979027e-01   3.4715649e-01   4.5435333e-01   5.7532989e-01   4.8263704e-01   4.7628633e-01   4.9854954e-01   5.7866967e-01   1.8924137e-01   3.2495151e-01   3.9471701e-01   5.8135655e-02   1.9065873e-01   2.2878200e-01   1.6902050e-01   1.0232000e-02   4.3953997e-01   2.8962472e-01  -8.2922845e-02   4.1977891e-01   1.4908253e-02   2.0653054e-02   1.0144625e-01   3.0101660e-01   4.3363051e-01   2.5513558e-01   2.1623948e-01  -2.7377247e-02   2.0965702e-01   3.6232337e-01   3.5055090e-02  -6.1327900e-02   2.0462630e-01   1.1721988e-01  -2.2511551e-01  -1.0467094e-01  -2.4427785e-01   1.8617948e-01   1.1241942e-01   4.5658113e-01   2.6248707e-01   2.9081935e-01   3.9649010e-01   1.0907172e-01   1.1708610e-01   1.2677773e-01   2.2743402e-01   5.0629824e-01   0.0000000e+00   2.2815239e-01   2.0641712e-01   1.4218804e-01   1.6190126e-01   1.1003409e-01   1.5502328e-01   4.0546848e-01   1.3794417e-01   1.4639976e-01   3.9561216e-01   2.4188704e-01   6.9916973e-01   1.6708119e-01   4.3311339e-01   7.2600648e-02   3.4055519e-01   9.6497602e-02  -1.2491998e-01   2.3973332e-01   1.3226742e-01   4.0781265e-02   1.3994208e-01  -8.7052015e-02   8.2922129e-02   5.3828251e-02   3.7966855e-01  -4.8035954e-02   1.6412168e-01  -2.8754059e-02  -8.8300079e-03  -4.7068897e-02   8.8404586e-03   1.7471946e-01  -3.6542175e-03   1.4260990e-01   4.1149963e-01   1.7614850e-01   1.7926506e-01   1.7369954e-01   1.0650642e-01  -5.3800938e-02   6.6671900e-02   9.6772946e-02
   2.0063159e-02   3.0865466e-02   0.0000000e+00  -1.1148790e-02  -1.2356079e-01  -8.7116667e-02  -9.2526652e-02   0.0000000e+00   3.4515899e-01  -6.2073281e-02   7.8559073e-02  -1.0247303e-01   2.3589230e-01   1.0389463e-01  -1.0223591e-01   8.4615995e-02  -6.6068289e-02  -1.4526659e-02   1.4435195e-02  -9.7114535e-03   2.7788231e-02   9.0769164e-02   5.7825947e-02  -8.6925103e-03   6.6080400e-02   1.1908137e-01  -8.4287601e-02   2.7872835e-02  -9.5556287e-02  -7.3731019e-02  -1.7634274e-01   1.7421332e-01  -1.1555316e-01  -1.5222924e-01   3.8859354e-01  -1.5955073e-02  -9.9861925e-02   1.8955994e-01   1.7099259e-01   8.9092961e-02   1.4559194e-01  -1.3790562e-02   2.5967837e-02   5.8522706e-02  -1.1402725e-01  -1.0294681e-02   8.3830341e-02   1.3506826e-01  -3.1948776e-02  -1.6542811e-01  -1.2018441e-01  -1.2064577e-01   1.4037886e-01   1.1410210e-01  -5.2740647e-02  -1.0839022e-01   1.6413209e-01   2.4988225e-02   7.6790031e-03  -9.3532363e-02   1.9626673e-01   1.1493152e-01   3.8715249e-01  -8.9513418e-02  -1.2027780e-01  -4.2354224e-02  -4.7262039e-02  -5.6921365e-02  -2.3322963e-02   2.0549996e-01   1.2596048e-01   5.4690379e-02  -6.2592472e-02  -9.3635573e-03   0.0000000e+00  -7.6115105e-03   2.5014414e-01   2.3075409e-01   1.0250256e-01   8.4140019e-02   2.1614068e-02  -1.1791163e-01   1.3002905e-02   1.1269596e-01  -5.0249472e-02   1.0241128e-01  -1.4429599e-01  -5.9115234e-02   4.9931133e-02   1.2176053e-01   2.4803712e-02   9.3321315e-02   2.0098599e-01   1.1042489e-02   1.8948737e-01   1.6924627e-01   1.5629742e-01   2.9179583e-01   2.0235121e-01   2.2456322e-01  -8.4526022e-02   3.2836382e-01  -9.4908382e-02   2.0489349e-02   1.5277099e-01   9.9532852e-02   1.4637074e-01  -5.1335732e-02   2.7873509e-01   1.6036553e-02   1.3923950e-02  -5.2744699e-02  -5.2824246e-02   5.7860228e-04  -1.3521266e-01   6.5165538e-01   3.9728168e-01   1.7056845e-01
   1.5021016e-01   8.8399103e-03   0.0000000e+00  -5.1412601e-02  -8.0626446e-02  -7.0292973e-02  -4.8687655e-02   3.4515899e-01   0.0000000e+00   1.5052239e-02   5.2787026e-02  -6.6998209e-02   9.1460961e-02  -2.1176606e-02   2.6009515e-02   1.2249833e-01   5.6888311e-02  -3.7205614e-02   5.4908224e-02  -1.8020177e-01  -5.8433113e-02  -7.4723708e-02  -3.5437285e-02  -7.2189941e-02  -8.6890355e-02  -8.7705072e-02  -1.3341460e-01   5.0590196e-02  -9.2091089e-02  -5.8523807e-02  -1.7059098e-01   1.9707286e-01  -1.0749711e-01  -1.2520185e-01   2.0184641e-01   1.5708585e-01   4.2694662e-02   2.0500296e-01   2.4423012e-01   2.0951776e-02   1.7081472e-01   1.5342670e-01   1.7406168e-01   2.2972176e-01  -5.2905191e-02   1.1119130e-01  -3.5568241e-02   1.2579628e-01   8.8464772e-02  -9.4288449e-02  -1.7708828e-01  -2.2475805e-02   2.4770394e-01   3.0113745e-02   3.2737681e-02  -6.1033411e-02  -9.3593784e-03   1.2618515e-01   7.3630382e-02  -2.2084496e-01   8.3202034e-02   6.1775551e-03   1.0093283e-01   1.1030424e-01   1.6340240e-01   3.1714320e-02  -8.1943639e-03   8.5648185e-02   1.6630847e-01   5.4678329e-02   1.6173287e-01   2.1001297e-03   3.7613862e-02   6.2877049e-02   0.0000000e+00   3.2163512e-03   3.6844243e-01   3.1619349e-01   1.2303524e-01   2.0041355e-02  -2.8496230e-02  -1.5385508e-02  -5.7865036e-02  -6.5334372e-02  -4.4040961e-02   2.5456129e-01  -7.2486630e-02   1.2119872e-02   1.8221822e-01   1.6187276e-01   2.8796531e-01   1.7770186e-02   2.5583455e-01   9.7712591e-02   2.1357242e-01   2.1557852e-01   3.5146681e-01   5.6599935e-01   5.8993418e-01   3.3688203e-01   6.5200931e-02   3.2104529e-01   1.3560911e-01  -3.9122747e-02   4.1520378e-02   1.9984268e-01   2.0461065e-01   8.0856541e-02   2.5536484e-01   2.0782216e-01   1.0081664e-01   3.6201338e-02   8.5597323e-02   1.2853141e-01   8.2134401e-02   3.5126849e-01   2.1584203e-01  -8.5948220e-03
   1.3225847e-01  -1.4429197e-01   0.0000000e+00   1.3690018e-01   1.6988776e-01  -4.3556433e-03   1.0683747e-01  -6.2073281e-02   1.5052239e-02   0.0000000e+00   3.2214193e-01   4.7013643e-02   1.1235424e-01   2.3242969e-01   1.8084768e-01   2.8130866e-01   3.4818830e-01   1.2835865e-01   2.1613819e-01   2.0278436e-01   3.5044182e-01   3.0167324e-01   1.7830281e-01   2.0020475e-01   3.4886415e-01   1.5860823e-01   2.8994280e-01   2.6466176e-01   2.9797462e-01   5.6694053e-02   2.2687403e-01   1.1930956e-01   5.3306727e-01   1.3917827e-01  -4.4894050e-03   4.1818927e-01   6.4420964e-01   4.6025991e-01   3.9126604e-01   4.5400496e-01   4.0909354e-01   3.8768690e-01   1.4946831e-01   2.4906234e-01   3.3117391e-01   2.7322727e-01   2.4829660e-01   1.8120146e-01   1.0955207e-01   1.0721841e-01   1.6890539e-01   7.7096292e-03   2.5656214e-01   2.4873335e-01   2.9931790e-01   1.6797040e-01   1.1918469e-01   6.6286895e-02   3.0405990e-01   9.0752261e-02   8.8317565e-03  -4.1491543e-03   5.0146233e-02   9.1480952e-02  -6.0012716e-02   3.1095827e-01  -3.1001427e-02   1.0136044e-02  -1.6065101e-01  -6.6299016e-02  -3.1938041e-01  -1.5540301e-01   1.2341557e-01   4.1783393e-02   0.0000000e+00  -2.0140901e-01  -7.4079180e-02   1.1991314e-01  -9.0478724e-02  -1.4178003e-01  -3.2362002e-02  -2.2657332e-02   2.2797882e-02  -1.8872542e-01  -1.1468625e-02   1.5449857e-01   9.3819600e-02  -1.8496474e-01   9.1351896e-02  -4.9741014e-02  -1.3139156e-01  -6.0992702e-02  -1.0633014e-01   8.4599105e-02   6.9432918e-02   1.3590790e-01   9.0082464e-02   9.0465645e-02   5.6362095e-02   1.2574913e-01   3.1368087e-01   4.2858544e-02   5.9216298e-02   7.6674983e-02   1.1534299e-02   2.1511110e-02   8.7506924e-02   7.3001704e-02   3.9803945e-02   3.1315303e-01   2.4806907e-01   6.1556864e-02   1.3153283e-01   7.4579650e-02   7.5574093e-02  -1.2732099e-02  -2.0063515e-01  -8.0977182e-02
   1.6899763e-01  -7.0963161e-02   0.0000000e+00   2.5067360e-01   2.3068565e-01   1.3698063e-01   2.1153226e-01   7.8559073e-02   5.2787026e-02   3.2214193e-01   0.0000000e+00   4.3849334e-02   2.0002942e-02   1.2605648e-01   2.1626503e-01   2.3118274e-01   2.7460015e-01   2.3265026e-01   2.2203865e-01   1.9507815e-01   1.4385515e-01   6.3607402e-02   1.5605655e-01   1.2964181e-01   2.0206492e-01   6.3570832e-02   6.8374350e-02   2.8746241e-01   1.3692284e-01   1.6242518e-01   1.9508017e-01   1.7191885e-01   4.2345442e-01   2.4340910e-01   1.0341648e-01   2.4426239e-01   2.9870971e-01   2.9121535e-01   1.6652822e-01   6.1911557e-01   4.8373500e-01   2.0466219e-01   1.8058086e-01   2.3667784e-01   1.8982375e-01   2.3645916e-01   1.7602348e-01   3.2414232e-01   1.4586276e-01   1.2415720e-01   2.2521606e-01  -1.7660155e-02   2.5681444e-01   2.6521861e-01   2.4378974e-01   2.8488403e-01  -6.6365399e-02   7.3534967e-02   3.9787954e-01   1.0478858e-01  -9.1884093e-02  -7.2862275e-02   2.2839666e-02   2.7548852e-01   2.8350448e-02   3.3326879e-01   8.8523805e-02   1.4236275e-01   4.3396246e-02  -1.3080825e-02   3.2754505e-02   4.4836173e-02   1.5687540e-01   8.6927881e-02   0.0000000e+00   3.0291671e-02   1.1235916e-01   1.2053411e-01  -6.1723951e-02  -5.3919886e-03  -6.1345369e-02   1.2964605e-01   4.8263588e-02  -5.1335124e-02   1.7454249e-02   6.4848627e-02   1.4067904e-01  -3.8808256e-02   3.5801319e-02   1.1057348e-01   9.1681116e-02  -1.1856989e-01   3.5089133e-02   8.0226043e-02   1.1553191e-01   1.5649274e-01   1.9776801e-01   1.9582726e-01   6.4677575e-02   2.2175907e-01   2.5353229e-01   9.2558689e-02   1.8178268e-01   8.0059160e-02  -1.2781563e-01  -5.4083406e-02   8.1642538e-02   1.2117571e-01   1.5570530e-02   5.3635206e-02   1.6232673e-01   1.5922268e-01   1.2961286e-01   8.9222082e-02   1.6530019e-01   5.1346412e-02  -8.3231952e-02   2.3302396e-02
   3.0204239e-02  -3.8194042e-03   0.0000000e+00   1.1879338e-01   1.0328318e-01  -7.6677221e-02   6.3450566e-02  -1.0247303e-01  -6.6998209e-02   4.7013643e-02   4.3849334e-02   0.0000000e+00  -7.3123932e-02  -1.4715397e-02   1.9992605e-01   6.4283333e-02   1.5071996e-01   1.3218722e-01   1.4585879e-02   1.2772033e-01   1.0145307e-01  -6.7572506e-04   1.6102010e-02   6.7015660e-02   4.4450974e-02  -6.8816553e-02   1.5822098e-01  -4.2660781e-02   1.7353329e-01   2.8323504e-02   6.6706654e-02   7.1299930e-02   7.9312246e-02   1.0163989e-01  -1.0483150e-01  -6.0905303e-02   1.2108835e-01  -9.9037638e-02  -3.9287906e-02   7.2835605e-02  -2.2969116e-02  -7.5155388e-02   5.3902498e-02  -8.9610890e-02   1.2533065e-01   5.2636331e-02   1.3391892e-02  -1.6637174e-02   8.8008200e-02   1.2503447e-01   1.3841714e-01   3.0892765e-02  -6.4357445e-02  -6.7622701e-02   1.2595260e-01   1.7257500e-01  -4.9282024e-02   9.0110448e-02   2.0378406e-01   7.6069468e-02  -1.0350572e-01  -3.3183365e-02  -2.0062134e-01  -2.7709363e-02  -5.4738085e-02   2.6039025e-02   3.6485819e-02   2.4433095e-05  -1.5421169e-02  -3.2516521e-02  -1.3164090e-01   1.0014810e-01  -3.4173112e-02  -2.6134768e-01   0.0000000e+00   6.6820545e-02  -1.2507153e-01  -1.1693480e-01  -4.7178591e-02  -3.8824663e-02   3.6812855e-02   2.9525174e-02   8.3059247e-03  -4.6363417e-02   9.6173641e-03  -3.7477683e-01  -3.8622165e-03   1.2068846e-02  -1.1549270e-01  -2.0220559e-02   1.1254054e-02  -6.4235700e-02  -1.0990702e-01  -1.1032339e-02   1.2657333e-02  -2.4565759e-02  -2.1936588e-01  -1.0960165e-01  -2.4266546e-02   5.4474330e-02  -1.1134480e-02  -1.3622179e-01   1.6189765e-01   9.1733878e-02  -1.5219624e-01  -8.7883585e-03   4.5922597e-02   5.9124149e-02  -1.0216121e-01  -5.3456357e-02   1.0439708e-01   2.8359206e-01   2.3687633e-01   1.5257674e-01   1.7257246e-01  -5.7970283e-02  -7.9239853e-02   3.5552092e-02
  -4.5278798e-02  -2.7027372e-02   0.0000000e+00   4.3654454e-02  -1.0423982e-02   4.3873913e-02   3.9362927e-04   2.3589230e-01   9.1460961e-02   1.1235424e-01   2.0002942e-02  -7.3123932e-02   0.0000000e+00   2.2547354e-01  -1.3259661e-02   1.7024094e-01   9.3306364e-02   1.1003640e-01   1.3049955e-01   1.8059074e-01   2.2890264e-01   2.2813213e-01   2.0876714e-01   4.2376108e-02   1.7874195e-01   1.5457367e-01   1.3734073e-01   5.7135601e-02  -1.0913866e-02   4.1806760e-02   6.0160725e-02   2.1568580e-03   1.7194701e-02  -1.3397652e-01   8.9266845e-02   2.8753863e-01   2.2467315e-01   2.2431877e-01   2.0282971e-01   1.2615547e-01   1.8316792e-01   1.3835049e-01   5.0554863e-02   2.2440586e-01  -6.3515525e-03   1.5543557e-01   2.0339176e-01   1.8595115e-01  -2.4133869e-02   3.9471912e-02   4.4111463e-02  -1.4324883e-02   2.0775336e-01   1.7066433e-01   2.3309992e-01   9.4096173e-02   2.0800904e-01  -1.4731930e-01   1.0970614e-01  -2.2448629e-02   2.0080818e-01   3.3413107e-02   2.9132092e-01  -1.6800450e-01  -5.4342888e-02   3.6409828e-02  -1.1693998e-01  -2.3094251e-01  -6.6348897e-02   1.9170958e-01   5.0734404e-02   6.6917501e-03  -9.1437537e-02  -8.3626866e-02   0.0000000e+00  -2.6532569e-01   2.5334964e-01   2.1706708e-01   1.6550244e-01  -2.4073864e-01   5.3826251e-02  -1.1419848e-02   1.0256690e-01  -3.1930604e-02   1.0992219e-01   4.9484951e-02   4.2148719e-02  -1.3993070e-01   5.3147801e-02  -4.5581617e-02  -2.4937526e-01   9.7483222e-02  -3.3516908e-02   1.9264257e-02   6.8558861e-02   4.9699926e-02   1.7806794e-01   1.8927328e-01  -2.2118143e-02   2.5687008e-02   1.2055644e-02   2.5594930e-01  -1.2305834e-01   5.8629520e-03   2.9558280e-01   5.0141174e-03   6.5558966e-02  -2.2147252e-02   3.5704232e-01   2.1169001e-02   4.8056727e-02  -8.1461493e-02  -1.5880773e-02   1.6340975e-01   1.0063593e-01   2.2251963e-01   2.8704746e-02   2.3883483e-02
  -8.0027929e-03  -1.0112095e-01   0.0000000e+00   7.4343840e-02   1.6093748e-01  -1.3802560e-02   1.7531078e-01   1.0389463e-01  -2.1176606e-02   2.3242969e-01   1.2605648e-01  -1.4715397e-02   2.2547354e-01   0.0000000e+00   3.7580015e-02   1.0707735e-01   1.0768375e-01   2.1475876e-03   5.6372020e-02   3.4847135e-01   6.2713053e-01   4.7117190e-01   2.7063308e-01   1.9019520e-01   4.5533047e-01   3.0578927e-01   2.5420010e-01   2.5392788e-01   7.5335073e-02   1.6376458e-01   1.6780846e-01   1.2468591e-01   2.7958798e-01   1.7161361e-01   1.7022564e-01   1.3289052e-01   5.4068962e-02   1.3501226e-01   7.9677451e-02   2.9579828e-01   1.3675155e-01   6.8501728e-02   7.3919398e-02   7.5392798e-02   7.8489455e-02   1.0412057e-03   2.5183104e-01   1.1005314e-01   5.7508897e-02   1.2678710e-01   2.1928001e-01   2.9278876e-03   1.3137065e-01   3.2248763e-01   6.9919337e-02   1.1752794e-01   3.9834088e-01   5.7702879e-02   2.7086275e-02   2.8098548e-01   1.4169839e-01   1.6247466e-01   1.9514966e-01   3.2938239e-02   4.1125257e-02   1.1153226e-01   1.4713627e-01   1.8097562e-01   7.9892634e-02   6.4311109e-02   6.9325267e-02   1.6782792e-01  -2.6518424e-02  -4.9661836e-02   0.0000000e+00   1.0645023e-01  -7.8184150e-03  -5.8923672e-02   3.6762444e-02   6.9387304e-02   1.4630454e-01   1.8414624e-01   2.4162312e-01   1.3660836e-01   9.5859092e-02  -8.5790989e-03   3.8126439e-02   1.1124593e-01  -5.1572337e-02   1.7360651e-02  -3.7190941e-02   7.7413263e-02   2.2974883e-02   3.9812351e-02  -7.1112042e-03   4.4298685e-02   6.4098784e-02   4.2875758e-02   2.5513913e-02   1.0470536e-01   4.0626194e-02  -5.7105005e-03  -4.1239760e-02   1.1327122e-01   5.3876390e-01   1.3600888e-01   2.3301210e-02   8.3326847e-02   1.3601994e-01   1.2212256e-03   8.8345662e-02   6.3279457e-02   1.1355717e-01   4.6688186e-02   4.0693437e-02   7.1766194e-02   1.6234069e-03   3.8026080e-01
   4.6776465e-02   5.9423989e-02   0.0000000e+00   1.8056731e-01   1.8088616e-01   1.4966399e-01   2.5354934e-01  -1.0223591e-01   2.6009515e-02   1.8084768e-01   2.1626503e-01   1.9992605e-01  -1.3259661e-02   3.7580015e-02   0.0000000e+00   3.6172916e-01   4.1329227e-01   1.6376645e-01   2.7297471e-01   1.8096812e-01   1.8553394e-01   1.0934527e-02   9.7861114e-02   1.7914744e-01   4.3321609e-02  -9.1672027e-02   1.4778608e-01   7.5322200e-02   2.8967288e-01   2.2773788e-01   1.9172021e-01   8.0646107e-02   3.6900484e-01   4.0491216e-01  -7.3465554e-02   2.2971520e-01   3.2107138e-01   5.3511201e-02   3.1169130e-02   2.2142544e-01   1.3731436e-01   3.2010503e-01   1.5112762e-01   2.0982717e-01   1.3914488e-01   2.9649813e-01   4.5935369e-02   2.2014026e-01   2.4438359e-01   2.1647512e-01   1.9504322e-01   1.2395015e-01   1.4592395e-01   1.5553620e-01   4.2322797e-01   6.4553507e-01  -4.5956165e-02   4.0374392e-02   3.5844784e-01   1.6387203e-02  -2.4941097e-01  -1.7050580e-01  -2.2275889e-01   4.3029169e-01   2.0543502e-01   2.4088105e-01   1.9366160e-01   2.3822699e-01   1.7110092e-01  -1.7011373e-01  -6.0571823e-02   6.9771566e-02   1.1686840e-01   6.2753494e-02   0.0000000e+00   1.4933853e-01  -1.3995799e-02  -3.1281545e-03  -9.0532056e-02  -1.5468267e-02  -4.2111124e-02   1.6483161e-01  -2.0177140e-02  -1.9893311e-01   5.6550887e-02  -1.2243582e-01   1.7508041e-01   2.3767871e-02  -2.3066105e-02  -2.5129790e-03   1.2275726e-01  -1.3898738e-01  -9.2858108e-02   1.5164567e-01   1.3584579e-01   1.2922895e-01  -2.4954178e-02  -1.7029328e-02   6.8667431e-02   5.9426455e-02   2.3547151e-01  -1.3956586e-01   1.7684582e-01  -5.7271566e-02  -1.2413878e-01   5.7269602e-02   6.1495659e-02   2.4811385e-01  -4.4190569e-03   1.4338271e-01   4.4475786e-01   3.1959987e-01   3.4312255e-01   1.6003757e-01   2.8777853e-01   1.6851425e-02  -9.0948024e-02  -7.0814067e-02
  -1.0681903e-01  -8.7124345e-02   0.0000000e+00   1.3640728e-01   1.8664952e-01   1.5983971e-01   8.5127035e-02   8.4615995e-02   1.2249833e-01   2.8130866e-01   2.3118274e-01   6.4283333e-02   1.7024094e-01   1.0707735e-01   3.6172916e-01   0.0000000e+00   3.9781802e-01   2.8031797e-01   3.6308996e-01   1.5997958e-01   1.1568106e-01   7.4037783e-02   6.0664769e-02   1.2837913e-01   1.1365639e-01   5.2683877e-04   2.7037903e-01   1.2872923e-01   2.1111498e-01   1.1623540e-01   1.8888722e-01   1.2572400e-01   3.9365695e-01   1.5485839e-01   6.8498320e-02   4.2176835e-01   5.1436635e-01   2.3027259e-01   3.5801582e-01   2.8440770e-01   2.8135204e-01   2.9313752e-01   2.3334110e-01   3.3803636e-01  -2.4848575e-02   2.7540147e-01   2.7181147e-01   3.6096158e-01   9.8226186e-02   3.4517578e-01   2.0765770e-01   1.1312083e-01   3.1058414e-01   2.7911439e-01   7.2541070e-01   2.8016996e-01   2.0722683e-01  -3.9967560e-03   3.0095261e-01  -4.4593926e-02  -6.0201441e-02  -8.6119182e-02  -1.3770652e-02   1.0861774e-01   1.2472235e-01   3.7953512e-01   1.3548482e-02   3.4446988e-02   3.1798087e-02   7.9200492e-02  -6.5324169e-02  -4.4483131e-02  -7.9265172e-02  -1.4989657e-01   0.0000000e+00  -1.0490324e-01   1.2105028e-01   2.5593128e-01   7.4182240e-02  -1.4274416e-01   7.4691037e-02   2.4444033e-02   4.4032455e-02  -1.0923718e-01   1.4816642e-01   1.0520255e-01   1.0601965e-01  -7.7133713e-02   5.8219067e-02   7.1806644e-04   2.8812763e-02   7.0013160e-02   5.9267954e-02   2.8110596e-01   2.9337381e-01   1.4465626e-01   2.6494351e-01   1.7435634e-01   1.5194982e-01   1.5341935e-01   2.9133447e-01   6.3194532e-02   3.3460415e-02   2.0916214e-02   1.7944018e-01   6.2386010e-02   1.4576884e-01   2.4079165e-01   1.2514102e-01   3.3215739e-01   3.1650498e-01   1.6320765e-01   1.0132942e-01   3.4431530e-01   1.0096447e-01   7.6600161e-02  -2.6134140e-02  -1.4292057e-01
   3.3090970e-02  -5.0487698e-02   0.0000000e+00   1.1189076e-01   5.7059359e-01   2.6152466e-01   2.2781170e-01  -6.6068289e-02   5.6888311e-02   3.4818830e-01   2.7460015e-01   1.5071996e-01   9.3306364e-02   1.0768375e-01   4.1329227e-01   3.9781802e-01   0.0000000e+00   6.0738444e-01   4.5416713e-01   5.1941100e-01   2.8729655e-01   1.3634527e-01   1.3981386e-01   1.4043207e-01   2.0338706e-01   2.6323414e-02   4.5240064e-01   1.7704601e-01   4.5834593e-01   1.5582462e-01   4.5495372e-01   2.0111178e-01   4.0612657e-01   3.0047312e-01  -7.2901743e-02   4.4801917e-01   4.7321821e-01   2.5555777e-01   2.6811858e-01   3.3276930e-01   1.9211641e-01   4.3815789e-01   4.2886705e-01   3.4614465e-01   1.3727527e-01   4.7344519e-01   2.3807366e-01   4.0395896e-01   2.2756569e-01   5.4904012e-01   4.9024853e-01   2.5614200e-01   2.2592438e-01   1.6407104e-01   5.0138768e-01   4.1350093e-01   1.2073751e-01   3.9133289e-02   3.8143878e-01   1.0782313e-01  -7.7289433e-02  -1.7691826e-02  -2.1114300e-01   1.8365680e-01   4.8012763e-02   3.9353479e-01   8.7486297e-02   1.5345992e-01   6.9796677e-02   1.7636196e-01  -1.8947069e-01   4.0208121e-02   1.3871630e-01   3.2642198e-02   0.0000000e+00   4.5571179e-02  -1.0583265e-01   5.5942783e-02   2.1425863e-01   1.6335652e-02   1.9813332e-01   1.8838181e-01   2.1646665e-01   6.6264803e-02   3.1896931e-01   1.2254950e-01   2.9537358e-01   1.0651557e-01   1.6243844e-01   1.1268166e-01   1.1302254e-01   1.6735973e-01   6.7322906e-02   1.9834771e-01   3.0174069e-01   8.9718653e-02   1.0599504e-01   1.1192217e-01   6.1720349e-02   1.2489224e-01   4.1699368e-01  -4.9228616e-02   2.9166918e-01   7.6296423e-02   8.1638467e-02   1.9587559e-02   6.0127392e-02   2.1862495e-01   1.9277709e-02   2.8886630e-01   3.8810776e-01   1.7843891e-01   1.6870086e-01   3.2559871e-01   1.9674134e-01   1.5577142e-02  -5.5547753e-02  -8.0209347e-02
   8.3307870e-02  -1.9089250e-02   0.0000000e+00   2.9861212e-02   4.4295949e-01   3.0337369e-01   1.3555457e-01  -1.4526659e-02  -3.7205614e-02   1.2835865e-01   2.3265026e-01   1.3218722e-01   1.1003640e-01   2.1475876e-03   1.6376645e-01   2.8031797e-01   6.0738444e-01   0.0000000e+00   3.7398653e-01   3.8540743e-01   1.1947385e-01   7.9409582e-02   7.0291586e-02   6.6736991e-02   1.0622698e-01   1.2405694e-02   3.0309655e-01   2.0200180e-01   2.2523165e-01  -7.4519155e-04   2.0046861e-01   2.1471100e-01   1.2962536e-01  -4.0742190e-02   7.8970224e-02   3.6523185e-01   3.0454208e-01   2.3515969e-01   2.7026298e-01   2.3815834e-01   2.4227755e-01   2.9141938e-01   3.9674833e-01   2.8090455e-01   9.7085807e-02   2.7219982e-01   2.9578803e-01   3.7679939e-01   1.1109790e-01   4.3960295e-01   3.8634343e-01   2.4534866e-01   1.7875062e-01   1.1097919e-01   3.3527928e-01   1.7058177e-01   1.8647888e-01  -3.7550858e-02   3.1778150e-01   4.0862448e-02   3.2491290e-02  -1.1973276e-04  -1.4570150e-01  -1.9047421e-02  -4.7061846e-02   3.7486381e-01  -3.9967836e-02   2.0231872e-02  -7.6722230e-03   4.2329538e-01  -6.3140889e-02  -2.0664097e-02   8.0808940e-02  -6.8433869e-03   0.0000000e+00  -3.2764226e-02   1.6333650e-02   1.9892920e-01   3.0220595e-01  -8.6916522e-02   2.4208069e-01   1.5895669e-01   2.3646428e-01   1.9806669e-01   3.5646105e-01   2.0919497e-01   1.5653203e-01  -5.9498998e-03   2.3864340e-01   2.7943090e-01   4.5742350e-02   2.9413342e-01   2.3060876e-01   2.3635993e-01   3.1657791e-01   4.5038690e-02   1.8030415e-01   1.4918093e-01   3.6082116e-02   1.3918720e-01   2.6544646e-01   1.1365683e-01   2.4468599e-01   1.3373604e-01   1.5910729e-01  -8.6015118e-02   5.3848754e-02   1.7096709e-02   2.5160815e-02   2.0180214e-01   1.9060600e-01   6.8180709e-03   5.6271942e-02   2.7678216e-01   1.1600683e-01  -8.7652400e-02  -6.0667043e-02  -7.1260937e-02
   7.4812602e-03   1.4252326e-03   0.0000000e+00   1.8917613e-01   3.2022303e-01   2.2051195e-01   1.4449444e-01   1.4435195e-02   5.4908224e-02   2.1613819e-01   2.2203865e-01   1.4585879e-02   1.3049955e-01   5.6372020e-02   2.7297471e-01   3.6308996e-01   4.5416713e-01   3.7398653e-01   0.0000000e+00   2.6986798e-01   1.5572779e-01   1.3846841e-01   1.3698497e-01   1.0554781e-01   1.6853314e-01   1.3871999e-02   3.0237364e-01   1.8217854e-01   1.5924713e-01   4.8620129e-03   1.8369264e-01   1.9307077e-01   2.9001841e-01   9.0817437e-02   1.4478337e-01   5.0315339e-01   3.5145695e-01   4.1432954e-01   3.5093352e-01   2.9357968e-01   3.7963311e-01   4.7561184e-01   3.8994042e-01   4.0045467e-01   1.0067812e-01   3.8080517e-01   3.3778589e-01   2.6103405e-01  -5.6394233e-03   2.6486279e-01   1.9978925e-01   2.0011788e-01   3.1139004e-01   2.4534409e-01   3.7765725e-01   1.4691808e-01   2.5544662e-01   4.5626312e-02   3.6192481e-01   1.8071291e-02   6.9361305e-02  -2.5852204e-02  -6.1170754e-02   1.4301713e-01   1.0302245e-02   3.7515474e-01  -2.8603282e-02   1.7417927e-01   7.0912818e-02   2.5075159e-01  -1.0200241e-01  -7.1495787e-02   5.8647016e-02   1.5130748e-02   0.0000000e+00  -3.4764274e-02   1.1351460e-01   2.3896360e-01   1.6762408e-01  -9.5127446e-02   1.5866992e-01   4.0546215e-02   8.8203148e-02   6.2195443e-02   3.2446351e-01   1.7839774e-01   1.3959021e-01  -2.8658652e-02   1.8985314e-01   2.4430865e-01   1.1277930e-01   2.2092618e-01   1.6399235e-01   3.6949057e-01   6.2672429e-01   1.3727170e-01   2.7240838e-01   2.6710403e-01   1.9023872e-01   1.9045602e-01   3.4834642e-01   1.9663425e-01   2.2129055e-01   9.8783478e-02   1.4612107e-01  -9.2858872e-03   1.1124203e-01   1.2059798e-01   6.8211157e-02   3.0517432e-01   2.1305164e-01   1.0046084e-01   5.4424447e-02   1.8968539e-01   3.1269420e-02   1.6359338e-02  -3.0554167e-02  -3.4219790e-02
  -6.6886038e-02  -4.2374687e-02   0.0000000e+00   1.7216892e-01   5.4801799e-01   2.0483304e-01   3.9782265e-01  -9.7114535e-03  -1.8020177e-01   2.0278436e-01   1.9507815e-01   1.2772033e-01   1.8059074e-01   3.4847135e-01   1.8096812e-01   1.5997958e-01   5.1941100e-01   3.8540743e-01   2.6986798e-01   0.0000000e+00   3.9421361e-01   3.0930181e-01   2.0823874e-01   1.6650371e-01   4.3943203e-01   1.9750857e-01   6.0856837e-01   1.7342445e-01   5.2905825e-01   3.8710763e-01   6.7584706e-01   2.3942599e-01   4.0974872e-01   4.0340707e-01   9.1046873e-02   1.9555600e-01   2.5053325e-01   1.3514743e-01   9.1371299e-02   2.9308450e-01   1.0639762e-01   1.4327217e-01   2.7761182e-01   1.7768807e-01  -1.6779160e-02   2.3969492e-01   2.4601927e-01   1.2980220e-01   1.6902988e-01   4.8333913e-01   7.6002545e-01   2.9102098e-01   8.6167932e-02   1.2152764e-01   2.1240553e-01   2.7515170e-01   3.5918245e-01   6.3714441e-02   1.8782682e-01   4.4472293e-01   7.0194737e-02   2.1252249e-01  -1.5425495e-01   8.8276832e-02   2.3077371e-03   4.3311488e-01   2.3399587e-01   1.1367040e-01   9.9262643e-02   3.9502940e-01  -8.2598075e-02   6.2274443e-02   1.2789252e-01   9.0937322e-02   0.0000000e+00   1.1691171e-01  -1.2161335e-01  -5.5392606e-02   1.8947408e-01   1.2497549e-01   3.1020311e-01   2.1490204e-01   3.7993609e-01   5.3328434e-01   2.8108118e-01   8.5446104e-02   5.0327104e-01   2.2872465e-01   7.0200730e-02   9.6012722e-02   2.1017770e-02   2.3013914e-01  -4.6821268e-02   1.5379022e-01   9.6514172e-02   7.5122914e-04   4.8698794e-02  -7.1790482e-02  -3.7723899e-02   9.2810862e-02   2.1228413e-01  -7.3543327e-02   1.1598871e-01   1.2630620e-01   2.2532581e-01   6.1677099e-02   4.8239446e-02   1.1876531e-01  -6.0959935e-02   1.6171421e-01   3.8781111e-01   3.6223321e-02  -1.9609634e-02   1.3930571e-01   3.2847575e-02  -1.1527577e-01  -2.6329348e-02   3.6441084e-01
  -2.8073500e-02  -2.5194977e-02   0.0000000e+00   1.5809141e-01   1.8707385e-01  -1.5511590e-03   5.6468322e-02   2.7788231e-02  -5.8433113e-02   3.5044182e-01   1.4385515e-01   1.0145307e-01   2.2890264e-01   6.2713053e-01   1.8553394e-01   1.1568106e-01   2.8729655e-01   1.1947385e-01   1.5572779e-01   3.9421361e-01   0.0000000e+00   4.9710326e-01   3.3295755e-01   1.7672342e-01   5.9847129e-01   1.9463374e-01   2.9724855e-01   1.3365901e-01   2.1389520e-01   1.0137707e-01   2.6331242e-01  -2.9975101e-02   2.8743950e-01   1.7475519e-01   1.4875251e-02   1.4968770e-01   1.8807688e-01   2.2846650e-01   7.1759554e-02   3.3523372e-01   1.7624994e-01   2.2761453e-01   8.9516147e-02   1.2393749e-01   2.9507957e-01   1.7016889e-01   2.2458308e-01   9.5115871e-02   4.2387509e-02   1.3525376e-01   2.3662525e-01   5.3879501e-02   1.5578731e-01   1.7457420e-01   1.2421463e-01   1.5947935e-01   3.5534665e-01   4.9358724e-02   1.3981106e-01   3.6957074e-01   8.7146848e-02   8.5733648e-02   5.1895546e-02   3.3877284e-02   3.2685712e-02   6.1803874e-02   2.4423705e-02  -7.1461408e-03  -9.8217375e-02   1.0733976e-02  -1.7345541e-01   3.4484278e-02   6.0208140e-03  -4.5873748e-02   0.0000000e+00  -6.7521450e-02  -8.6954456e-02  -7.3876365e-02  -6.5708283e-02  -2.2033052e-02   4.9998009e-02   2.0984325e-02   1.8273031e-01   4.4676709e-02  -3.1874818e-03  -8.2120008e-02   1.9816703e-02   1.6568788e-03  -1.5794340e-01  -1.0190601e-01  -1.1786454e-01   1.5271376e-04  -7.8318107e-02  -2.4176676e-02  -6.6076020e-03   9.9225175e-02  -2.1477344e-02   5.2668047e-02  -5.0928665e-02   5.1061468e-02   7.1455314e-02  -5.7205109e-02   9.4773874e-02   2.1767877e-01   3.2252516e-01  -2.4642936e-03   4.1231860e-02   8.4965760e-02  -1.3891553e-02   4.3227528e-02   1.0810920e-01   7.3757839e-03   4.7776451e-02   3.4461308e-02   3.5606297e-02  -2.6144736e-03  -1.3880348e-01   1.7193252e-01
