   0.0000000e+00  -6.4473916e-03   0.0000000e+00   7.1889333e-02   1.5800822e-01   6.7986009e-02   3.0567462e-01   1.6223466e-01   1.7589442e-01  -4.7407674e-02   2.8892957e-01   0.0000000e+00   4.9342939e-02   1.2715281e-01   1.8051690e-01   2.3196759e-01   1.1356358e-02  -4.7506773e-02   1.5226076e-01   1.8548804e-01   5.1095199e-02   1.2133051e-01   1.6162103e-01   1.2367820e-01  -2.4550985e-02  -5.5854181e-02   1.2442617e-02   6.8671468e-02   6.2772841e-02   2.2907020e-02  -1.8856976e-02   2.7951152e-03   2.1084282e-02   1.2730082e-01   3.3715675e-02   1.9640091e-01   1.3931129e-01   6.7140280e-02   4.5398566e-02   1.3115923e-01   6.9068369e-02   7.8060659e-02   3.2041082e-01   2.9037557e-01   5.6556178e-02   1.7991645e-01   2.2728613e-01   1.5065431e-01   1.4078696e-01  -1.1754602e-01   4.0396872e-02   1.6491968e-01   1.3209109e-01   2.0237855e-01   2.5531362e-01   7.9149299e-02  -3.4514358e-02   1.6100221e-01   2.1487609e-01   3.1746757e-02   8.1799776e-02  -2.1281345e-02   1.0970771e-02   5.9496353e-02   1.0840503e-01   6.8468178e-02   9.9071837e-02   3.5494602e-01   2.5987745e-01   8.7014647e-02   9.8775141e-02  -1.2421316e-01  -2.8332148e-02   8.2815265e-02   7.2994286e-01   3.0121980e-01   2.1196565e-02   3.3527953e-02  -3.1424332e-02   1.4508336e-01   5.9644242e-03   1.0533695e-01  -7.9243646e-02   4.4028433e-02  -5.9561633e-02  -1.2681014e-01   1.3900360e-01  -5.7586604e-02   2.2850942e-01   2.0284026e-01   1.0867869e-01  -1.2222595e-01   2.9698501e-01   2.4676165e-01   6.6353666e-03   1.9738261e-01   1.0867463e-01   2.8987327e-01   1.8094699e-01   4.0160482e-01  -8.1809891e-02   2.6533914e-01   1.7422766e-01   1.2430483e-02   7.8799385e-02   2.0327888e-01   6.8438942e-02   2.1098894e-02   1.0565923e-01   1.6098801e-01   8.8482509e-02   1.8609047e-01   8.8718650e-02   1.2532267e-01   4.5664251e-03   7.6669042e-02   1.6123237e-01   3.1060147e-01
  -6.4473916e-03   0.0000000e+00   0.0000000e+00   2.1531605e-02   7.4920630e-02   1.4862699e-01   5.8135392e-03   2.1373412e-02  -1.1452090e-02  -1.5381741e-02   1.2879903e-02   0.0000000e+00  -1.6639430e-01  -1.0698387e-01   1.1453889e-01  -3.1908455e-02   7.8474101e-02  -1.1935643e-01  -8.3498322e-02  -5.3148339e-02  -8.8291184e-03  -1.1754339e-01  -6.4902178e-02  -8.2471074e-02  -4.8380281e-02  -3.0123552e-02  -4.1016903e-02  -9.9422816e-02  -8.5535268e-02  -9.3006742e-02  -7.9242031e-02  -1.0889659e-01  -2.6631265e-02  -9.9803807e-02  -5.5977498e-02   3.9253174e-02   6.4845376e-02  -4.9514238e-02  -1.2166112e-01  -5.3138743e-02  -3.3095202e-02  -1.7989216e-02  -1.2732380e-01  -2.8454856e-02   4.0391442e-02   9.6108224e-02  -3.3225701e-02   7.4462763e-02  -3.4075236e-02   4.7043531e-02   3.0354874e-01  -6.4599146e-02   9.7333447e-02  -3.6811791e-02  -2.7779320e-02   8.0250807e-03  -3.8637184e-02  -4.8466702e-02  -2.0344974e-02  -4.5137955e-03  -5.0090423e-02  -2.9284735e-02  -7.9856021e-02   1.1161673e-01  -3.7001946e-02   5.1288841e-02   1.4036980e-03   2.0034235e-02   8.3825859e-03   8.2278443e-02  -4.0854495e-02   9.2473826e-02  -1.1516872e-03   6.1737466e-02   8.5952816e-03  -1.3763190e-01   4.0215406e-02   5.5790895e-02  -3.4685364e-02  -4.2344916e-02  -1.4277676e-02  -8.4667304e-02  -4.7368266e-03   6.9482532e-02  -3.9193998e-02  -1.0585022e-01   4.1500036e-02  -2.3200190e-02  -6.9021325e-02  -6.5657015e-02  -7.4710231e-02   3.8059093e-03  -9.5201917e-03  -5.4467848e-02  -1.4757420e-02   5.9542053e-02   9.4491627e-02  -2.0344714e-02  -1.0627700e-01  -9.0749770e-03   4.8562313e-02   3.6122148e-02   2.3253175e-02  -7.2512579e-02  -5.7047321e-02  -3.5782696e-02  -9.5037242e-02  -3.7984145e-03  -1.1663340e-01  -2.0658665e-02  -4.2199968e-02  -5.3076726e-03   7.4517260e-02  -2.2683077e-02  -3.8848776e-02  -7.1453405e-02   9.0594295e-03  -1.2588928e-01
   0.0000000e+00   0.0000000e+00   0.0000000e+00   0.0000000e+00   0.0000000e+00   0.0000000e+00   0.0000000e+00   0.0000000e+00   0.0000000e+00   0.0000000e+00   0.0000000e+00   0.0000000e+00   0.0000000e+00   0.0000000e+00   0.0000000e+00   0.0000000e+00   0.0000000e+00   0.0000000e+00   0.0000000e+00   0.0000000e+00   0.0000000e+00   0.0000000e+00   0.0000000e+00   0.0000000e+00   0.0000000e+00   0.0000000e+00   0.0000000e+00   0.0000000e+00   0.0000000e+00   0.0000000e+00   0.0000000e+00   0.0000000e+00   0.0000000e+00   0.0000000e+00   0.0000000e+00   0.0000000e+00   0.0000000e+00   0.0000000e+00   0.0000000e+00   0.0000000e+00   0.0000000e+00   0.0000000e+00   0.0000000e+00   0.0000000e+00   0.0000000e+00   0.0000000e+00   0.0000000e+00   0.0000000e+00   0.0000000e+00   0.0000000e+00   0.0000000e+00   0.0000000e+00   0.0000000e+00   0.0000000e+00   0.0000000e+00   0.0000000e+00   0.0000000e+00   0.0000000e+00   0.0000000e+00   0.0000000e+00   0.0000000e+00   0.0000000e+00   0.0000000e+00   0.0000000e+00   0.0000000e+00   0.0000000e+00   0.0000000e+00   0.0000000e+00   0.0000000e+00   0.0000000e+00   0.0000000e+00   0.0000000e+00   0.0000000e+00   0.0000000e+00   0.0000000e+00   0.0000000e+00   0.0000000e+00   0.0000000e+00   0.0000000e+00   0.0000000e+00   0.0000000e+00   0.0000000e+00   0.0000000e+00   0.0000000e+00   0.0000000e+00   0.0000000e+00   0.0000000e+00   0.0000000e+00   0.0000000e+00   0.0000000e+00   0.0000000e+00   0.0000000e+00   0.0000000e+00   0.0000000e+00   0.0000000e+00   0.0000000e+00   0.0000000e+00   0.0000000e+00   0.0000000e+00   0.0000000e+00   0.0000000e+00   0.0000000e+00   0.0000000e+00   0.0000000e+00   0.0000000e+00   0.0000000e+00   0.0000000e+00   0.0000000e+00   0.0000000e+00   0.0000000e+00   0.0000000e+00   0.0000000e+00   0.0000000e+00   0.0000000e+00   0.0000000e+00   0.0000000e+00   0.0000000e+00   0.0000000e+00
   7.1889333e-02   2.1531605e-02   0.0000000e+00   0.0000000e+00   1.2381703e-02   2.6062215e-02  -2.0265000e-03   2.0539723e-01   1.8976690e-01  -3.9645141e-02   3.3674288e-02   0.0000000e+00   1.5445622e-01   5.3806645e-02   1.7698638e-01   6.4572434e-02  -2.3568289e-03   2.0627489e-01  -4.9163887e-02   1.1684066e-01   1.9579001e-01   4.0029231e-02   1.6680625e-01   1.4106754e-01   8.7844173e-02  -8.0176304e-02  -4.1349859e-02  -1.1935307e-02   5.4902614e-02   6.4311348e-02   4.7630433e-02  -1.0090292e-01  -1.3093438e-01   4.5209240e-02  -1.2271212e-01   3.8175736e-02   4.1607163e-02  -1.1502979e-03   6.4381305e-03   1.0528288e-01   9.4231889e-02  -2.7598634e-02  -1.8476204e-02   1.1956176e-01   2.0989930e-02   1.3261826e-01  -3.8668259e-02   2.1124732e-01   2.5942404e-01  -3.2255837e-04   9.5509923e-02  -1.0911489e-01   8.3468042e-02   1.1944458e-01   1.0748518e-01   2.1375647e-01  -2.8233124e-02   1.3337499e-01   1.7140312e-01   3.1806548e-01  -6.2169776e-02  -9.9427372e-02  -2.7478850e-02   7.9056348e-02   1.4625927e-01   6.0100873e-02   1.2741819e-01   1.1066887e-01   2.9450730e-01   6.3301316e-02   4.3043663e-02   1.8557955e-02  -1.1411945e-01   2.5799673e-02   3.1222268e-02   1.1379413e-01   1.1559106e-01  -1.2763569e-01  -9.1193138e-02   4.2693247e-02  -3.1220777e-02  -7.1402270e-02  -7.7846588e-02   6.9770531e-02  -7.7900443e-02   7.0140914e-02   5.6688090e-02  -6.4291681e-02  -9.1746516e-02   6.2089300e-02   2.2932394e-02  -1.7728403e-01   2.0613163e-02   5.9219489e-02   9.2440546e-03   1.9856144e-01   3.5261045e-02   1.1822230e-01   2.3495714e-02   2.0937209e-01  -1.8638824e-01   2.7249602e-02  -3.2633926e-02   2.5601151e-01   1.2923367e-01   2.6133999e-02   2.7096881e-02   1.3129031e-01  -1.4287630e-02   6.4417545e-02   1.6001473e-01   2.9645966e-01   3.2915964e-01   1.0230734e-01   1.5597392e-01   3.5083552e-02   7.2140508e-02   1.0567256e-01
   1.5800822e-01   7.4920630e-02   0.0000000e+00   1.2381703e-02   0.0000000e+00   2.9487007e-01   2.0611749e-01   6.3974766e-02  -2.1289098e-02   3.2141839e-02   6.4652638e-02   0.0000000e+00   1.1538915e-01   2.0571843e-01  -1.7858359e-02   3.2972709e-01   4.5766744e-01  -6.2867090e-02   1.3526547e-01   2.6636724e-01   1.2609436e-01   3.8201197e-01   1.8590053e-01   6.5254263e-03   3.0418267e-01   1.4753801e-01   2.7525128e-01   1.6082431e-01   4.2433958e-02   1.6165251e-02   1.3062207e-01   9.2829958e-02   2.3464984e-02  -1.5087554e-02   4.3038013e-02   4.0530383e-02   1.1964022e-01   1.3632864e-01   1.2157800e-01   5.3853109e-02   5.5345017e-02  -3.4064039e-02   9.6256181e-02   5.2440177e-02   1.4508486e-01  -1.3519308e-02   7.5414315e-01  -1.9113567e-03   1.6934682e-03   7.2148422e-02   1.8953643e-01   1.1048667e-01   6.4178780e-02   4.8304504e-01   4.7674776e-01   2.9625693e-01   4.2408496e-01   1.7865512e-03   3.8838600e-02   2.3302737e-01   8.3797950e-02   1.0811372e-01   1.1517079e-01   9.9857547e-03   1.3160021e-01   1.9964922e-01   8.6952577e-02   2.0386618e-01  -2.2506934e-02   9.9872957e-02   1.1568572e-01   1.2139892e-01   5.1485700e-02   9.2776797e-02   1.2206553e-01   2.6041532e-02  -4.1441913e-02  -1.5234551e-02   3.3445001e-01   1.8224949e-02   3.5827954e-01   1.3749006e-01   4.3871987e-02   7.2340231e-02   2.2398237e-01   4.0987227e-02   9.0387891e-03   6.8249014e-02   1.6954391e-01  -3.4349827e-02   5.6146848e-02   2.4768421e-01   1.0657901e-02   2.3016603e-02   1.8388526e-01  -1.7649089e-02   8.4322008e-02   8.8582311e-02   1.3849820e-01   9.7468487e-02   1.1635417e-01   7.7328643e-02   6.2515333e-02   2.8936549e-01   2.2807472e-01  -1.7322270e-02   6.1653932e-02   2.3407775e-01   2.9319591e-01   9.3716175e-02   3.2357355e-04   1.7187788e-01   3.3381036e-02   3.8379744e-01   9.8021842e-02   6.0936778e-02  -3.5027373e-03   1.7959875e-01
   6.7986009e-02   1.4862699e-01   0.0000000e+00   2.6062215e-02   2.9487007e-01   0.0000000e+00   1.4002748e-01   2.5374555e-02  -2.5123867e-03   9.7647340e-02  -2.0223221e-02   0.0000000e+00  -8.3862351e-02  -4.6017457e-02   5.5032095e-02   2.5356529e-02  -7.1293058e-02  -6.2748939e-03   9.9795140e-02   1.0259482e-01   3.8138151e-03   8.4252337e-02  -3.7692057e-02  -1.1415834e-02   2.7042378e-02   6.9107904e-02   6.4038313e-02   1.3831771e-01  -7.3105779e-02  -2.6400721e-02   3.1528757e-02  -2.6311259e-02  -3.1425325e-02  -9.9397664e-02  -5.5807684e-02  -5.5756127e-02   9.1829796e-02   9.0136907e-02   3.5632134e-03  -3.8728948e-02   7.2381471e-02   1.7420150e-02  -1.1523717e-01  -1.3061478e-01   6.4632467e-03  -6.2584011e-02  -3.8919567e-02   3.2634256e-02   3.4189250e-02   2.0129462e-01   1.6822419e-01   1.5372772e-01  -1.0138089e-01   4.9972077e-02   2.7979317e-02  -4.0384983e-02   2.9278476e-01   2.4184104e-02   1.1339013e-02   1.7040310e-02   5.2196223e-02   5.7876178e-02   2.0417806e-02   5.4859938e-02  -1.1999728e-01   1.0650267e-01   8.7838091e-02   3.8400190e-02  -1.0077632e-02   5.1494746e-03   1.0390606e-01   2.3039970e-01   2.4045143e-01  -1.1308750e-02   2.9497292e-02  -7.1597471e-02  -2.7102584e-02   3.1483358e-02   2.0715730e-01   4.0840471e-02   9.0887415e-02   1.3042389e-01   1.0803336e-01   2.3055104e-02   1.5925347e-02   8.4499567e-02   1.1054719e-01   6.4156290e-02   2.8644187e-01  -8.6854813e-02   2.8558521e-02   1.4264093e-01  -1.3052529e-01   1.6262617e-01   1.4998878e-01  -1.1244780e-01  -3.8732873e-03  -1.2147047e-02  -5.1454250e-02  -1.0567002e-01   8.4344470e-02  -3.6586196e-02  -8.1839214e-02   1.3432987e-03   2.7140722e-02   4.4899775e-02   9.4253590e-02   2.5099991e-01   8.6858211e-02   2.7489299e-01  -2.2368091e-02   1.2782442e-01   1.2170568e-01   5.3234532e-02  -6.6607184e-02  -9.6106648e-02   4.0535359e-02   6.1926317e-02
   3.0567462e-01   5.8135392e-03   0.0000000e+00  -2.0265000e-03   2.0611749e-01   1.4002748e-01   0.0000000e+00  -1.6282343e-02   1.4872411e-01   2.7819275e-01   8.1894646e-01   0.0000000e+00   7.4190184e-02   1.1260803e-01   1.5793198e-01   2.4174939e-01  -2.0249438e-02   9.3871082e-02   2.5191517e-01   1.8128497e-01   1.0294055e-01   8.0098781e-02   9.0596671e-02  -3.0679267e-02  -1.0292066e-01   4.3708629e-02   2.8796797e-01   4.0049790e-01   3.5115889e-01   3.7285088e-01   2.5787965e-01   5.1808612e-01   5.9364541e-01   6.1686841e-01   6.8735470e-01   3.0152838e-01   3.8031481e-01   6.4068717e-01   4.7184860e-01   9.1799647e-01   6.3089036e-01   5.5755603e-01   5.6660525e-01   4.2179704e-01   3.2543750e-01   3.7819781e-01   1.7431816e-01   2.5998570e-01   1.6304687e-01   1.0742802e-01  -4.2000200e-03   3.0527560e-01   2.4950148e-01   3.7810081e-01   2.0573810e-01   1.1693594e-01   1.3140218e-01   1.9442859e-01   3.3071729e-01   5.9723510e-03   1.3630784e-01   8.3648799e-02  -8.2569804e-02   6.3584974e-01   3.5031401e-02   5.3555965e-01   2.1854960e-01   4.5629068e-01   3.0506069e-01   8.2716877e-02   9.0625142e-02  -6.2538519e-02   6.6709894e-01   1.2967364e-01  -6.0658607e-02   3.3394638e-01   3.4121375e-01   2.7725361e-01   3.4924848e-02   6.4900610e-03   1.2217840e-01   2.2042441e-01   6.7264997e-02  -1.0049228e-02   4.9868237e-01   1.9948781e-01   4.7559467e-01  -2.2789452e-02   5.1487283e-01   2.9867015e-01   5.1473705e-01   1.0766104e-01   2.2780141e-01   3.3232549e-01   7.5636157e-01   3.0580935e-01   2.7737726e-01   4.8331758e-01   6.6515844e-01   1.8084860e-01   1.8683364e-01   3.1256811e-01   3.8953068e-01   1.2281530e-02   2.0728875e-02   4.1949520e-02   7.0387634e-02   1.7812196e-01   6.1462625e-02   3.6148346e-01   3.4694047e-01   8.0237954e-02   1.0570008e-01   1.7493451e-01   1.1662799e-01   3.0405108e-02   1.9315882e-02   2.5586640e-01
   1.6223466e-01   2.1373412e-02   0.0000000e+00   2.0539723e-01   6.3974766e-02   2.5374555e-02  -1.6282343e-02   0.0000000e+00   5.4154168e-01  -1.4413019e-01  -4.6954842e-03   0.0000000e+00   1.9225832e-02  -1.4745278e-01   5.6657518e-02  -9.3392573e-02   7.2958247e-02   2.5615176e-01  -3.2293208e-02   1.3677723e-01  -3.6796021e-02  -6.5546662e-02   1.1975647e-01   2.3617530e-01  -1.4047726e-01   1.2495300e-01  -1.4384921e-01   4.5022932e-02   1.3631966e-01   1.8920359e-01   2.2248997e-01  -2.3453317e-01  -2.6116425e-01   8.2627101e-03  -1.4528167e-01   5.7726364e-03  -9.1567723e-02   6.8616773e-02   1.7433410e-02  -8.5712809e-03   8.5742906e-02   8.9131151e-02   9.6146594e-03   3.6850325e-02  -1.1922153e-02  -1.0639650e-01  -9.0198373e-03   4.7135609e-01   5.3131120e-01   1.5322134e-01   4.5720358e-01   1.6271687e-01  -1.1200465e-01   7.0181542e-02   2.9078303e-02  -3.3489729e-02  -2.1693357e-01   4.2803115e-01  -2.6777688e-02  -4.6779978e-03   1.8148848e-02  -7.7373465e-02   2.7393801e-01   1.3316710e-01   1.8942349e-02  -2.6481275e-02   5.7476204e-01  -2.4765146e-02   1.3132961e-01   5.1414149e-01   2.2514598e-02   6.5132422e-02  -2.7284250e-02  -6.1100768e-02   1.4334907e-01   3.6251243e-01   3.5614984e-02  -3.7125188e-02   2.7656473e-01   3.0059132e-01   1.3466569e-01   1.2403386e-01  -1.2176966e-01   4.2926437e-01  -5.7322912e-02   1.2181970e-01   2.1171871e-01   2.0975207e-01  -1.1619802e-02   1.8309971e-02   1.7394442e-01  -1.5108735e-01  -1.8636078e-01   2.8190590e-01  -2.8927907e-02  -1.3689574e-01  -1.3994567e-01  -1.3453680e-01  -6.0866582e-02  -2.4035050e-02  -1.2391821e-01  -1.6290219e-01  -8.6059170e-02   7.8919380e-03  -1.5362554e-01   4.0540954e-01   1.7656120e-01   3.5844783e-01  -4.3700144e-02   1.9900381e-01   3.4055785e-01   1.6582747e-01   1.2694736e-01   1.3677515e-01   1.0013578e-01   4.1390731e-01   5.3739120e-01   6.0800917e-02
   1.7589442e-01  -1.1452090e-02   0.0000000e+00   1.8976690e-01  -2.1289098e-02  -2.5123867e-03   1.4872411e-01   5.4154168e-01   0.0000000e+00   1.1070953e-01   1.4169538e-01   0.0000000e+00   8.2966716e-02   2.2432028e-02   9.4671336e-02  -3.4961939e-02  -8.2531801e-02   3.2629039e-01  -8.4760494e-02   4.8557398e-02   4.5147708e-02  -5.7033855e-02   1.3817441e-01   1.6272532e-01  -5.1002641e-02   1.4712812e-01   5.9662200e-02   3.8383773e-01   2.9350674e-01   3.4714214e-01   2.9469613e-01   1.0133381e-01   5.6233097e-02   7.7126073e-02   1.0797490e-01   1.5224277e-01   1.1761566e-01   4.4059078e-01   2.3695642e-01   2.2027101e-01   3.9350910e-01   2.4283121e-01   9.6695118e-02   2.1578207e-01   1.0139078e-01   9.8401050e-02  -1.1872882e-01   3.8776908e-01   5.1158859e-01   2.0872548e-01   2.8044854e-01   1.1825243e-01   1.0316625e-01   6.2408175e-02   4.3040726e-02  -4.2539692e-02  -1.2310452e-01   1.6181209e-01  -2.4264634e-02   1.0691322e-01   1.5298470e-01   8.2474110e-02   4.6856541e-02   2.4619729e-01   5.0913398e-02  -2.0994786e-02   4.9178951e-01  -2.2497836e-02   2.3723516e-01   3.1287527e-01   1.5293870e-02  -1.1010090e-02   1.6073290e-01  -1.2472862e-01   1.7505896e-02   2.6735103e-01   2.0842480e-01   1.0243548e-01   1.8081886e-01   5.5371739e-02   1.8228706e-02   7.9101782e-02  -3.8230689e-02   1.7537913e-01   8.4823099e-02   2.0970158e-01   4.5154696e-01   1.3547690e-01   3.0473033e-01   2.7498060e-02   4.1868200e-01   2.3623565e-02  -1.2200849e-02   3.0920878e-01   1.6255648e-01   6.6442639e-02   8.5900391e-02   8.7835072e-02   1.3699536e-01   3.2549348e-02  -8.6938451e-02  -4.1932908e-02   1.5017521e-01   1.2890012e-01   8.4495256e-02   2.2095722e-01   1.1368509e-01   4.4954286e-01   9.2573039e-02   4.6198643e-01   5.7052834e-01   1.2571519e-01   1.3734117e-01   4.1539311e-02   6.4665151e-03   2.0136066e-01   2.0860154e-01   7.5163938e-03
  -4.7407674e-02  -1.5381741e-02   0.0000000e+00  -3.9645141e-02   3.2141839e-02   9.7647340e-02   2.7819275e-01  -1.4413019e-01   1.1070953e-01   0.0000000e+00   2.5871831e-01   0.0000000e+00   6.2132488e-02   2.2905194e-01  -3.1032379e-02   1.2341739e-01  -3.3523546e-02   5.1921774e-02   6.7119871e-02   1.7251471e-01   1.3529869e-01   1.7441846e-01   5.4038682e-02   8.1083128e-02   8.8544045e-02   2.3396448e-02   3.1184983e-01   3.5597685e-01   1.2720105e-01   1.7393935e-01   1.3837801e-01   1.4578917e-01   3.3482312e-01   2.7277063e-01   3.3452862e-01   5.9001435e-02   2.7290983e-01   3.8720013e-01   1.7566576e-01   2.5253330e-01   3.7610782e-01   1.8013505e-01   1.1813384e-01  -7.4248514e-03   1.5341959e-01   1.2847880e-01  -2.4798574e-02  -5.2889984e-02  -1.1956235e-02   3.5986424e-02   9.5036022e-02   1.7550511e-01  -8.4350041e-02  -1.1789415e-01   5.0007872e-02  -7.1363170e-03   1.4803401e-01  -1.4060152e-01   4.3592799e-02   8.6759678e-02   1.6404487e-01   9.3857157e-02  -1.7898966e-01   2.6272165e-01  -5.2121415e-02   2.6381461e-02   1.6954801e-01   1.2098837e-03  -1.8952321e-02   6.4283240e-02   2.1572056e-02   1.0643659e-01   4.1870050e-01  -2.2720888e-01  -1.5484019e-01  -2.6418119e-02   1.2497349e-01   1.4391602e-01  -5.0149275e-02   5.4444006e-02  -2.5156900e-02   9.7495993e-02   1.6680700e-01  -1.5591315e-02   1.2053771e-01   1.3394319e-01   3.3476475e-01   5.5474568e-02   3.0149487e-01  -7.1667253e-03   2.7004884e-01   1.1536430e-01  -1.5379243e-01   4.6802563e-02   1.4685464e-01  -2.6418894e-02   1.6674679e-02   7.7288579e-02   6.7034988e-02  -2.1973304e-01   1.3678085e-01  -7.0200905e-02   3.8186876e-02  -1.0194993e-02  -1.0609556e-02  -2.9533606e-02  -6.0036738e-02   3.7005639e-02   6.6905185e-02   2.7682362e-01   1.7161283e-01  -4.5152309e-02  -5.1602327e-02  -2.2966492e-02   2.9069730e-02   4.1214953e-02  -1.4491110e-02   1.4928913e-01
   2.8892957e-01   1.2879903e-02   0.0000000e+00   3.3674288e-02   6.4652638e-02  -2.0223221e-02   8.1894646e-01  -4.6954842e-03   1.4169538e-01   2.5871831e-01   0.0000000e+00   0.0000000e+00   1.2428939e-01   1.4393279e-01   1.7180292e-01   1.5810235e-01  -4.1816551e-02   1.7933938e-01   1.1383480e-01   2.2670822e-01   2.0294438e-01   2.1632920e-01   9.8444678e-02   7.6756872e-02   6.6870609e-03  -1.1498883e-02   3.3437744e-01   1.4351519e-01   2.9735270e-01   1.7506584e-01   1.5533746e-01   2.5536438e-01   6.5372505e-01   5.9606470e-01   5.9442481e-01   3.4121003e-01   2.5400693e-01   3.8494201e-01   1.9800230e-01   6.9955531e-01   3.6930864e-01   3.3663518e-01   5.2684619e-01   4.6652747e-01   3.2071672e-01   4.0363723e-01   7.3758987e-02   2.5566072e-01   1.1548641e-01   3.4427588e-02   6.8436719e-02   1.6247749e-02   2.2773436e-01   2.5842534e-01   1.2966472e-01   9.6711708e-02   3.3811145e-02   9.5457094e-02   2.5005658e-01   1.3980545e-02   9.3819848e-02   6.3177847e-02  -1.0070151e-01   6.2771046e-01   1.4475724e-01   7.2364333e-01   1.0490874e-01   2.8719851e-01   2.4135164e-01   1.1277493e-01   3.8520466e-02  -8.9397466e-02   5.8341932e-01   4.2802403e-01   9.1507639e-02   2.5177888e-01   2.7493844e-01   1.7714192e-01  -6.8258764e-02   9.5705528e-02   2.0324538e-02  -4.6899434e-02   9.5758831e-02   4.3876724e-02   1.4373024e-01   5.0432071e-02   3.1843458e-01  -1.6821136e-03   2.4933796e-01   3.3653598e-01   1.7006867e-01   2.2195603e-02   1.9946207e-01   1.1583386e-01   3.2311593e-01   2.9343559e-01   2.3030379e-01   2.6937460e-01   3.9050980e-01   8.3856570e-02   1.1344088e-01   2.3407573e-01   3.8467496e-01  -7.3556794e-02  -2.8912780e-03  -2.0706901e-02   9.3988195e-02   5.1453584e-02   6.9418391e-02   3.2029839e-01   2.4349998e-01   4.3015598e-02   5.2399350e-02   1.0311302e-01   8.9634336e-02  -1.6325667e-02   5.9665995e-02   2.7510776e-01
   0.0000000e+00   0.0000000e+00   0.0000000e+00   0.0000000e+00   0.0000000e+00   0.0000000e+00   0.0000000e+00   0.0000000e+00   0.0000000e+00   0.0000000e+00   0.0000000e+00   0.0000000e+00   0.0000000e+00   0.0000000e+00   0.0000000e+00   0.0000000e+00   0.0000000e+00   0.0000000e+00   0.0000000e+00   0.0000000e+00   0.0000000e+00   0.0000000e+00   0.0000000e+00   0.0000000e+00   0.0000000e+00   0.0000000e+00   0.0000000e+00   0.0000000e+00   0.0000000e+00   0.0000000e+00   0.0000000e+00   0.0000000e+00   0.0000000e+00   0.0000000e+00   0.0000000e+00   0.0000000e+00   0.0000000e+00   0.0000000e+00   0.0000000e+00   0.0000000e+00   0.0000000e+00   0.0000000e+00   0.0000000e+00   0.0000000e+00   0.0000000e+00   0.0000000e+00   0.0000000e+00   0.0000000e+00   0.0000000e+00   0.0000000e+00   0.0000000e+00   0.0000000e+00   0.0000000e+00   0.0000000e+00   0.0000000e+00   0.0000000e+00   0.0000000e+00   0.0000000e+00   0.0000000e+00   0.0000000e+00   0.0000000e+00   0.0000000e+00   0.0000000e+00   0.0000000e+00   0.0000000e+00   0.0000000e+00   0.0000000e+00   0.0000000e+00   0.0000000e+00   0.0000000e+00   0.0000000e+00   0.0000000e+00   0.0000000e+00   0.0000000e+00   0.0000000e+00   0.0000000e+00   0.0000000e+00   0.0000000e+00   0.0000000e+00   0.0000000e+00   0.0000000e+00   0.0000000e+00   0.0000000e+00   0.0000000e+00   0.0000000e+00   0.0000000e+00   0.0000000e+00   0.0000000e+00   0.0000000e+00   0.0000000e+00   0.0000000e+00   0.0000000e+00   0.0000000e+00   0.0000000e+00   0.0000000e+00   0.0000000e+00   0.0000000e+00   0.0000000e+00   0.0000000e+00   0.0000000e+00   0.0000000e+00   0.0000000e+00   0.0000000e+00   0.0000000e+00   0.0000000e+00   0.0000000e+00   0.0000000e+00   0.0000000e+00   0.0000000e+00   0.0000000e+00   0.0000000e+00   0.0000000e+00   0.0000000e+00   0.0000000e+00   0.0000000e+00   0.0000000e+00   0.0000000e+00   0.0000000e+00
   4.9342939e-02  -1.6639430e-01   0.0000000e+00   1.5445622e-01   1.1538915e-01  -8.3862351e-02   7.4190184e-02   1.9225832e-02   8.2966716e-02   6.2132488e-02   1.2428939e-01   0.0000000e+00   0.0000000e+00   5.7666195e-01   3.8867334e-03   1.9651889e-01   1.4963133e-02   4.2860810e-01  -7.1266755e-02   5.2045310e-01   4.8224805e-01   4.7133886e-01   4.9374941e-01   1.9579479e-01   5.7151089e-01   2.6396421e-01   4.4976317e-01   3.9585064e-02  -1.0757601e-01  -6.5099585e-02  -3.0296138e-02   3.8681685e-02   2.4258523e-02   1.1099627e-01   3.6042514e-02   1.2354343e-01   1.0079695e-01   4.4252412e-02   1.4975776e-02   8.9565248e-02   5.3811768e-02  -5.9771919e-02   1.2130188e-01   2.2674156e-01   2.6629857e-01   1.2310744e-01   1.1627244e-01   1.1000913e-01   2.5417637e-01   1.8490088e-01   8.9964262e-02  -3.3018434e-02   2.0227064e-01   1.8983404e-01   2.1503602e-01   3.2141021e-01   5.0989044e-01   1.4828254e-01   2.2683535e-01   4.0871903e-01   1.9168327e-01   1.1891203e-01   1.5991761e-01   4.5278102e-03   2.8189968e-01   9.0527619e-02  -2.7615299e-02   2.2956976e-01   2.9528246e-01   1.2892036e-01   5.6218261e-02   1.3987870e-01  -8.0297322e-02   4.3187811e-02  -1.4401348e-02   2.2221198e-01   1.3256116e-01  -1.1290388e-01   9.3634207e-02   1.0873881e-01   3.4032095e-01   1.5412062e-02   1.4900877e-01   1.2572658e-01   1.6752026e-01   2.3252450e-01  -7.4753798e-02   6.7865197e-02  -1.3253071e-02   2.6656663e-01   3.5020078e-02   2.1098730e-01   2.5768663e-02   3.3171311e-02   7.8800737e-02   1.9758061e-01   1.8610954e-01   1.7400375e-01   1.7331664e-01   2.0720190e-01  -6.6219956e-02   7.2734472e-02   1.2374150e-01   4.0060337e-01   3.9215306e-01   1.0426826e-01   1.5783433e-01   1.9513812e-01   3.1966561e-01   5.9037451e-02   8.6053341e-02   2.4717477e-02  -9.3367799e-02   9.6074659e-02  -9.5764420e-02   6.0941359e-02   4.4618078e-03   3.9889390e-01
   1.2715281e-01  -1.0698387e-01   0.0000000e+00   5.3806645e-02   2.0571843e-01  -4.6017457e-02   1.1260803e-01  -1.4745278e-01   2.2432028e-02   2.2905194e-01   1.4393279e-01   0.0000000e+00   5.7666195e-01   0.0000000e+00  -5.7241838e-02   2.9555635e-01   2.3728138e-02   2.2153762e-01   1.0189197e-01   4.4897462e-01   6.5741026e-01   6.8238888e-01   5.2207513e-01   1.5937028e-01   7.9109530e-01   2.9576521e-01   6.4695337e-01   2.0963785e-01  -2.7818797e-02  -9.2793429e-02  -9.3627495e-02   1.3414704e-01   1.1113119e-01   9.3761674e-02   8.4159548e-02   7.9309838e-02   5.5596689e-02   1.3782309e-01   7.4232175e-02   1.6701931e-01   1.3474574e-01  -5.6789044e-02   1.6986615e-01   2.0303773e-01   1.5807759e-01   9.4609282e-02   2.1179547e-01   8.9150948e-02   7.4759333e-02   1.0250363e-01  -3.3704786e-03  -1.1446402e-01   1.9719003e-01   1.9201918e-01   2.1097515e-01   1.7439796e-01   5.8942517e-01  -1.8985083e-01   2.2764626e-01   5.6992563e-01   5.2246437e-01   4.8503341e-01  -9.2472418e-03   4.7172553e-02   2.4047173e-01   7.3918110e-02  -6.3021980e-02   3.6027018e-01   1.6072459e-01   1.5218180e-01  -2.2215527e-02   1.6265891e-01   2.1341594e-02   9.8239113e-02   2.3852813e-02   7.5737879e-02   1.2316979e-02  -1.7786405e-03   9.4713561e-02   1.1850765e-01   2.2724758e-01   5.1019146e-02   4.9787908e-01   1.1066518e-01   2.1127306e-01   1.2884061e-01  -1.9303157e-02   2.1740143e-01   7.5438556e-02   1.9104831e-01   9.6124611e-02   4.1212530e-01   1.7686159e-01  -3.9614792e-02   1.5188907e-01   2.7039518e-01   1.3214133e-01   3.2422411e-01   2.6224144e-01   2.7361596e-01  -1.2827480e-02   1.3817979e-01   2.0873606e-02   5.0758088e-01   7.2400386e-01  -3.3426812e-03   5.1657276e-02   4.6256171e-03   3.8350273e-01   1.1481730e-03  -2.6972526e-02  -4.2314951e-02  -1.1296595e-01   3.0360639e-03  -9.9964962e-02  -4.1903813e-02   5.5358395e-02   5.9382322e-01
   1.8051690e-01   1.1453889e-01   0.0000000e+00   1.7698638e-01  -1.7858359e-02   5.5032095e-02   1.5793198e-01   5.6657518e-02   9.4671336e-02  -3.1032379e-02   1.7180292e-01   0.0000000e+00   3.8867334e-03  -5.7241838e-02   0.0000000e+00   3.4295587e-01  -1.3519355e-02   5.8096726e-02   2.0558895e-02   1.3266786e-02  -2.2703948e-02  -1.6644027e-01   5.9048643e-02  -4.9425181e-02  -9.6204007e-02  -1.1054839e-01   1.3044194e-02  -1.8381391e-02   7.8934422e-02  -3.2911605e-02   1.3897737e-01  -1.3036070e-01   5.2781659e-02   2.8551353e-02  -1.4053461e-02   2.2293818e-01   4.7309007e-02   1.8749066e-01  -2.0807291e-03   1.9502470e-01   1.3470993e-01   1.3362030e-01   1.0564165e-02   3.8836909e-01   2.4097582e-01   1.9599793e-01   1.7396328e-02   3.7461245e-01   2.4114388e-01  -1.3942533e-02   1.5552781e-01  -2.3304596e-02   1.4944156e-01   1.0093825e-01   2.2784863e-01   3.1154541e-01  -9.0577741e-02   1.6901826e-01   2.8453112e-01   1.7505603e-02  -1.6941468e-01  -1.8973262e-01  -7.5847913e-02   2.6034161e-01   1.8912467e-01   2.0764593e-01   9.1988778e-02   1.0099141e-01   1.9669453e-01   8.0968354e-02   2.6387800e-01   6.7568844e-03  -1.5889836e-03   1.7417404e-01  -2.8867563e-03   1.2477377e-01   1.6006092e-01   1.3010176e-01  -5.5304560e-02  -3.0539949e-02   2.1762241e-02  -9.5832706e-02  -6.0073146e-02   3.8151783e-02  -6.6431355e-02   3.2676939e-02   1.0069197e-01   7.4537454e-03   1.0595603e-01   9.3460416e-02   1.6629436e-02  -8.8804582e-02   6.3222145e-02   9.9886797e-02   6.6645968e-02   2.0322766e-01   8.5634347e-02   2.0720909e-01  -6.8048203e-02   5.1469237e-02   2.4836682e-02   6.8836379e-03   3.4549237e-01  -7.0761394e-02  -5.4336739e-02   1.5352534e-01   1.0794396e-01   8.7983131e-02   3.2314725e-02   5.8701083e-02   2.2678175e-01   2.0522946e-01   4.9713881e-01   2.8084463e-01   2.5211376e-01  -3.4004061e-02  -6.7634827e-03  -8.3065752e-02
   2.3196759e-01  -3.1908455e-02   0.0000000e+00   6.4572434e-02   3.2972709e-01   2.5356529e-02   2.4174939e-01  -9.3392573e-02  -3.4961939e-02   1.2341739e-01   1.5810235e-01   0.0000000e+00   1.9651889e-01   2.9555635e-01   3.4295587e-01   0.0000000e+00   1.2019508e-01   3.2820384e-02   1.6120004e-01   6.0611138e-02   8.0562725e-02   6.6877953e-02   1.6197137e-01  -3.0354897e-02   1.5697042e-01  -6.1693649e-02   2.1517101e-01   1.3145721e-01  -1.4406449e-02  -2.9012608e-02   1.7396592e-02  -1.0630259e-02   6.1341321e-02   6.2536229e-02   3.7500208e-02   2.2303026e-01   3.2199726e-01   2.0071961e-01  -1.4375656e-02   1.6427172e-01   2.1107929e-01   6.7088541e-02   6.9133711e-02   2.9009977e-01   3.5846680e-01   3.3905486e-01   4.9317242e-01  -5.8707620e-02  -5.4277589e-02  -2.8137926e-02  -5.9398126e-02   5.6055460e-02   3.8747265e-01   2.8134357e-01   1.1398203e+00   3.7911480e-01   2.1362057e-01  -5.3835922e-02   3.2306362e-01   1.3260135e-01  -1.1935979e-02  -6.2212255e-02   2.4056161e-02   9.3447292e-02   2.4530089e-01   4.5476246e-02  -2.0984363e-02   3.4824049e-01   2.2564450e-01  -1.2460632e-01   9.3991751e-02   1.0256052e-01   4.1067802e-02   8.1405178e-03  -4.1661561e-02   1.5243120e-02   1.9594963e-01   1.6511186e-01   7.1820804e-02  -4.5617403e-02   1.5180384e-01   5.4205624e-02   7.2031667e-03  -1.1129536e-01   8.4854561e-02   2.7112909e-02   1.1286777e-02   2.8324528e-02   1.4630522e-01   5.8021992e-02   6.4605854e-02   1.0954809e-01   3.0928527e-01   5.7233035e-02   1.3712604e-01   3.1194337e-01   2.3546351e-01   3.6534618e-01   3.1902207e-02   1.8476084e-01   5.1041425e-02   2.7527857e-01   2.5423332e-01   1.7104295e-01   2.4908750e-01  -5.7592164e-02   1.3563406e-01   7.8240745e-02   3.2744714e-01   3.5399656e-02   4.2466451e-02   1.6286960e-01  -1.6012550e-02   3.0562405e-01   2.9609105e-02   5.7712996e-02  -8.9004636e-02   6.9076388e-02
   1.1356358e-02   7.8474101e-02   0.0000000e+00  -2.3568289e-03   4.5766744e-01  -7.1293058e-02  -2.0249438e-02   7.2958247e-02  -8.2531801e-02  -3.3523546e-02  -4.1816551e-02   0.0000000e+00   1.4963133e-02   2.3728138e-02  -1.3519355e-02   1.2019508e-01   0.0000000e+00  -1.7110132e-01   7.1985442e-02   5.0661960e-02  -5.0300246e-02   5.9392394e-02   3.6432373e-02  -2.8747324e-02   7.3186004e-02   5.7756496e-02  -7.5855798e-02   4.9973413e-02   6.5587428e-02   6.5335514e-02   1.3579819e-01  -2.5966504e-02   7.2735926e-03  -5.5763195e-03   2.6451504e-02  -4.5625471e-02   1.5147732e-02   6.3185200e-02   4.2064759e-02  -5.1721588e-02  -6.7843570e-02  -1.6417112e-02   2.9822447e-02  -4.3829495e-02   6.9897788e-02  -6.6061290e-02   3.4178151e-01  -2.8270147e-02  -1.1321954e-01  -2.4324305e-01   1.7328487e-01   4.3753176e-02  -5.3561435e-02   1.1434749e-01   1.5901337e-01   4.3625517e-01  -1.5444712e-03   3.5105509e-02   1.7352026e-02   1.4734970e-01   5.6225857e-02   1.1594576e-02   1.1401668e-01   1.5403269e-02   3.7377871e-02  -9.3934002e-03   8.5759344e-02  -2.3744022e-02  -4.4303049e-02   5.2895563e-03   1.2509626e-01  -1.3075638e-01  -3.1005471e-02  -3.9867647e-02   3.0534784e-02   6.3457910e-02   3.4324154e-02  -5.3498881e-02   8.3350205e-02   9.5964416e-02   5.8175988e-02   1.1220204e-01   1.7839076e-02   8.2212199e-02   2.5559687e-03  -2.7535042e-02   8.7737447e-02   8.0717341e-02   3.4990684e-02  -6.1972297e-03  -9.3743862e-02  -1.0897426e-02  -1.6317994e-01  -6.8936531e-02   7.0317474e-03  -1.7808907e-01   8.5304456e-02  -1.0339481e-01   2.9466169e-02  -8.2175093e-02   7.1788274e-02  -5.4446222e-03   9.9951351e-02   6.0346947e-02  -2.3717115e-02  -1.6283514e-02  -2.3444938e-02   7.5948772e-02   1.9390352e-02   4.6308188e-02  -5.1936039e-02   5.1491264e-02   3.8210674e-02   4.9543531e-02   1.5991217e-01  -4.4224596e-02   1.0493411e-01   5.4435301e-02
  -4.7506773e-02  -1.1935643e-01   0.0000000e+00   2.0627489e-01  -6.2867090e-02  -6.2748939e-03   9.3871082e-02   2.5615176e-01   3.2629039e-01   5.1921774e-02   1.7933938e-01   0.0000000e+00   4.2860810e-01   2.2153762e-01   5.8096726e-02   3.2820384e-02  -1.7110132e-01   0.0000000e+00   8.2666065e-02   4.6144848e-01   3.5488213e-01   1.9206444e-01   2.2480310e-01   2.1827080e-01   2.3197564e-01   2.1773705e-01   3.3538093e-01   1.7655660e-01   1.0748968e-01   2.1353739e-01   1.3593834e-01   8.6264740e-03   5.3335643e-02   1.4511030e-01   7.6571127e-02   1.5902023e-01   1.2408425e-01   2.2929268e-01   1.4231936e-01   1.9991716e-01   2.1951164e-01   1.3132689e-01   1.6162118e-01   2.0249210e-01   2.7036190e-01   2.0987256e-01  -5.4649456e-02   3.4616840e-01   5.7463163e-01   4.2520427e-01   2.3304566e-01  -2.1024343e-02   1.5046290e-01   5.6033897e-02   1.2738169e-02   1.3650621e-01   1.5812665e-01   1.8647249e-01   2.6518503e-01   2.9597151e-01   1.6936879e-01   1.4368452e-01   9.5921427e-02   2.9729626e-01   2.3639195e-01   1.2444288e-01   2.9210189e-01   2.1173143e-01   4.6218807e-01   3.8128605e-01   7.3166666e-02   5.2998675e-02   1.6505589e-01  -4.3613168e-02  -2.6601044e-02   3.3524101e-01   2.6374795e-01   6.2952797e-02   1.8403154e-01   1.8889933e-01   1.5159160e-01   9.5849715e-02   1.7134740e-01   2.7115935e-01   6.2877750e-02   2.4531236e-01   2.1161648e-01   1.6080821e-01   4.1142716e-02   4.1335996e-01   1.7824454e-01   2.0987567e-01  -4.6147243e-03   1.2256703e-01   1.3293419e-01   2.1143818e-01   1.8321360e-01   1.0829074e-01   9.7524007e-02   1.0925906e-01   3.3979087e-02   3.0566380e-02   1.5192447e-01   2.7520257e-01   1.2880566e-01   2.5687335e-01   2.3882076e-01   3.1223201e-01   5.5296857e-02   2.2088884e-01   3.6609432e-01  -9.7557324e-02   4.6110725e-02  -7.6174488e-03   8.5481154e-03   1.6093932e-01   3.2023114e-01   2.3309865e-01
   1.5226076e-01  -8.3498322e-02   0.0000000e+00  -4.9163887e-02   1.3526547e-01   9.9795140e-02   2.5191517e-01  -3.2293208e-02  -8.4760494e-02   6.7119871e-02   1.1383480e-01   0.0000000e+00  -7.1266755e-02   1.0189197e-01   2.0558895e-02   1.6120004e-01   7.1985442e-02   8.2666065e-02   0.0000000e+00   1.3637990e-01   1.4549375e-01   7.2680275e-02  -1.3281462e-01  -5.6212310e-02   2.4307513e-02  -1.4263003e-01   6.6371022e-03   1.0181942e-01   1.2605809e-01   1.3208526e-01   8.6416898e-02  -8.6617127e-03   1.9611575e-01   2.1843939e-01   1.8202110e-01  -9.8253744e-02  -3.7607342e-02   2.1594453e-01   1.2944950e-01   2.1380588e-01   1.4419097e-01   1.3794867e-01   2.6471797e-01  -7.1134619e-02   5.1477076e-02   6.8967934e-03   1.8071006e-01  -2.7444728e-02  -1.7960569e-02  -5.3228000e-02   2.1910410e-02   9.5566333e-02  -1.3685167e-01   2.4915977e-02   8.5669314e-02   1.2749769e-01   1.2341820e-01  -2.0587410e-02   6.8546130e-01   2.0301330e-02   5.2168723e-02   2.8898415e-03  -7.2594582e-02   2.1912113e-01  -1.3411028e-01   1.7156055e-01   9.5470952e-02   2.1261088e-01   5.4632308e-02  -1.1751860e-01   1.2341883e-01  -2.1152795e-01   1.9750986e-01   8.7941856e-03  -6.2235633e-02   1.2047852e-01  -4.4423322e-02  -9.7674124e-02  -8.1098317e-02   2.9565347e-02  -7.7444384e-02   5.9795714e-02   1.9051929e-02   8.1466090e-03   1.9823484e-02   1.4429494e-01   7.6506726e-02  -3.7607062e-02   1.7910291e-01   1.3594249e-01   8.9451246e-02  -1.5096012e-01   1.4310416e-01  -2.8072375e-02   4.2226080e-01   1.1232325e-01  -9.3453182e-02   2.3667059e-01   1.8548183e-01   1.0182414e-01  -2.0466850e-01   3.6091626e-02   3.3320054e-02   1.9481498e-02  -2.0268496e-02   2.0955310e-02  -6.4030340e-02   1.4894499e-03  -2.2967171e-01   6.5580209e-02   6.4099271e-02   6.3830370e-03   1.3330826e-02   3.5350845e-02   7.4696212e-02   2.4377332e-02   1.8817912e-02   1.1366790e-01
   1.8548804e-01  -5.3148339e-02   0.0000000e+00   1.1684066e-01   2.6636724e-01   1.0259482e-01   1.8128497e-01   1.3677723e-01   4.8557398e-02   1.7251471e-01   2.2670822e-01   0.0000000e+00   5.2045310e-01   4.4897462e-01   1.3266786e-02   6.0611138e-02   5.0661960e-02   4.6144848e-01   1.3637990e-01   0.0000000e+00   4.8848454e-01   7.2875930e-01   3.5699981e-01   1.6424416e-01   4.7740082e-01   2.3348548e-01   5.5496750e-01   1.2688817e-01   1.5221110e-01   1.4872829e-01   1.7797517e-01  -2.6004095e-02   5.9128012e-03   2.1110993e-01   6.0771891e-02   1.7045653e-01   5.5971398e-02   2.1017132e-01   1.7570320e-01   2.4120834e-01   1.3127730e-01   7.9655998e-02   3.8819925e-01   3.1455774e-01   2.7863898e-01   1.6270645e-01   1.7893988e-01   2.1917582e-01   3.1769581e-01   1.5264432e-01   2.6382360e-01   8.4096250e-02   9.6747944e-02   8.9038076e-02   2.5710561e-02   1.3859947e-01   3.5560199e-01   1.2964469e-01   3.0345138e-01   3.5808538e-01   4.3216129e-01   3.9094274e-01   9.1638218e-02   2.3765563e-01   2.6541629e-01   2.4700838e-01   1.5825997e-01   2.0794159e-01   1.6315027e-01   5.1647551e-01   1.2923920e-01   7.9709561e-02   1.9042596e-02   9.3612171e-02   1.5129355e-01   2.3956220e-01  -1.0564657e-04  -1.0442239e-01   1.3941626e-01   3.8673286e-01   3.7474037e-01   9.4683159e-02   3.4713507e-01   5.7901222e-01   4.4393731e-02   1.8326221e-01   1.0886294e-01   1.8621547e-01   1.5251906e-01   3.1450273e-01   1.7334250e-01   1.3164939e-01  -4.8442076e-02   6.1839779e-02   6.8060837e-02   1.1527479e-01   1.1067685e-01   1.7709058e-01   1.9193543e-01   1.2556243e-01  -3.7989880e-02  -4.5853207e-02   4.7670580e-02   2.7554579e-01   1.4125625e-01   1.8908435e-01   3.4345622e-02   1.0973901e-01   5.3615158e-02   1.0656264e-01   1.5150302e-01  -2.5793916e-02  -5.7958925e-02   2.0331512e-02  -7.6638004e-02   2.5268624e-02   3.6083893e-01   8.3198261e-01
   5.1095199e-02  -8.8291184e-03   0.0000000e+00   1.9579001e-01   1.2609436e-01   3.8138151e-03   1.0294055e-01  -3.6796021e-02   4.5147708e-02   1.3529869e-01   2.0294438e-01   0.0000000e+00   4.8224805e-01   6.5741026e-01  -2.2703948e-02   8.0562725e-02  -5.0300246e-02   3.5488213e-01   1.4549375e-01   4.8848454e-01   0.0000000e+00   5.4111862e-01   3.8869958e-01   2.7460226e-01   7.2192952e-01   1.1725857e-01   5.0072905e-01   2.8744620e-02   3.5722873e-02  -2.6943194e-02  -2.4505036e-02   2.3276110e-02   2.0316233e-02   1.7983344e-01   4.2666517e-02   4.9359575e-02  -6.6219642e-02   1.5850917e-02  -3.2459040e-02   2.3599566e-01   8.5684281e-02  -8.1461182e-02   1.8983786e-01   2.4435257e-01   7.4659413e-02   1.2819946e-01   1.6663307e-01   2.9991105e-01   2.1430528e-01   9.5190182e-02   4.9500843e-02  -2.0595175e-01   4.3642448e-02   1.1384475e-01   7.0728020e-02   1.7383816e-01   3.2296463e-01  -5.8538088e-03   3.4905700e-01   7.5748427e-01   2.2729318e-01   2.4990041e-01  -1.1397339e-01   1.3818610e-01   2.0431892e-01   5.6606551e-02   5.5010858e-02   3.3137204e-01   3.9576480e-01   5.1363475e-02  -7.5453125e-02   4.4430636e-02  -3.4820028e-02  -1.8469049e-03  -1.2713806e-02   1.7456779e-01   1.4597400e-02  -5.7956592e-02  -1.1643502e-01   2.3743062e-02   3.2306186e-02  -1.1415307e-01   2.3518488e-01   4.1347626e-02   2.8066784e-02   3.1253460e-02  -2.6376010e-02  -9.3822063e-03  -1.5577199e-01   3.1899515e-01   7.8584129e-02   8.7410544e-02   1.6972494e-01  -1.4427296e-01   1.3817987e-01   4.1540857e-01  -1.5308695e-02   4.0019621e-01   2.1353170e-01   3.4827968e-01  -9.4700241e-02   5.1372109e-02  -7.1358313e-02   5.4134263e-01   6.1817228e-01   9.1343407e-02   3.3223954e-02   2.5412154e-02   1.1908211e-01  -9.8263812e-02   9.8166513e-02  -5.8229559e-03  -1.6470797e-02  -6.9238657e-02  -7.6431348e-02   1.6771603e-02   1.0878023e-02   4.5043590e-01
