   0.0000000e+00   0.0000000e+00   0.0000000e+00   4.5499093e-02  -7.4252740e-02  -2.8035065e-02   3.1233557e-01  -5.2752250e-02  -6.6803999e-02  -8.5108270e-02  -1.7879335e-01   3.0626028e-01  -1.5018687e-01  -6.0665498e-02   6.5154789e-02   8.7249766e-02   3.6389190e-02   6.1213377e-02   1.0680704e-01  -7.5478820e-03  -1.1107514e-01  -6.2394929e-02  -8.9546796e-03  -8.7128377e-02  -1.3771108e-02  -3.9112027e-02   2.3686631e-03   1.1116194e-02  -2.4168489e-01  -1.1157548e-01  -7.0828083e-02  -1.6933327e-01  -3.8763178e-02   7.6315632e-02   4.6084933e-02   3.9046317e-02  -2.9687983e-02   1.4905687e-02   2.7333852e-02   8.4545342e-03   1.9277116e-01   9.1379009e-02  -6.1061092e-02   8.5538252e-02  -2.0219798e-01  -1.0945069e-01   1.4175931e-02   1.3329997e-01  -3.8837307e-02  -1.4434053e-01   7.7356869e-02  -3.8323166e-02   3.4264772e-02   1.5833796e-01  -2.2957621e-02   2.4859129e-02  -4.4196076e-03  -9.5383602e-02   1.4547806e-02   5.8491034e-02   1.4127189e-01   6.0021577e-02   4.2242772e-03   5.7319213e-01   4.7260324e-02   8.6334281e-02   1.3878550e-02   8.1866304e-02   2.1267372e-01   1.0029565e-02   2.3111226e-02   0.0000000e+00   4.8242699e-01  -2.0152484e-01   4.2506352e-01   1.9851535e-01   2.3211323e-01   2.7391868e-01   5.7836669e-02   1.5794095e-01   7.1268696e-02  -4.2019521e-02   2.2169197e-02  -1.6376386e-02   1.2636681e-02  -1.0267458e-01  -2.6792978e-02   8.3088155e-02   1.8374929e-01  -4.3208651e-04   4.8044737e-02   2.5985099e-02  -9.3630462e-02   1.0330578e-01   1.8797295e-01   2.5729951e-01  -6.3245189e-02   6.1970396e-02   1.7710962e-01   8.3826109e-02   5.6070773e-02   1.3541720e-01  -5.4020842e-02   7.6197076e-02   5.7923018e-02   3.9321754e-03   1.2851329e-01  -1.5109243e-02   7.9062183e-02  -6.4110868e-02  -1.1676183e-01   0.0000000e+00   0.0000000e+00   0.0000000e+00   0.0000000e+00   3.3810329e-03   1.0431021e-01   1.2819441e-01
   0.0000000e+00   0.0000000e+00   0.0000000e+00   0.0000000e+00   0.0000000e+00   0.0000000e+00   0.0000000e+00   0.0000000e+00   0.0000000e+00   0.0000000e+00   0.0000000e+00   0.0000000e+00   0.0000000e+00   0.0000000e+00   0.0000000e+00   0.0000000e+00   0.0000000e+00   0.0000000e+00   0.0000000e+00   0.0000000e+00   0.0000000e+00   0.0000000e+00   0.0000000e+00   0.0000000e+00   0.0000000e+00   0.0000000e+00   0.0000000e+00   0.0000000e+00   0.0000000e+00   0.0000000e+00   0.0000000e+00   0.0000000e+00   0.0000000e+00   0.0000000e+00   0.0000000e+00   0.0000000e+00   0.0000000e+00   0.0000000e+00   0.0000000e+00   0.0000000e+00   0.0000000e+00   0.0000000e+00   0.0000000e+00   0.0000000e+00   0.0000000e+00   0.0000000e+00   0.0000000e+00   0.0000000e+00   0.0000000e+00   0.0000000e+00   0.0000000e+00   0.0000000e+00   0.0000000e+00   0.0000000e+00   0.0000000e+00   0.0000000e+00   0.0000000e+00   0.0000000e+00   0.0000000e+00   0.0000000e+00   0.0000000e+00   0.0000000e+00   0.0000000e+00   0.0000000e+00   0.0000000e+00   0.0000000e+00   0.0000000e+00   0.0000000e+00   0.0000000e+00   0.0000000e+00   0.0000000e+00   0.0000000e+00   0.0000000e+00   0.0000000e+00   0.0000000e+00   0.0000000e+00   0.0000000e+00   0.0000000e+00   0.0000000e+00   0.0000000e+00   0.0000000e+00   0.0000000e+00   0.0000000e+00   0.0000000e+00   0.0000000e+00   0.0000000e+00   0.0000000e+00   0.0000000e+00   0.0000000e+00   0.0000000e+00   0.0000000e+00   0.0000000e+00   0.0000000e+00   0.0000000e+00   0.0000000e+00   0.0000000e+00   0.0000000e+00   0.0000000e+00   0.0000000e+00   0.0000000e+00   0.0000000e+00   0.0000000e+00   0.0000000e+00   0.0000000e+00   0.0000000e+00   0.0000000e+00   0.0000000e+00   0.0000000e+00   0.0000000e+00   0.0000000e+00   0.0000000e+00   0.0000000e+00   0.0000000e+00   0.0000000e+00   0.0000000e+00   0.0000000e+00   0.0000000e+00   0.0000000e+00
   0.0000000e+00   0.0000000e+00   0.0000000e+00   0.0000000e+00   0.0000000e+00   0.0000000e+00   0.0000000e+00   0.0000000e+00   0.0000000e+00   0.0000000e+00   0.0000000e+00   0.0000000e+00   0.0000000e+00   0.0000000e+00   0.0000000e+00   0.0000000e+00   0.0000000e+00   0.0000000e+00   0.0000000e+00   0.0000000e+00   0.0000000e+00   0.0000000e+00   0.0000000e+00   0.0000000e+00   0.0000000e+00   0.0000000e+00   0.0000000e+00   0.0000000e+00   0.0000000e+00   0.0000000e+00   0.0000000e+00   0.0000000e+00   0.0000000e+00   0.0000000e+00   0.0000000e+00   0.0000000e+00   0.0000000e+00   0.0000000e+00   0.0000000e+00   0.0000000e+00   0.0000000e+00   0.0000000e+00   0.0000000e+00   0.0000000e+00   0.0000000e+00   0.0000000e+00   0.0000000e+00   0.0000000e+00   0.0000000e+00   0.0000000e+00   0.0000000e+00   0.0000000e+00   0.0000000e+00   0.0000000e+00   0.0000000e+00   0.0000000e+00   0.0000000e+00   0.0000000e+00   0.0000000e+00   0.0000000e+00   0.0000000e+00   0.0000000e+00   0.0000000e+00   0.0000000e+00   0.0000000e+00   0.0000000e+00   0.0000000e+00   0.0000000e+00   0.0000000e+00   0.0000000e+00   0.0000000e+00   0.0000000e+00   0.0000000e+00   0.0000000e+00   0.0000000e+00   0.0000000e+00   0.0000000e+00   0.0000000e+00   0.0000000e+00   0.0000000e+00   0.0000000e+00   0.0000000e+00   0.0000000e+00   0.0000000e+00   0.0000000e+00   0.0000000e+00   0.0000000e+00   0.0000000e+00   0.0000000e+00   0.0000000e+00   0.0000000e+00   0.0000000e+00   0.0000000e+00   0.0000000e+00   0.0000000e+00   0.0000000e+00   0.0000000e+00   0.0000000e+00   0.0000000e+00   0.0000000e+00   0.0000000e+00   0.0000000e+00   0.0000000e+00   0.0000000e+00   0.0000000e+00   0.0000000e+00   0.0000000e+00   0.0000000e+00   0.0000000e+00   0.0000000e+00   0.0000000e+00   0.0000000e+00   0.0000000e+00   0.0000000e+00   0.0000000e+00   0.0000000e+00   0.0000000e+00   0.0000000e+00
   4.5499093e-02   0.0000000e+00   0.0000000e+00   0.0000000e+00   1.3933368e-01   1.4946007e-01   1.8872190e-01   7.1647732e-02   2.5760853e-02   1.9756416e-01   1.6167212e-01   7.3605154e-02   1.8608059e-01  -4.3959535e-02   1.5624124e-01   1.8867799e-01   9.7443206e-02   1.2392467e-01   1.9079181e-01   3.0111782e-01   7.8458884e-02   2.1068122e-01   2.5595547e-01   1.8338101e-01   1.7203574e-01   7.4526574e-02   9.6893911e-02   4.6768459e-02   1.1333292e-01   1.3491000e-01   6.5790839e-02   3.4267711e-04   1.6716938e-01   1.1762744e-01   7.1869584e-02  -5.8769735e-02   2.2064900e-02   1.9495578e-01   1.7175643e-01   2.2096372e-01   1.8241457e-01   2.3348064e-01   9.9241333e-02   1.4600039e-01   1.7447589e-01   1.1520896e-01   1.2774047e-01   1.9717748e-01   3.2226267e-02   4.8272832e-02   2.0024934e-02   1.8660334e-01   1.7847984e-01   1.8059985e-01   1.9893800e-01   1.3798337e-01   9.7440090e-02  -2.7125438e-02   3.5027108e-01   1.7727132e-01   8.9360255e-02   7.0933288e-02   3.7440996e-02   1.4531180e-01   6.3105345e-02   1.0739523e-01  -1.3555362e-02   7.7917068e-02   5.3871587e-02   4.8358874e-02   1.4998740e-01   0.0000000e+00  -4.6516499e-03  -8.7651817e-03  -5.1194419e-02  -5.2499050e-02   3.1226392e-02  -1.4414887e-02  -4.5407529e-02  -5.5937229e-03  -2.6095418e-02   1.1120786e-02  -1.8501278e-02   1.2865072e-01  -2.4970426e-02   8.8299417e-02   6.2201616e-02  -4.9733066e-02  -5.4149387e-02   9.2278503e-02  -9.9543783e-03  -3.8517441e-03   1.1097527e-01  -1.1114234e-01   1.1042129e-01   2.8111371e-02   5.7972337e-02   1.6713691e-01   6.5945490e-02   6.7381993e-02  -3.2656655e-03  -2.4606429e-02   9.8855518e-03   4.4071953e-02   1.0913581e-01   1.1598680e-01   1.8425467e-01   4.5420493e-02   6.7177926e-02   1.8825636e-02   1.2404127e-01   0.0000000e+00   0.0000000e+00   0.0000000e+00   0.0000000e+00   4.2694025e-02   9.4051787e-03  -5.3957425e-02
  -7.4252740e-02   0.0000000e+00   0.0000000e+00   1.3933368e-01   0.0000000e+00   4.8599829e-01   1.2678756e-01   6.7184720e-02   6.0645869e-02   8.1500492e-02   5.6452522e-02  -1.7786392e-02   6.5183541e-02   2.3004402e-01   6.3124750e-02   2.8433486e-01   1.2005617e-01   2.4116232e-01   1.6413638e-01   1.2364460e-01   1.1295991e-01   1.0869111e-01   2.7091596e-02  -3.7573574e-02   2.0481415e-01   3.3006652e-01   3.7904979e-01   1.8405311e-01  -3.6859546e-02  -2.7416236e-02   1.4591590e-01   1.0015787e-01   1.7560207e-01   1.8016187e-02   6.5346282e-02   2.6715438e-01   2.5668354e-01   5.4885721e-02   1.2771899e-01   1.5033521e-01  -2.1239277e-02   8.3273079e-02   3.1795056e-01   1.2772858e-01   1.3584029e-02   1.2788144e-01   5.0349385e-01   2.3050474e-01   1.5920456e-01   4.1775568e-01  -2.3524071e-01   1.7458827e-01   2.0292908e-01   2.3539145e-01   3.1471263e-01   1.9159346e-01   3.3518085e-01   8.2509040e-02   1.5540978e-01   1.5294365e-01   3.7735446e-02   1.3726975e-01   5.0787398e-02  -1.1037988e-01  -2.5422686e-02   2.6149777e-01   8.8715582e-02   2.9568562e-01  -7.8963414e-02   3.3986215e-01   3.5212291e-02   0.0000000e+00   1.7885651e-02   8.7060675e-02  -6.7416287e-02  -1.2103527e-01   6.2512475e-02   1.5865760e-01   3.1574876e-01  -2.0224437e-02   3.4927963e-01   7.8037011e-02   2.4274023e-01   3.4091939e-01   2.9731788e-01   5.9324369e-02  -4.1054043e-02   1.0568629e-01   2.3453240e-01  -4.0863461e-02  -2.6105666e-02   3.1816687e-01  -1.1211675e-01   1.7366520e-01   2.1828457e-01  -4.2168054e-02   1.9476860e-01   8.2671015e-02   1.5370325e-01  -3.7755892e-02   9.8314535e-02   7.9580157e-02   3.0406638e-01   1.5776373e-01   1.6140625e-01   4.1482364e-02   3.7747202e-02   5.5421665e-02   1.8152554e-01  -1.6951061e-02   1.7799594e-01   0.0000000e+00   0.0000000e+00   0.0000000e+00   0.0000000e+00   4.9343123e-02  -2.7027564e-02  -6.4147984e-02
  -2.8035065e-02   0.0000000e+00   0.0000000e+00   1.4946007e-01   4.8599829e-01   0.0000000e+00   6.2708875e-02   9.9952689e-03   9.6916134e-02   9.8096153e-02   1.2919942e-01   4.4528407e-02   1.1100850e-01   6.1196486e-02  -1.5911081e-02   1.8871165e-01   4.2797183e-03   2.4122185e-01   3.2183720e-01   2.1261445e-01  -2.3648169e-02   9.2618309e-02  -2.2640515e-02  -1.0229608e-01   6.3908171e-02   1.7316759e-01   2.6124193e-01   3.7712170e-02  -7.3897212e-02  -5.1366880e-02   1.8158596e-01  -2.1776990e-02   5.5344821e-02  -6.5608807e-02  -2.9545793e-02   7.1324321e-02   6.3344807e-02  -3.2342217e-02   1.3901662e-02   1.1272284e-01  -6.7971700e-03   7.5965659e-03   2.2901535e-01  -4.0377417e-03  -4.4864212e-02   3.1097968e-02   2.7443017e-01   1.9002136e-01   1.6006266e-01   3.6071786e-01   8.4737528e-03   1.4958408e-01   1.3109705e-01   1.0523479e-01   1.7527416e-01   1.4809874e-01   2.2692344e-01   1.5250121e-01   1.5685350e-01   1.5731849e-01   1.1228303e-01   9.7468751e-02  -5.0264389e-02  -3.7782209e-02  -4.0634522e-02   2.4315852e-01   8.0262724e-02   1.4529890e-01   6.7419025e-02   2.4547109e-01   8.6800460e-02   0.0000000e+00  -4.5404157e-02   2.3123310e-01   1.8685671e-03  -1.3198771e-01   1.5041635e-01   9.4208729e-02   2.2632501e-01   6.5029368e-02   3.2017162e-01   1.7047894e-01   2.0773348e-01   3.0931574e-01   1.9780251e-01   9.9828443e-02   1.3925340e-01   2.0831377e-01   2.7737569e-01   1.0749076e-01   6.9837999e-02   8.0078156e-02  -5.5424811e-02   1.3063372e-01   1.3061402e-01  -7.8646634e-02   1.1266265e-01  -7.1684280e-02   1.0163167e-01  -4.4736156e-02   7.6054183e-02  -2.3622980e-02   2.6288768e-01   1.1361076e-01   1.9634547e-02   4.6843919e-02   3.3797477e-02   6.7283173e-02   6.0892568e-02  -5.2992092e-02   1.7950168e-01   0.0000000e+00   0.0000000e+00   0.0000000e+00   0.0000000e+00   1.4052057e-01   1.2723860e-01  -4.3528918e-02
   3.1233557e-01   0.0000000e+00   0.0000000e+00   1.8872190e-01   1.2678756e-01   6.2708875e-02   0.0000000e+00   5.6536791e-02  -1.9316362e-04   5.8498787e-02   1.5794089e-01   2.1121574e-01   1.7676119e-01  -1.2053190e-01   2.6937553e-01   3.2685581e-01  -7.9841709e-02  -1.1808173e-02   2.3873894e-01   1.4221246e-01   1.1814226e-01   1.9847283e-03   1.4143770e-01   1.8498824e-01   1.3573628e-01  -1.3547910e-02   4.4210150e-02   1.2711711e-01   1.1303129e-01   1.6351937e-01   9.9546706e-02   1.5213082e-01   3.0073117e-01   3.6296246e-01   1.8888302e-01   7.1261204e-02   1.3310594e-01   2.1761985e-01   3.4661274e-01   3.5600388e-01   3.3789023e-01   2.0136511e-01   2.5281982e-01   3.0400486e-01   2.2334330e-01   1.9807804e-01   1.2667544e-01   7.6261689e-02   1.2827840e-02  -2.0088591e-02  -5.1114904e-02   2.0044075e-01   2.0860306e-01   2.4075286e-01   2.7785355e-01   1.9395319e-01   2.3819865e-03  -1.4442114e-02   2.0455986e-01   2.2438063e-01  -7.7021199e-02  -1.8022866e-01  -6.9834683e-02   2.8890569e-01  -1.8835333e-02   3.0927331e-01  -1.9142281e-02   6.6827415e-02   9.3401613e-02  -1.2103657e-01   1.3398419e-02   0.0000000e+00   3.8981920e-01  -8.4279832e-02   4.5925530e-02   7.2612525e-02   9.2939076e-02   8.4320887e-02  -1.1861611e-01   3.9770918e-02  -7.4232974e-02  -1.0122686e-01  -2.1885440e-01   2.6217401e-02   3.7404042e-02   6.3557454e-02   1.4674179e-01  -8.6949292e-02   1.7551411e-01   1.1813132e-01   4.2523272e-02  -1.5336439e-01  -2.8891462e-02   1.0935315e-01   4.0788468e-01   1.3629249e-01   3.5672664e-02   1.9526675e-01   2.0690539e-01   8.5794820e-02   7.8978236e-02  -1.2583244e-02   3.1047107e-02  -4.8987244e-03  -2.2677852e-02  -1.8140476e-02   7.6836144e-02   3.3068248e-02   2.4954083e-02   9.8648112e-03   1.3252121e-01   0.0000000e+00   0.0000000e+00   0.0000000e+00   0.0000000e+00  -1.8233859e-02  -1.3314641e-01  -1.0678437e-01
  -5.2752250e-02   0.0000000e+00   0.0000000e+00   7.1647732e-02   6.7184720e-02   9.9952689e-03   5.6536791e-02   0.0000000e+00   8.7485095e-02   3.8112332e-02  -7.4609952e-02   8.6169758e-02   1.0723110e-02   8.0923405e-02  -4.1691780e-02   1.8495884e-02   2.0308399e-01   9.1454094e-02  -5.1981214e-02   8.6472455e-02   8.1032141e-02   3.8985041e-02   4.3029346e-02   1.1097550e-01   4.1689065e-02   1.0358241e-01   3.3674958e-02   2.4834887e-02  -1.9125319e-03   1.0699696e-01   1.1526746e-01   7.1383488e-02   2.4433844e-02   5.5325649e-02   1.2021507e-01   1.5700837e-02  -1.0770156e-02  -6.0365368e-03   8.7973430e-02   5.9148551e-02  -6.6288166e-02   1.0289542e-02   1.1767364e-01  -2.2724029e-02   8.3792170e-03  -4.5522219e-03   6.6047323e-02   8.6225981e-02   1.8198870e-01   1.0056972e-01   1.2229331e-02  -7.9290995e-03  -1.0980229e-01   5.3512185e-02   1.6964113e-02   8.3758132e-02  -1.9883355e-02   3.5494505e-02   8.7729558e-02   5.1537607e-02   1.4292590e-01   1.3929903e-01   2.0134876e-01   7.7104274e-02   4.2378596e-02   1.5113533e-01   1.9615160e-01   1.0010179e-01   1.5311597e-01   1.4020892e-01   1.3789920e-01   0.0000000e+00   7.7547510e-02   2.2841488e-03  -8.8833865e-02   1.6388276e-01   8.5331031e-02  -3.0061002e-02   7.9118504e-02   1.1564343e-01   4.5957930e-02   1.3414785e-01   1.1267590e-01   8.1420513e-02   3.5623886e-02  -1.1621715e-01   7.2027641e-02   9.2875903e-02   1.0331520e-01   1.3964052e-01   5.1191060e-02   1.0505344e-01   6.7909442e-02   1.8619212e-02   1.2771506e-01   5.3581817e-02   1.4268056e-02   3.1146632e-02   1.0590070e-01   1.4159190e-01  -5.4530262e-02   2.0263183e-02   1.1624206e-02   1.2655540e-02   6.2736067e-02   2.3579363e-01   7.7075024e-02   4.2211282e-02   1.0613711e-01   7.5915678e-02   1.3899407e-01   0.0000000e+00   0.0000000e+00   0.0000000e+00   0.0000000e+00   5.6025762e-01   2.1982249e-01   1.0177362e-01
  -6.6803999e-02   0.0000000e+00   0.0000000e+00   2.5760853e-02   6.0645869e-02   9.6916134e-02  -1.9316362e-04   8.7485095e-02   0.0000000e+00   8.3148850e-02  -1.3295141e-02   1.7769129e-01  -1.1084891e-01  -2.0935182e-02  -3.1580866e-02   4.2253634e-02  -1.2413930e-01   1.0691631e-01   1.2445793e-01  -8.9793117e-02  -7.1324441e-02  -9.3273328e-02   5.5903992e-02  -1.1798324e-01  -8.7082907e-02   1.5970895e-01  -1.0892955e-01   3.5242914e-02  -1.0728032e-01  -8.2754864e-02   6.1776383e-02   7.0014544e-02  -3.5234533e-03   8.4308585e-03   1.4973201e-01   5.4630543e-02  -3.3260984e-02   1.4008504e-01   1.1474866e-01   1.6961055e-01   1.2255340e-01   6.4538489e-02   6.0412054e-02   5.6330521e-02  -6.3440250e-02  -3.9460997e-02   8.1373077e-02   9.0231229e-02   1.5660505e-01   1.9056875e-01  -2.3172148e-02   4.8175583e-02  -9.2365626e-03   7.9266327e-02  -6.5023377e-04   4.7481437e-02  -1.5138696e-02   3.6414351e-01   1.1534734e-01  -1.1218208e-02  -8.5215230e-03   2.6317903e-02   5.2245184e-02  -6.4536987e-02   1.8520161e-01   1.6279502e-01   2.8935765e-01  -1.8836481e-02   3.5645356e-02   1.6438358e-01   1.0647352e-01   0.0000000e+00  -1.7765815e-01   1.4188349e-01  -1.8957648e-01  -1.0398169e-01   2.0978149e-01   1.0239611e-01   1.1987148e-01  -1.6444040e-02  -1.2610351e-02   1.2612580e-01   3.2403031e-02   4.2923113e-02   9.1747788e-02   4.3368874e-02   1.1458787e-01   4.1260386e-02  -1.8859574e-02  -1.0804696e-01   2.5043128e-02   8.2818271e-02   1.2848580e-01   6.8564897e-02   1.1433284e-01  -8.6103112e-02   1.4542187e-01   1.3878605e-01   7.0256264e-02   9.4782284e-02  -1.5762063e-02   1.6841549e-01   1.7781494e-01   8.4823603e-02   5.9753958e-02   1.3176882e-01   1.0062200e-01   3.1717475e-01   3.4328158e-02   2.9828440e-01   2.3975079e-01   0.0000000e+00   0.0000000e+00   0.0000000e+00   0.0000000e+00   5.2620346e-02   7.4784654e-02   8.6952172e-02
  -8.5108270e-02   0.0000000e+00   0.0000000e+00   1.9756416e-01   8.1500492e-02   9.8096153e-02   5.8498787e-02   3.8112332e-02   8.3148850e-02   0.0000000e+00   2.5147358e-01  -1.4165087e-01   3.7128726e-02   5.3112703e-02   6.8949291e-02   1.8017934e-01  -1.6006632e-03   9.4271485e-02   2.4199408e-01   2.3081481e-01   2.0578685e-02   9.0329531e-02   9.3843869e-02   6.3116065e-02   1.3306409e-01   1.7672754e-01   4.3462748e-02  -8.3845359e-02   7.9090106e-02  -8.1044170e-03   8.3293024e-02  -2.0483437e-02  -5.4268709e-02  -1.7267470e-01   1.0104415e-01   5.5766431e-02  -8.9519308e-02   2.3235837e-01   1.2098481e-01   8.2779004e-02   4.4147005e-02   5.1248904e-02   3.3290679e-02   1.3266345e-01   2.8809248e-01   1.5673015e-01   3.9595584e-02   5.8529005e-02   7.4879771e-03   8.0219298e-02   4.3981223e-02   5.2281648e-02   2.3960985e-01   1.4826972e-01   1.3139139e-01   2.0691573e-03   1.5455506e-02   1.3993795e-02   2.5359773e-01   2.1352703e-01   8.4294952e-02   5.4558700e-02   5.3197687e-02  -1.1922394e-01  -1.4510449e-01   1.6638643e-01  -7.9128149e-02   1.4972775e-01   6.4147769e-02  -2.6344175e-02   1.8533278e-02   0.0000000e+00  -1.6087790e-01   2.6998159e-01  -1.3543918e-01  -3.8682502e-02   4.5533879e-02  -2.7138280e-02   2.6322555e-02   1.6551664e-01   1.1192458e-01   1.2955111e-01   1.5611568e-01  -2.0277075e-02   1.7208828e-01   2.1058964e-01   2.8035082e-01   1.7698292e-01   1.5668632e-01   1.3578621e-01   1.9143119e-02   7.6954922e-03   7.0585136e-02  -7.6466598e-03   1.2422376e-01  -1.3504131e-01  -1.4011407e-02   4.1715029e-02  -3.3924856e-02  -1.4296448e-02  -1.0641690e-01   3.7985763e-02   2.4181389e-01   1.7003114e-01  -5.6415462e-02   4.2595936e-02   1.2587174e-01  -3.8541026e-02   9.1556165e-02   1.1154729e-01  -1.5468933e-02   0.0000000e+00   0.0000000e+00   0.0000000e+00   0.0000000e+00   5.1191122e-02  -2.8534925e-02   5.1657060e-02
  -1.7879335e-01   0.0000000e+00   0.0000000e+00   1.6167212e-01   5.6452522e-02   1.2919942e-01   1.5794089e-01  -7.4609952e-02  -1.3295141e-02   2.5147358e-01   0.0000000e+00  -1.6127791e-01   2.2373647e-01   2.0674327e-02   6.2915098e-02   1.3793438e-01   1.0863139e-01   8.4733029e-02   1.3671465e-01   1.5037812e-01   1.7315288e-01   1.3333445e-01   1.0126223e-01   1.2052589e-01   1.2199797e-01   9.8136164e-03   2.3402550e-01   1.5217630e-01   2.4305351e-01   1.9419204e-01   1.7079000e-01   1.8260405e-01   2.2752362e-01   8.4150164e-02   1.4288264e-01   1.2887395e-01   4.8506682e-02   3.0680157e-01   3.0886259e-01   2.9668059e-01   2.7644148e-01   9.2959623e-02   1.9242864e-01   2.3918390e-01   3.4897148e-01   2.1622953e-01   1.1187004e-01   5.1103738e-02   7.3298788e-03   6.8823009e-02   4.6083717e-02   3.9723173e-01   1.9417490e-01  -2.7436995e-02   2.1034333e-01   1.8349728e-01   1.3451968e-01  -1.0355501e-01   2.7490158e-01   2.9256583e-02  -1.9040941e-01  -4.0905115e-02  -5.1503134e-02  -1.5422565e-01  -8.6502734e-02   1.1154860e-01  -1.3817213e-01   1.4621165e-02  -4.6782919e-02   3.2221710e-02   4.2706068e-03   0.0000000e+00  -7.7074457e-02   2.7833203e-01   6.3975113e-02  -2.0980179e-01  -3.6153417e-02  -8.9803595e-02  -3.6047845e-02  -1.6609769e-01   2.2756863e-02   1.0661881e-01  -3.8225481e-02   1.3424887e-01   9.8611917e-02   2.6389581e-01   2.9103474e-01  -1.0854244e-01   8.2534880e-02   1.0254996e-01   8.9059836e-02  -2.4836281e-02   3.8550413e-02   1.8034301e-02  -3.3713023e-03  -4.6973558e-02   1.2046068e-01   3.8107040e-02   7.1598640e-02  -2.6885568e-02   1.3977273e-01  -1.1877940e-01   1.2388781e-01  -4.7272973e-02  -5.5837864e-02  -4.8559858e-02   3.4704822e-02  -1.1237089e-01  -5.4601723e-02   1.3742240e-01   1.2039652e-01   0.0000000e+00   0.0000000e+00   0.0000000e+00   0.0000000e+00  -1.7972376e-01  -1.2429908e-01  -1.7872483e-01
   3.0626028e-01   0.0000000e+00   0.0000000e+00   7.3605154e-02  -1.7786392e-02   4.4528407e-02   2.1121574e-01   8.6169758e-02   1.7769129e-01  -1.4165087e-01  -1.6127791e-01   0.0000000e+00  -1.0420608e-01  -1.7154398e-01  -1.5817457e-01   3.7865488e-02   6.5178055e-03   9.9615408e-02   8.1238223e-02   1.1327642e-01  -8.6867334e-02  -1.4722629e-01  -1.7047937e-05   1.7465094e-02  -1.0061152e-01  -1.5014056e-02  -1.2443525e-01  -3.8868957e-02  -2.0161240e-01   2.8274089e-02   1.1751613e-01  -7.0275721e-02  -5.8403692e-02   5.7303742e-02   1.0009661e-01  -1.4693398e-01  -1.1145908e-01  -1.3358807e-02  -6.6585896e-02   1.8140118e-01   2.6513039e-01   2.3598792e-02   1.1159149e-02   4.2915527e-02  -1.0891885e-01  -1.6049825e-01  -8.3298674e-02  -8.2610215e-03   3.3644200e-02  -7.5307550e-02   6.7003936e-02  -1.3140927e-01  -4.5529534e-02   9.3439832e-02  -4.7632226e-03   4.8586370e-02  -1.6732321e-01   6.9080961e-02   9.5292253e-03   1.1785791e-01   1.2419143e-01  -4.5251615e-02  -3.7557936e-02   2.8224633e-01   1.2079416e-02   5.9945513e-02   1.1717037e-01  -1.3065801e-01   2.7398149e-01  -1.0575031e-01   1.5821708e-01   0.0000000e+00   1.4769692e-01  -5.7458581e-02   1.7117209e-01   1.6250301e-01   2.6288133e-01   1.0070370e-01  -1.3106059e-01   1.4288412e-01  -6.0742352e-02   2.2694005e-02  -1.1633902e-01   7.3290659e-02  -1.1983361e-01  -6.1093079e-02  -1.1761322e-03   1.6138372e-02  -4.3438411e-02   1.2562197e-01   1.9346710e-01  -1.8245889e-01   8.7348771e-02  -1.1109800e-02   1.5265971e-01   1.6788196e-01   2.6940703e-03   9.4399595e-02   9.2609034e-02   7.6232737e-02  -7.5041905e-02   2.4844248e-02   1.2215891e-02   7.9138161e-02  -6.5479482e-02   1.6530190e-02  -8.0215987e-02   1.6568180e-01  -1.5259741e-01  -1.0893079e-01   4.2543058e-02   0.0000000e+00   0.0000000e+00   0.0000000e+00   0.0000000e+00   5.3360337e-02   1.4186531e-01   7.1321490e-02
  -1.5018687e-01   0.0000000e+00   0.0000000e+00   1.8608059e-01   6.5183541e-02   1.1100850e-01   1.7676119e-01   1.0723110e-02  -1.1084891e-01   3.7128726e-02   2.2373647e-01  -1.0420608e-01   0.0000000e+00  -6.5930427e-03   3.5499225e-01   2.4792825e-01   2.8754447e-02   1.7247621e-01   7.4444016e-02   6.0174854e-01   5.1922988e-01   3.6179840e-01   1.4803167e-01   3.5088216e-01   2.9135624e-01   1.1332000e-01   2.0678006e-01  -1.4493553e-01   4.6417365e-01   3.0244197e-01   5.2023118e-01   3.0143769e-03   3.5480538e-01   3.7745960e-01  -3.6862267e-02   2.8377412e-02   3.5760627e-02   7.3487102e-02   1.4178297e-01   3.8391172e-01   7.7838279e-02   1.4799299e-01   2.4814164e-01   1.2031953e-01   4.3676055e-01   2.6926953e-01   1.1338960e-01   8.6819945e-02   3.8686304e-01   1.3172003e-01   2.5304966e-01   2.8652368e-01   7.9246227e-02   5.0240451e-02   2.7392076e-01   4.3261676e-01   1.7084568e-01   3.3575819e-02   1.2282765e-01   2.1926924e-01  -8.3105663e-02  -1.4311226e-01  -1.4329806e-01   5.0029901e-02   3.0632766e-02   1.5245386e-01  -8.9903251e-02   3.8612598e-02  -2.2252823e-02   6.3127684e-02  -2.2114252e-02   0.0000000e+00  -9.7202948e-02   5.4896200e-02  -4.7237565e-02  -1.7539267e-01  -2.5275862e-01  -2.4535606e-01  -1.4101545e-01  -1.5667760e-01  -1.0335904e-01  -1.0593759e-01  -7.4462865e-02   2.7681127e-01   3.3282086e-02   1.6561075e-01   1.4245029e-01  -1.4853658e-01  -1.8052164e-02   2.5819231e-01  -1.2428745e-01  -1.1780634e-01  -8.6518545e-02   3.9875680e-02   1.6794862e-02  -8.3564708e-02   5.4153820e-02  -1.2377955e-01  -1.7603790e-01  -7.3447256e-02   5.6613547e-03  -3.3519807e-01  -4.7869851e-02  -1.4771523e-01  -6.0544294e-02  -3.1932386e-02  -1.2239055e-01  -4.8042722e-02  -5.7792289e-02  -7.5619378e-02   3.0266978e-01   0.0000000e+00   0.0000000e+00   0.0000000e+00   0.0000000e+00  -1.1481374e-01  -2.1335055e-01  -2.4129254e-01
  -6.0665498e-02   0.0000000e+00   0.0000000e+00  -4.3959535e-02   2.3004402e-01   6.1196486e-02  -1.2053190e-01   8.0923405e-02  -2.0935182e-02   5.3112703e-02   2.0674327e-02  -1.7154398e-01  -6.5930427e-03   0.0000000e+00  -9.2886049e-02   1.2036384e-01   1.8932362e-01   1.7644950e-01   6.2544788e-02   3.9286479e-02   2.4010359e-01   4.0925966e-01   2.4345741e-01  -9.2636714e-03   5.6188393e-01   4.2002499e-01   3.9857400e-01   3.9472132e-01  -1.7806249e-01  -5.0912737e-02   2.6073533e-02   1.6105752e-01   1.6535618e-01  -1.0934826e-01   2.1038069e-01   3.6603743e-01   2.4687284e-01   9.6750509e-02   1.4924590e-01   2.4758492e-02   9.3329534e-02   1.8515054e-01   2.9227580e-02   8.3333483e-02  -5.0108204e-02  -3.8099271e-04   3.8408414e-01   1.0085776e-01   1.5070414e-01   2.5545597e-01  -4.3499384e-02   1.3316110e-01   1.1910248e-01   1.5156398e-01   1.2012231e-01   1.0813516e-01   4.9388802e-01  -2.6940907e-02   9.7939211e-02   1.0594438e-01   1.9057945e-01   4.4535307e-01   4.1304692e-01  -1.4069195e-01   3.5949758e-02   1.9676211e-01  -1.6361165e-02   4.0709337e-01  -1.9774400e-01   4.3289834e-01   2.2078561e-01   0.0000000e+00  -2.5208868e-02   1.1206070e-01  -3.2240752e-02  -1.2678974e-01   1.0241372e-02   1.9144196e-01   6.2244698e-01  -1.1463329e-01   4.5718405e-01   3.0265220e-01   5.9754135e-01   1.6674868e-01   4.7233089e-01  -9.0604547e-02  -2.0736967e-01   8.8727363e-02   7.1183995e-02  -1.0080017e-01  -1.5948203e-01   6.8204553e-01   1.0375026e-02   1.3548769e-01   1.1243195e-01  -3.3420779e-02   5.0679947e-02  -1.2153790e-02   6.1958891e-02   3.3329502e-02   1.3920362e-01   2.1709208e-01   2.5225060e-01   2.2842862e-01   4.6466048e-01   1.4491016e-01   1.6556379e-01  -2.7831308e-02   4.2518195e-01   1.4086960e-01  -1.7873078e-02   0.0000000e+00   0.0000000e+00   0.0000000e+00   0.0000000e+00   9.1174113e-02   1.1023345e-01   2.7497519e-01
   6.5154789e-02   0.0000000e+00   0.0000000e+00   1.5624124e-01   6.3124750e-02  -1.5911081e-02   2.6937553e-01  -4.1691780e-02  -3.1580866e-02   6.8949291e-02   6.2915098e-02  -1.5817457e-01   3.5499225e-01  -9.2886049e-02   0.0000000e+00   4.8574410e-01  -1.2183301e-01   5.6418909e-02   1.6074927e-01   1.0531601e-01   1.7873813e-01   6.6916181e-02   3.9918829e-02   9.2614366e-02   1.4876444e-01   4.7474566e-02   7.2235146e-02  -4.3874558e-02   3.2174648e-01   4.8177092e-02   5.5186696e-02  -2.0387089e-02   1.4623108e-01   2.9919978e-01   4.9307842e-03   1.3236683e-01   1.1217583e-01   1.5684084e-01   2.1229177e-01   1.0728689e-01   8.5977488e-02   2.0494912e-01   1.1472213e-01   3.1909850e-01   3.2312932e-01   3.4223892e-01   7.3666381e-02   1.1541061e-01   1.2803959e-01  -1.8154718e-02   4.7477132e-02   1.7052151e-01   2.4713063e-01   1.0558549e-01   3.8637621e-01   4.0477505e-01   9.4599122e-02  -5.1497922e-02   1.2794671e-01   1.1434068e-01  -1.3463524e-01  -1.3271942e-01  -1.4992401e-01   1.2554236e-01   4.5563755e-02   1.3517260e-01  -7.3065513e-02   7.6508480e-02  -5.2253687e-02  -2.5323984e-02  -1.1079422e-01   0.0000000e+00   1.9618654e-02  -4.5224359e-02  -1.3456889e-01  -4.2372138e-02  -3.6152134e-02   6.4776391e-02  -4.7185427e-02  -5.4815073e-02  -3.8992143e-02  -1.5545021e-01  -1.3599278e-01   3.9016252e-02   1.4423199e-02   8.9789260e-02  -2.2080581e-02  -7.3798919e-02   3.0456646e-02  -6.4332725e-02  -2.2099001e-01  -5.6116528e-02  -1.4706011e-01   4.8224993e-02   1.3169247e-01   6.0127876e-02   6.5076956e-02   1.0740307e-01   2.7689620e-02   4.6948072e-02   6.6803278e-02  -9.8373524e-02   4.1531358e-03  -1.1532202e-02   8.2798107e-03  -7.5494756e-03   9.2093458e-03  -3.0091639e-02   1.4937525e-02  -1.8999479e-02   6.8123690e-02   0.0000000e+00   0.0000000e+00   0.0000000e+00   0.0000000e+00  -8.7791980e-02  -2.4062935e-01  -1.6894482e-01
   8.7249766e-02   0.0000000e+00   0.0000000e+00   1.8867799e-01   2.8433486e-01   1.8871165e-01   3.2685581e-01   1.8495884e-02   4.2253634e-02   1.8017934e-01   1.3793438e-01   3.7865488e-02   2.4792825e-01   1.2036384e-01   4.8574410e-01   0.0000000e+00  -1.9076397e-01   1.3120493e-01   3.7222149e-01   1.6174238e-01   2.0460972e-01   1.2919363e-01   1.6658906e-01   1.3241625e-01   3.3823578e-01   2.0427657e-01   1.4126931e-01   1.1922209e-01   1.4485768e-01   7.5170283e-02   2.0657159e-01   1.2685186e-01   3.4875075e-01   1.6771757e-01   1.5040714e-01   2.4181822e-01   2.9273696e-01   2.5969388e-01   3.8965693e-01   2.9299981e-01   3.1807595e-01   2.3820882e-01   2.7242161e-01   3.7789605e-01   3.0864177e-01   4.2304826e-01   2.7179333e-01   3.2034800e-01   2.7976832e-01   1.6828850e-01  -5.7987601e-03   2.8216601e-01   3.4217791e-01   3.9150463e-01   8.2920767e-01   5.1710839e-01   2.5463938e-01   4.4024314e-02   2.5821146e-01   2.6476279e-01  -6.2077823e-02  -1.0981092e-01   4.7797015e-02   1.3417126e-01  -3.9063459e-02   3.4745924e-01   1.2347676e-02   2.3479869e-01  -1.1508360e-01   1.1564277e-01   2.7590124e-02   0.0000000e+00   6.0726564e-02   1.6714541e-01  -5.0285061e-02  -1.5638023e-01   1.0267443e-01   7.1067719e-02   9.4151599e-02  -5.1945507e-02   7.1483682e-02  -1.6179858e-02  -5.3063764e-02   9.3475939e-02   2.8347652e-01   2.0321374e-02  -5.4336215e-02  -9.0114982e-03   3.3110390e-02  -4.4073942e-02  -2.0582221e-01   9.8793963e-02  -1.2814272e-01   1.1733050e-01   3.3175700e-01   4.1975975e-02   2.6422004e-01   8.1237022e-02   6.9821066e-02  -9.9140104e-03   2.0074305e-01   2.2224525e-02   2.4983404e-01   1.8505142e-01   1.9357900e-01   1.0150307e-01   1.1920628e-01   1.4243697e-01   2.1794200e-01   1.3109463e-01   1.9623499e-01   0.0000000e+00   0.0000000e+00   0.0000000e+00   0.0000000e+00  -4.0786641e-02  -1.9605864e-01  -1.2605290e-01
   3.6389190e-02   0.0000000e+00   0.0000000e+00   9.7443206e-02   1.2005617e-01   4.2797183e-03  -7.9841709e-02   2.0308399e-01  -1.2413930e-01  -1.6006632e-03   1.0863139e-01   6.5178055e-03   2.8754447e-02   1.8932362e-01  -1.2183301e-01  -1.9076397e-01   0.0000000e+00   3.8116402e-01  -1.6563308e-01   2.0964175e-01   1.5391935e-01   1.0930261e-01   5.0461099e-02   9.2291841e-02   7.9348618e-02   1.6879029e-01   1.5879511e-01   2.7749378e-02  -2.1636715e-02   7.3965408e-02   1.7373603e-01  -5.0211484e-02  -1.1687142e-02   9.2966046e-02   8.1680383e-02   1.2381453e-01   4.9811008e-02  -4.4801334e-02  -5.5912720e-02   7.9275573e-02  -1.7523140e-02  -2.6151252e-02   1.2327710e-01  -3.1708714e-03  -6.2251301e-02  -1.1249082e-01   1.9397066e-01   2.1373949e-02   2.0376995e-01   1.4506779e-01   1.1228789e-01   2.5690027e-02  -8.1617189e-02  -2.7848853e-02  -6.6464307e-02   1.2627265e-01   4.0636534e-02  -1.2960097e-01   1.4846509e-01   1.0422282e-02   1.5371819e-01   2.1035566e-01   1.3323219e-01  -5.4084685e-04   8.3945679e-02   9.7739412e-02   8.2798834e-02   2.1705474e-01   1.7695702e-01   1.6607986e-01   1.5423637e-01   0.0000000e+00   2.8669480e-02  -9.0837838e-02   1.1970110e-01   1.7449514e-01   1.2289475e-02   9.4035596e-02   8.0587290e-02   3.2401356e-02   1.9481120e-01   1.6150602e-01   2.5572361e-01   2.1403606e-01   2.2065401e-02  -3.9068802e-02   1.1946041e-02   6.8056746e-02   1.6531504e-01   2.5537722e-01   8.7109739e-02   1.8834771e-01   1.2675573e-01   2.8327045e-02   3.4846306e-02   9.6698107e-02  -4.0716064e-02   5.8584398e-02   2.0437754e-02   9.5708447e-02  -2.8502946e-02  -1.8592999e-02   2.2002961e-02  -5.0107015e-02   1.2284126e-01   9.3397061e-02   2.7882591e-02  -9.9883270e-02   9.7123845e-02  -3.8570184e-02   2.0540223e-02   0.0000000e+00   0.0000000e+00   0.0000000e+00   0.0000000e+00   9.3147210e-02   1.5148589e-01   8.9581269e-02
   6.1213377e-02   0.0000000e+00   0.0000000e+00   1.2392467e-01   2.4116232e-01   2.4122185e-01  -1.1808173e-02   9.1454094e-02   1.0691631e-01   9.4271485e-02   8.4733029e-02   9.9615408e-02   1.7247621e-01   1.7644950e-01   5.6418909e-02   1.3120493e-01   3.8116402e-01   0.0000000e+00   1.2882921e-01   2.6971931e-01   1.3788370e-01   1.3590709e-01   2.0599586e-02  -1.2705853e-01   1.7779000e-01   3.0380417e-01   3.2520867e-01   2.2914552e-02   2.2852062e-02   8.8872102e-02   3.8298814e-01  -7.3176512e-02   1.6763195e-01   1.5999397e-01   1.6483239e-01   2.3100325e-01   8.9592918e-02   1.1355274e-01   7.1717487e-02   2.3993588e-01   9.6314031e-02   1.5076256e-01   3.4255557e-01   1.6133953e-01   3.3115064e-02   1.2943959e-01   3.8753662e-01   2.8207257e-01   4.3439127e-01   3.8701714e-01   2.9631680e-01   1.7602422e-01   1.7136748e-01   1.9954012e-01   1.0767613e-01   3.4198411e-01   2.7829729e-01   3.3960090e-02   2.0041108e-01   1.2051243e-01   6.0412534e-02   1.2765459e-01  -5.6457344e-03   6.7372049e-02   9.1676499e-02   3.0216090e-01   1.5338784e-01   2.7196129e-01   2.8711496e-02   3.6370512e-01   7.8065239e-02   0.0000000e+00  -3.5710806e-02   8.4777594e-02   4.3931443e-02  -1.2262360e-01   1.5036635e-01   1.9878067e-01   2.6045455e-01  -5.2553063e-02   2.4572785e-01   1.8726354e-01   2.3065384e-01   4.6312465e-01   2.4024629e-01   2.0089247e-01   1.2181072e-01  -6.4149828e-04   2.0247169e-01   2.6558686e-02  -8.9050870e-02   2.6341971e-01   2.1615676e-02   2.0614682e-01   1.2732569e-01  -2.6064407e-02   1.8229599e-01   1.7227489e-02   2.9538775e-02   6.5945384e-02   6.3330806e-02  -6.8351745e-02   3.8026884e-01   8.4099965e-02   1.9232240e-01   5.7789338e-02   5.6202074e-02  -3.3488696e-04   1.3630093e-01   1.0560851e-01   2.2790409e-01   0.0000000e+00   0.0000000e+00   0.0000000e+00   0.0000000e+00   8.3515838e-03   3.9234341e-02   8.9539238e-03
   1.0680704e-01   0.0000000e+00   0.0000000e+00   1.9079181e-01   1.6413638e-01   3.2183720e-01   2.3873894e-01  -5.1981214e-02   1.2445793e-01   2.4199408e-01   1.3671465e-01   8.1238223e-02   7.4444016e-02   6.2544788e-02   1.6074927e-01   3.7222149e-01  -1.6563308e-01   1.2882921e-01   0.0000000e+00   1.0717615e-01   4.6248021e-02   4.7443394e-02   6.5144060e-02  -2.4621475e-02   1.6771515e-01   1.5028810e-01   1.6110805e-01   7.1756280e-02  -2.3244775e-02   5.4850770e-03   1.1700233e-01  -2.1176713e-03   7.0691078e-02  -9.5174406e-02   1.9258781e-01   1.5715365e-01   1.0277970e-01   2.5599459e-01   2.4723199e-01   2.0034633e-01   1.0889579e-01   1.6782362e-01   2.4668915e-01   2.9820337e-01   7.8684886e-02   1.9375757e-01   2.5372654e-01   3.2831680e-01   1.1003674e-01   1.7251970e-01   7.6128860e-02   1.3592689e-01   2.3576267e-01   3.7045388e-01   2.8151990e-01   1.2345072e-01   2.0150541e-01   1.4447192e-01   3.8949930e-01   2.0151384e-01   1.0067761e-02   6.3313434e-02  -2.1992543e-02   4.3983171e-02  -5.6348435e-02   1.8308787e-01   3.1784523e-02   1.2432561e-01   6.0902804e-02   1.3492177e-01  -2.7386570e-02   0.0000000e+00  -7.3877840e-02   2.2895757e-01  -5.0806863e-02  -1.3816338e-01   1.3550265e-01   4.6673517e-02   1.1882732e-01   9.2103202e-02   1.1903338e-01   2.9198672e-02   4.5952848e-02   1.3433598e-01   1.9938802e-01   1.3445076e-01   1.5059000e-01   7.4620636e-02   7.3301024e-02   1.1965781e-02   1.4279350e-02   8.0975310e-02  -6.8007589e-02   1.4177976e-01   4.0626840e-01  -4.0396339e-02   1.5122237e-01   1.8454875e-01   2.1373363e-01   4.2211771e-02   6.3412246e-02   1.1953945e-01   3.1844029e-01   1.9011645e-01   1.1800938e-01   6.8861429e-02   1.6365960e-01   5.8845153e-02   1.9380660e-01   6.7341728e-02   1.6828164e-01   0.0000000e+00   0.0000000e+00   0.0000000e+00   0.0000000e+00  -1.5504945e-03  -1.9773966e-02  -1.6048334e-02
  -7.5478820e-03   0.0000000e+00   0.0000000e+00   3.0111782e-01   1.2364460e-01   2.1261445e-01   1.4221246e-01   8.6472455e-02  -8.9793117e-02   2.3081481e-01   1.5037812e-01   1.1327642e-01   6.0174854e-01   3.9286479e-02   1.0531601e-01   1.6174238e-01   2.0964175e-01   2.6971931e-01   1.0717615e-01   0.0000000e+00   2.8121493e-01   3.8096979e-01   2.7624674e-01   3.1210579e-01   2.0909447e-01   4.3907882e-02   2.2633392e-01  -1.2370515e-01   1.8185979e-01   2.5248094e-01   4.0123924e-01  -1.6305623e-01   9.2631789e-02   1.2921105e-01   1.5457408e-02  -1.5571586e-01  -2.0662328e-01   8.1530585e-02  -2.0040462e-02   3.4733142e-01   1.0404589e-01   7.2719003e-02   2.1466415e-01   3.2385922e-02   2.8350113e-01  -1.7988385e-03   1.0486422e-01   8.0222397e-02   2.8318523e-01   1.1905331e-01   1.9734924e-01   9.8079040e-02   7.0779658e-02   6.7457541e-02   1.8175885e-01   2.9724853e-01   1.2411793e-01  -2.2589626e-02   1.9733137e-01   3.3412414e-01   2.4753262e-01   1.7425757e-02  -9.3431288e-02   7.5948317e-02  -7.5380088e-02   1.1339338e-01   1.5926098e-02   5.5675383e-02   2.5434206e-01   6.5482808e-02   2.4761570e-01   0.0000000e+00  -1.3905060e-01   1.0818667e-01   6.4927170e-02   1.6115250e-03   1.5927784e-02  -1.6183327e-01  -1.5956147e-01   1.3893420e-01   7.0337065e-02   4.7769441e-02   1.5478104e-01   4.3271775e-01   2.6591982e-02   2.7586436e-01   3.0233167e-01   5.2284508e-02   1.4505483e-01   5.5468305e-01   1.1762349e-01  -1.5153457e-01  -8.1056413e-02  -9.7720585e-03   5.7807849e-02  -1.0628533e-02  -4.5396256e-02  -1.2005058e-01  -6.1236327e-02  -4.9648075e-02  -6.4382694e-02  -3.3296395e-01   6.4663928e-02  -6.7448942e-02  -1.0447416e-01   4.5346487e-02  -9.6762371e-02  -4.4831659e-04  -7.1093002e-02  -1.2024930e-01   1.5568831e-01   0.0000000e+00   0.0000000e+00   0.0000000e+00   0.0000000e+00   2.0778894e-02   1.3870466e-01   4.7968373e-02
  -1.1107514e-01   0.0000000e+00   0.0000000e+00   7.8458884e-02   1.1295991e-01  -2.3648169e-02   1.1814226e-01   8.1032141e-02  -7.1324441e-02   2.0578685e-02   1.7315288e-01  -8.6867334e-02   5.1922988e-01   2.4010359e-01   1.7873813e-01   2.0460972e-01   1.5391935e-01   1.3788370e-01   4.6248021e-02   2.8121493e-01   0.0000000e+00   4.0793047e-01   2.1857996e-01   2.4041965e-01   4.8256209e-01   2.5407422e-01   3.4350878e-01   1.3676381e-01   2.1697609e-01   1.4534393e-01   2.8210636e-01   2.0820453e-01   3.2966626e-01   3.1317146e-01   1.0973035e-01   1.8112341e-01   2.3478067e-01   1.2551080e-01   2.8752424e-01   2.6578639e-01   1.1955237e-01   1.7745109e-01   2.4048740e-01   1.7732382e-01   2.8029260e-01   1.6303408e-01   2.3660998e-01   5.5029297e-02   2.2701574e-01   1.3193269e-01   7.6647871e-02   2.8195097e-01   6.0295246e-02   1.4252690e-01   2.6142293e-01   2.7968749e-01   3.0734920e-01  -7.8158511e-02   1.3884735e-01   2.2802807e-01   3.1418274e-02   9.8965207e-02   1.4653294e-01  -4.6860795e-02   9.4737778e-02   1.3233239e-01  -3.8699359e-02   1.3606659e-01  -1.8399200e-01   1.8317999e-01   2.5215526e-02   0.0000000e+00   7.5917409e-02   1.0061767e-02  -2.1815040e-02  -2.0660908e-01  -1.5346991e-01  -4.8012194e-02   9.5449283e-02  -1.7880682e-01   1.1263203e-01   1.0365156e-04   5.4685987e-02   2.6586347e-01   1.7524381e-01   3.3645027e-02  -3.5900069e-02  -1.2454289e-01  -7.0236836e-02   7.5856995e-02  -1.8655777e-01   1.3925735e-01  -4.6986112e-02   5.9083068e-02   1.1900376e-01  -3.6909447e-02   1.5386779e-01   1.7663814e-02  -3.7847684e-02   4.0876223e-03   1.5509370e-01  -6.2617194e-02   9.0058473e-02   9.0255857e-02   1.9985162e-01   7.8503266e-04   4.7120007e-02  -4.1922381e-02   1.6129409e-01   4.0506048e-02   2.0695978e-01   0.0000000e+00   0.0000000e+00   0.0000000e+00   0.0000000e+00  -1.3521589e-02  -1.2403791e-01  -9.6698046e-02
