   0.0000000e+00   0.0000000e+00   2.6480777e-01  -1.0900857e-02   1.5696453e-01   0.0000000e+00   1.7392388e-01  -4.0540553e-02   3.2743250e-02   5.9831297e-02   1.3850213e-01  -2.4479592e-02  -8.8878691e-02  -4.8467473e-02  -1.2929426e-02  -1.7105631e-03   1.3383326e-01  -4.3675105e-02  -9.1271576e-02   3.3415994e-02  -8.9078179e-03  -1.6183965e-02  -1.6808290e-02   2.2051908e-02  -3.4852147e-02  -5.8225304e-02   6.5587912e-02   5.5813523e-02   4.3772313e-03  -1.1627965e-01   3.9925875e-02  -3.5237776e-02   1.1357543e-01   5.1342397e-02  -2.6729343e-03   5.2972321e-02  -3.8590942e-02   5.8817146e-02   7.1357492e-02   1.4928981e-01   4.4138616e-02   6.1834956e-02   1.5301570e-01   1.4506791e-01  -5.8446918e-02   5.6546496e-02   1.1298658e-01  -2.6803875e-02  -8.6558868e-02   4.3061050e-02   0.0000000e+00  -3.8486856e-03   2.3018617e-01  -7.2290878e-02  -1.2107517e-01  -1.0123645e-01   1.8700010e-02   4.6529957e-02  -1.0405733e-01   1.6619495e-01  -5.5500718e-02  -6.2417497e-02  -1.0415905e-01   1.2672163e-02  -1.1331643e-01  -3.4583570e-02  -1.9561557e-02   1.3252800e-01   6.9242057e-02  -1.0210321e-01  -4.9433245e-02   2.1190924e-01   2.6229565e-02   9.7351658e-02   3.3195535e-01   9.1091522e-02   7.2999478e-02   3.1582808e-01   9.2583606e-02   1.0137507e-01   1.8121871e-01   6.4439272e-02   6.9121346e-02   6.3857470e-02   7.4378899e-02   1.1305810e-01   1.8873241e-01   4.5885435e-02   2.5063082e-01   1.1335825e-01   1.0745911e-01  -5.7124715e-02   5.0333622e-02   2.2689660e-01  -2.0243239e-02  -8.0963344e-03  -7.3553512e-02   7.3434966e-02   1.6051325e-01   1.2258856e-01   4.0140896e-02   1.5033202e-02   8.0869192e-02   1.1700029e-01  -5.9575622e-02  -1.0346024e-01  -4.9642640e-02  -6.2743060e-02  -6.9939436e-02   1.7035181e-02   1.3780729e-01   2.4687689e-02   0.0000000e+00   2.2613985e-02   0.0000000e+00   2.9969131e-03  -6.0559333e-02   1.3673056e-01
   0.0000000e+00   0.0000000e+00   0.0000000e+00   0.0000000e+00   0.0000000e+00   0.0000000e+00   0.0000000e+00   0.0000000e+00   0.0000000e+00   0.0000000e+00   0.0000000e+00   0.0000000e+00   0.0000000e+00   0.0000000e+00   0.0000000e+00   0.0000000e+00   0.0000000e+00   0.0000000e+00   0.0000000e+00   0.0000000e+00   0.0000000e+00   0.0000000e+00   0.0000000e+00   0.0000000e+00   0.0000000e+00   0.0000000e+00   0.0000000e+00   0.0000000e+00   0.0000000e+00   0.0000000e+00   0.0000000e+00   0.0000000e+00   0.0000000e+00   0.0000000e+00   0.0000000e+00   0.0000000e+00   0.0000000e+00   0.0000000e+00   0.0000000e+00   0.0000000e+00   0.0000000e+00   0.0000000e+00   0.0000000e+00   0.0000000e+00   0.0000000e+00   0.0000000e+00   0.0000000e+00   0.0000000e+00   0.0000000e+00   0.0000000e+00   0.0000000e+00   0.0000000e+00   0.0000000e+00   0.0000000e+00   0.0000000e+00   0.0000000e+00   0.0000000e+00   0.0000000e+00   0.0000000e+00   0.0000000e+00   0.0000000e+00   0.0000000e+00   0.0000000e+00   0.0000000e+00   0.0000000e+00   0.0000000e+00   0.0000000e+00   0.0000000e+00   0.0000000e+00   0.0000000e+00   0.0000000e+00   0.0000000e+00   0.0000000e+00   0.0000000e+00   0.0000000e+00   0.0000000e+00   0.0000000e+00   0.0000000e+00   0.0000000e+00   0.0000000e+00   0.0000000e+00   0.0000000e+00   0.0000000e+00   0.0000000e+00   0.0000000e+00   0.0000000e+00   0.0000000e+00   0.0000000e+00   0.0000000e+00   0.0000000e+00   0.0000000e+00   0.0000000e+00   0.0000000e+00   0.0000000e+00   0.0000000e+00   0.0000000e+00   0.0000000e+00   0.0000000e+00   0.0000000e+00   0.0000000e+00   0.0000000e+00   0.0000000e+00   0.0000000e+00   0.0000000e+00   0.0000000e+00   0.0000000e+00   0.0000000e+00   0.0000000e+00   0.0000000e+00   0.0000000e+00   0.0000000e+00   0.0000000e+00   0.0000000e+00   0.0000000e+00   0.0000000e+00   0.0000000e+00   0.0000000e+00   0.0000000e+00
   2.6480777e-01   0.0000000e+00   0.0000000e+00   8.6103286e-02   3.0315941e-01   0.0000000e+00   1.7779194e-01  -3.7024392e-02   5.7121057e-02   1.3966483e-01   2.7563848e-01   1.3128236e-01   3.2839817e-02  -8.4762587e-02   1.3347558e-01   7.0023616e-02   1.8529666e-01   1.7834138e-01  -1.3919297e-02   1.7967276e-01   7.1031086e-02   1.9208246e-01   1.3496209e-01   1.4721142e-01   1.2454113e-01   9.7127520e-02   1.2545833e-01   2.3461263e-01  -3.8352335e-02  -7.0964847e-02   1.5800200e-01   9.1244657e-02   1.9888513e-01   6.1783659e-02   1.0258505e-01   1.5780310e-01   6.2021211e-02   3.6346732e-02   8.2076305e-02   1.2173730e-01   6.6034035e-02   4.8815489e-02  -2.4948841e-03   4.6225750e-02  -8.5206861e-02   6.8299248e-02   2.1534220e-01   1.6109071e-01   6.7714550e-02   2.5358721e-01   0.0000000e+00   9.3132487e-03   5.1235323e-02   1.5002694e-01  -4.0820049e-02   5.4900964e-02   1.3074525e-01   7.4632148e-02  -1.1358351e-01   2.4561835e-01   9.6896162e-02   2.2604971e-02   6.0772430e-02   6.8737795e-02  -1.3030076e-01   3.9102142e-02  -7.4506169e-02   1.5054759e-01  -9.0849660e-02  -4.2861876e-02  -4.6395448e-02   1.3448541e-01   8.8860429e-02   6.2191969e-02   3.4942137e-01   9.6850543e-03  -4.2405453e-04   8.2390943e-02   1.0532039e-01   7.9832637e-02   2.3390007e-01   1.7949981e-03   2.5354106e-01   1.1689846e-01   1.2896104e-01   8.1765870e-02   1.4850861e-01   5.4937800e-02   2.4609045e-01   8.9552264e-02  -1.1553377e-01   3.2197464e-02  -8.7715711e-03   1.4916382e-01  -3.2661836e-02  -1.0473821e-01  -1.2710396e-01  -2.5230085e-02  -2.0272016e-02   8.6483962e-02  -5.8718589e-02  -1.3030905e-02  -5.3425364e-03   1.3423825e-01   1.7352994e-02   4.4935500e-02   1.1287166e-01   1.3770347e-01   9.0617075e-02  -3.0494224e-02   8.1445419e-02   4.9988762e-02   0.0000000e+00   9.6888948e-02   0.0000000e+00   1.3367077e-02  -7.3912981e-02   9.4430169e-03
  -1.0900857e-02   0.0000000e+00   8.6103286e-02   0.0000000e+00   4.9964232e-03   0.0000000e+00   1.4386614e-01  -2.0745243e-02   1.7032166e-01   2.1796541e-01   8.3019711e-02   1.0355085e-01   1.9932772e-01   8.5625739e-02   2.2619692e-01   3.1284177e-01  -3.5859115e-02   1.2341374e-01   2.1942500e-01   3.3737096e-01   2.1107919e-01   2.4429356e-01   3.1995573e-01   2.5755351e-01   1.9957944e-01   2.3309489e-01   2.7721316e-02   2.2137257e-01   1.6132742e-01   1.3959699e-01   3.3976001e-02   1.5878645e-01   2.1124955e-01   1.3109301e-01   2.2846283e-01   1.6696626e-01   8.8703436e-02   1.9983700e-01   8.8503743e-02   2.1981164e-01   1.3945235e-01   1.3999934e-01   4.1673259e-02   2.1496443e-02   4.2984862e-02   1.7140764e-01   9.1841347e-02   2.9178126e-01   1.0689369e-01   5.5984969e-02   0.0000000e+00  -6.6257956e-02   5.0095461e-02   1.8867602e-01   1.4604126e-01   2.0561250e-01   2.0548919e-01   7.8834586e-02   1.2690057e-01   7.2087110e-02   3.4338042e-02   5.2855623e-03   1.1178711e-01   5.4588377e-02   3.3337926e-02  -5.3087734e-02   7.1907376e-02   1.1486066e-01   3.4690947e-02  -1.7980061e-02  -2.7198009e-03   1.1695529e-01   2.2420802e-02  -8.5413548e-02  -8.0835346e-02   1.6380845e-01   3.2515067e-02   4.1116181e-02  -6.0414899e-02   8.5066146e-02   8.9436800e-02   7.9261006e-02   2.3505691e-01   4.2998330e-02  -1.5679476e-02   4.3490541e-02   1.3847382e-01   4.4467995e-02   7.4032290e-02   2.1785510e-01  -2.4962657e-02  -2.4465847e-02   2.8700902e-02  -3.1299110e-03   1.2595732e-01   5.5648976e-02  -5.3519170e-02   3.5626547e-02  -1.3456145e-02   4.8376263e-02  -5.9522910e-02   8.7503452e-03  -3.8951814e-02   2.3198545e-03   1.3256925e-01   8.2484693e-02   1.8252663e-01   5.4746326e-02   8.0359311e-02  -3.0286094e-03   9.1415126e-02   9.8582737e-02   0.0000000e+00   1.5566835e-01   0.0000000e+00   1.3217813e-01   2.1752865e-02   4.6955448e-02
   1.5696453e-01   0.0000000e+00   3.0315941e-01   4.9964232e-03   0.0000000e+00   0.0000000e+00   9.3471431e-02  -4.8485587e-02   7.3708643e-02   4.6050193e-03   1.5958901e-01  -2.1592167e-02   6.8157744e-02  -4.4885201e-02   1.6364159e-01   6.3956244e-02   1.8045364e-01   1.5985315e-01   2.3278067e-02   1.2597540e-01   3.6573162e-02   9.8368365e-02   7.0725433e-02   8.9037621e-02   1.0502321e-01   1.6008873e-01   1.5454774e-01   2.0325248e-01   1.3537437e-01   6.9606270e-02   1.1755526e-01   1.1036324e-01   1.8751520e-01   1.7123170e-01   1.3995414e-01   1.4529340e-01   1.4934529e-01   1.0144646e-01   2.0467464e-01   1.3259135e-01   7.5977945e-02   6.4696539e-02   6.5024567e-02   1.1852440e-01   9.2817216e-02   9.2598551e-02   3.6702847e-01   1.4172312e-01   7.1743729e-02   1.4256864e-01   0.0000000e+00   2.1126840e-01   1.1143562e-01   1.3660436e-01   1.0931653e-01   9.4610138e-02   1.3565109e-01   3.9062827e-02  -1.2638732e-01   4.8058117e-02   1.8869903e-02   8.5555030e-03   1.0109547e-01   1.0669267e-01  -7.8632524e-02   4.4875499e-02  -3.3337231e-03   4.1434738e-02   1.2976145e-02   8.7754257e-02   6.8046098e-02   6.1278928e-02  -1.1922022e-01   1.8289605e-01   1.9209004e-01   1.5007967e-02   8.5682992e-02   5.1152775e-02   1.0648214e-01  -2.8581650e-03   5.9146012e-02   4.9561619e-02   9.2559284e-02   3.4724655e-02   4.2611846e-02   8.0190257e-02   5.4272850e-02   1.0800932e-02   7.2486891e-02   8.2544709e-02   2.5633869e-02   1.3825736e-01   2.1344009e-01   8.1371038e-02  -1.3141347e-02   8.1554773e-03  -3.5994222e-02   1.0087965e-01   5.8923850e-02   1.4903347e-01  -2.2816296e-02   1.4679694e-01   4.7669142e-02   5.0456724e-02   5.1890342e-02   1.6454820e-01   5.3228607e-02   1.0754989e-01   8.0069379e-02   7.6169202e-02   7.7476334e-02   7.0997810e-02   0.0000000e+00   2.0002629e-01   0.0000000e+00  -1.0626530e-02  -8.2708823e-02  -4.3618144e-02
   0.0000000e+00   0.0000000e+00   0.0000000e+00   0.0000000e+00   0.0000000e+00   0.0000000e+00   0.0000000e+00   0.0000000e+00   0.0000000e+00   0.0000000e+00   0.0000000e+00   0.0000000e+00   0.0000000e+00   0.0000000e+00   0.0000000e+00   0.0000000e+00   0.0000000e+00   0.0000000e+00   0.0000000e+00   0.0000000e+00   0.0000000e+00   0.0000000e+00   0.0000000e+00   0.0000000e+00   0.0000000e+00   0.0000000e+00   0.0000000e+00   0.0000000e+00   0.0000000e+00   0.0000000e+00   0.0000000e+00   0.0000000e+00   0.0000000e+00   0.0000000e+00   0.0000000e+00   0.0000000e+00   0.0000000e+00   0.0000000e+00   0.0000000e+00   0.0000000e+00   0.0000000e+00   0.0000000e+00   0.0000000e+00   0.0000000e+00   0.0000000e+00   0.0000000e+00   0.0000000e+00   0.0000000e+00   0.0000000e+00   0.0000000e+00   0.0000000e+00   0.0000000e+00   0.0000000e+00   0.0000000e+00   0.0000000e+00   0.0000000e+00   0.0000000e+00   0.0000000e+00   0.0000000e+00   0.0000000e+00   0.0000000e+00   0.0000000e+00   0.0000000e+00   0.0000000e+00   0.0000000e+00   0.0000000e+00   0.0000000e+00   0.0000000e+00   0.0000000e+00   0.0000000e+00   0.0000000e+00   0.0000000e+00   0.0000000e+00   0.0000000e+00   0.0000000e+00   0.0000000e+00   0.0000000e+00   0.0000000e+00   0.0000000e+00   0.0000000e+00   0.0000000e+00   0.0000000e+00   0.0000000e+00   0.0000000e+00   0.0000000e+00   0.0000000e+00   0.0000000e+00   0.0000000e+00   0.0000000e+00   0.0000000e+00   0.0000000e+00   0.0000000e+00   0.0000000e+00   0.0000000e+00   0.0000000e+00   0.0000000e+00   0.0000000e+00   0.0000000e+00   0.0000000e+00   0.0000000e+00   0.0000000e+00   0.0000000e+00   0.0000000e+00   0.0000000e+00   0.0000000e+00   0.0000000e+00   0.0000000e+00   0.0000000e+00   0.0000000e+00   0.0000000e+00   0.0000000e+00   0.0000000e+00   0.0000000e+00   0.0000000e+00   0.0000000e+00   0.0000000e+00   0.0000000e+00   0.0000000e+00
   1.7392388e-01   0.0000000e+00   1.7779194e-01   1.4386614e-01   9.3471431e-02   0.0000000e+00   0.0000000e+00   1.1985791e-01   1.8487485e-01   2.5894505e-01   2.6883839e-01   4.1414110e-02   1.4727729e-01   4.1288125e-02   2.6282296e-01   2.2847613e-01   9.8804380e-02   2.0540809e-01   2.2474210e-01   2.3237004e-01   1.5040397e-01   2.6402768e-01   2.2582052e-01   1.9382785e-01   3.3810191e-01   1.8466499e-01   1.0596870e-01   2.1057693e-01   4.9168892e-02   7.5197546e-02  -2.0832476e-02   2.1104795e-01   3.4694281e-01   2.1293598e-01   2.7990457e-01   3.0645710e-01   2.2527303e-01   2.9622816e-01   3.5452495e-01   3.2213749e-01   2.5610744e-01   2.9254213e-01   2.6131184e-04   1.9088305e-01   1.7428936e-01   2.2194162e-02   1.9124666e-01   2.3620048e-01   4.4994087e-02   1.4896635e-01   0.0000000e+00   1.3224372e-01   1.2879739e-01   1.6561448e-01   1.1797918e-01   1.4309610e-01   1.6865207e-01   9.6712657e-03   1.1339382e-01   1.2685461e-01   8.8238624e-02   1.8577459e-01   1.9499180e-01   1.0258643e-01   7.9447846e-02   1.4631869e-01   1.1523439e-01   3.8294509e-02  -5.5006613e-02   1.4713863e-01  -8.4666904e-02  -4.7987316e-02   2.0090285e-01   4.6911651e-02   8.7006622e-02  -3.3785087e-02   8.3773637e-03   4.7591288e-02   1.6173119e-01  -7.8759551e-02  -3.8783126e-03  -1.1095336e-01   1.4165684e-01   1.1290576e-02   1.8251448e-01  -1.2623184e-02   1.0611291e-01  -8.8053004e-02   1.1197951e-01  -3.1060146e-02  -6.1085934e-02   1.2334826e-01   2.0849651e-01   1.7118590e-01   2.1936827e-01   1.1054044e-01   5.0533549e-02   8.0938881e-02   3.6414697e-03   3.9700193e-02  -8.5288610e-02   6.2573538e-02  -1.2985989e-01   1.8961110e-01   6.4076131e-02   9.7625908e-02   8.4298294e-02   5.4110237e-02   6.5319069e-02   1.6187608e-01   8.1779606e-02   1.1078283e-01   0.0000000e+00   1.0788570e-01   0.0000000e+00   1.0031378e-01  -4.9304350e-02  -1.3606031e-01
  -4.0540553e-02   0.0000000e+00  -3.7024392e-02  -2.0745243e-02  -4.8485587e-02   0.0000000e+00   1.1985791e-01   0.0000000e+00   2.4940600e-01  -2.5464040e-02  -2.4815765e-02  -8.9622124e-02   1.1522852e-02   3.1681403e-01  -7.5517636e-02  -9.2854885e-02  -6.7752375e-02  -2.7068518e-02   1.2670773e-01  -1.2731255e-01  -7.1783207e-02  -8.6705823e-02  -9.1504725e-02  -1.5131835e-01   3.2267182e-02  -1.0132053e-02  -1.6728896e-02  -1.5834837e-01  -2.1902460e-01  -2.5193424e-02  -1.9792531e-01   5.2896354e-02  -8.4309632e-02  -1.3001505e-01  -6.8279218e-02  -8.1810362e-02  -3.1400443e-02  -2.7359294e-04   4.3603079e-02  -6.1490169e-02   5.6648871e-02   6.3950959e-03  -2.1981563e-02   6.5647829e-02   3.9117493e-02  -9.7126101e-02  -6.9453546e-02  -9.7810018e-02  -1.1039975e-01  -2.4565474e-02   0.0000000e+00  -3.6593472e-02  -5.5572934e-02   6.1893260e-02   5.6733191e-02  -7.9478125e-02  -1.3079438e-01  -7.9824944e-02   8.1650043e-02  -2.0109155e-01   2.0049610e-01   1.7645483e-01   1.7596956e-01  -6.2042905e-02   4.1347337e-01   1.9931016e-02   2.7735991e-01  -7.9342974e-02   9.6783193e-02   2.9838240e-01   2.3253238e-01  -1.5409754e-01   3.9024653e-02  -4.1209749e-02  -2.3464997e-03  -2.0743028e-02   6.7738587e-02  -1.4263177e-02   1.8988898e-01  -2.6719093e-01  -2.2140582e-01  -1.6838549e-01  -1.5072168e-01   2.9587214e-02   9.4722030e-03  -4.3817752e-02  -9.4045388e-02  -1.8516204e-01  -1.0793623e-01  -2.6194108e-01   4.7465070e-02   7.6156718e-02   9.8111921e-02  -3.9132728e-02   8.0307897e-02   1.2532848e-01   1.9146101e-01   9.0758583e-02   6.4928379e-02   1.9574194e-02  -1.7489008e-02   9.2936589e-02   3.8672222e-02  -3.6670215e-02   5.8997696e-02   5.7761824e-02   8.9699210e-03  -5.0234032e-02  -2.3588948e-02   1.0677643e-01  -6.0040724e-02  -1.4156710e-02   0.0000000e+00  -2.8673071e-02   0.0000000e+00   3.3452795e-01   3.3151785e-01  -1.2965089e-01
   3.2743250e-02   0.0000000e+00   5.7121057e-02   1.7032166e-01   7.3708643e-02   0.0000000e+00   1.8487485e-01   2.4940600e-01   0.0000000e+00   2.1196925e-02   4.5617038e-02  -1.0343499e-01  -3.1704229e-02   1.6336913e-01   1.2532937e-01   6.2702242e-02  -6.4829442e-02   5.8668914e-03   1.4222527e-01  -1.4615758e-01  -4.3211521e-02  -5.1063147e-02  -2.6850150e-03  -7.5003470e-02   4.8401781e-02  -5.2327844e-02  -8.4874929e-02  -1.0321321e-02  -1.1575879e-01  -1.5589440e-01  -1.8817069e-01   1.6047660e-01  -4.5440222e-02  -4.2605451e-02  -2.5764007e-02  -5.2487437e-02   3.4467862e-02   7.2670735e-04   7.8244878e-02   1.3483011e-01   1.0388136e-01   7.2662743e-02  -1.7522699e-02   1.6845469e-01   1.4660573e-01  -2.7510409e-02   3.1105559e-02   1.9319029e-02   1.9394424e-02  -6.0193083e-02   0.0000000e+00   1.0063724e-03   8.8423811e-02   1.9497010e-01   1.6674462e-01   6.0726516e-02  -2.8001585e-02   2.1506693e-02  -3.1136945e-02  -8.8147068e-02   5.3748089e-02   9.3954011e-02   2.3729401e-01  -2.6463364e-02   3.1784518e-01  -2.6542612e-02   2.3442997e-01   6.8765394e-02  -4.7101252e-05  -5.1161866e-02  -3.9266195e-02  -1.8764388e-02  -3.8316399e-02  -1.7355535e-02   5.1413841e-02   5.3569952e-02   4.2818593e-02   1.7143037e-02   9.3904619e-03   3.4798362e-03  -6.4601755e-02  -1.2950940e-01  -1.7141930e-02  -1.4468416e-01   4.8828000e-02  -2.8059268e-02   8.1091458e-03  -3.1821008e-02  -6.7305543e-03  -9.3791698e-02   1.8536124e-01   1.2473202e-01   1.2132447e-01   8.7339693e-02   1.6034671e-01   2.7933460e-01   3.5804509e-01   2.2645313e-01   1.5214273e-01   1.3671406e-01   1.2129291e-01   1.3976817e-01   2.1021335e-02   4.1198155e-02   3.7237494e-01   1.4593362e-01   2.5045348e-01   8.0615454e-02   1.0340037e-01   7.4608957e-02   2.4092991e-01   7.8182575e-02   0.0000000e+00   2.5889656e-01   0.0000000e+00   2.5642570e-01   4.1598382e-02  -1.2504975e-01
   5.9831297e-02   0.0000000e+00   1.3966483e-01   2.1796541e-01   4.6050193e-03   0.0000000e+00   2.5894505e-01  -2.5464040e-02   2.1196925e-02   0.0000000e+00   2.1624957e-01   2.5143918e-01   4.0280678e-01   9.9007019e-02   3.1425230e-01   4.3869812e-01   6.1033151e-02   1.3921227e-01   1.6523066e-01   4.1742886e-01   3.9606778e-01   4.7128548e-01   4.0890178e-01   3.8268130e-01   4.1034432e-01   1.9929561e-01  -3.0700659e-03   2.6006178e-01   2.0277214e-01   1.6847629e-01   1.0168183e-01   1.8827769e-01   3.5710167e-01   3.7484007e-01   4.1676721e-01   4.6334859e-01   4.5529878e-01   2.2422260e-01   2.5958199e-01   3.7752476e-01   1.2287659e-01   2.7371155e-01  -6.5185933e-02   8.2434930e-02   7.5212530e-02   6.6699625e-02   1.2794835e-01   3.9803547e-01   4.3321271e-02   2.3943959e-01   0.0000000e+00   3.8897326e-02   6.5072780e-03   2.5685277e-01   2.0560727e-01   3.4086402e-01   3.1887851e-01   1.5274555e-03   1.8926354e-01   1.8716713e-01  -4.7331255e-02  -6.5439818e-02   1.1191293e-01   1.3864558e-01  -1.5567995e-03   1.1425326e-01  -1.4292873e-02  -3.4744813e-02  -1.0289615e-01  -2.9081923e-02  -1.6763679e-01  -4.2052877e-02   1.4779001e-01  -1.7817625e-01  -6.7879605e-02  -1.3524663e-03  -1.1114086e-01  -9.7708041e-02  -1.3498098e-01  -1.6846475e-02  -4.2450628e-02  -8.1654765e-02   1.6493236e-01  -1.9516150e-02  -6.5639181e-02  -3.0727240e-02   7.5558048e-02  -7.1878785e-02  -8.5202410e-02   1.6562142e-01  -1.9268441e-01  -9.0492415e-02  -5.1641323e-02   7.4199664e-02   2.8455701e-02  -2.7969438e-03  -1.2014883e-01  -7.9770330e-02  -1.6345970e-01  -3.7971558e-02  -2.5077024e-01  -6.6316164e-02  -2.3035544e-01  -4.4167058e-03   1.5575341e-01   1.0229473e-01   2.4970646e-01   1.3619319e-01   6.0537000e-02  -9.3127578e-02   3.2016396e-02   1.2716284e-01   0.0000000e+00   1.0622936e-01   0.0000000e+00   9.4546023e-02  -4.6230402e-02  -9.9229953e-02
   1.3850213e-01   0.0000000e+00   2.7563848e-01   8.3019711e-02   1.5958901e-01   0.0000000e+00   2.6883839e-01  -2.4815765e-02   4.5617038e-02   2.1624957e-01   0.0000000e+00   1.2927001e-01   2.8936868e-01   1.9213915e-02   1.7471544e-01   2.3948760e-01   1.1894326e-01   1.1464793e-01   2.2590271e-02   2.7846406e-01   2.7194599e-01   3.0155630e-01   2.9938802e-01   3.5446874e-01   2.9536125e-01   2.2997406e-01  -3.9930269e-02   2.6015611e-01   1.3073594e-03   1.1475523e-01   2.3452216e-02   3.4354748e-01   2.7825880e-01   2.4008615e-01   3.2821226e-01   2.7477504e-01   2.0352272e-01   3.0670065e-01   2.9029092e-01   4.4582965e-01   3.9347612e-01   1.3688393e-01  -1.3246177e-01   7.7686033e-02   1.8710746e-01  -2.1658236e-03   1.0974042e-01   3.2000260e-01   1.4053620e-01   7.5919489e-02   0.0000000e+00   1.6200582e-02   4.5128179e-02   2.6675316e-01   8.7158865e-02   2.2746577e-01   1.2686023e-01   8.2582247e-02   3.6512863e-02   1.2764997e-01   7.3527595e-02   3.8644257e-02   2.2924803e-01   4.5093965e-02   7.6613528e-02  -2.2241026e-02   1.0820152e-01   6.3527839e-02  -1.2379192e-01  -2.7104262e-02  -7.1132183e-02  -3.6682912e-02  -1.3915352e-02   1.2193062e-01   2.2410128e-01   7.0180491e-02  -1.2818811e-01  -1.1755410e-01  -8.9430619e-02  -6.2646849e-02  -2.3426774e-02  -1.3916122e-01   1.8794959e-01  -8.3566654e-02   8.5507971e-03  -8.6440449e-02  -2.6408552e-02   1.3380504e-02   9.3067845e-03   8.1459268e-03  -1.6284821e-01  -2.5094910e-02   1.1713136e-01   8.9964944e-02  -2.4962550e-02   2.7168732e-02  -4.8517521e-02   1.6903079e-02  -6.2962369e-02   2.0428034e-03  -4.7930149e-02   6.2828785e-02  -1.6076320e-01   1.1095484e-01   9.1235731e-02   1.8568597e-01   1.1287292e-01   4.3223634e-02   2.0768130e-01   3.9508330e-02   1.4467213e-01   4.6568273e-02   0.0000000e+00   2.4593265e-02   0.0000000e+00   5.1403096e-02  -5.0653809e-02  -1.5158708e-01
  -2.4479592e-02   0.0000000e+00   1.3128236e-01   1.0355085e-01  -2.1592167e-02   0.0000000e+00   4.1414110e-02  -8.9622124e-02  -1.0343499e-01   2.5143918e-01   1.2927001e-01   0.0000000e+00   2.1128965e-01  -5.6224845e-02   9.7515574e-02   1.3167479e-01  -2.7630441e-02   1.2197661e-02  -1.1391619e-02   2.9603102e-01   2.3140263e-01   1.5082221e-01   2.2867634e-01   1.9320072e-01   9.3154543e-02   4.9544054e-02  -1.0424673e-01   2.0724821e-01   3.7724161e-02   3.6095702e-02   2.6140146e-01  -3.0714153e-03   6.7935475e-02   7.2024945e-02   1.0527232e-01   1.0862564e-01   5.6004530e-02   8.5227649e-03  -1.4722601e-01   6.6159115e-02  -2.0973080e-02  -9.6475511e-02   3.6035186e-02  -1.5138719e-01  -9.2053132e-02   9.4224274e-02  -3.1198155e-02   2.1825020e-01   1.0068410e-01   1.2808145e-01   0.0000000e+00  -2.7136661e-01  -1.3128263e-01   1.3359312e-01  -8.3218156e-03   1.6849300e-01   7.9721524e-02   7.4388882e-02   1.3833035e-01   1.6139858e-01  -1.5367545e-02  -1.8481968e-01  -6.3494570e-02  -1.7701109e-02   9.6999745e-03   7.1368584e-02   6.6187893e-02   1.2679541e-01  -1.7960593e-02  -1.1084766e-01  -8.6908655e-02   5.4167055e-02   3.8668615e-02   5.3343595e-02   3.2154853e-02  -9.5575831e-03  -1.0543494e-01  -6.3836185e-02  -8.9476709e-02   5.3741898e-02   3.0342527e-02   4.1201339e-03   1.4209166e-01   1.6694488e-01  -8.5640635e-02  -2.3519982e-02   2.3684656e-01   2.0032090e-02   2.3263307e-01   2.5653743e-01  -1.9185491e-01  -2.0434945e-01  -9.8354406e-02   2.2202059e-02  -7.5492201e-03  -1.0727352e-01  -2.5027273e-01  -2.2351307e-01  -1.6929839e-01  -5.5933618e-02  -2.3989201e-01  -2.3046169e-01  -1.0927669e-01   2.2940237e-02  -3.8670555e-02  -4.7898979e-02   5.3271178e-02   5.5445927e-02   6.0636359e-02   3.1931001e-02  -2.3534447e-02  -3.2383548e-02   0.0000000e+00  -1.0979670e-01   0.0000000e+00  -4.3472854e-02   4.9812171e-04  -8.4527801e-03
  -8.8878691e-02   0.0000000e+00   3.2839817e-02   1.9932772e-01   6.8157744e-02   0.0000000e+00   1.4727729e-01   1.1522852e-02  -3.1704229e-02   4.0280678e-01   2.8936868e-01   2.1128965e-01   0.0000000e+00   1.5592803e-01   3.9463613e-01   3.9276625e-01   6.8438866e-02   2.1523956e-01   1.9147326e-01   7.0830993e-01   5.3771268e-01   5.4709343e-01   5.0916537e-01   4.2563775e-01   4.5754950e-01   4.6939541e-01   1.4381777e-01   3.8717887e-01   2.6988510e-01   3.3271977e-01   2.6389927e-01   2.8186487e-01   4.6890427e-01   4.3257888e-01   5.2424811e-01   3.9556466e-01   3.1148007e-01   2.6975127e-01   1.8911232e-01   3.0389460e-01   1.3240824e-01   1.5826875e-01  -1.2412336e-02   1.1475163e-02   1.9308716e-01   2.4124064e-01   2.4389974e-01   5.3662834e-01   3.2666175e-01   1.3483819e-01   0.0000000e+00   2.9007123e-02   1.1146299e-02   2.5577811e-01   3.0491151e-01   4.8893618e-01   3.8694251e-01   9.0263017e-02   2.5857660e-01   2.7682082e-01   1.6275958e-01   6.8444510e-02   2.4047819e-01   2.4052212e-01   3.4944204e-02   1.8198686e-01   2.1478408e-01  -2.5612100e-03   1.3299708e-01   2.3707343e-01   4.6237890e-02   3.8695859e-02  -1.2328420e-01  -6.3707800e-02  -9.4744200e-02   2.8053619e-02  -5.9986270e-02  -1.0652304e-01  -5.4008273e-02  -8.1316943e-03   6.9472497e-02   2.6234810e-02   2.9295794e-01   2.4350424e-01  -3.2106024e-03  -3.8507444e-02   1.7434836e-01  -2.1470736e-02  -7.5324834e-03   2.6554599e-01  -1.3383309e-01   3.5007342e-02  -1.3338210e-02   4.3532391e-02   7.7028176e-02   3.0311517e-02  -8.2340842e-02  -8.7763011e-02  -1.5477886e-01  -3.1786721e-04  -1.4456795e-01  -6.0081067e-02  -2.1929723e-01   5.1745953e-02   1.6612791e-01   4.4022463e-01   2.3748871e-01   1.7669915e-01   3.3543651e-01   1.1895885e-01   2.1016817e-01   8.0161571e-02   0.0000000e+00   2.6060380e-02   0.0000000e+00   6.7726174e-02   6.6466999e-02   3.7811955e-02
  -4.8467473e-02   0.0000000e+00  -8.4762587e-02   8.5625739e-02  -4.4885201e-02   0.0000000e+00   4.1288125e-02   3.1681403e-01   1.6336913e-01   9.9007019e-02   1.9213915e-02  -5.6224845e-02   1.5592803e-01   0.0000000e+00   3.8836532e-02   4.3509882e-02  -7.5257171e-02  -7.0061863e-02   8.0352160e-02  -4.4807498e-02   1.2906669e-02   4.6609340e-02   1.1796053e-01  -8.1514706e-03   1.1655798e-01   5.8313166e-02   5.5790172e-02  -2.9207769e-02  -1.0242345e-01   1.0216634e-01  -2.1322796e-01   2.6138738e-01  -4.7156143e-02  -6.1617605e-02   5.6977172e-02   6.0575877e-03  -2.6179211e-02   5.1244636e-02   4.0194332e-02   2.4428859e-02   6.6493653e-02  -2.7535806e-02  -9.6521152e-03   1.0251587e-02   9.5896999e-02  -4.1538792e-02  -1.5340209e-02  -5.1146385e-02  -5.9204175e-02  -3.5623631e-03   0.0000000e+00  -3.2083686e-02   7.8548869e-02   9.0212633e-02   9.3921200e-02  -3.9945367e-02   6.1918153e-02  -1.0777999e-01  -8.2638174e-03  -1.1837107e-01   2.4300933e-01   1.8681373e-01   5.1275929e-01  -1.2144203e-01   2.7960531e-01  -6.6076530e-02   1.6626081e-01  -9.8677595e-03   3.1679982e-02   1.5656219e-01   4.4722103e-01  -3.5081670e-02   4.5271152e-02  -5.6677339e-02  -7.5250496e-02   6.0311846e-02   3.1641966e-02   9.8379927e-02   2.0010229e-01  -9.6798620e-02  -5.2764445e-02   1.0500582e-01   1.1660204e-01  -5.5775756e-02   9.2800658e-02  -1.0567814e-01  -1.5201366e-01  -7.6614838e-04  -9.1201012e-02  -1.4618472e-01   9.0525383e-02   1.4344862e-01   6.6701501e-02   8.3274005e-02   1.4352095e-01   1.4527792e-01   9.6282048e-02   1.1577475e-01   4.3971962e-02   9.3447659e-03   2.6242107e-02   9.9318605e-02  -6.2835645e-02  -2.6978807e-02   2.2205532e-01   6.9906281e-02   1.0912379e-01  -1.6797868e-02   1.0180402e-01   1.2816507e-01  -1.1847986e-01   5.3293105e-02   0.0000000e+00   8.0465209e-02   0.0000000e+00   3.5827406e-01   3.7070682e-01   1.4406041e-01
  -1.2929426e-02   0.0000000e+00   1.3347558e-01   2.2619692e-01   1.6364159e-01   0.0000000e+00   2.6282296e-01  -7.5517636e-02   1.2532937e-01   3.1425230e-01   1.7471544e-01   9.7515574e-02   3.9463613e-01   3.8836532e-02   0.0000000e+00   4.8741144e-01   4.6196399e-02   1.7111438e-01   3.3257014e-01   3.8429455e-01   3.5971680e-01   3.4996747e-01   3.7510426e-01   2.7466685e-01   3.1744083e-01   2.4042308e-01   5.1095214e-02   2.8978456e-01   2.6071417e-01   1.3056917e-01   1.1504361e-01   1.7525623e-01   4.4699592e-01   5.4006334e-01   3.8764949e-01   3.8938127e-01   4.2360386e-01   2.7457636e-01   3.5374740e-01   3.5515503e-01   1.4148715e-01   2.7258688e-01  -4.2264426e-02   9.6719306e-02   1.2525434e-01   1.3508129e-01   3.1015195e-01   4.5860514e-01   1.0738642e-01   1.6241789e-01   0.0000000e+00   1.4434589e-01   2.5475182e-02   3.0143226e-01   4.9290007e-01   5.4938029e-01   3.8337834e-01   9.3006559e-02   1.8211133e-01   1.3358644e-01  -5.4061559e-02  -2.5573588e-02   8.7204555e-02   2.9456040e-01  -4.5657288e-02   2.2285090e-01   1.2245283e-02   4.1634558e-03  -4.5626450e-02   1.7207769e-04  -1.3814528e-01   2.7965380e-02  -8.6845770e-02  -6.5811073e-02  -5.4850389e-02  -3.7227149e-02  -3.0543690e-02  -8.3419990e-02  -7.1985754e-02  -3.7009713e-02   1.5729690e-02  -5.1934029e-02   1.3858492e-01  -5.4079761e-03   8.4049299e-03   1.9326124e-02   1.4560763e-01  -3.5723542e-02   2.0442519e-02   1.5476575e-01  -1.0872573e-01   4.8668135e-03   4.6747171e-02   7.9795325e-02   1.7087485e-01   1.0249012e-01  -7.2244221e-02  -1.9873825e-02  -6.7591194e-02   5.0972673e-02  -8.0754509e-02  -4.4519280e-03  -1.6558454e-01  -6.9737413e-02   1.2960056e-01   2.2232000e-01   2.7159794e-01   1.6414424e-01   1.2080291e-01   8.1298646e-03   2.0412270e-01   2.6805493e-01   0.0000000e+00   3.6126472e-01   0.0000000e+00   3.9956421e-02  -6.9805529e-02  -1.4420255e-01
  -1.7105631e-03   0.0000000e+00   7.0023616e-02   3.1284177e-01   6.3956244e-02   0.0000000e+00   2.2847613e-01  -9.2854885e-02   6.2702242e-02   4.3869812e-01   2.3948760e-01   1.3167479e-01   3.9276625e-01   4.3509882e-02   4.8741144e-01   0.0000000e+00   3.4189754e-02   1.7446667e-01   2.7180503e-01   4.8021586e-01   3.9482091e-01   4.4790159e-01   4.5134925e-01   4.3836232e-01   3.7852363e-01   2.9799212e-01   6.2333057e-02   3.7790255e-01   2.3583472e-01   2.0452106e-01   1.4552864e-01   2.0753744e-01   5.3352985e-01   3.8987603e-01   4.0329682e-01   4.9190922e-01   3.8500197e-01   3.2936922e-01   2.5929485e-01   3.6651658e-01   2.0946688e-01   2.3991602e-01  -7.0318230e-02   4.2172967e-03   1.4085947e-01   1.1617319e-01   2.8908086e-01   5.4604754e-01   1.6839430e-01   9.8912720e-02   0.0000000e+00  -1.7831212e-02  -2.4081879e-02   4.4226079e-01   5.5533572e-01   5.8246145e-01   3.9634691e-01   1.5458454e-01   2.1341101e-01   1.9556807e-01  -7.8565154e-02  -9.5222795e-02   9.2918536e-02   1.6051329e-01  -1.0334367e-01   1.2777948e-01   5.3273890e-02   2.3977319e-02  -6.7533612e-02  -4.2195485e-02  -1.5464046e-01   3.5247999e-02  -1.2344093e-01  -1.0630130e-01  -1.3557011e-01  -6.8348513e-03  -1.0363102e-01  -1.3094457e-01  -1.2605988e-01   4.3402746e-03   1.1278468e-02  -6.9191992e-02   2.1301839e-01   2.0139907e-02  -2.7664834e-02  -5.0181219e-02   1.5541986e-01  -5.2033886e-02   7.5036591e-02   1.9985315e-01  -1.8471040e-01  -7.0764199e-02  -6.7155590e-02   1.5216860e-03   1.2754603e-01  -1.1479566e-02  -1.1658124e-01  -1.5623456e-01  -1.7453219e-01  -5.2381747e-02  -1.4008520e-01  -1.1683758e-01  -2.5510381e-01  -9.8787915e-04   1.8481820e-01   2.5274288e-01   3.8098138e-01   2.2180828e-01   2.0224874e-01   3.4050596e-02   1.5881509e-01   1.5625206e-01   0.0000000e+00   1.4604108e-01   0.0000000e+00   1.0430218e-01  -1.6860450e-02  -1.0037737e-01
   1.3383326e-01   0.0000000e+00   1.8529666e-01  -3.5859115e-02   1.8045364e-01   0.0000000e+00   9.8804380e-02  -6.7752375e-02  -6.4829442e-02   6.1033151e-02   1.1894326e-01  -2.7630441e-02   6.8438866e-02  -7.5257171e-02   4.6196399e-02   3.4189754e-02   0.0000000e+00   2.5803508e-01  -7.6180270e-02   9.9033348e-02   1.0081275e-01   1.2038634e-01  -7.5638293e-02   3.7854654e-03   6.0314156e-02  -2.6158625e-02   1.7506294e-01   1.2232867e-01   1.4630222e-01   6.3388485e-02   1.8589269e-01  -5.0761479e-02   8.6518429e-02   1.5290566e-01   9.4054565e-02   1.2928591e-01   1.8157147e-01   5.0319417e-02   9.6298545e-02   1.1714410e-01   4.3058809e-02   9.7445443e-02   1.8262222e-02   1.2777900e-01   6.7265212e-02   1.0401211e-01   1.5903653e-01   8.0746540e-02  -2.2321576e-02   2.1567640e-01   0.0000000e+00   1.0668604e-01   2.1191040e-04  -3.8025767e-02   3.7867095e-02   6.4903679e-02   2.0541767e-01  -6.4329482e-02  -1.0147591e-01   1.0865479e-01   7.4461396e-02   1.5595107e-02  -1.2353234e-01   1.8617737e-01  -8.2901855e-02   1.4056422e-01  -1.8916275e-01  -5.2576864e-02   3.3307815e-02   9.9691234e-02  -7.8557497e-02  -5.4696423e-02   5.0563378e-02   9.5154896e-02   9.4508623e-02  -8.1482264e-02   3.7913933e-02   5.8000525e-02   8.6078126e-02  -2.9785134e-02   8.9780866e-02  -6.0295665e-02   7.4150199e-02   1.5724634e-01   6.6042766e-02   2.9454323e-02   6.8464082e-02  -5.3842693e-02   9.2727498e-02  -2.9814236e-02  -1.4184318e-01   1.0236034e-01   5.8841006e-02   1.2099641e-01  -4.3530614e-02  -6.5217535e-02  -5.6999829e-02  -7.3270481e-02  -5.1999264e-02  -4.3250377e-02  -1.0581824e-01  -4.3915735e-02   3.5944880e-03   3.2652067e-02  -6.0278373e-02   4.0087535e-02   4.5946033e-02   9.8667644e-02   2.8112172e-02   1.5051968e-02   3.0320366e-02   9.6757533e-02   0.0000000e+00   6.9929909e-02   0.0000000e+00  -5.1404745e-02  -4.1530183e-02  -2.0237450e-02
  -4.3675105e-02   0.0000000e+00   1.7834138e-01   1.2341374e-01   1.5985315e-01   0.0000000e+00   2.0540809e-01  -2.7068518e-02   5.8668914e-03   1.3921227e-01   1.1464793e-01   1.2197661e-02   2.1523956e-01  -7.0061863e-02   1.7111438e-01   1.7446667e-01   2.5803508e-01   0.0000000e+00   1.7658244e-01   2.2200027e-01   1.4598736e-01   1.6807188e-01   4.2640553e-02   8.5688506e-02   2.1861855e-01   2.1391568e-01   2.0689193e-01   1.9937366e-01   1.1712316e-01   1.9164022e-01   2.5694141e-01   1.0646846e-01   2.3612385e-01   2.1861979e-01   2.4728247e-01   1.8691407e-01   1.7777311e-01   1.1282741e-01   1.7536651e-01   9.0689367e-02   3.9487027e-02   2.2379351e-01   1.4572525e-02   1.2664651e-01   1.2390599e-01   1.7351527e-01   1.9996932e-01   2.3952802e-01   2.5282968e-01   2.6773259e-01   0.0000000e+00   2.0728717e-01   1.8501586e-02   9.5738786e-02   1.3014240e-01   1.4789630e-01   1.8812881e-01   1.7647796e-02   2.4189656e-02   2.3615094e-01   2.0772268e-01   1.7469639e-01   8.2420843e-02   1.6669860e-01  -2.7469536e-02   1.1901799e-01  -3.3950112e-02   5.0234227e-02   2.2248817e-02   2.9162409e-01  -2.6266720e-02   5.8663531e-02   1.2654337e-02   9.7575778e-02   4.1497181e-02  -6.7462590e-02   6.8689711e-02  -1.7711575e-02   1.2610294e-01  -5.1601078e-02   1.1592580e-01   2.6420654e-02   1.8180114e-01   1.8806591e-01   2.3185300e-01   1.0813704e-02   5.9227434e-02  -2.6933960e-02   6.9527466e-02   1.9082818e-02  -9.9239562e-02   2.3846441e-01   2.1781520e-01   7.2958277e-02  -2.8903009e-02   2.3962252e-02   3.0538730e-02   4.0988608e-02   1.4060454e-05   1.1043369e-01  -4.9368230e-02   1.1125577e-01  -3.0558386e-03   1.0177394e-01   1.2454538e-01   1.8301220e-01   9.6603639e-02   1.9585871e-01   1.6261915e-01  -8.7971445e-03   1.7620861e-02   7.1401519e-02   0.0000000e+00   1.4614905e-01   0.0000000e+00  -3.7018948e-02  -8.6270596e-02  -9.2141204e-02
  -9.1271576e-02   0.0000000e+00  -1.3919297e-02   2.1942500e-01   2.3278067e-02   0.0000000e+00   2.2474210e-01   1.2670773e-01   1.4222527e-01   1.6523066e-01   2.2590271e-02  -1.1391619e-02   1.9147326e-01   8.0352160e-02   3.3257014e-01   2.7180503e-01  -7.6180270e-02   1.7658244e-01   0.0000000e+00   1.2505267e-01   1.5181403e-01   2.4755714e-01   1.8118608e-01   9.1668275e-02   3.2147275e-01   7.5628847e-02   1.3774644e-01   1.6542467e-01   1.3665721e-01   9.7981777e-02  -2.4614613e-02   1.6776584e-01   2.0622268e-01   2.1789760e-01   1.7012846e-01   2.6022634e-01   3.0243470e-01   1.8721994e-01   3.3912989e-01   1.7222978e-01   1.6455075e-01   2.9765762e-01   1.7640210e-01   1.7074234e-01   1.3610387e-01  -1.3961081e-03   1.9098843e-01   2.6407947e-01   1.1080334e-01   9.8615156e-02   0.0000000e+00   1.6661577e-01   3.2616752e-02   3.1516765e-01   3.1435285e-01   2.1358504e-01   2.4830394e-01  -1.5547927e-03   4.0381336e-01  -4.8721006e-03   1.4259277e-01   2.3100940e-01   8.8459360e-02   6.5750557e-02   6.7764773e-02   2.5190344e-01   1.3232637e-01   6.9649093e-02  -2.3382027e-02   1.4998122e-01  -7.2333065e-03  -1.0018827e-02  -5.7853527e-02   1.0433592e-02  -1.1216897e-01   1.3934275e-02   7.0934492e-02  -5.4768657e-03   1.4122423e-01  -9.2896603e-02  -1.2404383e-02  -6.3745855e-02   8.6084051e-02   2.2576144e-02   1.0527810e-01   1.7821996e-02   7.3222386e-02  -1.1728122e-01   5.2277777e-02  -2.3559769e-02   3.0482792e-02   2.2532027e-01   9.9153499e-02   1.5813551e-01   4.1164981e-01   7.4838922e-02   8.1500056e-02   1.1656626e-01  -3.0623889e-02   3.9892609e-02  -1.2632065e-01   1.1707194e-01  -2.3276343e-02   4.8521031e-02   2.0029839e-01   1.1644431e-01   1.8820349e-01   1.6535632e-01   9.3935145e-02   1.7589063e-01   6.0570314e-02   1.8838732e-01   0.0000000e+00   1.4249464e-01   0.0000000e+00   1.5528578e-01   5.9532628e-02  -9.4553269e-02
   3.3415994e-02   0.0000000e+00   1.7967276e-01   3.3737096e-01   1.2597540e-01   0.0000000e+00   2.3237004e-01  -1.2731255e-01  -1.4615758e-01   4.1742886e-01   2.7846406e-01   2.9603102e-01   7.0830993e-01  -4.4807498e-02   3.8429455e-01   4.8021586e-01   9.9033348e-02   2.2200027e-01   1.2505267e-01   0.0000000e+00   5.5306760e-01   5.9393357e-01   7.6912284e-01   6.9417122e-01   3.9985070e-01   4.5344432e-01   2.0187215e-01   5.9873402e-01   3.4063717e-01   3.7988589e-01   4.7545569e-01   2.7681873e-01   5.8969815e-01   4.0422109e-01   6.0758995e-01   4.7350500e-01   2.4750261e-01   3.1535049e-01   1.3057203e-01   3.7676552e-01   1.2419612e-01   2.3031046e-01   1.0336527e-01   6.9597086e-02   5.7326536e-02   2.7000565e-01   2.7792871e-01   5.2520917e-01   1.7743291e-01   2.5489153e-01   0.0000000e+00  -7.5572742e-02   3.8259312e-02   2.3424442e-01   2.0988334e-01   4.5692591e-01   3.8270565e-01   5.5574178e-02   1.5647473e-01   3.7642607e-01   1.4445376e-02  -1.0258007e-01   7.1702246e-02   2.2442302e-01  -9.9323508e-02   1.4574481e-01   3.3720269e-02   8.1853687e-02   1.3340539e-01   1.3215621e-01  -1.6295460e-02   1.0801168e-01  -8.7864973e-02  -4.7764184e-02  -1.1588014e-01  -8.7621869e-04   4.0369421e-02  -4.4406093e-03  -5.1907882e-02   4.4381090e-02   2.2037505e-01   1.1314110e-01   4.0228659e-01   3.4829389e-01   2.6003016e-02   1.5808112e-01   4.8494526e-01   8.3963748e-03   2.0531369e-01   4.8458277e-01  -1.4880512e-01  -1.5400331e-01  -1.0012025e-01   6.8941652e-02   4.3886681e-02  -6.6758348e-02  -1.9333147e-01  -2.0965157e-01  -2.0640499e-01  -5.7283878e-02  -2.4792276e-01  -1.8979240e-01  -1.3829106e-01  -2.1184374e-02   2.9976642e-03   1.7912809e-01   1.2272976e-01   9.9982771e-02   1.3735018e-01   2.6475430e-02   1.6505880e-01   1.6601281e-01   0.0000000e+00   9.9553394e-02   0.0000000e+00   3.3292667e-03  -5.5970519e-02   1.1198843e-01
  -8.9078179e-03   0.0000000e+00   7.1031086e-02   2.1107919e-01   3.6573162e-02   0.0000000e+00   1.5040397e-01  -7.1783207e-02  -4.3211521e-02   3.9606778e-01   2.7194599e-01   2.3140263e-01   5.3771268e-01   1.2906669e-02   3.5971680e-01   3.9482091e-01   1.0081275e-01   1.4598736e-01   1.5181403e-01   5.5306760e-01   0.0000000e+00   5.7404402e-01   4.3385985e-01   4.4806578e-01   5.1343729e-01   3.2958929e-01   9.4803453e-02   3.3892060e-01   2.6644899e-01   2.2981665e-01   1.9071616e-01   1.7825924e-01   3.4989374e-01   4.2641558e-01   5.1644911e-01   4.0421569e-01   3.7669763e-01   2.8134806e-01   2.4498850e-01   3.7055431e-01   1.6969335e-01   2.2473467e-01  -3.7222915e-03   6.4002197e-02   1.3636375e-01   1.0497613e-01   1.5560260e-01   4.8854946e-01   1.2340215e-01   1.2112106e-01   0.0000000e+00   6.5536955e-02   7.0008601e-03   2.1705907e-01   2.5468525e-01   5.0043472e-01   4.4393932e-01   6.3360904e-02   2.5465429e-01   3.1470292e-01   1.3502300e-01   4.8298043e-02   2.9902583e-02   1.9091863e-01  -2.4806544e-03   7.3530582e-02   2.6190932e-02  -2.7272590e-02  -7.1209465e-02   5.4884291e-03  -1.5037480e-01  -2.6044389e-02  -1.0490005e-01  -7.4962128e-02  -9.5453028e-02  -6.5866877e-02  -8.1076264e-02  -7.6019438e-02  -9.3366336e-02  -8.0535217e-02   4.9705134e-02  -3.4433484e-02   2.4238181e-01   7.2307462e-02   4.2938299e-02  -6.6122367e-02   9.1906806e-02  -5.3160680e-03   2.0425490e-02   2.1338185e-01  -1.6247707e-01  -3.2319007e-02  -1.6446533e-02   4.8137044e-02   2.3143555e-02   3.1103642e-02  -7.7511920e-02  -1.1754931e-01  -1.3267573e-01  -3.5589229e-02  -1.5564667e-01  -8.6954811e-02  -1.7238548e-01   1.1395511e-01   1.1329733e-01   2.1877160e-01   1.2024624e-01   1.2333967e-01   1.7195149e-01   4.2453886e-02   1.2159883e-01   8.8076406e-02   0.0000000e+00   3.6986655e-02   0.0000000e+00  -1.2158187e-02  -4.3358762e-02  -1.3053972e-01
