   0.0000000e+00   0.0000000e+00   0.0000000e+00   1.1446786e-01   2.9237171e-01   9.9224487e-02   5.5176675e-01   8.7663427e-02   1.1300768e-01   1.3033628e-01   3.0359825e-01   5.1159792e-02  -1.2821523e-01   7.7366354e-02   1.6068981e-01   1.5692603e-01   2.3652132e-01   2.1748207e-01   1.6711243e-01  -1.0043426e-01   8.8903950e-02   6.4752074e-02   1.5113917e-01   1.7844723e-01   2.0915160e-01   6.9133053e-02   3.8093299e-02   1.5049964e-01  -1.3673977e-01  -7.0300912e-02   1.2315978e-01   2.0139882e-01  -1.1913993e-02   2.9578846e-03   1.6872142e-01   5.7286860e-02   4.5676410e-02   9.1244247e-02   9.1904167e-02   2.9718070e-01   2.1420705e-01   5.1093300e-02   1.1995960e-01   1.2567625e-01   2.3583404e-01   8.9331411e-02   3.1685252e-01   1.2256568e-01   2.0745416e-01   2.5376959e-02   0.0000000e+00  -8.6550593e-02  -1.4381903e-02   2.7587239e-01   2.8643992e-01   1.4833538e-01   4.0690726e-02  -7.8914404e-02   6.5359007e-03   1.8781049e-01   2.7962811e-02   3.7269333e-02   1.9138230e-02   3.2918142e-01   1.2359824e-01   2.0291421e-01   3.8367900e-02   3.0743595e-01   1.9516446e-01  -1.0866628e-01   1.7354939e-01   2.4698341e-01   5.6307124e-01  -6.6625588e-02   8.4807464e-01   1.8995102e-01   1.3727361e-01   5.6420927e-02  -1.3501547e-01   1.5680902e-01   5.1192276e-03   1.3842872e-01   6.2625386e-02  -8.6474763e-02   2.2826468e-01   1.3894656e-01   1.4749800e-01   5.3952367e-02   1.8663134e-01   2.0512502e-02  -1.6604320e-02  -1.8219391e-01  -4.7957965e-02  -1.5613920e-01   6.3188917e-02  -2.7754526e-02   7.1391641e-02  -5.1006215e-02   1.1857446e-01  -1.0277074e-01   9.3604737e-03   2.1193151e-02   5.5792633e-02   1.2556014e-01  -1.2290406e-01   6.5812788e-02  -7.9351944e-02   2.3923784e-01  -3.6713170e-02   1.6699431e-01   7.7259860e-02   1.2238212e-01   1.2998861e-01   1.5434413e-01   0.0000000e+00   1.5557349e-02   5.0460505e-02   1.8631632e-01
   0.0000000e+00   0.0000000e+00   0.0000000e+00   0.0000000e+00   0.0000000e+00   0.0000000e+00   0.0000000e+00   0.0000000e+00   0.0000000e+00   0.0000000e+00   0.0000000e+00   0.0000000e+00   0.0000000e+00   0.0000000e+00   0.0000000e+00   0.0000000e+00   0.0000000e+00   0.0000000e+00   0.0000000e+00   0.0000000e+00   0.0000000e+00   0.0000000e+00   0.0000000e+00   0.0000000e+00   0.0000000e+00   0.0000000e+00   0.0000000e+00   0.0000000e+00   0.0000000e+00   0.0000000e+00   0.0000000e+00   0.0000000e+00   0.0000000e+00   0.0000000e+00   0.0000000e+00   0.0000000e+00   0.0000000e+00   0.0000000e+00   0.0000000e+00   0.0000000e+00   0.0000000e+00   0.0000000e+00   0.0000000e+00   0.0000000e+00   0.0000000e+00   0.0000000e+00   0.0000000e+00   0.0000000e+00   0.0000000e+00   0.0000000e+00   0.0000000e+00   0.0000000e+00   0.0000000e+00   0.0000000e+00   0.0000000e+00   0.0000000e+00   0.0000000e+00   0.0000000e+00   0.0000000e+00   0.0000000e+00   0.0000000e+00   0.0000000e+00   0.0000000e+00   0.0000000e+00   0.0000000e+00   0.0000000e+00   0.0000000e+00   0.0000000e+00   0.0000000e+00   0.0000000e+00   0.0000000e+00   0.0000000e+00   0.0000000e+00   0.0000000e+00   0.0000000e+00   0.0000000e+00   0.0000000e+00   0.0000000e+00   0.0000000e+00   0.0000000e+00   0.0000000e+00   0.0000000e+00   0.0000000e+00   0.0000000e+00   0.0000000e+00   0.0000000e+00   0.0000000e+00   0.0000000e+00   0.0000000e+00   0.0000000e+00   0.0000000e+00   0.0000000e+00   0.0000000e+00   0.0000000e+00   0.0000000e+00   0.0000000e+00   0.0000000e+00   0.0000000e+00   0.0000000e+00   0.0000000e+00   0.0000000e+00   0.0000000e+00   0.0000000e+00   0.0000000e+00   0.0000000e+00   0.0000000e+00   0.0000000e+00   0.0000000e+00   0.0000000e+00   0.0000000e+00   0.0000000e+00   0.0000000e+00   0.0000000e+00   0.0000000e+00   0.0000000e+00   0.0000000e+00   0.0000000e+00   0.0000000e+00
   0.0000000e+00   0.0000000e+00   0.0000000e+00   0.0000000e+00   0.0000000e+00   0.0000000e+00   0.0000000e+00   0.0000000e+00   0.0000000e+00   0.0000000e+00   0.0000000e+00   0.0000000e+00   0.0000000e+00   0.0000000e+00   0.0000000e+00   0.0000000e+00   0.0000000e+00   0.0000000e+00   0.0000000e+00   0.0000000e+00   0.0000000e+00   0.0000000e+00   0.0000000e+00   0.0000000e+00   0.0000000e+00   0.0000000e+00   0.0000000e+00   0.0000000e+00   0.0000000e+00   0.0000000e+00   0.0000000e+00   0.0000000e+00   0.0000000e+00   0.0000000e+00   0.0000000e+00   0.0000000e+00   0.0000000e+00   0.0000000e+00   0.0000000e+00   0.0000000e+00   0.0000000e+00   0.0000000e+00   0.0000000e+00   0.0000000e+00   0.0000000e+00   0.0000000e+00   0.0000000e+00   0.0000000e+00   0.0000000e+00   0.0000000e+00   0.0000000e+00   0.0000000e+00   0.0000000e+00   0.0000000e+00   0.0000000e+00   0.0000000e+00   0.0000000e+00   0.0000000e+00   0.0000000e+00   0.0000000e+00   0.0000000e+00   0.0000000e+00   0.0000000e+00   0.0000000e+00   0.0000000e+00   0.0000000e+00   0.0000000e+00   0.0000000e+00   0.0000000e+00   0.0000000e+00   0.0000000e+00   0.0000000e+00   0.0000000e+00   0.0000000e+00   0.0000000e+00   0.0000000e+00   0.0000000e+00   0.0000000e+00   0.0000000e+00   0.0000000e+00   0.0000000e+00   0.0000000e+00   0.0000000e+00   0.0000000e+00   0.0000000e+00   0.0000000e+00   0.0000000e+00   0.0000000e+00   0.0000000e+00   0.0000000e+00   0.0000000e+00   0.0000000e+00   0.0000000e+00   0.0000000e+00   0.0000000e+00   0.0000000e+00   0.0000000e+00   0.0000000e+00   0.0000000e+00   0.0000000e+00   0.0000000e+00   0.0000000e+00   0.0000000e+00   0.0000000e+00   0.0000000e+00   0.0000000e+00   0.0000000e+00   0.0000000e+00   0.0000000e+00   0.0000000e+00   0.0000000e+00   0.0000000e+00   0.0000000e+00   0.0000000e+00   0.0000000e+00   0.0000000e+00   0.0000000e+00   0.0000000e+00
   1.1446786e-01   0.0000000e+00   0.0000000e+00   0.0000000e+00   3.0966783e-01   9.1971850e-02   2.0077952e-01   1.0977492e-01   1.9361947e-01  -4.3734338e-02   2.0425984e-01   1.2000676e-01   1.7485599e-01   9.2644589e-02   1.2865061e-01   1.9596284e-01   2.7929431e-01   1.8998571e-01   2.7227199e-01   3.6467045e-02   2.2759660e-01   1.0131533e-01   1.7966257e-01   2.5195887e-02   1.5357161e-01  -3.3402164e-02  -6.1713679e-03  -1.8997937e-01  -2.1648561e-01  -2.2919271e-01  -9.0402446e-02  -6.1708785e-02  -6.2270940e-02   4.0709591e-02  -3.0847879e-02   3.4750898e-02   2.8396884e-02  -5.5162339e-02  -1.0553681e-01   1.8039978e-01   6.7299158e-02   1.8879717e-02  -8.8371079e-03   9.8520854e-02  -5.5024358e-02  -2.6470559e-02   2.7031499e-01   4.0389225e-01   1.2223201e-01   1.4790789e-01   0.0000000e+00  -1.4785600e-01  -3.2285890e-02   3.4054041e-01   2.1687212e-01   2.8305666e-01   1.9357880e-01   5.1928431e-02   3.3690517e-01   1.0349189e-01   2.7003503e-02   7.1527174e-02   1.3427998e-01   2.2936641e-01   1.8477426e-02   1.8100249e-01  -3.5813621e-02   6.7390149e-02   6.3780013e-02  -6.9192088e-02  -5.1413392e-02   1.3503068e-01   7.8421254e-02  -7.1140265e-02   3.3995958e-04   1.2917892e-01  -2.3692090e-02  -3.4002091e-02  -7.8510442e-02  -3.7709942e-02  -9.0761087e-02  -5.6092497e-02  -1.1316835e-01  -1.5970706e-01   1.2187162e-01  -2.8721595e-02   2.2125301e-02  -9.8295755e-02  -4.8327513e-02   1.3582517e-01  -6.9883361e-02   6.7296066e-03   4.7780755e-02  -4.8360978e-04   2.7910696e-01   2.7995494e-01  -4.2230050e-02   3.3285334e-01   9.4470124e-02   3.1874662e-01  -9.2144212e-02   5.9624036e-02  -3.9424771e-02   2.6130312e-01   3.3134966e-01   2.0280901e-01   1.6563868e-01   9.9534453e-02   2.6127583e-02   6.8894966e-02   7.8593564e-02   2.1209863e-01   1.9883520e-01   7.3282586e-02   0.0000000e+00   1.6899124e-02  -6.8408410e-02   1.8270215e-03
   2.9237171e-01   0.0000000e+00   0.0000000e+00   3.0966783e-01   0.0000000e+00   5.0833445e-01   4.1943201e-01  -2.7374134e-02   7.4618798e-02  -3.9685548e-02   3.0950623e-01   1.3148790e-01   8.4282840e-02   1.4027058e-01   1.5938073e-01   1.4272192e-01   4.3213688e-01   4.4855200e-01   2.6473421e-01   1.9532425e-01   1.4641111e-01   1.1506475e-01   8.3029993e-02  -5.4138654e-02   1.9276290e-01   1.1392297e-01   5.9071600e-02  -1.1697870e-02  -9.9392751e-02   2.0726365e-03   5.5768490e-02   5.6261714e-02   7.8064097e-02   2.4709858e-01   2.3493838e-01   1.5943585e-02   1.1754106e-02   5.5673452e-02   2.9578748e-02   2.3742254e-01   8.6656136e-02   8.2950073e-02   2.2930402e-01   9.2255727e-02   1.6478187e-01   7.8557477e-02   5.4894125e-01   3.6347359e-01   2.9367418e-01   5.2733351e-01   0.0000000e+00  -5.2220856e-02   1.5300522e-02   5.2408718e-01   2.9314767e-01   3.1359076e-01   1.6934499e-01   4.5942771e-02   2.0499563e-01   1.8419859e-01   4.4462451e-02   1.1370869e-01   1.7494002e-01   4.7978894e-01  -7.7168324e-03   4.2311905e-01   5.6621073e-02   9.0813490e-03  -4.4889236e-03   1.3863702e-01   1.1903571e-01   3.6878621e-01   4.2514524e-01   5.1595136e-02   1.5918017e-01   9.1565997e-02  -1.5112168e-01   4.6775271e-02   9.3935878e-02   5.4082182e-02   1.1576393e-01   6.1285880e-02   5.9719220e-02  -1.9789236e-02   1.8528263e-01   7.6331770e-02   1.5928569e-01   4.0570764e-02   1.6976535e-01   9.1913213e-02   2.6573186e-02   8.5423787e-02   8.7156925e-02  -8.1950511e-02   3.2709044e-01   5.2093693e-02  -6.5061264e-02   7.6564868e-02   3.0111326e-03   6.3230378e-02  -2.9216935e-02   3.7820093e-02  -3.7141248e-02   2.7156018e-01   9.2603435e-02   1.0556476e-01   3.9881897e-02   3.2047033e-01   9.1258588e-02   1.6367433e-01   1.4522181e-01   3.2138104e-01   2.8040055e-01   2.7402864e-01   0.0000000e+00   9.5411729e-02   5.0758463e-02   7.2102719e-02
   9.9224487e-02   0.0000000e+00   0.0000000e+00   9.1971850e-02   5.0833445e-01   0.0000000e+00   7.0587600e-02   2.4850686e-02   6.6372797e-02  -1.4673037e-01   1.2274376e-02   9.5861266e-02  -7.2646108e-02   2.2944598e-01   7.2091876e-02  -2.1978880e-02   1.4502429e-01   1.8477622e-01   1.7822819e-01   1.0612738e-01  -9.9935785e-02   1.6038357e-01   1.1910175e-01  -4.7277736e-02   1.4274369e-01   2.0071306e-01   6.0348158e-02   1.2655869e-02  -5.9755995e-02  -4.6149597e-02   5.6379867e-03  -1.3861739e-02  -4.5235038e-02  -2.9316618e-02  -2.3230734e-03  -7.2639869e-02  -9.8043700e-02   1.5899607e-02  -9.9488463e-04   4.3678230e-03   6.2592219e-02  -7.9929889e-02   1.5384671e-01   6.4563163e-03  -3.4744677e-02  -4.3195107e-02   1.7240501e-01   1.4691789e-01   1.4927448e-01   3.7911200e-01   0.0000000e+00  -7.3629409e-02   1.0401967e-02   3.9419585e-01   1.6974409e-01   1.7718339e-01   5.9460015e-02   5.8680403e-02   6.8128359e-02   2.3097436e-01   1.5016627e-01   1.9164975e-01   1.6650594e-01   1.5608165e-01  -2.6478915e-02   1.4945689e-01  -2.2706911e-02   1.3328680e-01   9.1533247e-02   1.3572843e-01  -5.3843471e-02   9.7223258e-02   1.0031066e-01   2.8137962e-01   9.5139884e-02   2.0848438e-02   1.1668373e-02   1.1006004e-01   2.2423356e-01   7.6050527e-02   2.7773053e-01   5.3586762e-02   1.9371601e-01   5.2287679e-02   1.7545500e-01   7.2536164e-02   1.2954957e-01   1.7223356e-01   8.1115393e-02   1.0132915e-01   7.7133303e-02   8.9375142e-02   7.1626147e-02   9.7581914e-02   2.1958971e-01  -2.4448027e-02  -7.5015587e-02   6.7007163e-03   7.6251903e-02   2.0217337e-02  -4.0404734e-02   4.6961251e-02  -2.0233804e-02   1.2434058e-01   1.2689165e-02   7.6536406e-02   1.5290314e-01   2.7214998e-01   1.3578478e-01  -1.4666576e-02  -2.5279965e-03   3.0656478e-01   1.8012098e-01   2.5429113e-01   0.0000000e+00   2.6900064e-01   1.4144707e-01   1.3538322e-01
   5.5176675e-01   0.0000000e+00   0.0000000e+00   2.0077952e-01   4.1943201e-01   7.0587600e-02   0.0000000e+00   2.6110078e-01   2.2120733e-01   1.3220132e-01   5.1868744e-01  -5.9837981e-02  -5.4574304e-02  -1.1712140e-02   1.7112367e-01   2.6108784e-01   3.4331578e-01   3.9658325e-01   2.1091038e-01  -5.3281753e-02   2.4493928e-02  -3.1824814e-02   4.0636910e-02   4.0256096e-02   1.5563770e-01  -1.6793828e-02  -1.9088089e-03   1.1475521e-01  -1.3792518e-01   3.9995064e-02   2.3442659e-02   3.3483608e-01   9.9778805e-02   3.0834667e-01   4.1181595e-01   1.2221047e-01   1.7677665e-01   9.0194953e-02   5.7119472e-02   4.4086364e-01   2.1873550e-01   2.8832959e-01   2.6624464e-01   1.7539085e-01   3.2981720e-01   6.2830753e-02   5.0839412e-01   2.8339985e-01   2.7657553e-01   8.9839728e-02   0.0000000e+00  -6.6687958e-02  -4.4163382e-03   4.1863512e-01   3.6589532e-01   1.6919317e-01   9.4106097e-02  -6.7915005e-02   1.9370387e-01   1.0440426e-01  -6.0644393e-02   2.3865458e-02   1.6222193e-02   3.8659911e-01   1.7172491e-01   4.2338053e-01   4.1694434e-02   2.2018980e-01   1.6112196e-01  -6.7902735e-03   2.1766499e-01   2.2874269e-01   9.0081918e-01  -1.2179285e-01   2.6221898e-01   2.8689520e-01   1.3321251e-01   1.3132754e-01  -2.2012697e-01   1.0211531e-01  -9.1897073e-02   1.0714339e-01  -4.2944352e-02  -1.0356114e-01   1.9698638e-01   1.4572698e-01   3.2533741e-01  -2.2007391e-02   2.6084179e-01   2.6236467e-01   1.0701707e-01  -6.9908954e-02  -4.9497107e-02  -2.1420894e-01   4.1417016e-01   1.7200125e-01  -1.2165348e-02   2.1481417e-01   2.5326739e-01   4.1405633e-02   1.2378550e-01   7.1111753e-02   5.4127281e-02   4.8788909e-02   1.8614975e-02   9.7474800e-02  -1.1069372e-01   2.1269766e-01  -1.4676857e-02   4.1527276e-01   1.6798901e-01   1.9604407e-01   1.4007484e-01   1.5160176e-01   0.0000000e+00  -2.1171717e-02  -5.4110538e-03   2.4339417e-01
   8.7663427e-02   0.0000000e+00   0.0000000e+00   1.0977492e-01  -2.7374134e-02   2.4850686e-02   2.6110078e-01   0.0000000e+00   3.5937886e-01   1.2761608e-01   7.5578866e-02  -1.3523029e-02   3.2212464e-02   2.6407684e-02   1.9948974e-02   1.3730776e-01   1.4158122e-02  -4.9886860e-02   8.4185824e-02  -7.8824077e-02  -2.4614520e-02  -5.7952873e-02   1.9446706e-02  -6.2815405e-02  -6.5498709e-03  -1.2734066e-01   7.6800000e-03   1.7485829e-02  -3.5784385e-02   2.5728602e-03  -2.0163763e-02  -1.8633948e-03   8.6654184e-02   9.0191863e-02   4.1799147e-02   1.4700990e-03   3.7005571e-02  -6.2443518e-02   1.1367240e-02   3.1512141e-02   4.5883843e-02  -5.4402474e-02  -4.9029326e-03  -1.2241245e-01  -1.1222523e-01  -8.4524985e-02   5.2442068e-02   2.7915539e-01   1.2148917e-01   3.7224333e-02   0.0000000e+00  -1.5130654e-01  -6.2418440e-02   1.4704972e-01   2.1051033e-01   3.3566991e-02   8.5692923e-02   8.0796795e-02   7.0490868e-02  -6.1964664e-02  -1.1664360e-01   6.4241758e-02  -1.1064982e-01   3.1727802e-02   1.5016757e-01   7.3813470e-02   2.2055135e-01   8.1403227e-02   4.2386133e-01   5.0087124e-02  -8.0239724e-02   4.7530823e-02   1.1696133e-01  -1.0888650e-01   7.5662121e-02   2.5684163e-01   1.9318365e-01   9.1038383e-02  -1.5644711e-01   2.0877743e-02  -1.1725283e-01  -1.4170830e-01  -8.4665645e-02  -2.4816770e-02   3.0597445e-02  -9.8544249e-02   1.2118954e-01   1.2027562e-01   3.2002018e-03   2.1121144e-01   2.1428815e-02   5.7565067e-02  -4.3324634e-02  -5.6527030e-02   1.0946885e-01   3.7537824e-02  -9.9129200e-02   7.1556349e-02   1.0019026e-01   8.6925395e-02  -8.5839861e-02   8.4476746e-02  -1.7169154e-01  -1.5511734e-01   1.2211175e-01   1.2446958e-01   6.7736692e-02   1.0149853e-01   1.4483101e-01   2.8245977e-01   1.5918195e-01   3.5296109e-02  -2.0903870e-02   1.4571508e-02   0.0000000e+00   2.9725440e-01   1.2538245e-01   3.0560763e-01
   1.1300768e-01   0.0000000e+00   0.0000000e+00   1.9361947e-01   7.4618798e-02   6.6372797e-02   2.2120733e-01   3.5937886e-01   0.0000000e+00   4.1970790e-02   7.5631902e-02   5.9237057e-02   1.1119451e-01  -4.1708009e-02   1.0837921e-01   1.5134681e-01   2.0394129e-01   8.8925335e-02   2.3064079e-01  -9.2406488e-02  -9.9922099e-02   5.2397817e-02  -7.9290950e-02  -1.2107418e-01  -5.5205254e-02   2.6575328e-02  -1.0216574e-01  -4.8181861e-03   9.4662416e-02   2.6543756e-02   1.2150418e-02  -1.5695447e-01  -6.9588329e-02   1.9908078e-01   9.9910997e-02   2.4464525e-02   1.3328163e-01   1.0566707e-02  -6.8411394e-02   1.3985577e-01   1.0460974e-01  -3.0421409e-03   1.9230114e-01   6.8242167e-02  -4.1329262e-02   9.6812676e-02   1.3615455e-01   3.6402766e-01   2.6675502e-01   1.1725143e-01   0.0000000e+00  -9.7755946e-02   4.5741037e-02   1.7438080e-01   1.2867082e-01   2.1489665e-01   1.0186645e-01   1.3949326e-01   2.0365341e-01  -3.0282350e-02  -4.0725132e-02   2.0129466e-01   4.1849657e-02   2.7496190e-01   3.4308174e-01   9.4863002e-02   6.3367759e-01   1.0511290e-01   2.0051319e-01   1.8693175e-01  -1.8621446e-01   1.3929080e-01   1.0076841e-01  -9.9264962e-02   9.3871757e-02   2.8982517e-01   2.6085826e-02  -8.1723786e-02  -9.3009726e-02   1.5951711e-01  -1.0120947e-01  -2.1481650e-01  -6.5130502e-02  -8.5742499e-02  -8.7697559e-03   9.1527168e-02   2.1440767e-01   1.8954832e-01  -4.8383599e-02   1.5414501e-01   2.8929678e-01   9.5157992e-02  -7.2521960e-02   8.4578502e-02   2.6149814e-01   1.4325175e-01   2.3312152e-01   2.8706086e-01   3.5962958e-01   2.1870001e-01  -5.8850402e-02  -1.9975877e-03   4.7689266e-02  -1.8350176e-02   1.1366659e-01   1.4503401e-01  -1.6860595e-02   1.5906228e-01   1.1744873e-01   2.6946400e-01   6.1447037e-01   7.2252357e-02   9.2235238e-02   8.1163523e-03   0.0000000e+00   7.7166783e-02   8.8354947e-02   1.1404081e-01
   1.3033628e-01   0.0000000e+00   0.0000000e+00  -4.3734338e-02  -3.9685548e-02  -1.4673037e-01   1.3220132e-01   1.2761608e-01   4.1970790e-02   0.0000000e+00   2.3388485e-01   1.6467220e-01   5.8863393e-02  -4.8772968e-02   6.6768339e-02   1.6193629e-01   1.2298374e-01   6.9026293e-02   1.7751643e-04  -7.4210647e-02   1.2623386e-02  -8.8710055e-02  -3.5682546e-02   9.0865752e-02  -4.6427122e-02  -9.4670398e-02   1.2132086e-01   2.9746750e-01   1.7968205e-01   1.2458648e-01   1.2334868e-01   1.6982314e-01   3.2793689e-01   2.2611719e-01   1.1868562e-01   9.7710844e-02   2.9502258e-01   1.1046026e-01   1.5882399e-01   1.6479612e-01   1.7196679e-01   8.0743306e-02   6.7531169e-03  -9.4621989e-02  -7.9066684e-02   7.8024351e-02   1.3018255e-01   2.4057898e-02  -1.8185723e-03   9.1139682e-02   0.0000000e+00  -1.4296613e-01  -7.2692644e-02   1.6472643e-02   1.1115682e-01   1.0561322e-01   5.9953166e-02   1.3260070e-01  -3.9517425e-02  -1.9147056e-01  -2.9673362e-01  -1.9288732e-01  -3.1273126e-01   2.3767389e-02  -9.2832411e-02   2.1889670e-01   9.3171807e-02  -3.6199066e-02   7.6154743e-02  -1.4086565e-02  -9.2163442e-02  -6.9392120e-02   7.6955428e-02  -7.9171055e-02   5.5445083e-02  -3.3774575e-02   1.2997815e-02  -3.9559025e-02  -1.7395558e-01  -1.8371344e-01  -1.9010405e-01  -1.2153071e-01  -4.7094038e-02  -1.4691895e-02  -1.7412212e-02  -1.2427863e-01   6.2137111e-02  -1.9674974e-03   3.4900342e-01  -1.0292903e-01  -9.0363536e-02   3.7992274e-02   1.2885556e-01  -1.1508850e-01  -1.2898369e-03   2.4727395e-02  -1.2195924e-01  -1.3191306e-01  -5.1000331e-05  -1.1482319e-02   2.2674399e-02   4.7269422e-02  -9.9435843e-02  -1.5764980e-01  -6.4301168e-02  -6.7492066e-02  -9.2284177e-02   6.2424883e-02  -8.6492968e-02   3.2478933e-01   1.4617070e-01   2.6302440e-02  -3.4167471e-02   3.6310704e-02   0.0000000e+00  -1.1777765e-01  -5.6424194e-02  -8.6080488e-02
   3.0359825e-01   0.0000000e+00   0.0000000e+00   2.0425984e-01   3.0950623e-01   1.2274376e-02   5.1868744e-01   7.5578866e-02   7.5631902e-02   2.3388485e-01   0.0000000e+00  -1.0747000e-01   1.4357233e-01   4.2815225e-02   1.9962025e-01   3.1361167e-01   3.6586283e-01   4.5625928e-01   3.4690844e-01   3.8144629e-02   2.3129596e-01   3.4027736e-02   2.4415193e-02   8.6134170e-02   2.1683632e-01  -1.0790188e-01   2.2005071e-01   6.2317474e-02  -1.2679451e-01  -1.9748197e-01  -2.3267847e-02   3.1267141e-01   5.0535231e-01   4.0608226e-01   2.6892265e-01   3.4037961e-01   3.2421956e-01   6.0991128e-02   2.4906593e-01   5.9719480e-01   3.1303837e-01   2.5988270e-01   2.2771260e-01   1.2752535e-01   1.5721494e-01   1.1511961e-01   4.5502667e-01   3.4739691e-01   2.4596241e-01   2.7229411e-01   0.0000000e+00  -9.6930073e-02  -2.7602840e-02   2.9616469e-01   3.3768365e-01   2.0325785e-01   2.6864775e-01   9.4994593e-02   3.0906301e-01  -2.1953530e-02  -1.3110550e-01  -1.0948627e-01  -9.1319373e-02   2.8570743e-01  -1.6216862e-02   6.7111925e-01   6.4536434e-03   1.9643549e-01  -2.9838187e-03  -5.1074522e-02   1.1939248e-02   3.7731436e-02   3.3773626e-01   2.0725605e-01   1.2341120e-01   1.2303467e-01  -1.4079959e-01  -6.9312316e-02  -1.5996358e-01  -1.2366959e-01  -1.3605480e-01   1.2210174e-02  -5.3941152e-02  -1.8097770e-01   5.8134143e-02  -2.0145192e-02   3.5744047e-02  -1.6812423e-01   1.7550370e-01   7.3917414e-02  -6.4063477e-02   1.3069893e-01   1.6540315e-01  -1.0556012e-01   2.5650006e-01   2.5301721e-01  -9.9538107e-02   1.3728577e-01   8.2161334e-02   1.8055749e-01   3.8548611e-02   1.9576752e-01  -1.0304208e-01   1.0003765e-01   1.7961407e-01   9.9674298e-02  -9.5901471e-03   1.3002786e-01  -6.7422922e-02   2.7715353e-01   1.4267015e-01   1.2332833e-01   6.1453746e-02   1.6805480e-01   0.0000000e+00  -2.0477014e-01  -1.4869229e-01  -5.7497170e-02
   5.1159792e-02   0.0000000e+00   0.0000000e+00   1.2000676e-01   1.3148790e-01   9.5861266e-02  -5.9837981e-02  -1.3523029e-02   5.9237057e-02   1.6467220e-01  -1.0747000e-01   0.0000000e+00   5.2171673e-03   1.2679032e-01  -2.5904929e-02  -7.6024994e-03   4.9388565e-02  -8.6793441e-03   5.4694107e-02   4.6089512e-02   7.6336710e-02  -2.4167756e-02   7.8164929e-02  -1.5650098e-02   9.1344474e-03   1.2413003e-01   2.7284307e-02   1.0339171e-01   2.1293673e-02   7.2570460e-02   2.0023986e-01  -2.6540288e-02  -1.2891199e-01  -9.6019104e-02  -4.5247603e-02  -1.3023015e-01  -1.4795580e-01   2.7140284e-02  -1.6556706e-01   5.2814666e-02   1.1116076e-01  -1.8828714e-01   2.9908214e-02  -4.3368695e-02  -6.8383981e-02   7.1007306e-02  -3.5196885e-02   2.4588286e-02   3.3850633e-03   9.6872045e-02   0.0000000e+00  -1.2996433e-01  -1.0005728e-02   1.2085632e-01  -8.0545939e-02  -6.0691388e-03   3.0544763e-02   4.4836961e-02   1.4906603e-02  -2.6130168e-02  -3.9043565e-03  -1.4517018e-02   7.9384231e-02   1.7159958e-02   9.7925822e-03  -1.6514455e-02   5.2818654e-02   3.6942705e-02   5.8558347e-02   3.4448857e-03  -3.2711401e-02   4.2717177e-02  -1.0132628e-01  -2.5786747e-01   7.9190224e-02  -3.2595000e-02   1.2529436e-02  -4.4083052e-02   7.5453202e-02   3.9293405e-02   6.6108961e-02  -1.2492052e-01   1.3114959e-02   5.3199920e-02   1.1135592e-01  -6.0217237e-02  -4.1086816e-02   9.3594147e-02   8.8509218e-02  -5.5375507e-02   1.8644814e-02  -4.8225704e-02   8.2793003e-02   4.2976379e-02   6.2434195e-02  -2.4845009e-02  -8.8733095e-02  -1.7147329e-02   1.9702634e-02   9.5565802e-02  -1.5945619e-01  -3.5771182e-02   2.0595930e-02   9.5151103e-02  -5.4495605e-02  -2.7473436e-02   3.4991644e-02   1.3476094e-01  -1.9391563e-02   6.5457383e-02   1.2320913e-02  -2.1395839e-02   2.2632299e-02  -8.3461139e-02   0.0000000e+00   8.1317655e-02   3.2614718e-02  -4.7433248e-02
  -1.2821523e-01   0.0000000e+00   0.0000000e+00   1.7485599e-01   8.4282840e-02  -7.2646108e-02  -5.4574304e-02   3.2212464e-02   1.1119451e-01   5.8863393e-02   1.4357233e-01   5.2171673e-03   0.0000000e+00  -6.4986653e-02   2.6654522e-01   2.5440469e-01   3.2502240e-01   5.3320954e-02   3.2264967e-01   3.5001351e-01   5.4571336e-01   1.9184799e-01   3.5679915e-02   8.1431663e-02   8.4314370e-02  -2.7105063e-01   3.7336563e-01  -2.4883433e-01   1.3643862e-01  -1.5856832e-01   9.0327257e-02  -1.9281278e-01   2.7477267e-01   6.2494798e-01   7.4565009e-02   2.6100134e-01   5.0141288e-01  -4.4212760e-02   1.2692470e-01   9.9481399e-02   1.7474515e-02   3.5079587e-01  -3.9773784e-02  -2.8490208e-02  -2.6859512e-01   1.8116204e-01   2.1466842e-01   4.0886273e-01   2.6661662e-01   2.8159419e-01   0.0000000e+00   1.6351468e-01   4.4324182e-03   1.4014223e-01   2.8560853e-01   3.7460960e-01   6.1941742e-01   6.3637628e-01   3.7703023e-01  -2.6301556e-01  -2.1285895e-01  -1.1247868e-01   1.2148008e-01   4.7377880e-01   5.5574856e-02   3.0287876e-01   1.1371828e-01  -2.1515098e-01  -2.2516482e-01   3.3974669e-01  -2.1489662e-01  -1.5684586e-01  -1.3253207e-01  -1.3750207e-01  -7.7586020e-02  -1.8047970e-01  -2.3400524e-01  -1.9865465e-01  -9.2592031e-03  -1.9910496e-01  -1.3625243e-01  -2.0167997e-01  -1.9670811e-01  -6.2149472e-02  -2.6340535e-01  -1.7154847e-01  -1.2119746e-01  -1.3940703e-01  -6.4964456e-02  -2.5929017e-01  -2.4039985e-01   5.1760098e-01   1.4655249e-03   1.2504849e-02  -2.1732356e-02   4.1076180e-02  -3.3518408e-02  -4.5956588e-02  -1.9539443e-01   8.2898047e-02   3.2102352e-02  -6.9742315e-02  -2.1295787e-01   2.1931199e-02   7.3154612e-01   3.1778423e-01   2.5637136e-01   9.6921259e-02   2.4881617e-01   2.3234230e-01   4.3994045e-01  -1.9630790e-02   2.1474750e-03   1.8436626e-01   0.0000000e+00  -1.4486120e-01  -2.4249782e-01  -3.4115077e-01
   7.7366354e-02   0.0000000e+00   0.0000000e+00   9.2644589e-02   1.4027058e-01   2.2944598e-01  -1.1712140e-02   2.6407684e-02  -4.1708009e-02  -4.8772968e-02   4.2815225e-02   1.2679032e-01  -6.4986653e-02   0.0000000e+00  -1.9874308e-01  -8.4813190e-02   2.8016831e-02   4.2407874e-02   4.5952526e-02   1.2362267e-01   1.8926411e-01   5.0207229e-01   1.5814010e-01   1.0963410e-01   4.7268821e-01   2.0814824e-01   3.3666714e-01   2.5511059e-01  -2.0101671e-01  -1.4052333e-01   1.0691980e-01   2.9905209e-01  -2.4644413e-02  -1.0458145e-01  -4.6329619e-02  -5.3564473e-02  -1.9009097e-01   4.1020955e-02  -2.0224848e-02   9.8502334e-02   2.2542537e-01  -1.0241706e-01   1.4818837e-01  -2.3890653e-02  -8.9858383e-02  -1.6987184e-01   9.6594773e-02   6.5009389e-02   2.3617522e-02   1.1999624e-01   0.0000000e+00  -4.3621591e-02  -3.9629547e-02   1.6088942e-01  -1.3095098e-02  -6.4303387e-02   2.5181742e-01   1.3609556e-02   1.0250404e-02   2.5251985e-01   3.3332326e-01   3.0469766e-01   2.4798262e-01  -1.0749985e-01  -5.6012420e-02   8.9751475e-03   6.2216000e-03   1.9585450e-01  -4.5939951e-02   1.0090014e-01   1.0274130e-01   4.0586484e-02   7.9634023e-02   2.2670171e-02   1.0194422e-01   7.4759947e-02   7.8430255e-02   1.5792767e-01   3.0355815e-01   1.5785299e-01   4.5518687e-01   3.4627605e-01   4.7484543e-01   1.0485150e-01   3.4370575e-01  -8.3985938e-02  -6.1892728e-02   3.1463406e-01   1.3707243e-01   9.3381683e-02  -3.9456452e-02   1.9268168e-01   5.7732494e-02  -1.0505803e-01   1.8819112e-01   1.1880093e-01  -6.3822744e-02   1.1500818e-01   1.1113175e-01   4.7882145e-02  -1.2628879e-02   1.8458095e-01  -9.6174676e-02   2.8128843e-01   1.1009956e-01  -7.9206595e-02  -8.8872759e-02   2.3726897e-01  -9.3516206e-02  -1.3370540e-01  -1.1035667e-01  -7.4915813e-02  -8.9167666e-02  -6.9111468e-02   0.0000000e+00   2.7169455e-01   9.1440209e-02   2.6561955e-01
   1.6068981e-01   0.0000000e+00   0.0000000e+00   1.2865061e-01   1.5938073e-01   7.2091876e-02   1.7112367e-01   1.9948974e-02   1.0837921e-01   6.6768339e-02   1.9962025e-01  -2.5904929e-02   2.6654522e-01  -1.9874308e-01   0.0000000e+00   5.9883304e-01   2.5607325e-01   1.0247878e-01   2.5600992e-01  -1.8294441e-01   2.9187618e-02  -3.9579684e-02   1.5749839e-01   1.3725829e-01  -1.1309897e-01  -2.5815528e-01   4.3598348e-02  -2.7473129e-01  -9.6669416e-02  -8.8643422e-02  -2.2805730e-01  -2.1130457e-01   7.5242365e-02   2.0433987e-01  -7.1732870e-02   3.8496735e-01   3.2861095e-01  -1.5602465e-01   4.9426696e-02  -4.5581867e-02  -1.2151609e-01   2.4794241e-01  -1.9188726e-01   2.5232118e-01   1.1538418e-01   1.7974841e-01   2.6379413e-01   3.0549276e-01   3.9792059e-02   6.7850337e-02   0.0000000e+00   7.4033598e-02   1.5664839e-01   3.3370916e-01   6.2514753e-01   6.8182794e-01   1.4856743e-01   1.6302849e-01   1.5327329e-01  -5.8032322e-02  -2.0526787e-01  -1.0788139e-01   7.7712923e-03   3.9722627e-01   1.8103024e-01   2.6289520e-01  -1.3919187e-02  -6.0448756e-03   2.1708014e-01  -8.5579516e-02  -7.9100322e-03   1.0942559e-01   8.9037306e-02   8.2539692e-02   4.8681987e-02  -3.0946381e-03   1.2661053e-01   2.9256033e-02  -2.0554126e-01  -7.9784596e-02  -1.6424228e-01  -1.3645233e-01  -2.5803522e-01  -3.3019859e-01  -2.4469156e-01  -9.8846179e-02  -4.9016974e-02  -1.2088369e-01  -1.9896427e-01  -1.1676902e-01  -1.1753708e-01   5.0847368e-02  -2.5828401e-02   1.9543807e-01   1.4705208e-02   1.6341193e-02   1.1480157e-01  -1.4125712e-01  -5.9002003e-02   1.4668499e-02   1.5991853e-01  -9.1041455e-02   1.5304054e-01  -5.6178684e-02   2.9430461e-01   3.7604258e-01   3.3316797e-01  -2.0544776e-01   5.0556191e-01   1.7780209e-01   1.4159706e-01   7.1946426e-01   6.7442317e-01   7.1434192e-01   0.0000000e+00  -8.5404024e-02  -6.5415815e-02  -1.4217372e-01
   1.5692603e-01   0.0000000e+00   0.0000000e+00   1.9596284e-01   1.4272192e-01  -2.1978880e-02   2.6108784e-01   1.3730776e-01   1.5134681e-01   1.6193629e-01   3.1361167e-01  -7.6024994e-03   2.5440469e-01  -8.4813190e-02   5.9883304e-01   0.0000000e+00   1.9764511e-01  -4.7739850e-02   2.9493159e-01  -2.1644579e-01   3.8947245e-02   1.4251091e-01   1.6479614e-01   2.7888465e-01   1.7252913e-01  -2.0201293e-01   2.7163685e-01  -6.2663271e-02  -2.1094310e-01  -1.9150921e-01  -8.9115454e-02  -1.7124414e-02   1.4295439e-01   2.0997185e-01  -4.0253952e-02   5.3968747e-01   5.5603328e-01  -1.4413839e-01   1.3695241e-01   1.8467947e-01   4.2933581e-02   2.2895088e-01  -1.8041576e-01   1.3649217e-01   7.9883374e-02   1.1147318e-01   4.7854272e-01   3.4945916e-01   9.7403350e-02   1.4200666e-01   0.0000000e+00   9.7719836e-03   1.6068803e-01   3.9773659e-01   9.3941509e-01   5.9215151e-01   3.8440971e-01   2.6375645e-01   1.2337205e-01   1.9294059e-03  -1.8850959e-01  -2.5812125e-02   6.0930912e-02   1.7526503e-01   7.2235556e-02   3.4788396e-01   8.3245480e-02   5.9671748e-02   1.3772566e-01  -1.5096829e-01  -8.8708702e-02   1.7262965e-01   9.1614590e-02  -6.0635017e-02   4.2208313e-02   1.3966539e-02   8.2703980e-02   2.6840356e-03  -1.8651423e-01   7.9318103e-03  -1.6338794e-01  -2.6693546e-02  -1.5484058e-01  -2.4969559e-01  -1.7349502e-01  -1.3062308e-01  -1.0580603e-01  -5.3835100e-02  -7.6571565e-02  -1.4054967e-01  -1.2411955e-01   1.2226986e-01  -9.4957542e-03   1.5560824e-01   5.9861224e-02   3.7199572e-02   1.3595231e-01  -6.0222983e-02   3.6180760e-02   3.7856342e-02   1.2639581e-01  -1.1927745e-02  -1.4485746e-02   2.2403309e-03   4.9446903e-01   3.8206301e-01   3.4638649e-01  -1.1615384e-02   4.6893694e-01   3.2283717e-01   1.1657030e-01   3.5731984e-01   2.7613661e-01   3.8032588e-01   0.0000000e+00  -4.1046731e-02  -5.8194027e-02  -5.4741663e-02
   2.3652132e-01   0.0000000e+00   0.0000000e+00   2.7929431e-01   4.3213688e-01   1.4502429e-01   3.4331578e-01   1.4158122e-02   2.0394129e-01   1.2298374e-01   3.6586283e-01   4.9388565e-02   3.2502240e-01   2.8016831e-02   2.5607325e-01   1.9764511e-01   0.0000000e+00   6.1172826e-01   2.9504963e-01   1.8722679e-01   2.4650196e-01   2.2402089e-02   5.7683691e-02  -2.9754386e-02   1.2062632e-01  -1.5878991e-02   1.8398651e-01   1.0136233e-02   4.5050407e-02   7.1782233e-03   6.6348963e-02   1.2499762e-01   2.2895083e-01   4.3839592e-01   3.3733268e-01   1.4069545e-01   2.8198499e-01   1.0580503e-01   8.5847872e-02   3.0022472e-01   1.8488048e-01   2.5200944e-01   2.3336010e-01   9.2896508e-02   3.3261345e-03   2.1833498e-01   3.7508407e-01   4.0023210e-01   2.0293964e-01   2.7101503e-01   0.0000000e+00   1.0803634e-01   5.3147524e-02   2.9397111e-01   3.2117502e-01   3.9322710e-01   3.2272014e-01   2.0671344e-01   3.1566810e-01  -4.6168073e-02  -1.2267687e-01  -4.3749017e-02   3.5068326e-02   6.7673359e-01   5.4088220e-02   4.1303503e-01   1.0207245e-01  -1.8858811e-02  -9.9188805e-02   2.6287050e-01  -8.1203654e-02  -8.0710834e-03   3.5253176e-01  -6.4755504e-02   1.0162969e-01  -3.8899799e-03  -6.0536630e-02  -9.2503930e-03   6.5060548e-03  -1.5801385e-01  -6.1525784e-02  -1.6256180e-02  -1.2186014e-01  -1.1208845e-01   5.0764076e-02  -1.9853547e-02   1.7619745e-01  -1.6265654e-01   1.7874400e-01   4.4872882e-04  -1.3568041e-02   2.5812724e-01   9.0672477e-02  -8.5203825e-02   2.1245078e-01   1.6309411e-01  -7.4400393e-02   5.4998931e-02   1.6237771e-02   9.9636037e-02   2.2713759e-02   1.0618287e-01  -7.4960058e-02   1.3302920e-01   2.5563506e-01   7.6969028e-02   9.3241824e-02   2.2031644e-01   7.9031508e-02   1.9292256e-01   2.6980775e-01   1.1178132e-01   1.7997595e-01   1.1404237e-01   0.0000000e+00  -3.3948325e-02  -2.0655951e-01  -1.7859405e-01
   2.1748207e-01   0.0000000e+00   0.0000000e+00   1.8998571e-01   4.4855200e-01   1.8477622e-01   3.9658325e-01  -4.9886860e-02   8.8925335e-02   6.9026293e-02   4.5625928e-01  -8.6793441e-03   5.3320954e-02   4.2407874e-02   1.0247878e-01  -4.7739850e-02   6.1172826e-01   0.0000000e+00   2.4722328e-01   3.7781427e-01   1.1290309e-01  -1.1105605e-01   1.3652226e-02  -1.5586622e-01   1.1591171e-01   1.3493822e-01   7.3279066e-02   2.5642151e-02   1.3625138e-01   1.3271572e-01   1.3886415e-01   2.2392889e-01   2.4441851e-01   3.5410335e-01   5.4028844e-01   3.4120512e-02   1.1307783e-01   2.0559922e-01   8.6997823e-02   3.8455948e-01   1.8006876e-01   2.6021532e-01   4.4389071e-01   1.2578749e-01   1.7392160e-01   2.2900671e-01   3.3888835e-01   2.1600198e-01   3.2403453e-01   3.2327278e-01   0.0000000e+00   1.2707881e-01   6.4360560e-02   2.7910699e-01   1.2267738e-01   1.7678929e-01   1.4397481e-01   3.1703206e-02   2.7191041e-01   3.0363884e-02  -7.5480186e-02  -1.4040263e-01   2.5627730e-02   4.8381635e-01  -1.4117110e-02   3.9368611e-01  -3.2189510e-02  -4.0773733e-02  -8.6339584e-02   2.7266552e-01  -4.8343574e-03  -6.0242183e-03   4.3803730e-01   8.3292548e-02   6.0780063e-02  -2.4163554e-02  -1.4592441e-02   4.6101934e-02   5.6582698e-02  -1.7812719e-01   5.8054655e-02   5.0855789e-02  -5.3164030e-02   3.2193635e-02   8.1933882e-02   7.8507512e-02   2.7830123e-01  -2.4316343e-01   2.6084584e-01   8.2651869e-02   1.0715402e-01   2.1199829e-01   5.6166638e-02  -1.0573174e-01   3.3375798e-01   1.8582687e-01  -1.3479334e-01   1.0823434e-01   6.4289463e-02   1.8525720e-02   2.5496137e-02   1.0255516e-01  -2.8894679e-02   1.2089900e-01  -6.2226956e-02   6.5548871e-03  -4.1848432e-02   1.7553185e-01  -1.3550390e-01   1.3214407e-01   1.5951029e-01   9.1246433e-02   1.4531945e-01   1.7949465e-01   0.0000000e+00  -1.1021871e-01  -1.9266358e-01  -1.3038656e-01
   1.6711243e-01   0.0000000e+00   0.0000000e+00   2.7227199e-01   2.6473421e-01   1.7822819e-01   2.1091038e-01   8.4185824e-02   2.3064079e-01   1.7751643e-04   3.4690844e-01   5.4694107e-02   3.2264967e-01   4.5952526e-02   2.5600992e-01   2.9493159e-01   2.9504963e-01   2.4722328e-01   0.0000000e+00   1.4025788e-01   2.3565629e-01   1.5785716e-01   9.5867949e-04  -3.9652407e-02   2.6354287e-01  -6.6190377e-02   2.4597816e-01  -1.1655123e-01  -1.2831559e-01  -1.9564041e-01  -5.8512761e-02   2.1079539e-03   2.1892986e-01   3.5784138e-01   1.4707429e-01   2.5714213e-01   2.6976364e-01  -5.3957015e-02   8.2886272e-02   2.3513274e-01   1.2373559e-01   2.5317972e-01   1.7856903e-01   1.3992030e-01  -9.8302021e-02   1.0945076e-01   4.4269402e-01   3.6324619e-01   2.6204028e-01   3.4985260e-01   0.0000000e+00   1.0611645e-01   1.3259658e-01   3.9161792e-01   3.8453172e-01   3.2586940e-01   4.4602853e-01   2.3622496e-01   6.2760156e-01   7.2006533e-02  -1.7293871e-01  -1.2472336e-02   1.2865937e-01   3.2627056e-01   7.3317468e-02   3.7803035e-01   5.6623556e-02   1.0438956e-01  -6.8677813e-02   1.6827564e-01  -1.7240958e-01   7.7911200e-02   6.4919961e-02  -3.6197657e-02   5.1472365e-02   1.0951090e-01  -6.7761363e-02  -3.4844947e-02   1.9255146e-02  -7.3288857e-02   3.1879882e-03  -8.0096637e-02  -1.3062546e-01  -1.7986949e-01  -7.0940390e-03  -1.0367910e-01  -2.2613876e-02  -9.3448207e-02   2.9046532e-02  -3.9127589e-02  -9.9696733e-02   2.6968412e-01  -2.9668191e-02   4.9493958e-02   3.7654432e-01   1.7271005e-01  -2.6972012e-02   1.8802557e-01   1.1649891e-01   1.4045968e-01   8.4425295e-03  -1.6082237e-02  -1.1379147e-01   1.4634640e-01   3.3815689e-01   3.0332212e-01   2.5636392e-01   2.1616452e-01   1.8119050e-01   1.5385400e-01   2.2323816e-01   1.5313639e-01   1.7557753e-01   3.0098861e-01   0.0000000e+00  -9.7999359e-02  -1.6806461e-01  -9.9330355e-02
  -1.0043426e-01   0.0000000e+00   0.0000000e+00   3.6467045e-02   1.9532425e-01   1.0612738e-01  -5.3281753e-02  -7.8824077e-02  -9.2406488e-02  -7.4210647e-02   3.8144629e-02   4.6089512e-02   3.5001351e-01   1.2362267e-01  -1.8294441e-01  -2.1644579e-01   1.8722679e-01   3.7781427e-01   1.4025788e-01   0.0000000e+00   3.6090793e-01   2.1599299e-01   9.0700563e-02  -1.0343326e-01   1.3541750e-01   3.5324292e-01   4.4197073e-01   4.0412295e-02   2.8308156e-01   2.1220771e-01   3.6329734e-01   1.5764635e-01   1.7625032e-01   3.2095912e-01   3.4516790e-01   2.5391316e-02   3.8151034e-02   3.8630800e-01   2.6345911e-01   2.3141035e-01   2.9429708e-01   1.9228866e-01   3.1497916e-01   1.2672952e-01  -1.6840609e-03   2.1094986e-01   8.0614561e-03   1.5721097e-01   3.2104478e-01   4.6011998e-01   0.0000000e+00   2.8993722e-01   1.9163105e-01  -5.2230549e-02  -4.9803870e-02   2.7448134e-02   2.4969485e-01   2.6217417e-01   2.5185388e-01   1.4041617e-02   2.0746315e-01  -2.3838827e-02   1.5396788e-01   2.2985013e-01  -1.3277798e-01   2.0788033e-01  -3.9390356e-02  -1.9617824e-01  -3.8605920e-01   6.9172439e-01  -2.2602583e-01  -1.6230955e-01   4.6590642e-02   4.5593955e-02   7.8821143e-03  -2.7441555e-01  -1.9701597e-01   7.0755662e-02   4.9784062e-01  -1.2685317e-01   3.3191369e-01   1.1735635e-01   2.9828286e-01   5.4815032e-01   1.4444854e-01   1.3040426e-01   2.0726885e-01  -1.2650419e-01   2.4197520e-01  -3.5649282e-02   7.3051498e-02   5.7701462e-01   1.2334381e-01  -7.7019385e-02   2.4106888e-01   1.3074266e-01  -6.9989366e-02   1.0405052e-01  -1.3151888e-01   5.0337575e-02   5.1762402e-02   1.1870309e-01  -1.1581403e-01   3.0537117e-01   9.8959274e-02  -8.3767545e-02  -7.4839258e-02   3.2090310e-01  -1.0878248e-01  -1.4593303e-02   1.3835150e-01  -1.5948114e-01  -1.3281401e-01   3.1737890e-02   0.0000000e+00  -3.6897599e-02  -1.6398021e-01  -1.0158293e-01
   8.8903950e-02   0.0000000e+00   0.0000000e+00   2.2759660e-01   1.4641111e-01  -9.9935785e-02   2.4493928e-02  -2.4614520e-02  -9.9922099e-02   1.2623386e-02   2.3129596e-01   7.6336710e-02   5.4571336e-01   1.8926411e-01   2.9187618e-02   3.8947245e-02   2.4650196e-01   1.1290309e-01   2.3565629e-01   3.6090793e-01   0.0000000e+00   2.5149372e-01   1.3643695e-01   2.3468437e-01   4.2174296e-01  -5.2349403e-02   4.9258191e-01  -9.4470806e-02  -3.8904086e-02  -1.9644767e-01   1.4652145e-01   1.7742097e-01   2.3454650e-01   2.9131514e-01   1.3959998e-01   1.3620262e-01   1.1962650e-01   2.4514967e-01   2.1461404e-01   4.3285125e-01   3.4312898e-01   1.9483951e-01  -6.2924204e-02   1.1137682e-01  -6.0379913e-02  -1.2472735e-02   1.9429029e-01   2.2778677e-01   1.4246379e-01   1.7505049e-01   0.0000000e+00  -2.0932413e-02  -1.3296939e-02   1.6774421e-01   5.5036202e-02   1.1423209e-01   4.8576875e-01   1.6331446e-01   2.5320374e-01   8.2022161e-02   5.8376075e-02  -2.4384818e-02   1.2404409e-01   1.7971796e-01  -1.2566671e-01   1.4757601e-01   8.0024522e-03  -1.6643704e-01  -2.8033314e-01   3.6270167e-02  -4.3061878e-02  -1.1823770e-01  -7.9915943e-02  -1.7201357e-01   8.1436555e-02  -4.6814314e-02  -1.9169162e-01  -1.5222963e-01   3.9025616e-02  -1.2810390e-01  -9.5176067e-02  -1.2570665e-02   5.8066469e-02  -2.9150524e-03  -6.4063058e-02  -7.3828760e-02  -2.0890653e-01  -1.3600877e-01  -5.5946714e-02  -1.4308314e-01  -2.2616014e-01   2.5209295e-01   8.0423611e-02  -2.4001035e-01   9.7354799e-02   1.7189422e-01  -6.9051144e-02   1.3807151e-01  -7.4700912e-02   1.4803088e-01  -7.4225394e-02  -1.1982457e-02  -1.2772421e-01   3.9079958e-01   3.8097946e-01  -2.4762318e-02   1.3103445e-02   1.7305413e-01  -1.0260295e-01   8.0603908e-02   1.4232772e-01  -1.3178819e-01  -1.0259516e-01  -2.0807517e-02   0.0000000e+00  -1.3870176e-01  -1.1449656e-01  -1.9337754e-01
