   0.0000000e+00   0.0000000e+00  -7.9186469e-02   7.7152926e-02   4.6712665e-02   4.5274572e-02   1.6836352e-01   1.2140576e-01   1.6830267e-01   1.4025090e-01   2.4349120e-01  -7.4495305e-02  -1.0352982e-02   8.6351457e-02   4.9647798e-02   1.7114239e-01  -3.6986631e-02  -8.2263245e-03   1.6739006e-01   6.4134407e-02  -1.7634267e-01  -1.1171236e-01  -8.0257594e-03  -1.4756462e-01  -1.1893159e-01   8.0419172e-02   3.8733939e-02  -4.9785815e-03  -1.1077069e-02   3.7470975e-03  -6.9756994e-02  -4.6937394e-03   2.1320220e-01   1.8667236e-02   3.5149107e-02   8.3529840e-02   1.5992518e-01   5.1120158e-02   9.4448382e-02   2.1725460e-01   1.7138717e-01   1.1785576e-01   1.9024713e-01   4.3293612e-03   8.4483356e-02   1.7234657e-01  -1.0908178e-01  -1.1002547e-01   4.0735794e-02   2.4655136e-02   6.2225486e-02   1.6353616e-01   5.3742350e-02   9.0091588e-02   6.2125070e-02   2.1808544e-02  -1.5324872e-01  -2.9854347e-02   1.0791256e-01   1.2137675e-01  -1.5624645e-01  -1.1621547e-01  -4.9064570e-02   1.1705832e-01  -5.1095664e-02   6.3911929e-03   2.4316369e-03   2.2400756e-01   4.0362270e-01   1.1879010e-02   1.2183048e-01   1.7464702e-01   1.3860006e-01   1.4996996e-02   5.5163977e-01   1.3388652e-01   5.5268477e-01   8.0351183e-02   1.1594778e-01   1.3852646e-01   1.1028824e-01   1.6359747e-01   8.6377075e-02   6.0103188e-04   7.0999018e-03   3.3216471e-02   1.5725467e-01   7.3163130e-02   5.2057925e-01   2.3133665e-01   1.3915991e-01   6.3196926e-02  -6.6404435e-03   1.0801637e-01   1.0429616e-01   1.8974762e-01   9.4801433e-02   1.5465264e-01   1.3580809e-01   1.5072074e-01  -5.7314256e-02  -3.9136314e-02   2.2974024e-01  -1.2135902e-01  -8.1902588e-02  -1.0567539e-01  -4.4543526e-02  -1.1270964e-01  -1.9012658e-01   1.6389582e-01   1.5610210e-01   1.2812027e-01   9.2467050e-02   6.2554880e-02  -3.0619539e-02   1.7454382e-01   2.6051244e-01   1.9146979e-01
   0.0000000e+00   0.0000000e+00   0.0000000e+00   0.0000000e+00   0.0000000e+00   0.0000000e+00   0.0000000e+00   0.0000000e+00   0.0000000e+00   0.0000000e+00   0.0000000e+00   0.0000000e+00   0.0000000e+00   0.0000000e+00   0.0000000e+00   0.0000000e+00   0.0000000e+00   0.0000000e+00   0.0000000e+00   0.0000000e+00   0.0000000e+00   0.0000000e+00   0.0000000e+00   0.0000000e+00   0.0000000e+00   0.0000000e+00   0.0000000e+00   0.0000000e+00   0.0000000e+00   0.0000000e+00   0.0000000e+00   0.0000000e+00   0.0000000e+00   0.0000000e+00   0.0000000e+00   0.0000000e+00   0.0000000e+00   0.0000000e+00   0.0000000e+00   0.0000000e+00   0.0000000e+00   0.0000000e+00   0.0000000e+00   0.0000000e+00   0.0000000e+00   0.0000000e+00   0.0000000e+00   0.0000000e+00   0.0000000e+00   0.0000000e+00   0.0000000e+00   0.0000000e+00   0.0000000e+00   0.0000000e+00   0.0000000e+00   0.0000000e+00   0.0000000e+00   0.0000000e+00   0.0000000e+00   0.0000000e+00   0.0000000e+00   0.0000000e+00   0.0000000e+00   0.0000000e+00   0.0000000e+00   0.0000000e+00   0.0000000e+00   0.0000000e+00   0.0000000e+00   0.0000000e+00   0.0000000e+00   0.0000000e+00   0.0000000e+00   0.0000000e+00   0.0000000e+00   0.0000000e+00   0.0000000e+00   0.0000000e+00   0.0000000e+00   0.0000000e+00   0.0000000e+00   0.0000000e+00   0.0000000e+00   0.0000000e+00   0.0000000e+00   0.0000000e+00   0.0000000e+00   0.0000000e+00   0.0000000e+00   0.0000000e+00   0.0000000e+00   0.0000000e+00   0.0000000e+00   0.0000000e+00   0.0000000e+00   0.0000000e+00   0.0000000e+00   0.0000000e+00   0.0000000e+00   0.0000000e+00   0.0000000e+00   0.0000000e+00   0.0000000e+00   0.0000000e+00   0.0000000e+00   0.0000000e+00   0.0000000e+00   0.0000000e+00   0.0000000e+00   0.0000000e+00   0.0000000e+00   0.0000000e+00   0.0000000e+00   0.0000000e+00   0.0000000e+00   0.0000000e+00   0.0000000e+00   0.0000000e+00
  -7.9186469e-02   0.0000000e+00   0.0000000e+00   2.7980424e-02   1.0064599e-01   3.9213001e-01   6.9042337e-02   1.8002239e-01   4.4704386e-02  -3.3756295e-01   1.0142632e-01  -1.5762931e-01  -1.1236037e-02   8.6760727e-02   1.0543926e-01  -1.2777625e-01   1.4117588e-01   1.0260215e-01   9.3946522e-03   2.9288761e-02   4.4330693e-02   1.5147442e-01  -9.9119499e-02   3.4564591e-03   2.7776463e-02  -4.4714530e-02   1.5236521e-01  -2.4838738e-02   1.4715403e-01   1.1675769e-01  -1.0501914e-01  -9.2821405e-02   1.0692106e-01   3.4641788e-02  -1.4110726e-01   6.7837707e-02  -1.4258508e-02  -6.2635097e-02   1.2242339e-01  -4.5004718e-02  -6.7396227e-02   4.0063110e-02  -3.9317995e-02  -1.2533359e-01  -1.8637751e-02  -1.8006688e-01   9.9213738e-02   4.8874780e-02   1.1559267e-01   1.4165160e-01   1.0010350e-01   2.4473949e-01  -5.0607938e-02  -4.7466104e-02   2.0893159e-02   1.5138170e-01   3.6169659e-02   4.9694769e-02   5.0005003e-02   1.5725788e-03  -1.3095485e-01  -5.4882142e-02  -1.7492586e-02   1.8845316e-01   1.3198806e-01   2.7677684e-01  -4.0600634e-02   1.3102251e-02  -6.7626991e-02  -1.2589544e-01  -2.2231538e-02  -2.6207486e-01  -1.1131170e-01   3.9545243e-01   1.1820838e-01  -1.6373240e-02  -1.3236933e-01  -7.6938728e-02  -1.3544242e-01   3.6053850e-02   1.7288545e-02   6.1616286e-02   8.7955023e-03  -3.2947115e-02  -8.7115822e-02  -9.3844484e-02   5.2314808e-02  -6.4021881e-02  -1.0641465e-02   1.1859686e-01  -6.2170610e-02  -1.2475873e-01  -1.4436760e-01  -1.0790044e-01  -1.8857493e-01  -6.9531406e-02  -1.1892328e-01  -1.6923885e-01  -2.0998498e-01  -1.7383729e-01  -6.5788639e-03  -9.4081189e-02   1.0436184e-04  -1.0435903e-01  -4.6489681e-02  -1.9226844e-02  -4.1304429e-02   7.8173702e-02   1.6589055e-02   1.2227870e-01  -2.7109975e-02  -6.5262406e-02  -9.8434302e-03   6.8687233e-02  -1.6996807e-02  -5.3784492e-03   1.5187583e-02  -5.1857650e-02
   7.7152926e-02   0.0000000e+00   2.7980424e-02   0.0000000e+00   1.2681189e-01   5.1193390e-02   3.3159354e-02   7.8177185e-02  -1.9375372e-02  -7.6368034e-02   1.0008134e-01  -1.2135684e-01  -5.1361262e-02   6.4237744e-02  -3.3817343e-02  -5.2187268e-02  -9.5974716e-03   4.1730254e-03   1.8814575e-01   2.2281051e-02   4.9823318e-02   7.9911865e-02   7.0148893e-02   6.3508746e-03   9.1112593e-02   1.2990818e-02  -4.0702512e-04   1.0257281e-01   1.5538616e-02   6.0844223e-02  -3.0327895e-02  -5.4580959e-03   8.1019441e-02   2.8715265e-02  -7.4316517e-02   1.0898482e-01   1.5288207e-02   1.8212497e-02   5.9302074e-02   1.0658436e-01  -2.9677855e-02  -1.7629426e-02  -6.4289124e-03  -4.4640780e-02   1.5303159e-02  -8.7645940e-03   6.4483541e-02  -1.0304435e-03   7.0033066e-02   3.8722060e-02   3.5067041e-02   8.7718497e-02  -1.9384664e-02   2.2932270e-02  -2.1629239e-02  -6.8355267e-04  -5.6397767e-02   2.6981497e-02   2.0957912e-01   1.7368167e-01  -9.7132888e-02  -6.9077564e-02  -2.0516091e-02  -8.8990182e-03  -6.4529664e-02  -2.9925121e-03   6.0385017e-02   1.3182662e-01  -3.3287407e-02  -9.5451065e-02   9.5620999e-02  -9.1775928e-02  -5.2165173e-02  -1.0105162e-01   1.8853669e-03   1.0775721e-01   1.4669831e-02  -3.2629932e-02  -4.7767509e-02  -5.7619927e-02   1.8276573e-02   1.9248782e-02  -2.9618919e-02  -1.1154177e-02  -4.0655556e-02  -5.3362460e-02  -7.5551542e-03   1.0713576e-02   2.6066461e-02   1.5468799e-01  -4.4814558e-02  -5.7278652e-02   5.1599868e-03  -3.5627678e-02  -2.9192216e-02   2.7420823e-02   5.2049691e-02   1.1818664e-01  -2.2807767e-03  -9.9903026e-03  -4.6622223e-02   1.1589199e-03   6.0279622e-03  -5.2744711e-02  -7.2211645e-02  -1.2435956e-02  -2.6325768e-02  -8.6332892e-02  -2.6603384e-02  -5.5713135e-02  -5.1102338e-02   1.6634609e-01   1.4479893e-01  -3.0047115e-02  -8.1814920e-02  -4.5836689e-02  -2.2953145e-02   3.9135910e-02
   4.6712665e-02   0.0000000e+00   1.0064599e-01   1.2681189e-01   0.0000000e+00   3.9800791e-01   4.0238648e-01  -5.2558198e-02  -1.2835107e-01  -2.0599020e-02   2.5042060e-01  -1.3585861e-01   2.5155641e-01   4.7904423e-01   2.3122925e-01  -5.2792464e-02   4.1105173e-01   4.5851241e-01   2.8090045e-01   2.8006788e-01   1.9979294e-01   2.3948085e-01  -8.2954082e-02  -1.2154716e-02   3.6964220e-01   1.4839592e-01   7.3371483e-01   2.8559812e-01   2.1601347e-01   2.2544354e-01   3.0211505e-01   2.7768410e-01   1.9454099e-01   2.1257564e-03   2.7223301e-01   2.2505663e-01   3.2590152e-01   1.1942091e-01   1.6957040e-01   2.3124638e-01   1.1539381e-01   1.1553367e-01   5.5837168e-01   1.8608716e-01   4.8174864e-01   3.3341961e-01   7.5926117e-01   1.5003715e-01   1.1060273e-01   4.7649752e-01   2.3984534e-01   4.1675021e-01   1.2638413e-01   1.7239988e-01   1.1736968e-01   1.0925231e-02   5.8542089e-01   6.9497324e-03   3.1089628e-01   2.4298628e-01   8.6636578e-02   1.5280623e-01  -7.6967664e-02   3.8925850e-01   1.2862756e-02   1.2413061e-01   1.0589134e-01   4.3177198e-01   5.7357502e-02   9.8270992e-02  -1.1181032e-01  -2.4360002e-02   2.4411099e-01   5.5314650e-02  -1.6967679e-01   1.4546121e-01  -1.1959329e-01   1.2899845e-01   2.2372010e-01  -1.0510965e-01   4.9429468e-01   5.1742099e-01   3.9519781e-01   2.2115710e-01   1.8645527e-01   2.2340423e-01   3.2856183e-01   1.0545014e-01   9.8329281e-03   2.8078165e-01   3.1929383e-01   1.3639225e-01  -1.2488671e-02   5.8028417e-02   2.1012660e-01   1.6220965e-01   3.0334530e-01   7.9459636e-02   1.1345846e-01  -4.5830191e-02   4.2478619e-01   2.3317375e-01   2.8981689e-01   2.0506333e-01   8.6207046e-02   9.4126334e-02   2.0835269e-02   6.5433312e-02   1.5040977e-01   2.4517326e-01   4.0958809e-02   5.9149886e-02   2.4130548e-02   2.1031855e-01   1.8667334e-01  -1.4944630e-01  -1.6422979e-01  -1.9955484e-01
   4.5274572e-02   0.0000000e+00   3.9213001e-01   5.1193390e-02   3.9800791e-01   0.0000000e+00   1.5130485e-01   1.1282806e-01  -1.4443536e-01  -8.7003534e-02   1.0353944e-01  -1.4257192e-01  -5.3159901e-02   1.9610987e-01   1.5103718e-01  -1.4437767e-01   9.5541593e-02   9.7220318e-02   2.0621075e-02   8.0733705e-02  -1.0546860e-02   3.5173078e-02  -9.5767016e-02  -1.2177155e-01   4.9532147e-02   3.6113001e-02   1.8295403e-01   1.5891603e-02   6.2663194e-02   8.3418646e-02  -1.0778587e-01  -6.9134046e-03   1.0797331e-01  -3.7975020e-02  -8.2782535e-02   2.1029525e-02   6.3246467e-02  -1.4907437e-01  -9.3349702e-03  -3.4054444e-02  -1.2352067e-01  -9.8469857e-02   1.4737864e-01  -1.2795500e-01   1.5183307e-01   8.5710955e-02   2.4155149e-01   1.4370982e-01   1.8987404e-01  -2.9787510e-02   8.7972866e-02   1.5094302e-01  -8.0818245e-02   9.6366281e-03   6.9647349e-03  -1.3928739e-01   6.2902793e-02   3.2535094e-02   9.6876091e-02   1.2773800e-01  -1.2398112e-01  -7.2368125e-02  -1.0954307e-01   1.5890432e-01   5.1285178e-02   1.4752051e-01   5.9125219e-02   1.8076313e-01  -9.1189136e-02  -8.8277242e-02  -1.3230549e-01  -1.5537660e-01  -9.2347058e-02   1.4371105e-01  -2.4087275e-02   1.5679617e-01  -4.0680899e-02  -3.4879930e-02  -7.6232520e-02   1.2444159e-01   1.0374505e-01   1.7563818e-01   1.2714251e-01   9.8467521e-02  -9.1912032e-02  -1.2771112e-01   1.7051918e-01  -3.3732579e-03  -1.0488506e-01   2.1865601e-01   2.3759250e-02  -5.0717461e-02  -1.1305110e-01  -6.7301395e-02  -6.3589124e-02   3.5706093e-02   1.5095761e-02  -1.2933850e-01  -2.6593330e-02  -2.0951526e-02   5.9909730e-02  -6.9925508e-02   6.8125131e-02  -5.3744585e-02   7.9525444e-02  -2.2063894e-02   6.5449154e-03   2.1162599e-02   1.3347217e-02   1.4557656e-01   6.4070420e-02   6.1949895e-02  -1.7014958e-02   1.5506523e-01   2.1152079e-02  -9.9193103e-02   3.7746220e-02  -3.1741364e-02
   1.6836352e-01   0.0000000e+00   6.9042337e-02   3.3159354e-02   4.0238648e-01   1.5130485e-01   0.0000000e+00   1.6244942e-03   1.7538423e-02   2.7584529e-01   5.3523253e-01  -1.9566152e-01   1.9342087e-01   3.4903340e-01   3.1563527e-01  -3.2151744e-03   2.5173583e-01   2.8226616e-01   3.0790160e-01   2.7333242e-01   1.0409087e-01   2.0100153e-01  -8.2153188e-02  -1.5834954e-03   1.0464414e-01   2.9898332e-02   4.6403198e-01   1.8592879e-01   4.3734151e-01   3.0193218e-01   2.5987235e-01   3.7077586e-01   7.4970640e-01   1.4580984e-01   1.6856491e-01   2.8735909e-01   3.3025164e-01   4.6306367e-02   2.5810667e-01   2.8797247e-01   1.7309601e-01   2.1413140e-01   6.1260080e-01   1.4475246e-01   4.4354986e-01   2.4432169e-01   8.9926360e-02   5.0834458e-02   9.7297082e-02   5.5107691e-01   3.1240539e-01   5.5493753e-01   1.4856697e-01   3.1611202e-01   2.3802954e-01   8.6684571e-02   2.0768130e-01   4.3262764e-02   1.8003458e-01   1.5250215e-01  -2.9023864e-01  -2.0900606e-01  -1.3640429e-01   7.2095835e-01  -2.0469131e-02   4.8685604e-01   8.6803469e-02   6.4617085e-01   2.0748083e-01  -1.5338678e-01  -1.5598538e-01   1.9617166e-01   6.1013634e-01  -2.5351927e-03  -1.9632555e-01   1.9013642e-01   1.5436555e-02   9.5008033e-02  -4.2725883e-02   2.0319922e-02   2.2093939e-01   4.5460249e-01   3.8563399e-01   7.5804990e-02   5.1414181e-01   2.7715287e-01   8.8511711e-01   9.1809586e-02   2.4710673e-01   2.5816009e-01   4.8460373e-01  -1.9227303e-02  -2.4152057e-02   3.7988799e-01   4.5398652e-01  -1.1357486e-02   1.3937545e-01  -1.2268170e-01  -1.1965111e-02   2.2307891e-02   5.5184497e-01   2.0346163e-01   4.4176769e-01  -1.1638252e-01  -7.6707697e-02   1.1541762e-01   1.1087877e-01   8.5520806e-02   1.1596195e-01   8.3194092e-01   1.4009384e-01   1.0682687e-01   2.1634885e-01   2.4823737e-01   2.1587255e-01  -1.3520840e-02  -9.4421897e-02  -1.2161415e-01
   1.2140576e-01   0.0000000e+00   1.8002239e-01   7.8177185e-02  -5.2558198e-02   1.1282806e-01   1.6244942e-03   0.0000000e+00   3.1852579e-01  -6.9673086e-02   1.2751731e-01  -1.3516401e-01  -6.5865069e-02   1.0899320e-02   1.2941071e-01   1.5586326e-01   5.2690066e-02  -8.3593197e-02   4.6923943e-02  -1.1904236e-01  -1.3151918e-01   1.1950638e-02  -5.4469177e-02  -1.2032629e-01  -8.4740958e-02   9.2680478e-02  -3.5944636e-02   1.4987422e-02  -2.9884323e-02   4.4127497e-02  -1.2876700e-01  -1.6652131e-02   2.5151237e-02  -5.3666838e-02  -7.8138767e-02   3.7552650e-02   9.3226334e-04  -1.0938657e-02   8.7810247e-02   1.2549869e-01   6.1284911e-02  -4.7403163e-02  -9.3106653e-02  -9.1343461e-02  -3.3979255e-02   3.7257037e-02  -6.7501728e-02  -4.1712521e-02   1.2012362e-01  -1.6267851e-02   2.3992442e-02  -4.1134283e-02  -6.9840866e-02   7.4966302e-02   1.5743620e-01   7.1862752e-02  -1.1888637e-01  -1.8154719e-02   8.8321110e-02  -9.6727545e-02  -2.1460611e-01  -1.7424321e-01  -1.0760164e-01   2.6572816e-02   1.7877565e-02   6.0495209e-02   4.2805456e-02  -5.0667944e-02  -2.9465023e-02  -7.9923502e-02  -1.2577920e-02  -5.4693186e-02  -8.8124340e-03   8.9305178e-02   8.8101577e-02   5.8904065e-02   9.9844936e-02   2.4084290e-02  -1.6765898e-01   8.8126044e-02  -5.7932483e-02  -1.5708792e-01  -1.0432067e-01  -6.6732357e-02  -8.7427494e-02  -8.5717375e-02  -3.3026003e-02  -6.0608211e-02   5.6243185e-02   3.4808298e-02  -1.7321499e-01  -1.2091978e-01   3.5526791e-02  -1.3122031e-01  -4.1040317e-02   1.0119374e-01  -2.9846819e-02  -1.0544832e-01  -6.7711217e-02   7.8302510e-02  -5.6458533e-02  -1.1689951e-01  -1.7478281e-02  -1.8748390e-01  -1.4220186e-02   7.8569106e-05  -8.5406838e-03   1.1237886e-01  -1.3085074e-01  -6.7377290e-03   8.4074737e-02  -3.3495257e-02  -4.4191416e-02  -7.9204966e-02  -1.0873428e-01   4.6290666e-01   1.1101954e-01   2.4938260e-02
   1.6830267e-01   0.0000000e+00   4.4704386e-02  -1.9375372e-02  -1.2835107e-01  -1.4443536e-01   1.7538423e-02   3.1852579e-01   0.0000000e+00  -3.8557704e-03   1.4484506e-01   9.2507833e-02   6.9919008e-02  -4.5598744e-03   1.4584070e-01   2.2193656e-01   8.3146575e-02   6.6887492e-02   1.7161191e-01  -9.5383940e-02  -7.6282536e-03   6.1552154e-02   4.9860832e-02  -1.0124226e-01  -1.2526498e-02   1.0386703e-01  -8.2316874e-02   6.7128125e-02   2.8441275e-03   5.0003991e-02  -5.1196228e-02   1.0772395e-01   5.2220098e-02  -3.3392880e-02   9.8606066e-02   6.5889877e-02   6.5564007e-02   1.7584852e-01   2.0871163e-01   1.9495147e-01   1.5835041e-01   1.8082184e-01  -9.5420734e-02   1.0115011e-01  -4.8982251e-02   7.7739030e-02  -1.0988405e-01   7.1268000e-02   1.0459265e-01   5.0231871e-02   1.6548896e-01   4.0602501e-02   1.1316297e-01   1.4635612e-01   1.3729104e-01   3.7583992e-01  -4.2559789e-02  -5.9866001e-02   1.4455269e-01  -4.6586362e-02   1.3950843e-02  -1.4999691e-02  -8.6338290e-03  -1.7945288e-02   2.2142515e-01   1.0069996e-01   1.7936327e-01  -1.4849805e-01   1.1450557e-01   4.6213439e-02   9.7594230e-02   4.3344028e-02   7.4271422e-02   1.0907726e-01   1.9224157e-01  -6.0638112e-02   2.3092788e-01   1.3226511e-01  -7.5098124e-02  -2.2122613e-02  -8.7752898e-02  -1.5226278e-01  -1.6624910e-01  -1.2707408e-01   2.9035271e-02   5.7629709e-02  -7.1666880e-02  -1.2621269e-01   2.5243010e-01  -1.8240884e-01   1.0590835e-02   1.4605042e-02   2.2441544e-01   7.6262939e-02   2.3773671e-01   2.3031389e-01   5.5231188e-02   1.9923834e-01   2.0878846e-01   4.3029621e-01  -6.6967119e-02   1.4427338e-02  -1.3518394e-02  -2.9463169e-02   9.8341047e-02   3.7804220e-02   6.9640693e-02   2.0232959e-01  -1.6820139e-01  -5.5391901e-02   2.8224207e-01   1.7229066e-02   1.3913964e-01   4.2077136e-02   1.0602857e-01   3.7057978e-01   1.0627454e-01   1.4045710e-01
   1.4025090e-01   0.0000000e+00  -3.3756295e-01  -7.6368034e-02  -2.0599020e-02  -8.7003534e-02   2.7584529e-01  -6.9673086e-02  -3.8557704e-03   0.0000000e+00   2.3110489e-01   2.8879160e-01   2.2237590e-01   1.4794714e-01   1.4221139e-01   6.7001843e-02  -9.5130272e-02  -4.3456448e-02   9.6129981e-03   4.1865546e-02   2.0710103e-01   9.7163107e-02   1.8369658e-01   1.5517458e-01   1.0991099e-01   3.2832126e-02   1.4038569e-01   3.1701059e-01   2.6340005e-01   3.1112873e-01  -2.7857588e-02   2.4884591e-01   3.7737309e-01   4.3570838e-02   4.3037169e-02   3.1777987e-01   1.3015767e-01   8.2402264e-02   2.7449612e-01   2.8714215e-01   1.6515824e-01   1.4712402e-01   1.0551608e-01   1.4023131e-01   2.9755441e-01   1.0934452e-01  -2.1683482e-01  -2.0445223e-02  -3.2148627e-02   1.1572384e-01   1.6919750e-01   2.1992137e-01   8.0419756e-02   1.1000929e-01   3.8804234e-02   1.3278281e-02  -7.6646231e-02  -4.5683072e-02  -7.6747944e-02   1.9588607e-01  -1.5402735e-01  -1.6583025e-01  -7.2340428e-02  -5.0458073e-03   6.5694203e-02  -6.0643898e-02  -1.2959503e-01   1.6111719e-01  -4.0696231e-02  -1.9108727e-01  -2.3651695e-02   2.9858113e-01   1.6978103e-01  -4.4489242e-01  -8.8857524e-02   5.3528103e-04   2.4194314e-02   7.3660773e-02  -1.3847615e-01  -6.6182073e-02  -4.5083111e-02   1.4857410e-01   1.3758332e-01   2.5697493e-02   2.4537801e-01  -3.2184081e-02   2.2771839e-01   7.7270549e-02   1.5910783e-01  -1.2439734e-03   6.1149770e-02  -2.3122279e-01  -1.9931613e-01   1.1752767e-01   2.6218934e-01   2.2371397e-02  -1.8367986e-02  -4.2884083e-02   7.8499998e-02   2.6863046e-02   1.1938825e-01  -1.4202782e-01   2.2094454e-01  -5.4389523e-02  -1.3797864e-01  -8.9818323e-02   9.5651578e-03  -7.4539014e-02  -5.1412886e-02   1.2721959e-01  -2.9021711e-02   1.4136258e-01   1.8019967e-01   4.3285813e-02   5.9061864e-02   1.0541230e-01  -5.9934218e-03   9.1590824e-02
   2.4349120e-01   0.0000000e+00   1.0142632e-01   1.0008134e-01   2.5042060e-01   1.0353944e-01   5.3523253e-01   1.2751731e-01   1.4484506e-01   2.3110489e-01   0.0000000e+00  -2.7392575e-01   2.6142802e-01   3.5711174e-01   5.9982882e-01   2.7759750e-01   1.9981116e-01   9.9736175e-02   3.3053094e-01  -5.9937207e-04   2.8077859e-01   3.2470474e-01   1.9664364e-01   1.2343107e-01   2.4715357e-01   1.5482901e-02   2.9322999e-01   5.3294968e-01   6.1411034e-01   7.3769326e-01   8.0772384e-03   5.0790732e-01   7.2197616e-01   1.6690572e-01   1.5834218e-01   7.9904083e-01   5.3166390e-01   4.4311021e-01   6.2863089e-01   8.5791809e-01   5.3532705e-01   3.3348298e-01   2.8086469e-01   3.3011400e-01   5.3194142e-01   4.1131835e-01   2.5142607e-02   1.4253644e-01   2.6159792e-01   3.5346735e-01   3.5885567e-01   4.2976238e-01   2.7370358e-01   4.9246453e-01   3.6689493e-01   1.8763881e-01  -4.2796949e-02   8.7872137e-02   2.9173490e-01   1.6320477e-01  -2.4133642e-01  -2.4814830e-01  -1.8064666e-01   5.2413116e-01   1.4288632e-01   5.5390824e-01   2.2336950e-01   3.9548528e-01  -8.6664769e-03  -2.9471428e-01  -5.6533877e-02   5.1029582e-02   5.4060449e-01  -7.0664135e-02  -1.7841518e-02   2.3216939e-01   8.2495146e-02   6.4740775e-02  -2.5449292e-01  -1.7569489e-02  -6.0722032e-02   1.4719458e-01  -3.3961040e-02  -1.2354895e-01   4.2051981e-01  -8.2379311e-02   4.7096814e-01  -1.4966302e-01   8.3067313e-02   1.7689117e-01   1.2887620e-01  -1.8387398e-01   7.3310530e-02   3.0397385e-01   3.4388697e-01   2.7452011e-01   1.7231650e-01   8.7433007e-02   1.0234154e-01   1.6227885e-01   2.2977930e-01   9.9456619e-02   2.7510915e-01  -7.1005906e-02  -4.1019059e-02   2.1631056e-01   1.8462405e-01   2.2332388e-01   6.6920639e-02   5.0155827e-01   3.1166756e-01   1.3458986e-03   1.2562986e-01   1.0031930e-01   1.7074908e-01   1.1508242e-01  -9.9080809e-02  -1.4986358e-01
  -7.4495305e-02   0.0000000e+00  -1.5762931e-01  -1.2135684e-01  -1.3585861e-01  -1.4257192e-01  -1.9566152e-01  -1.3516401e-01   9.2507833e-02   2.8879160e-01  -2.7392575e-01   0.0000000e+00   1.2660060e-01  -8.7516826e-03  -2.2583347e-01  -1.0121772e-01  -7.8041576e-02   1.2334724e-02  -9.1876171e-02   3.4449582e-02   7.6992701e-02  -1.0036857e-01   1.1392815e-01   7.0494326e-03   1.9763751e-02   1.0011438e-01  -6.6454874e-02   1.1485525e-01  -1.2633290e-01  -1.7119441e-01   1.6622130e-01   7.8666111e-02  -2.5384309e-01  -5.0084412e-03   2.2572317e-01  -8.7553603e-02  -1.6215269e-01   1.7009574e-01   4.1091515e-02  -1.2672520e-01   9.4418274e-02   1.9478131e-01  -5.0302038e-02   1.8274719e-01  -5.9647487e-02   1.0235882e-03   6.1441509e-02   2.0549903e-03  -1.9915705e-01  -1.1070942e-01  -3.5103313e-02  -1.5172121e-01   1.3081172e-01  -1.9949955e-01  -1.6248628e-01  -6.3125150e-03   9.6076542e-02  -1.9485327e-01  -1.2660704e-01  -3.0690968e-02   3.8811992e-01   3.3872779e-01   1.4550529e-01  -2.7153989e-01   1.6394182e-01  -3.2080377e-01  -1.5581154e-01  -2.2216896e-01   3.4801554e-02   3.3669263e-01   1.6629941e-01   1.6243394e-01  -1.1464365e-01   1.0207473e-01   1.2246423e-01  -2.6889297e-01  -2.0767318e-02   2.1132704e-01   2.6639070e-01  -6.6767103e-02   9.5600069e-02  -7.8372926e-03   7.3738080e-02   2.0403964e-01  -4.0043798e-02   2.9930144e-01  -2.3616004e-01   8.2938326e-02   1.4143273e-01  -2.4345479e-01   6.7320579e-02   1.6098352e-01  -1.4611097e-02  -6.8350541e-02   1.1406446e-01   8.6168986e-03   7.3506878e-02   1.7196602e-01   1.9088596e-01   4.5124773e-02   6.6681300e-02   5.8079583e-02  -7.8162617e-02   2.0886759e-01   4.1281793e-02  -1.4038279e-01  -8.0585694e-02  -1.1157253e-01  -7.8471770e-02  -2.5746992e-01  -1.0118405e-01   3.6038246e-02   3.4315711e-03   7.3427536e-02  -2.6172935e-03   4.9502176e-02   2.7305888e-02   2.1943971e-01
  -1.0352982e-02   0.0000000e+00  -1.1236037e-02  -5.1361262e-02   2.5155641e-01  -5.3159901e-02   1.9342087e-01  -6.5865069e-02   6.9919008e-02   2.2237590e-01   2.6142802e-01   1.2660060e-01   0.0000000e+00   2.7134902e-01   3.0636581e-01   1.8656023e-01   1.7424328e-01   2.5849245e-01   1.5712723e-01   2.0374413e-01   4.9534690e-01   2.9512178e-01   2.9426104e-01   1.4005515e-01   3.5590337e-01   1.0753362e-01   4.1303344e-01   4.6199907e-01   3.0391433e-01   4.0672379e-01   4.0412163e-01   4.6174719e-01   1.7093678e-01   5.8891821e-02   3.4273769e-01   3.7842067e-01   1.8901396e-01   3.8848876e-01   4.4563465e-01   3.5879833e-01   4.6369829e-01   4.1287183e-01   1.8022806e-01   3.3979109e-01   4.6615485e-01   3.9295350e-01   2.7921361e-01   3.3991498e-02  -8.3804913e-02   3.5995138e-01   2.4728569e-01   7.1083958e-02   2.0256990e-01   4.4536967e-02   1.5577141e-01   3.1718150e-01   3.2971236e-01  -7.7437811e-02   1.5494899e-01  -2.7999782e-03   1.9528994e-01   1.8096028e-01   1.7090281e-01   2.5501646e-01   1.9342568e-01   7.8909855e-02   5.2217972e-02  -1.2722423e-02   9.0174374e-02   1.7138590e-01   1.3030142e-01   1.2372151e-01   1.0359126e-01   9.1057681e-03  -8.4564259e-02  -1.8839829e-01  -1.2373957e-01   1.2011823e-01   1.1542931e-01  -3.0905597e-02   1.8753715e-01   5.8728569e-02   9.1481170e-02   2.1717005e-01   2.5798289e-01   2.9028039e-01   1.2995395e-01   3.7224030e-03   4.6898471e-02  -3.9790916e-02   1.8004930e-01   1.0872996e-01  -7.7022749e-02  -2.7043258e-02   2.2483018e-01   5.6647517e-02   1.1489991e-01   4.6748264e-02   7.0537246e-03   8.3671286e-02   2.4130130e-01   9.5243775e-02   3.9110001e-02   1.2763696e-01   1.2333856e-01   2.4979244e-01   1.5966234e-01   1.1103027e-01   1.1340293e-01   2.3350998e-02   1.6582990e-02  -1.1268586e-01   9.6056717e-02   1.4136740e-01   1.8274927e-01   9.2838459e-02  -1.0397341e-01  -1.2858026e-01
   8.6351457e-02   0.0000000e+00   8.6760727e-02   6.4237744e-02   4.7904423e-01   1.9610987e-01   3.4903340e-01   1.0899320e-02  -4.5598744e-03   1.4794714e-01   3.5711174e-01  -8.7516826e-03   2.7134902e-01   0.0000000e+00   2.9434767e-01   1.3621725e-02   2.5916808e-01   1.1250023e-01   3.1369586e-01   2.1716280e-01   3.7604895e-01   4.2729573e-01   3.7438662e-01   1.9320038e-01   4.5664511e-01   3.8426833e-01   5.1978487e-01   4.8161163e-01   2.0728016e-01   4.7783171e-01   4.7055108e-02   3.5055517e-01   2.1110490e-01   4.8589956e-02   1.0071342e-01   5.8493048e-01   2.9079650e-01   2.7523075e-01   4.6324179e-01   3.9944935e-01   2.5490048e-01   2.6183490e-01   2.9569584e-01   2.3800085e-01   5.3260887e-01   2.8178225e-01   3.4758713e-01   4.2896032e-02  -3.1815219e-02   2.5204384e-01   1.2760333e-01   2.8709304e-01   1.2960008e-01   2.3255584e-01   1.0715525e-01   1.6208088e-02   4.0520017e-01  -1.1985056e-01   2.7543605e-01   2.3999863e-01  -1.8797326e-02   1.2322354e-02  -4.7622070e-02   2.1159479e-01   5.5613010e-02   8.5075945e-02   5.0582213e-02   3.1726797e-01  -2.8498983e-02  -1.7884060e-02   8.5791574e-02  -3.1118640e-02   1.4798878e-01   5.8609903e-03  -1.0704946e-01   9.4816206e-03  -7.2994753e-02   1.4033706e-01  -4.3718389e-02  -3.1810561e-02   2.1704102e-01   2.4451123e-01   3.1497286e-01   8.6200858e-02   1.0851092e-01   1.5749283e-01   1.9892525e-01  -3.4690324e-02   7.6268219e-02   1.9418037e-01   1.7128607e-01   7.9399036e-03  -3.9910538e-02   6.3082676e-02   2.1539507e-01   1.6889620e-01   9.9427122e-02   9.3185515e-02   9.1018775e-02   4.9558527e-02   2.9688786e-01   9.8528928e-03   2.1754704e-01   5.9255271e-02  -2.9823963e-02   1.9659512e-02  -3.5728603e-02  -1.2033505e-02  -7.3010690e-02   1.4819016e-01  -7.1596301e-02   6.5104776e-02   3.5932039e-02   1.3607185e-01   3.4757058e-02  -4.8503426e-02  -1.3070749e-01  -8.9037187e-03
   4.9647798e-02   0.0000000e+00   1.0543926e-01  -3.3817343e-02   2.3122925e-01   1.5103718e-01   3.1563527e-01   1.2941071e-01   1.4584070e-01   1.4221139e-01   5.9982882e-01  -2.2583347e-01   3.0636581e-01   2.9434767e-01   0.0000000e+00   3.3723392e-01   1.7493202e-01   3.3910869e-02   2.1272006e-01  -1.1179382e-01   2.5143704e-01   1.8173126e-01   2.4161949e-01   6.2311080e-02   1.6348384e-01   3.5206158e-02   2.6715171e-01   4.1140900e-01   4.7853899e-01   6.4537014e-01  -6.2607873e-02   3.2250137e-01   3.7089746e-01   2.0174426e-02   1.6936312e-02   5.9274947e-01   3.1481562e-01   3.0599867e-01   4.7719646e-01   5.5734042e-01   4.0358345e-01   2.6364560e-01   5.4624304e-02   2.6966768e-01   3.5468025e-01   2.4775148e-01   7.9411304e-02   8.4232370e-02   7.3120065e-02   3.1633221e-01   1.4800560e-01   2.5884338e-01   2.3010891e-01   3.9063701e-01   3.4545363e-01   3.4194836e-01  -1.7384981e-02   8.7859431e-03   2.7119672e-01   7.5732535e-02  -2.6055718e-01  -2.3076405e-01  -1.0305870e-01   3.0122779e-01   1.7191007e-01   3.3042279e-01   1.0627903e-01   1.4269169e-01  -7.1765076e-02  -3.0535699e-01  -3.7257152e-02   2.2345667e-02   2.0046021e-01  -9.9258371e-02  -1.1177699e-01   7.7221779e-02   3.1297089e-02   2.8467976e-02  -2.7229647e-01  -2.2605525e-02  -1.0516257e-01   4.2871800e-02  -1.0260043e-01  -1.7722088e-01   1.5121582e-01  -1.6130677e-01   2.5197431e-01  -2.1824419e-01   3.2514134e-02   1.2299949e-01  -3.4922130e-02  -2.3383100e-01   4.2707694e-02   1.6205767e-01   1.8440234e-01   2.0453537e-01   9.7514869e-02   5.0647787e-02   1.8201064e-02   1.3241274e-01   1.6261065e-01  -1.2890477e-01   1.6158256e-01  -7.8903659e-02  -1.9889172e-02   1.0805063e-01   2.2927365e-01   1.9360236e-01  -1.3674817e-02   1.9863155e-01   1.4139027e-01  -1.1884333e-01   9.8297102e-02   7.4677362e-02   1.5944469e-01   1.9020814e-01  -8.8746752e-02  -1.7164842e-01
   1.7114239e-01   0.0000000e+00  -1.2777625e-01  -5.2187268e-02  -5.2792464e-02  -1.4437767e-01  -3.2151744e-03   1.5586326e-01   2.2193656e-01   6.7001843e-02   2.7759750e-01  -1.0121772e-01   1.8656023e-01   1.3621725e-02   3.3723392e-01   0.0000000e+00  -7.1507919e-02   1.0755830e-01   1.5487564e-01  -1.5932100e-01   9.6887900e-02   9.9201144e-02   9.2064297e-02   3.7892644e-02   5.3679813e-02   4.4967745e-02  -3.4336201e-02   1.5777157e-01   1.4626077e-01   1.9734169e-01  -5.8076197e-02   1.3577191e-01   1.7527826e-01   1.5486992e-01   5.7119887e-02   2.0773860e-01   2.0980521e-01   1.1864891e-01   1.2019667e-01   2.7271350e-01   2.7593230e-01   2.1111468e-01  -2.0318726e-02   7.7158073e-02   1.0267064e-01   2.8405054e-01   6.0848524e-02   2.3860870e-01   1.7857305e-01   7.5950964e-02   2.0899366e-01  -6.6644386e-02   7.1705583e-02   3.4394129e-01   4.2948780e-01   4.2426950e-01  -4.1283257e-02   7.1510407e-02   1.8339561e-01  -1.0835741e-01  -7.9356054e-02  -1.3468667e-01   5.3545738e-02   8.7843931e-02   6.2744960e-02   2.3295689e-01   1.3197103e-01  -3.0049236e-02  -2.6874100e-02  -3.4728239e-02   5.1780188e-03  -3.0508990e-02   2.1069677e-02  -7.9631562e-02   4.2154464e-02   5.8927281e-02   8.5938846e-02  -1.2115821e-01  -1.5268831e-01   4.8356899e-03  -1.5744634e-01  -2.2855178e-01  -2.0570622e-01  -1.3231623e-01   1.1237147e-01  -9.4671998e-02  -4.7728140e-02  -1.2983227e-01  -1.3919726e-02  -1.7679995e-02  -7.0841163e-02  -5.2104296e-02   1.6131033e-01   4.6548187e-02   8.9714486e-02   1.4006576e-01   5.1040496e-02   9.7892345e-02   9.8587083e-03   1.5175961e-01  -4.2580005e-02   6.5816672e-02  -1.1176921e-01  -7.1357231e-02   1.2290756e-01   2.7065621e-01   1.4970570e-01   3.1051669e-01   5.3428863e-02   5.9135815e-03   1.2204996e-01  -4.0238769e-02   1.0232210e-01   1.0159562e-01   1.5924106e-02   2.1060760e-01   1.1786115e-02  -4.1599327e-02
  -3.6986631e-02   0.0000000e+00   1.4117588e-01  -9.5974716e-03   4.1105173e-01   9.5541593e-02   2.5173583e-01   5.2690066e-02   8.3146575e-02  -9.5130272e-02   1.9981116e-01  -7.8041576e-02   1.7424328e-01   2.5916808e-01   1.7493202e-01  -7.1507919e-02   0.0000000e+00   4.0515926e-01   2.0754721e-01   7.4373636e-02   8.5313375e-02   2.6659390e-01  -1.9323087e-03   2.3775869e-02   2.7523407e-01   1.5523297e-01   3.2165144e-01   2.0579439e-01   1.6390527e-01   1.7865695e-01   1.9939192e-01   2.1147279e-01   1.3367212e-01  -2.8341928e-02   2.5491311e-01   2.1151384e-01   1.4939264e-01   2.1214971e-01   2.4739601e-01   2.2133393e-01   1.2011099e-01   1.6540613e-01   2.6612347e-01   2.2241442e-01   2.1527806e-01   2.6944107e-01   3.2850068e-01   8.7531706e-02   1.5858477e-01   4.2424302e-01   4.0251954e-01   2.6895228e-01   1.7686978e-01   1.9742692e-01   8.6481206e-02   1.7359322e-01   3.7633912e-01   8.4862535e-02   3.0109452e-01   7.9100964e-02   3.6789897e-02   1.0090605e-01   1.3424071e-02   3.6295583e-01   2.1027873e-01   1.6286741e-01   1.9112892e-01   1.8934789e-01   9.6351779e-02   8.3835311e-02   7.7920069e-02  -3.0308491e-02   2.2182567e-01   4.0988577e-02  -1.4016654e-01   1.1409171e-01  -6.0813201e-02   1.1044139e-01   1.2384602e-01  -4.6098244e-02   2.3236577e-01   2.4547450e-01   1.5888175e-01   3.7045301e-02   2.1320633e-01   1.7916618e-01   1.6649485e-01   2.6476448e-02   6.1237554e-03   2.7724664e-02   2.6596540e-01   1.6183422e-01   7.5277080e-02   1.2381730e-01   2.3705699e-01   2.0648419e-01   2.0676132e-01   1.1863731e-01   1.0310993e-01   7.6233364e-02   2.4231957e-01   2.4696297e-01   1.7035150e-01   1.6928936e-01   1.8226304e-01   2.0238678e-01   6.5185890e-02   1.8870435e-01   1.4590360e-01   2.3017395e-01   1.4175928e-01  -5.4396386e-02  -3.2022052e-02   7.0880034e-03   1.8112527e-01   2.5604848e-02  -1.1834553e-01  -1.7609551e-01
  -8.2263245e-03   0.0000000e+00   1.0260215e-01   4.1730254e-03   4.5851241e-01   9.7220318e-02   2.8226616e-01  -8.3593197e-02   6.6887492e-02  -4.3456448e-02   9.9736175e-02   1.2334724e-02   2.5849245e-01   1.1250023e-01   3.3910869e-02   1.0755830e-01   4.0515926e-01   0.0000000e+00   2.1324379e-01   2.8190475e-01   1.7253475e-01   3.5561127e-01  -1.0458675e-01   5.0119377e-02   3.0484972e-01   4.5640793e-02   2.8830980e-01   5.4434037e-02   1.5836961e-01   2.4624439e-02   2.3159237e-01   1.6769789e-01   2.0801957e-01   1.8412688e-01   3.0558891e-01  -6.3063789e-02   1.1398477e-01   8.4788247e-04  -1.5985136e-03  -3.3494584e-04   1.6249198e-02   2.4464870e-01   4.1032020e-01   9.8753267e-02   1.5433837e-01   2.9857017e-01   4.4037765e-01   4.4413408e-01   3.4217626e-01   4.0502268e-01   4.5960450e-01   2.3520407e-01   7.5267635e-02   1.5919182e-01   1.0935093e-01   3.6789499e-01   5.9182250e-01   2.9981741e-01   2.9849975e-01   1.0852449e-01   2.0356937e-01   2.1424376e-01   1.8917952e-01   4.1263789e-01   7.9106008e-02   2.2349563e-01   1.2941425e-01   3.3482742e-01   1.5985998e-01   2.6658628e-01   2.4689015e-02  -2.4641432e-02   1.6100643e-01   9.2239493e-02  -9.4767744e-02   1.9678124e-01  -1.4410319e-01  -1.2342361e-01   2.2516125e-01  -9.6383767e-02   4.0243538e-01   3.2430995e-01   3.3513321e-01   3.2580815e-01   2.9376175e-01   2.6939904e-01   2.2300147e-01   2.3607615e-01  -6.0503930e-02   2.3132015e-01   4.7354218e-01   2.7104751e-01   3.7524844e-02   8.8095558e-02   2.0881300e-01   7.1061831e-02   2.3086017e-01   9.1093527e-02   8.5972780e-02  -2.1798304e-02   2.0884019e-01   4.5260682e-01   4.6263960e-02   8.4284626e-02   2.5959987e-01   3.1498012e-01   5.1728026e-02   1.8188610e-01   3.3402410e-01   2.4343143e-01   9.6585809e-02   3.7162724e-02   1.3288499e-01   1.9206927e-01   1.5506565e-01  -9.6660387e-02  -8.5785821e-02   2.3830465e-03
   1.6739006e-01   0.0000000e+00   9.3946522e-03   1.8814575e-01   2.8090045e-01   2.0621075e-02   3.0790160e-01   4.6923943e-02   1.7161191e-01   9.6129981e-03   3.3053094e-01  -9.1876171e-02   1.5712723e-01   3.1369586e-01   2.1272006e-01   1.5487564e-01   2.0754721e-01   2.1324379e-01   0.0000000e+00   2.3255836e-02   2.0834041e-01   3.1587811e-01   1.7339746e-01  -3.6525429e-02   3.0714709e-01   1.5913970e-01   1.8761332e-01   2.2789521e-01   1.7018408e-01   2.9496187e-01   1.8482695e-02   3.0538131e-01   2.4744651e-01   4.9595558e-03   1.8764523e-01   3.9778790e-01   2.8210472e-01   2.9042357e-01   3.7474526e-01   4.1834182e-01   3.1006193e-01   3.6014960e-01   1.7564097e-01   2.9693761e-01   2.1589891e-01   4.4960122e-01   2.7226473e-01   1.9072369e-01   1.9356522e-01   2.2386579e-01   1.9320571e-01   2.3650280e-01   2.8974557e-01   3.1134232e-01   2.8248936e-01   1.7407438e-01   1.7935121e-01   9.0925791e-03   6.5590743e-01   1.0388575e-01  -3.8727984e-02  -6.4801321e-03   7.5021883e-03   2.7580515e-01   1.3685971e-01   2.9858386e-01   1.3888490e-01   2.0403301e-01   8.6415089e-02   1.2540533e-02   3.6169974e-02  -9.5731309e-03   1.2396307e-01  -3.6565872e-02  -6.9978874e-02   9.5544090e-02   1.6285678e-01   8.8675968e-02   1.7494746e-03  -4.9552291e-02   7.8178638e-02  -2.4997159e-03   9.9010535e-03  -3.5694620e-02   1.5729788e-01   6.8055866e-02   1.1217038e-01  -7.5869847e-02   2.5178949e-01   3.8741745e-02   2.1493695e-01   5.8508233e-02   1.0760779e-01   2.1656066e-01   4.8113126e-01   2.9886659e-01   9.3680505e-02   3.1248622e-01   1.7483126e-01   2.2867764e-01   1.2611752e-01   1.7094604e-01   9.9642284e-02   7.0325218e-02   1.2668031e-01   1.8095132e-01   3.1932003e-02   1.5596321e-01   2.1704147e-02   1.7793561e-01   2.1514516e-01   1.7256742e-01   2.3747633e-01   1.9775123e-01   3.7281813e-02  -1.6329734e-03  -3.3700952e-02  -5.8162120e-03
   6.4134407e-02   0.0000000e+00   2.9288761e-02   2.2281051e-02   2.8006788e-01   8.0733705e-02   2.7333242e-01  -1.1904236e-01  -9.5383940e-02   4.1865546e-02  -5.9937207e-04   3.4449582e-02   2.0374413e-01   2.1716280e-01  -1.1179382e-01  -1.5932100e-01   7.4373636e-02   2.8190475e-01   2.3255836e-02   0.0000000e+00   1.9781986e-01   2.6640399e-01  -1.2547622e-01  -2.3337745e-02   2.6098179e-01   2.7333377e-01   2.9702803e-01   3.8294696e-02   8.7585409e-02  -4.7251083e-02   5.2461794e-01   8.7708182e-02   7.1856681e-02   6.2808307e-02   1.6961938e-01  -1.3055144e-01   5.4034322e-02   8.4361644e-04  -5.9970263e-03  -4.1012889e-02  -3.1262449e-02   3.9097702e-02   4.4802046e-01   5.5361120e-02   2.6175254e-01   1.3211269e-01   2.1776718e-01   1.1887699e-01   5.1019646e-02   1.2113137e-01   1.0717493e-01   1.8186225e-01   2.3711400e-02   2.0912823e-02  -1.0858612e-01  -9.9845666e-02   4.8896344e-01   8.5627023e-02   6.2080828e-02   3.6772790e-01   3.0050119e-01   3.1452282e-01   1.4073152e-01   1.9140897e-01  -8.4255930e-03   3.3094084e-02   1.4130953e-01   3.0735527e-01   2.7789914e-01   4.2401468e-01   9.6996354e-02   7.4529711e-02   1.9444768e-01   2.0826714e-01   8.1614747e-03   1.5166962e-01   6.6279582e-02   1.1058584e-01   3.7352524e-01   1.1723822e-01   4.2590617e-01   4.0591634e-01   5.5585626e-01   6.6004576e-01   2.6918274e-01   4.9108715e-01   3.6169358e-01   3.0766677e-01   8.3398984e-02   3.6271885e-01   4.2087267e-01   2.5225010e-01  -5.6036362e-02   5.7130608e-02   1.1730515e-01   8.3209271e-03   2.2774010e-01  -1.7032944e-02   8.4280428e-02  -4.9499880e-03   2.3715981e-01   2.8433834e-01   3.1369399e-01   2.7527227e-01   1.3594479e-01   1.3760320e-01  -5.6107063e-02   1.2162883e-02   3.0259164e-01   2.2580537e-01   7.8413992e-03  -8.0644146e-02  -1.0779427e-01   1.1985408e-01   5.7987828e-02  -1.7279769e-01   5.8649805e-02   2.0327562e-01
  -1.7634267e-01   0.0000000e+00   4.4330693e-02   4.9823318e-02   1.9979294e-01  -1.0546860e-02   1.0409087e-01  -1.3151918e-01  -7.6282536e-03   2.0710103e-01   2.8077859e-01   7.6992701e-02   4.9534690e-01   3.7604895e-01   2.5143704e-01   9.6887900e-02   8.5313375e-02   1.7253475e-01   2.0834041e-01   1.9781986e-01   0.0000000e+00   5.7493947e-01   3.7023607e-01   3.4985439e-01   6.9627717e-01   1.1984317e-01   2.9183736e-01   4.3868289e-01   3.4945776e-01   4.6770583e-01   1.1798147e-01   3.5576071e-01   1.9795539e-01   1.1928058e-01   1.8989271e-01   4.4793284e-01   2.2095182e-01   3.4682883e-01   5.0180667e-01   2.9232936e-01   2.4529905e-01   3.8344992e-01   4.4828701e-02   2.6056827e-01   3.0068465e-01   2.4006672e-01   2.1289658e-01   1.5667897e-01   9.6171352e-03   2.1119167e-01   1.9999609e-01   1.1913749e-01   1.0742778e-01   1.9909962e-01   5.5018378e-02   2.2154880e-01   2.5605628e-01   2.9560370e-02   1.5679840e-01   2.2568195e-01   2.1617510e-01   1.9953180e-01   1.1800233e-01   1.2625238e-01   1.2026091e-01   5.7438388e-02  -2.3646397e-02   2.1013588e-02  -1.8030479e-01   1.8528740e-02   4.0538067e-02  -6.0573599e-03   8.1909957e-03  -7.2224837e-02  -1.7519885e-01  -4.9563176e-02  -2.0859034e-01  -5.3421635e-02  -7.3438287e-02  -9.5152391e-02   3.3460565e-02  -2.8526718e-02   7.4714919e-02   5.8949828e-02   1.9620843e-01   4.2136873e-02   1.6185685e-02  -1.2745921e-02  -9.3773537e-02  -5.8389162e-02   2.5522508e-02  -4.0929021e-02  -4.4200682e-02   5.7260906e-02   1.3842888e-01   7.2576802e-02  -1.4336089e-02   5.3014418e-02   2.6775103e-02   1.0080736e-03   7.6040581e-02   5.0165315e-02  -6.9564862e-02   1.7441101e-01  -7.4867425e-03   1.9343665e-01  -1.0996751e-02   5.6935763e-02   9.3685399e-02  -1.7839001e-02  -5.0258594e-02  -8.4567150e-02   5.4090587e-02   4.0923957e-02   2.3919723e-02   4.6448638e-03  -1.0828932e-01   2.6499477e-02
