   0.0000000e+00  -1.2053210e-02   1.2696533e-02   6.4839656e-02   2.1351589e-01   2.5255017e-01   1.8734205e-01  -3.6340639e-02  -1.2319035e-01   3.4164711e-01   1.1450952e-01   2.1017377e-01   3.0081822e-02   1.0688118e-02   7.3252021e-02  -1.6761334e-02   6.9740102e-02   6.7786831e-02   8.7184484e-02   1.5791969e-01   5.2511317e-02   6.6808692e-02  -1.4676263e-02   1.1690287e-01   4.4081800e-02   2.2872065e-01   1.2113295e-01   2.2692638e-01   1.7742564e-01   9.9833890e-02   2.0262427e-01  -5.7066643e-02   9.7476873e-02   2.0077212e-01   3.5726891e-02   9.9933052e-02   5.1015582e-02   8.8829839e-02   7.2552861e-02   1.7727768e-01   2.0995015e-01   9.5399697e-02   1.3116292e-01   5.2466759e-02   6.6561494e-02   1.3747325e-01   2.2555914e-01   9.1549925e-02   5.7163837e-02   2.3802056e-01   1.1563916e-01  -6.9769945e-02   6.5334952e-02  -2.3182729e-02   6.8362174e-02   1.9152882e-01  -2.4988132e-03   8.4602674e-02   9.6250980e-02   4.4942295e-02   4.1489589e-02  -4.0818563e-02  -5.7435427e-03   1.8670909e-01  -4.1343279e-03   1.3838324e-01   2.5276983e-01   3.2914727e-01   2.4560082e-01   3.4555416e-02   9.0521994e-03   1.6378776e-01   3.2341494e-01   3.0464334e-02   4.8951770e-01   3.0783678e-01   1.4650203e-01  -3.7027577e-03   1.4508403e-02   1.7089337e-01   2.2303515e-01   1.0828980e-01   1.8988569e-01   1.5320084e-01   1.2992143e-01   8.2516153e-02   2.6898512e-01   2.7395955e-01   1.8335995e-01   1.8452526e-01   3.0069207e-01   2.8858072e-02  -4.7415486e-03  -1.0473931e-01   1.7408793e-02   5.8039724e-02   3.6878482e-02  -3.9761941e-02   5.1886585e-02   4.2402141e-02   4.1441541e-02   3.1926623e-02  -2.4467620e-02   2.8987931e-02   5.0573443e-02   1.3240967e-01   3.9570316e-02  -4.3634075e-02  -1.2374048e-02   2.2860554e-01   1.0417628e-01   1.7174800e-01   1.2323145e-01  -2.4432456e-02   7.2203479e-02   1.6685989e-01   1.3399180e-01   2.2030163e-01
  -1.2053210e-02   0.0000000e+00   6.2980578e-02   8.4510165e-02  -3.1901888e-02  -6.3350530e-02  -6.7353213e-02   6.9686257e-02   1.1486436e-01  -2.4176920e-02   3.6971245e-02  -5.2576457e-02   9.4413176e-02   1.5129997e-02  -6.1816302e-02  -9.8460588e-05   2.5661096e-02   1.5500681e-01  -4.0747491e-02   1.7045422e-01   1.1862664e-01  -4.8392273e-02   1.3369879e-01   2.7718020e-01  -1.0751670e-02   2.5001099e-01  -4.8820273e-02  -2.6036793e-02   3.2747235e-02   1.5706758e-01   1.7017159e-01  -7.2606393e-02  -9.3497825e-02   6.6490084e-02   5.5166444e-02  -2.5669680e-02  -8.0288524e-02  -1.1858918e-02  -4.5369576e-02   8.5034835e-03  -5.5956542e-02   1.0740005e-01  -5.6095762e-02   2.0648431e-02  -1.3649965e-02   5.1772135e-02  -1.6992041e-04   5.4089018e-02   8.9210499e-02   1.2831727e-01   1.5955358e-01  -1.2660569e-01   6.5556320e-03   8.4110624e-02  -9.2789752e-02  -3.0974448e-02   6.4402170e-02   1.6440029e-01  -4.9925014e-02   5.4425487e-02  -1.2452615e-02  -6.1036598e-02   7.3768072e-02  -3.1287176e-03   9.7838376e-02  -6.9745141e-03   2.0719110e-01   1.6188404e-01   2.7505221e-01   2.5789507e-02  -8.0596833e-03   1.8858848e-01  -1.8356703e-01  -1.6535851e-01  -1.1650432e-01   2.9393985e-01   7.3400004e-02  -7.8350628e-02  -3.4583284e-02   2.9341191e-01   1.0755348e-01   6.0779601e-02   2.0957334e-01   1.4422282e-01  -6.7722425e-02   1.4553834e-01   1.4806141e-01   2.3731622e-01  -6.6766349e-02   1.7638427e-01   1.6478244e-01  -7.7086814e-02  -5.3433130e-02  -1.1346204e-01   2.9609054e-02  -7.6809212e-03  -3.3390201e-02  -6.8850883e-02   1.8373329e-02   2.9809001e-02  -6.4581296e-02  -6.7553550e-02  -8.1774547e-02  -5.3616967e-03  -6.1265470e-02   2.2699414e-01   1.2107368e-02   1.3609627e-02   1.8723519e-02   1.0257655e-01   6.2583706e-02  -1.3853420e-01  -1.3486648e-01  -1.7700489e-01  -3.2408533e-01   2.0904120e-01   2.8103477e-01   3.2817786e-01
   1.2696533e-02   6.2980578e-02   0.0000000e+00  -7.4117091e-02   2.8201996e-02  -2.2592108e-02   1.6767503e-01  -2.6217757e-02   1.4314128e-01   7.2291135e-02   3.9804685e-01   2.8023580e-02   5.3355853e-02  -7.1372376e-02   8.0861518e-02   3.4702650e-02  -6.1511059e-02   1.1621798e-01  -2.8742508e-02   1.0794382e-01   3.7100925e-02  -8.4571183e-03  -5.8315971e-02   1.0482349e-01  -2.7317351e-02   1.2880771e-01   3.3739375e-02  -4.8125564e-02   1.3963699e-01   2.6417044e-01   8.3101315e-02  -7.2795343e-02  -5.4627805e-02   2.7978692e-02   1.8712353e-02  -5.4664651e-02   4.2077373e-02  -8.1428382e-02  -1.1732575e-01  -9.3485095e-04   1.2399043e-02   1.0583252e-01  -1.5058645e-02  -1.0935528e-01   5.4588778e-02   1.4003792e-02   1.0565034e-01   7.7499332e-02   9.1467818e-02   1.5787960e-01   1.4809785e-01   9.4342659e-02   7.5009549e-02  -1.3270892e-02   1.4914510e-02   4.5028921e-03  -6.0448943e-02   5.9180994e-02   1.3009666e-01  -7.1389994e-04  -4.1193470e-02  -1.1061240e-01  -4.8545028e-02   2.0059294e-01   1.7421842e-01   2.5889580e-01   4.2523156e-02   9.4123542e-02   2.4014344e-01   2.6970838e-03   8.3717267e-04   6.9600020e-03   3.4827895e-02   3.4129896e-01  -1.5721379e-01   1.0912735e-01  -2.2451122e-02  -1.4621252e-01  -1.1623087e-01   1.1373580e-01   3.7565311e-02   7.1692019e-02   5.2964463e-02   5.5659555e-02  -4.7870299e-02   2.1207395e-01   9.0766043e-02   1.3406553e-01  -5.7495474e-02   1.9044512e-01   8.3940566e-02  -4.6092120e-02   7.8403411e-02  -2.8460040e-02  -8.7985004e-02   7.9843210e-02   7.6839695e-04  -3.3643009e-02  -7.2935428e-03  -3.9709590e-02  -2.3437583e-01  -6.3750452e-02   2.3122877e-03  -7.7007159e-02  -8.3410924e-02  -2.9554522e-02  -5.9094664e-02   1.9497244e-02  -8.5552334e-04   2.3287156e-01   7.7929220e-02   5.3975768e-02   5.1627901e-02  -6.6308852e-02  -6.7263787e-02   3.4492224e-02   6.1365925e-02   1.7061575e-01
   6.4839656e-02   8.4510165e-02  -7.4117091e-02   0.0000000e+00   3.4174352e-02   2.5448886e-03   1.1673793e-01   6.6914677e-02  -2.1548809e-03   1.2954337e-01   1.4828005e-01   7.2068625e-02   2.1811521e-01  -2.5033261e-02   1.4261007e-01   1.0164923e-01   1.1539647e-01   2.4812613e-01   1.4511877e-01   1.8490273e-01   2.2940304e-01   5.8083898e-02   1.1048493e-01   9.1261508e-02   6.4818981e-02   1.1873388e-01   6.2919752e-02   6.3634458e-02   1.4470371e-01   1.4400613e-01   1.6938842e-01   3.8595282e-02   9.8121209e-02   1.9785025e-01   1.5174902e-01   1.5190480e-01   1.3280108e-01   6.8466469e-02   5.7172570e-02   1.5080647e-01   1.2723206e-01   1.7107732e-01   1.2887368e-01   1.5473992e-01   1.3650517e-01   1.7483377e-01   2.0752661e-01   2.1806054e-01   1.7667194e-01   1.0856959e-01   9.3107729e-02  -2.6473339e-02   1.1785899e-01   2.4086871e-01   4.9033015e-02   1.2530288e-01   1.5262219e-01   1.9373958e-01   2.1172178e-01   2.5753968e-02  -6.7006897e-02  -1.5835298e-01  -1.6825765e-02   1.9303426e-01   1.2703318e-01   7.6442561e-02   1.4102177e-01   1.7300825e-01   1.6101989e-01   4.2493385e-02   8.8682249e-02   5.5757932e-02   2.7366494e-02  -2.4559646e-02   1.0512522e-02   2.2794082e-01   1.0261198e-01   5.0862296e-02  -6.8457518e-02   1.1644960e-01   2.4456670e-02   5.4828828e-02  -2.7253519e-02   2.4375187e-02   2.3035672e-02   8.6123320e-02   1.2265506e-01   6.7422101e-02  -3.3759024e-02   1.9693521e-01   1.0055384e-01  -2.7460958e-02  -4.7186090e-02  -1.1324941e-01   1.2583488e-01   1.1226260e-01   8.5921551e-02  -5.3637137e-03  -3.1784723e-03   1.0528706e-02   9.8710995e-02   8.2516747e-02   7.7330516e-02  -9.6812320e-04   8.7060998e-02   1.4185051e-01   3.9575938e-02  -4.9835319e-02   5.7212116e-02   3.0970513e-02   1.9194578e-01   7.8641364e-02   6.5428715e-02   2.9895367e-02   2.6877872e-02   6.7639454e-02   9.9510046e-02   9.6900418e-02
   2.1351589e-01  -3.1901888e-02   2.8201996e-02   3.4174352e-02   0.0000000e+00   4.1175335e-01   3.0810940e-01   9.9827299e-02  -9.8297549e-02   2.9726508e-01   1.4112750e-01   1.8815235e-02   1.6491563e-01   7.8088113e-02   5.1481512e-02   1.0814683e-01   2.7030938e-01   2.8852815e-01   1.6568388e-01   3.3089923e-01   1.2382523e-01   3.7335992e-01  -5.0700041e-02  -1.3209318e-01   3.0867916e-01   2.2974795e-01   6.6587107e-01   4.5102678e-01   1.8643692e-01   1.2042165e-01   1.5010585e-01   2.4768381e-01   3.0042215e-01   1.8696359e-01   1.1007931e-01   1.8278380e-01   9.1650704e-02   1.8452375e-01   1.9011703e-01   1.7333326e-01   2.7352082e-01   9.8015401e-02   2.9306955e-01   1.4902975e-01   6.8509890e-02   9.3368435e-02   4.1718658e-01   9.3895077e-02   2.0211016e-01   4.4996977e-01   1.9153593e-01   1.7789243e-01   2.3960408e-01   1.1902718e-01   2.6754425e-01   2.0009047e-01   3.9759702e-01   1.7241829e-01   1.5168120e-01   1.3810991e-01   2.2330238e-01   2.0589291e-01   7.6746375e-02   1.0352010e-01   7.8130011e-03   3.7523357e-01   4.2525145e-02   2.4366378e-01  -2.3442206e-03   3.9961161e-01  -1.8166172e-02   1.3122449e-01   2.8910702e-01   2.5857654e-01   1.0824067e-01  -1.6356555e-02   1.3911425e-01   2.4933446e-01   3.3198867e-01  -8.8394765e-02   5.8710224e-01   3.5064424e-01   1.9414807e-01   2.8933624e-01   3.7750458e-01   1.3855474e-01   1.8469751e-01   5.4391676e-02   3.1997928e-01  -1.1235448e-02   1.6678942e-02   4.8441871e-01   5.6099271e-02   5.5978145e-02   2.2486890e-01   4.3085195e-02   1.0135539e-01  -1.4997678e-02  -1.0075413e-01  -1.6219612e-02   7.7324572e-02   2.9533124e-01   1.5522353e-01   2.1626487e-01   4.0684809e-01  -2.1797557e-03   1.0892275e-01   2.7090921e-01   1.7410155e-01   1.5435981e-01   3.0312962e-02   6.7979039e-02   8.1157215e-02   1.7636430e-01   1.7641644e-01   1.3872823e-01   2.5912049e-02  -1.2991043e-02
   2.5255017e-01  -6.3350530e-02  -2.2592108e-02   2.5448886e-03   4.1175335e-01   0.0000000e+00   6.2349657e-02   3.5271151e-02  -8.2845054e-02   7.7282487e-02   4.3986624e-02   1.8438160e-02   3.7669793e-02   9.6042874e-02   2.0627594e-02   9.8652907e-02   1.3623119e-01  -2.5362254e-03   3.9765947e-02   3.3630493e-02   1.6542191e-02   9.9305282e-02  -7.5283670e-02  -9.6275009e-02   6.5440055e-02   1.1159086e-02   1.3708773e-01   2.3591765e-01   1.0615318e-01  -2.7573654e-02   9.3194002e-02   8.9137227e-02   1.2538851e-01   1.4800304e-01   4.6457910e-02  -1.0619573e-02   5.3135166e-02   7.2138736e-02   3.0331064e-02   3.9590964e-02   1.5890667e-01  -9.7755025e-02   3.6263768e-02  -4.8808435e-03  -1.1461320e-02   7.7932953e-02   1.2266260e-01   8.1618795e-02   4.4726078e-02   1.3035251e-01   4.2110837e-03   5.8669356e-02   4.9582720e-02   1.9501451e-02   1.1847835e-01   1.0543016e-01   1.1373697e-02   8.8199435e-02   3.0747835e-02   2.9734469e-02   9.5179918e-02   8.1904555e-02   3.3270886e-02   6.6345592e-02  -1.6382557e-02   7.0997597e-02   7.8777248e-02   2.4260415e-02   3.5148423e-02   9.1297621e-02   7.0841252e-02   1.6316333e-01   2.6504035e-01   1.1507751e-01   2.2375896e-01   6.7207234e-02   1.0075652e-01   7.3302430e-02   7.6526773e-02   1.3554904e-02   1.9475352e-01   1.1333632e-01   9.7778217e-02   4.4085970e-02   1.2336441e-01  -8.1787082e-02  -1.7625117e-02   9.1852507e-02   1.3099338e-01   3.7792970e-02   6.9998108e-02   1.4062053e-01   1.6104091e-01  -4.9187131e-02  -1.5606883e-02   4.0459417e-02   5.0677423e-02   6.5549205e-02   1.6287325e-02   4.5869590e-03   4.2497272e-02   1.3951327e-01   4.4240386e-02   5.7696129e-02   1.4859672e-01   4.5958934e-02   1.6251714e-01   1.9992945e-02   1.6262366e-01  -1.0014016e-02   9.7066564e-03   6.4612271e-02   6.4808035e-02   9.4796684e-02   1.6020513e-01   4.0898825e-02   4.0260139e-02   8.1594043e-02
   1.8734205e-01  -6.7353213e-02   1.6767503e-01   1.1673793e-01   3.0810940e-01   6.2349657e-02   0.0000000e+00   1.3030356e-02   8.7498430e-03   3.4116986e-01   2.3447621e-01  -1.1848566e-01   1.9293848e-01  -2.8764863e-02   2.1635670e-01   2.4534527e-01   1.6201453e-01   2.8493004e-01   2.9216773e-01   2.8378309e-01   2.2695546e-01   2.4644331e-01   3.1265868e-02  -5.1043329e-02   2.3505185e-01   2.4089655e-01   5.3392084e-01   3.0202527e-01   3.8766162e-01   2.1527578e-01   1.4014809e-01   2.2937693e-01   5.1591814e-01   3.6982867e-01   1.4103107e-01   3.1477480e-01   2.5292188e-01   1.1737690e-01   1.1196488e-02   2.1742382e-01   2.3746203e-01   2.6373531e-01   3.3107453e-01   8.9078339e-02   2.8249704e-01   2.6521994e-01   2.6787576e-01   2.2868712e-01   4.3164137e-01   3.9312768e-01   2.8232223e-01   4.8226281e-01   2.2470595e-01   1.9691096e-01   3.7634301e-01   2.9627641e-01   2.4900157e-01   2.9670294e-01   4.4591325e-01  -8.3442078e-03   4.4669330e-02  -4.3088896e-02  -6.7625634e-02   2.3314404e-01   2.3102759e-01   3.8903997e-01   1.4084410e-01   3.3004298e-01   1.5578617e-01   2.1270747e-01  -1.3394862e-01   1.9775883e-02   5.0433132e-01   3.2123856e-01   3.3955162e-02   9.6999252e-02   7.9987540e-02   9.5993910e-02   1.4527889e-01   3.0896131e-02   3.7741536e-01   1.9961144e-01   3.4735453e-02   2.6960571e-01   3.6267582e-01   3.7400859e-01   3.3558365e-01   6.4372293e-02   1.5188285e-01   1.0824584e-01   5.7485069e-02   3.1486047e-01   1.0661780e-01   1.1286128e-01   1.1424435e-01   8.0279820e-02   1.3560071e-01  -6.4597399e-02  -1.2382502e-01  -3.6772308e-02  -5.7265454e-02   9.1903724e-02   2.6708283e-01   9.2974996e-03   3.6406159e-01   1.0638655e-01   6.9810966e-03   2.2602411e-01   1.5432987e-01   3.4226332e-01   1.7271219e-01   1.5796579e-01   6.3574326e-02   2.8481943e-01   1.9448616e-01   5.7315955e-02  -1.1162979e-03  -2.1518845e-02
  -3.6340639e-02   6.9686257e-02  -2.6217757e-02   6.6914677e-02   9.9827299e-02   3.5271151e-02   1.3030356e-02   0.0000000e+00   1.4330898e-01   6.6015811e-02   3.2813347e-02  -4.0281838e-02   3.3760619e-01   1.1477215e-01   2.0710091e-01   2.3186218e-01   1.7554933e-01   6.5211249e-02   3.9693455e-02   5.9473592e-02   1.2561318e-01   1.3457797e-01   2.2075212e-01  -2.0096187e-01   8.0864038e-02  -9.2488894e-02   2.7788320e-02   8.9981268e-02   7.5075982e-02  -3.4438273e-02  -1.0146383e-01   1.7741374e-01   7.4390679e-02   2.6390198e-03  -1.5573054e-01   5.9545573e-02   1.7991742e-01   1.0736560e-01   5.8011241e-02   7.8985407e-02   4.5548741e-02   4.2039517e-02  -7.6552088e-02   2.0936699e-02  -3.2190661e-02   1.0693411e-01   1.6111749e-01   1.9427106e-01   1.5380866e-01  -2.7878088e-02   6.5140286e-02  -2.9590388e-02  -5.3518728e-02   2.1003424e-01   9.3265613e-02   1.6451496e-01   1.4462435e-01   1.4599875e-01   6.5765021e-02  -1.1840570e-01  -4.3955655e-02   1.0350020e-02   8.8452003e-02   8.1027601e-02  -5.3820753e-02   3.3310099e-02   3.6263996e-02   6.8790735e-02   1.1382453e-01   1.3046537e-01  -7.5593528e-02   1.5977530e-01   3.2633779e-02   9.3104929e-03   2.7274320e-02  -8.7810737e-02   1.7774755e-02   5.2959385e-02   1.0518879e-01  -1.0328899e-01   4.5130360e-03  -5.0375111e-02   4.0611479e-02  -4.9116340e-02   3.2551673e-02  -9.5697559e-02  -1.8104685e-02  -1.2021751e-01   1.9097368e-02  -1.3696131e-01  -1.5349325e-01   1.3428549e-01   1.5287635e-01   2.3614210e-02   2.1603458e-02  -8.8820734e-02   2.2195952e-02  -8.0282552e-02  -4.0689000e-02   1.3310205e-02  -2.7360707e-02   1.0920235e-01  -8.3124623e-02  -3.5480509e-02   2.1890878e-01   2.7962493e-01   8.2202478e-02   4.1943236e-02   2.6442636e-01   9.5693961e-02   7.9756745e-02  -7.8739702e-03  -2.0238851e-02   2.6536069e-02   8.5823336e-02   5.7293248e-01   2.8566452e-01  -1.1043932e-01
  -1.2319035e-01   1.1486436e-01   1.4314128e-01  -2.1548809e-03  -9.8297549e-02  -8.2845054e-02   8.7498430e-03   1.4330898e-01   0.0000000e+00  -1.4369828e-01  -5.6306986e-02  -6.5396412e-02   1.6900193e-02   1.2664506e-01  -2.2062232e-03   1.5095989e-01  -7.8275571e-02  -1.1828078e-01   5.6572068e-02  -2.1081262e-01  -1.6233283e-01  -6.6529179e-02   6.9883574e-02  -4.5952832e-02  -1.6837129e-01  -1.8461507e-01  -7.6765871e-02  -2.3695020e-02  -1.3106168e-01  -8.6869782e-02  -2.2047187e-01   1.8321805e-01   2.7748340e-02  -5.7481000e-02  -7.3499097e-02   4.2933677e-02   7.9895840e-02   3.7284055e-02   8.0286933e-02  -9.1593368e-02  -9.8740848e-02   5.0891882e-02   1.7883680e-02   4.4933663e-02  -2.4685413e-01   9.3215160e-02  -1.8538247e-01   4.8214105e-02   1.0731195e-01  -1.7858798e-02  -7.1213197e-03   1.5225071e-01   6.9145809e-02   1.6752619e-02   3.2731302e-02  -1.1978662e-01  -9.2356377e-02   3.1782223e-02   9.1132297e-02  -1.3752618e-01   5.4714523e-04   1.0901976e-01   1.5129617e-01   1.1252149e-01   1.6016705e-01   1.5259060e-02   1.9659526e-02  -1.2061915e-01   1.3917267e-01   2.2205145e-01   1.0976101e-01   1.1777443e-01  -2.1531548e-02   9.8001440e-02  -1.3922684e-01  -9.1714640e-02   2.7955013e-01   5.8898323e-02   2.2635389e-01  -6.9953790e-02  -6.0727308e-02  -1.9123288e-03   2.2691370e-02   3.5194193e-02   7.8628953e-02  -1.6858778e-02  -1.7651724e-01  -7.6250870e-02   1.4477622e-01  -8.1256391e-02  -2.6805092e-03   1.0121463e-01   3.0334225e-01   3.9787178e-01   2.7706908e-02   8.8246034e-02   1.5182834e-01   1.8147249e-01   2.6975309e-01   9.2692396e-02   3.8591106e-02   1.1690960e-01   5.3211913e-02   7.5254024e-02   9.3643562e-02   8.5953890e-02   8.0742178e-02   2.8010215e-01   2.7254380e-01   2.1148628e-01   2.8897728e-01  -2.2189522e-02   2.8758782e-02   1.3315814e-01   1.4951713e-01   2.3729366e-01   2.1737175e-01  -1.2806552e-01
   3.4164711e-01  -2.4176920e-02   7.2291135e-02   1.2954337e-01   2.9726508e-01   7.7282487e-02   3.4116986e-01   6.6015811e-02  -1.4369828e-01   0.0000000e+00   1.7957793e-01   4.1247487e-01   2.6829666e-01  -9.2311765e-02   2.3786684e-01   1.6021240e-01   2.2798779e-01   3.6438332e-01   1.7272160e-01   4.3334799e-01   3.1770739e-01   3.4004104e-01   8.6584803e-02   8.9453233e-02   3.7830348e-01   3.5552379e-01   4.3613662e-01   4.2040158e-01   3.5067569e-01   3.5164223e-01   2.6187848e-01   2.5069463e-01   3.6941976e-01   2.8061876e-01   2.4037717e-01   3.9118945e-01   2.6350767e-01   3.8198120e-01   2.9618370e-01   4.8571931e-01   4.7591448e-01   3.3236475e-01   2.8877953e-01   3.4206784e-01   4.3109781e-01   3.5610732e-01   4.1578586e-01   2.5642075e-01   2.1713153e-01   3.2026680e-01   2.8996095e-01   2.4363889e-01   2.0986995e-01   1.4907735e-01   2.1737603e-01   2.6499106e-01   2.9824549e-01   1.8105230e-01   2.7603945e-01   1.0490242e-01   4.9454697e-02  -8.8421474e-02  -7.0260293e-03   8.5295854e-02   1.2983051e-01   2.1070060e-01   1.0332259e-01   3.4642744e-01   8.9299784e-02   8.9686103e-02  -1.3266888e-01  -7.4618026e-02   2.0196435e-01   1.8092549e-01   1.7133965e-01   9.6664773e-02   4.9787871e-02   1.3060781e-01   4.8151846e-03   1.7757136e-02   2.6337142e-01   2.2361413e-01  -2.7437124e-02   1.7954327e-01   2.3379535e-01   2.1200323e-01   3.7802015e-01   2.4505498e-02   1.6443695e-01   1.0723316e-01   1.2474413e-01   1.3473175e-01   9.8481205e-03  -6.4581171e-02   1.4322611e-01   8.4908811e-02   1.6949510e-01  -5.9721954e-02  -7.7531209e-02   5.6871690e-02   1.5689031e-01   2.2375211e-01   2.7579758e-02  -1.0997900e-02   1.9535980e-01   1.0517199e-01   2.2459393e-02   3.8371650e-02   1.9317292e-02   1.4095713e-01   6.0043205e-02   9.2817697e-02   1.0851210e-03   3.3354484e-02   4.6923786e-02   2.4885915e-02   4.2454026e-03   3.3820798e-02
   1.1450952e-01   3.6971245e-02   3.9804685e-01   1.4828005e-01   1.4112750e-01   4.3986624e-02   2.3447621e-01   3.2813347e-02  -5.6306986e-02   1.7957793e-01   0.0000000e+00  -1.5645871e-02   2.2487340e-01  -2.5786003e-02   1.4024131e-01   1.0961729e-01   1.0612257e-01   3.3836034e-01   1.2765658e-01   2.9000910e-01   3.1402220e-01   1.7003524e-01   1.5398276e-01   2.1841278e-01   1.9664134e-01   2.6663180e-01   1.2642561e-01  -2.2944359e-02   2.0757727e-01   2.7021763e-01   1.7685891e-01   4.6978321e-02   7.9416710e-02   1.7820151e-01   1.2453208e-01   2.5056308e-01   2.4187675e-01   1.2694586e-01   4.3433311e-02   4.5344809e-01   2.7666440e-01   2.8965008e-01   1.2816890e-02   2.0483151e-01   3.4607076e-01   1.4447273e-01   3.0794944e-01   3.0205520e-01   1.3008223e-01   1.4629641e-01   2.5700177e-01  -2.5033068e-02   1.4207303e-01   3.2437635e-01   7.6758995e-02   1.4374418e-01   5.2701085e-02   1.6169328e-01   2.0669168e-01   1.4787019e-01  -1.0721148e-02  -1.3147044e-01  -5.5408529e-02   3.8128345e-01   1.4634818e-01   3.0495594e-01   7.2548376e-02   1.9799500e-01   1.6794098e-01   5.4800578e-03  -4.4675343e-03   8.5325961e-03   1.0757872e-01   1.6130988e-01   4.1604208e-02   1.6642305e-01  -1.7280501e-02  -3.6851830e-02  -1.0887275e-01   9.8635108e-02  -3.9624821e-03   8.1255585e-03  -3.0425057e-02   4.5242853e-02   3.9387275e-02   2.0773116e-01   1.1001207e-01   3.1573628e-03  -4.1854757e-02   1.5489336e-01   5.1852581e-02  -2.3171301e-02   1.3320972e-02  -1.0246229e-01   9.5346749e-02   1.0658475e-01   9.0883183e-02   1.0455215e-03  -1.1998833e-01  -3.3491990e-02   3.9852999e-03   4.5127345e-02   1.0617456e-02  -5.2496701e-02   6.5033055e-02   7.9412402e-02  -1.9513870e-02  -2.9151084e-02   4.8295758e-02   2.0528438e-01   9.7862025e-02   2.8869088e-02   8.4539571e-02  -3.4536365e-02   1.6959064e-02  -1.3756396e-02  -8.4649542e-03   1.0053226e-01
   2.1017377e-01  -5.2576457e-02   2.8023580e-02   7.2068625e-02   1.8815235e-02   1.8438160e-02  -1.1848566e-01  -4.0281838e-02  -6.5396412e-02   4.1247487e-01  -1.5645871e-02   0.0000000e+00   5.2924118e-02  -7.6623010e-02   1.5659513e-02   2.3520767e-02   4.3314422e-02   1.5866225e-01  -8.9068249e-03   1.5269874e-01   2.9526440e-03   3.9725805e-02  -5.5447547e-03   1.6616369e-02  -2.9886702e-03   5.5930721e-02  -1.0034185e-02   7.6864568e-02   6.0724756e-02   2.4567115e-01   2.2129296e-01   2.5192367e-02   2.6664703e-03  -5.6777907e-02   1.6285843e-01   1.6928030e-01   1.1518369e-01   1.6527068e-01   2.7059254e-01   1.7204973e-01   1.5613309e-01   5.4017782e-02   1.9541750e-01   2.1260050e-01   8.6304908e-02   1.8809483e-01   4.6039713e-02  -5.9165278e-02   3.3312580e-03   5.2160557e-02  -3.6008166e-02  -3.1285899e-02   1.0294005e-01  -4.0182792e-02  -3.2568064e-02   7.7868387e-02   8.0994039e-02  -5.5175108e-02  -2.6819859e-03   1.3340161e-02   6.5752159e-02   9.1190933e-03   1.7463551e-02   9.0767976e-02   2.7974723e-02   1.4592090e-01   3.3648191e-02   1.3830883e-01   3.5866781e-02   6.1200905e-02   7.4456398e-02  -1.1563171e-01   5.1906850e-02   1.6860030e-01   2.0889001e-01   2.0785876e-02   1.2916554e-01   2.0645936e-01   3.9608380e-02   5.2141980e-03   1.0307256e-01   4.8291274e-02  -1.0816618e-01   1.5207049e-01   8.7988651e-02   1.0482498e-01   1.6302610e-01   1.2151458e-02   1.2065649e-01   1.3890963e-01   1.4872670e-01   9.1956673e-03  -5.9644998e-02  -1.7652621e-01   6.8703398e-02   3.6676916e-02   1.4615285e-01  -1.4094465e-02   8.5874649e-02   1.2304965e-01   2.5844140e-01   1.4970513e-01  -8.5651403e-02   2.7027725e-03   9.1424098e-03  -7.2877990e-03   2.5864484e-02   1.0134124e-03  -7.1719722e-02  -3.5151735e-02  -3.7705553e-02  -6.1288402e-02  -1.0167587e-02  -1.3913978e-01  -6.7559877e-03   1.4101929e-02   3.4651042e-02   2.5066432e-02
   3.0081822e-02   9.4413176e-02   5.3355853e-02   2.1811521e-01   1.6491563e-01   3.7669793e-02   1.9293848e-01   3.3760619e-01   1.6900193e-02   2.6829666e-01   2.2487340e-01   5.2924118e-02   0.0000000e+00   1.4093569e-01   3.8663428e-01   2.9503136e-01   3.3951810e-01   4.7843777e-01   9.0298483e-02   5.8893815e-01   5.8149257e-01   3.9512953e-01   3.1650777e-01  -4.6007250e-02   3.0168465e-01   2.5465176e-01   2.1443191e-01   2.0084632e-01   3.5764145e-01   2.3863776e-01   3.4254443e-01   1.8124653e-01   2.3580695e-01   2.7009224e-01   2.2677386e-02   2.5168450e-01   2.9011500e-01   1.3543085e-01  -3.1642811e-03   2.4803099e-01   1.5947626e-01   2.8263023e-01  -4.3303688e-02   1.2043869e-01   3.9329603e-01   3.4713672e-01   3.9940215e-01   5.0253809e-01   4.6761939e-01   1.0812556e-01   2.9683598e-01   7.5262241e-02   5.0465166e-04   3.6129283e-01   1.6011669e-01   3.3137434e-01   3.7248951e-01   4.9901930e-01   2.2911570e-01  -3.1999006e-02  -4.9290875e-02  -1.5197871e-01   1.7978096e-01   2.1501587e-01   1.4199610e-01   1.4127348e-01   8.0039940e-02   2.2923128e-01   3.5839336e-01   2.3830107e-01   5.1592239e-03   1.6321844e-01  -1.5262977e-02  -1.5381492e-02   9.3095918e-02   4.8747834e-02   7.3012951e-02  -4.4301361e-02   3.7286241e-02   1.3128968e-02   1.1399942e-01   9.2925948e-02   6.5514020e-02   1.8102652e-01  -2.6481803e-02   1.9672309e-01   1.8129082e-01  -5.7520284e-02  -2.6727734e-02   1.2650351e-01  -3.4211526e-02   1.3874277e-01   1.3401541e-01   9.1020218e-03  -1.2060789e-02   2.5810845e-03   8.3346523e-02   5.4687711e-03  -1.5290003e-01   3.6070909e-02  -3.3058604e-02   8.4999004e-02   6.4803701e-02  -9.0765337e-02   3.6276553e-01   5.4219281e-01   1.3068113e-01   4.3123845e-02   3.3520302e-01   1.3505009e-01   1.3307607e-01   9.1672827e-02   5.7104806e-02   4.5954041e-02   9.1591752e-02   1.9004112e-01   1.4800261e-01   1.2098641e-01
   1.0688118e-02   1.5129997e-02  -7.1372376e-02  -2.5033261e-02   7.8088113e-02   9.6042874e-02  -2.8764863e-02   1.1477215e-01   1.2664506e-01  -9.2311765e-02  -2.5786003e-02  -7.6623010e-02   1.4093569e-01   0.0000000e+00   4.7798190e-02   6.1320069e-02  -2.3906036e-03  -9.0814729e-02   3.4766823e-02  -9.3451536e-02   1.0983825e-01   2.5562877e-01   2.7429182e-01  -2.4748440e-02   1.3972102e-01  -1.9647668e-01   5.6015369e-02   1.0811715e-01  -2.2695938e-01  -3.5166038e-01  -2.9855626e-01   3.3309624e-01   2.1672070e-02  -1.3342725e-01  -2.0714584e-01   5.5245238e-02   1.0362299e-01   1.1658312e-01   6.1849925e-02   3.4386990e-02   2.0312148e-02  -3.5498608e-02  -7.9998553e-02   1.2194340e-01  -2.1425512e-01  -5.8395235e-02  -5.5828094e-02  -1.5404964e-02  -1.3518709e-01  -2.1403699e-01  -1.7990556e-01  -5.0255177e-02  -3.4865118e-02   1.5683601e-01   9.9735510e-03  -1.7616505e-01   2.3529394e-01  -2.7036033e-02  -1.0441873e-01   5.4641001e-02   1.8119888e-01   2.9480387e-01   5.6124476e-01   5.0926960e-02  -1.4320539e-01  -3.2843118e-02   2.1276181e-03  -4.2964029e-02  -3.5947000e-02   2.0516492e-01   1.5204399e-01   5.8136352e-01   4.8368207e-03   8.7172994e-02   2.3845905e-02  -1.1384169e-01   4.5507845e-02  -1.4377318e-02   3.2748492e-01  -1.8105947e-01   1.6534375e-02   1.7167342e-01   4.4475783e-01   8.7504194e-03   1.7106028e-01  -1.6255152e-01  -2.7916766e-01  -2.5763388e-02   1.8929937e-01  -2.0837939e-01  -1.3471432e-01   2.3948663e-01   4.0253307e-01   3.1352164e-01   3.5570955e-02   3.8219605e-02  -2.3489176e-02   2.6076371e-01   1.8343374e-01   9.7109107e-02   6.9636982e-02   2.2149085e-01  -1.6916722e-01   1.6420360e-01   1.8043019e-01   2.0311443e-01   1.1773825e-01  -1.8868982e-02   2.5662641e-01   2.7179519e-01  -1.0754523e-01   1.9223167e-02   3.5454075e-02   2.1904400e-02   8.9411878e-02   2.1512839e-01   2.8812100e-01   2.5095602e-02
   7.3252021e-02  -6.1816302e-02   8.0861518e-02   1.4261007e-01   5.1481512e-02   2.0627594e-02   2.1635670e-01   2.0710091e-01  -2.2062232e-03   2.3786684e-01   1.4024131e-01   1.5659513e-02   3.8663428e-01   4.7798190e-02   0.0000000e+00   4.8064998e-01   1.9448867e-01   2.6659324e-01   1.8306457e-01   1.9468468e-01   2.0747898e-01   1.2589741e-01   7.9954832e-02  -6.0672200e-02   1.6570582e-01   7.5066804e-02   1.1897104e-01   1.1628216e-01   3.0773401e-01   1.5141318e-01   1.4338279e-01   8.8865748e-02   2.5397036e-01   3.0518623e-01  -7.2393668e-02   2.6375434e-01   4.5684475e-01   9.8663271e-02   1.0355858e-01   1.7414841e-01   1.3756192e-01   1.9832463e-01   4.5197813e-02   1.3148764e-01   2.8957237e-01   3.4627077e-01   2.8275755e-01   4.6837328e-01   4.2501862e-01   1.4034202e-01   1.7256904e-01   1.1724721e-01   9.7148977e-02   2.8400584e-01   3.3774813e-01   3.9312498e-01   1.7139982e-01   3.5413555e-01   3.6176759e-01  -1.3289841e-01  -1.3227719e-01  -1.7977097e-01   1.5897464e-02   2.6283794e-01   2.2281072e-01   7.5286227e-02   3.5291150e-02   1.6865641e-01   1.6578022e-01   1.1795935e-01  -7.9530462e-02   6.5914818e-02   6.1335972e-03  -1.4569400e-02  -2.9543219e-02  -8.7574566e-03   2.5433912e-03  -6.8279619e-04   1.1963272e-02   1.1972647e-02   5.1582110e-02  -3.8922102e-03  -5.8225342e-02   2.9534011e-02  -1.9438951e-02   7.9393504e-02   7.4493994e-02  -2.7321596e-02   2.9085333e-02   8.3877838e-03   2.5021775e-02   9.5565388e-02   4.6187823e-02   4.4063259e-02   9.0863665e-02   6.1296311e-02   1.5544503e-01  -2.3910931e-02  -4.5805669e-02   8.2538229e-02   4.4200959e-02   7.0107262e-02   1.7070234e-01  -1.7140616e-01   1.7355963e-01   3.2275856e-01   8.5876852e-02   3.8193288e-02   2.3170749e-01   9.9232210e-02   2.2614933e-01   1.5751789e-01   1.7494778e-01   1.4649497e-01   3.2393805e-01   8.4983417e-02   4.2968761e-02  -2.5383481e-02
  -1.6761334e-02  -9.8460588e-05   3.4702650e-02   1.0164923e-01   1.0814683e-01   9.8652907e-02   2.4534527e-01   2.3186218e-01   1.5095989e-01   1.6021240e-01   1.0961729e-01   2.3520767e-02   2.9503136e-01   6.1320069e-02   4.8064998e-01   0.0000000e+00   1.7314776e-01   1.8852223e-01   2.2530171e-01   8.3623463e-02   8.0914596e-02   1.2662293e-01   9.5727073e-02  -2.0508268e-01   1.0018581e-01  -8.3670549e-02   1.1574794e-01   1.3938505e-01   1.5736506e-01   4.5207450e-02   5.2581112e-03   2.1945714e-01   4.7471233e-01   2.3752986e-01  -5.5195814e-02   2.6386379e-01   4.7716065e-01   8.0217314e-02   1.2960914e-01   1.0570859e-01   1.3393427e-01   1.0256824e-01   8.4552494e-02   9.7655997e-02   1.2973360e-01   3.1286021e-01   1.4799085e-01   3.6180749e-01   4.1349589e-01   1.0741554e-01   7.4112718e-02   2.1195472e-01   8.9329148e-02   3.0682827e-01   5.3533747e-01   2.2481612e-01   1.6551358e-01   2.6210485e-01   2.4930172e-01  -1.8256403e-01  -5.8346442e-02  -2.2890248e-02   1.7049052e-02   1.2499373e-01   2.3052600e-01   1.9344148e-01   7.5412027e-02   1.4532232e-01   1.2005314e-01   2.6240568e-01  -8.0939684e-03   8.2292670e-02   9.8897906e-02   9.4694698e-02  -6.2079996e-02  -8.1216325e-02   7.8771330e-02   1.5352659e-01   1.8271045e-01  -4.5462362e-02   1.0177834e-01   3.2752700e-02  -5.1002425e-02   4.5592757e-02   1.4750818e-01   5.9606295e-02   7.1120277e-03  -9.6868984e-02   8.8404964e-02  -4.8543159e-02  -1.0611327e-01   2.5525545e-01   1.9398203e-01   1.1744405e-01   1.0178204e-01   4.4787888e-02   1.8568413e-01  -1.4018220e-02  -1.0958070e-01   1.0651887e-01   7.4531931e-02   1.5873517e-01   1.9292545e-01  -1.1093845e-01   4.0016532e-01   3.4995205e-01   2.3421081e-01   1.7844347e-01   4.8530337e-01   6.4587800e-02   1.9973878e-01   1.4135426e-01   4.5251208e-02   1.7351769e-01   2.0690238e-01   1.5023463e-01   6.9767314e-02  -1.3345883e-01
   6.9740102e-02   2.5661096e-02  -6.1511059e-02   1.1539647e-01   2.7030938e-01   1.3623119e-01   1.6201453e-01   1.7554933e-01  -7.8275571e-02   2.2798779e-01   1.0612257e-01   4.3314422e-02   3.3951810e-01  -2.3906036e-03   1.9448867e-01   1.7314776e-01   0.0000000e+00   3.7318985e-01   7.7271153e-02   3.0114523e-01   2.2362757e-01   2.1501023e-01   1.3053643e-01  -7.7503516e-02   1.4654331e-01   8.2826380e-02   2.2933718e-01   1.9708808e-01   2.1155781e-01   1.7263592e-01   1.7082530e-01   1.3541278e-01   2.0968567e-01   1.8981409e-01   9.0793837e-02   1.5396408e-01   1.5761700e-01   1.4523053e-01   6.5878588e-02   2.2366827e-01   2.1548122e-01   1.1953490e-01   1.3550333e-01   1.1651339e-01   2.4922732e-01   1.8730025e-01   3.4469301e-01   2.2816993e-01   2.0170890e-01   1.5840550e-01   2.6349196e-01   1.0369489e-01   6.4674332e-02   2.2243890e-01   1.7349769e-01   3.0643165e-01   2.1243809e-01   1.6403665e-01   1.3051594e-01  -2.6198708e-02  -7.6312826e-02  -1.2994142e-01   4.6288862e-02   1.8476432e-01   5.3378313e-02   1.8458243e-01   2.5574898e-02   7.6568514e-02   1.0132942e-01   1.7055680e-01   4.1794118e-03   5.1617659e-02   1.4855267e-01   9.7762099e-02   7.6256628e-02   1.3369207e-02   6.5522276e-03   2.2168218e-02   3.3385349e-02  -3.4690958e-02   1.3756395e-01   1.1282682e-01   1.7170025e-02   8.6038469e-02   5.5384537e-02   1.3668270e-01   1.0394987e-01  -9.4307124e-02   4.9048133e-02   3.2922689e-02  -1.0182409e-02   1.2611652e-01   6.4624615e-02  -3.1146609e-02   6.1077802e-02   6.9620399e-03   7.3941613e-02  -8.7561079e-03  -9.2975268e-02   4.9684556e-02   3.6405549e-02   4.5646462e-02   8.1640247e-02  -7.1162964e-02   1.7426446e-01   1.2964718e-01   9.2064103e-02  -4.7822374e-02   1.0263584e-01   6.9785240e-02  -2.5186287e-02   8.0930224e-02   4.7778430e-02   1.3339653e-01   1.4832046e-01   9.4975598e-02   6.2694985e-04  -5.2981932e-03
   6.7786831e-02   1.5500681e-01   1.1621798e-01   2.4812613e-01   2.8852815e-01  -2.5362254e-03   2.8493004e-01   6.5211249e-02  -1.1828078e-01   3.6438332e-01   3.3836034e-01   1.5866225e-01   4.7843777e-01  -9.0814729e-02   2.6659324e-01   1.8852223e-01   3.7318985e-01   0.0000000e+00   1.0758493e-01   6.7834869e-01   3.6563121e-01   2.1328741e-01   1.3495682e-01   4.9803180e-02   2.5478973e-01   3.4880347e-01   4.5788248e-01   1.6694118e-01   4.5664751e-01   5.5683956e-01   4.2346135e-01   5.4781087e-02   2.5221237e-01   3.9140856e-01   2.9127292e-01   2.8012387e-01   2.0252519e-01   1.6751580e-01   1.4242317e-01   3.5274169e-01   2.5037875e-01   3.4331811e-01   2.4499321e-01   2.3616517e-01   4.8524753e-01   2.7027611e-01   4.2496786e-01   3.3936226e-01   4.2988426e-01   3.9705282e-01   3.0494407e-01   1.0487348e-01   1.2060150e-01   2.7920117e-01   1.6764947e-01   3.0474106e-01   3.2742143e-01   2.6346996e-01   3.1539554e-01   3.7402057e-02  -1.0367540e-01  -2.7107828e-01  -5.1404033e-02   2.3011087e-01   2.5170197e-01   1.6692325e-01   4.5144928e-02   2.4992037e-01   1.9006759e-01   2.1910211e-01  -2.9408470e-02  -6.0733673e-02   7.2934563e-02   4.6246966e-02   6.5729950e-02   7.7576731e-02   7.0610093e-02   1.1965561e-01   1.4712735e-02   1.8486289e-02   2.2047832e-01   1.2648043e-01  -4.8782572e-02   2.7594316e-01   9.0556167e-02   4.1381472e-01   3.4429750e-01  -3.3174315e-02  -2.0752347e-02   2.2175565e-01   1.0449604e-01   1.0162943e-01  -1.5412120e-01  -1.5494203e-01   1.4372893e-01   4.8227110e-02   1.7868984e-01  -1.3331320e-01  -1.6848191e-01   2.0656187e-02   6.4821476e-02   2.9146731e-02   2.5743672e-01  -1.3217249e-01   1.9502603e-01   1.8139010e-01   5.5245414e-02   2.5060675e-02   4.5539951e-02   1.3902322e-01   1.5871173e-01   7.1269180e-02  -2.2993594e-02   5.0376358e-03  -6.2290568e-03   5.3695410e-02  -5.7420596e-02   6.2159690e-02
   8.7184484e-02  -4.0747491e-02  -2.8742508e-02   1.4511877e-01   1.6568388e-01   3.9765947e-02   2.9216773e-01   3.9693455e-02   5.6572068e-02   1.7272160e-01   1.2765658e-01  -8.9068249e-03   9.0298483e-02   3.4766823e-02   1.8306457e-01   2.2530171e-01   7.7271153e-02   1.0758493e-01   0.0000000e+00   6.9980137e-02   8.9982404e-02   1.5498777e-01   6.2767099e-02   2.4705775e-02   1.2106881e-01   6.8654736e-02   2.4384272e-01   2.1850330e-01   1.3896611e-01  -1.4638267e-02  -1.8955080e-02   2.1657647e-01   3.3817414e-01   2.5395766e-01   1.0966583e-02   3.5958973e-01   3.1068421e-01   2.1838362e-01   2.8946944e-01   2.4069050e-01   2.9450073e-01   2.8207451e-01   3.8262349e-01   3.8075071e-01   8.3792489e-02   2.4909008e-01   1.0277281e-01   1.8157841e-01   1.9265636e-01   1.5872711e-01   1.8326032e-02   2.3048142e-01   3.1798693e-01   2.5294914e-01   2.4419429e-01   1.8549795e-01   1.2427607e-01   1.4252923e-01   4.8779461e-01   8.7086918e-02   1.9054835e-01   1.0982732e-01   8.2906607e-02   8.5732571e-02   5.8138105e-02   1.3643578e-01   9.6038285e-02   2.2267510e-01  -3.1665787e-02   2.5141226e-01  -8.5627838e-02  -5.0611090e-04   2.1097957e-01   7.4461317e-02   6.0533310e-02   3.4092692e-02   6.0864766e-02   1.1938712e-01   1.6705698e-01  -1.0413551e-02   1.6906051e-01   9.0122587e-02   1.1466524e-02   1.6625438e-01   2.9466596e-01   1.0293437e-01   8.9670088e-02  -2.2154976e-02   1.3547421e-01  -3.4730358e-02   3.9306583e-02   2.1564427e-01   8.1118906e-02   1.3399794e-01   3.4141749e-01   1.4879442e-01   1.3781810e-01   1.1010890e-01   1.5092362e-01   1.3687927e-01   7.7128557e-02   1.8143939e-01   8.9595880e-02   1.4463948e-01   2.7661461e-01   2.2312323e-02   1.1926161e-01   2.6299325e-01   1.6858870e-01   1.4358256e-01   1.4443092e-01   2.4367609e-01   1.8168250e-01   2.4935497e-01   1.6564595e-01   2.8002522e-02   8.6160427e-02  -1.0170668e-01
   1.5791969e-01   1.7045422e-01   1.0794382e-01   1.8490273e-01   3.3089923e-01   3.3630493e-02   2.8378309e-01   5.9473592e-02  -2.1081262e-01   4.3334799e-01   2.9000910e-01   1.5269874e-01   5.8893815e-01  -9.3451536e-02   1.9468468e-01   8.3623463e-02   3.0114523e-01   6.7834869e-01   6.9980137e-02   0.0000000e+00   5.3600454e-01   3.5050115e-01   2.0105666e-01   1.6535195e-01   2.7362171e-01   5.6207403e-01   4.7530160e-01   2.8286285e-01   4.6136255e-01   5.0712967e-01   5.9032035e-01   2.3047362e-02   2.2339995e-01   3.1175636e-01   2.0767960e-01   2.0092590e-01   1.2034066e-01   1.4692015e-01  -1.4120966e-02   3.2313817e-01   2.0739116e-01   2.8297455e-01   1.5227269e-01   1.5254804e-01   4.7445363e-01   2.5200747e-01   4.4634139e-01   3.3185451e-01   4.1602194e-01   3.7417234e-01   4.3726683e-01   5.8945215e-02   7.7736423e-02   2.5960547e-01   1.6206322e-01   3.6906611e-01   3.8108662e-01   3.9797407e-01   2.1622846e-01   1.5604596e-01   6.2661705e-02  -2.1199818e-01   1.5030631e-02   1.6044156e-01   1.2438961e-01   1.5830730e-01   1.9587320e-01   3.8889296e-01   3.0141133e-01   1.8832946e-01  -6.6759884e-02   8.1505446e-03   5.2473253e-02  -6.4237233e-03   7.5530361e-02   2.8352613e-01   8.4694600e-02  -1.5127537e-02  -6.2733180e-02   1.5403345e-01   3.4108505e-01   1.5250757e-01   6.3142098e-02   5.4110997e-01   1.4341459e-01   4.7573612e-01   6.1351015e-01   7.9186098e-02  -5.1683523e-02   2.9261804e-01   2.4701748e-01   4.5763390e-02  -1.7246208e-01  -1.7865295e-01   1.2332243e-01  -1.0822496e-02   3.4138339e-02  -2.1500299e-01  -1.8927611e-01  -5.0315019e-02  -2.9884660e-02  -5.7768187e-02   7.9816419e-02  -6.8559991e-02   2.0104196e-01   2.2369488e-01  -1.1697123e-02   6.2308097e-05  -3.9249940e-02   1.5502497e-01   8.4363665e-02   4.5518232e-02   9.2758723e-03   1.0784504e-02  -7.3212610e-03   6.1206422e-02   7.7507010e-02   3.2028499e-01
   5.2511317e-02   1.1862664e-01   3.7100925e-02   2.2940304e-01   1.2382523e-01   1.6542191e-02   2.2695546e-01   1.2561318e-01  -1.6233283e-01   3.1770739e-01   3.1402220e-01   2.9526440e-03   5.8149257e-01   1.0983825e-01   2.0747898e-01   8.0914596e-02   2.2362757e-01   3.6563121e-01   8.9982404e-02   5.3600454e-01   0.0000000e+00   4.4797785e-01   3.4371942e-01   2.6641542e-01   3.7129044e-01   5.2472791e-01   2.2711832e-01   1.3051481e-01   3.2493677e-01   2.5450995e-01   3.4987416e-01   8.8516435e-02   1.5105589e-01   3.2994677e-01   1.5127478e-01   2.3283511e-01   1.7977335e-01   1.8692948e-01   5.0485982e-03   4.3418036e-01   2.3590847e-01   3.1609978e-01  -4.1037973e-03   2.1393020e-01   4.3785673e-01   2.3821425e-01   3.8115979e-01   4.3922564e-01   2.8539741e-01   1.5366839e-01   3.7533152e-01   2.8456263e-02   1.1413091e-01   3.1606843e-01   1.2099705e-01   2.6887142e-01   3.3730477e-01   3.5654309e-01   2.4690576e-01   1.9711184e-01   4.3433059e-02  -1.6016706e-01   1.2149504e-01   1.8545042e-01   1.5892779e-01   5.7717219e-02   1.0748836e-01   2.0312996e-01   2.1023495e-01  -2.1928999e-02  -4.0649065e-02   7.7624035e-02  -4.7594363e-02  -3.9125386e-02   5.4879429e-02   2.0294329e-01  -1.0638029e-02  -3.4155161e-02  -1.2411229e-01   2.3170737e-01   8.0143471e-02   6.8468558e-03   6.4745442e-02   1.5627383e-01  -3.4857129e-02   1.5046248e-01   1.8419762e-01   4.6799190e-02  -7.8082250e-02   1.8542495e-01   1.1370587e-01  -1.3575514e-02  -1.8789210e-02  -1.2593795e-01   1.3275611e-02   3.8883847e-02   7.5588161e-02  -7.2427254e-02  -9.5716447e-02  -4.4401287e-02  -3.0491057e-02  -1.4863348e-02   1.7442613e-02  -7.6952528e-03   1.3280988e-01   2.7006216e-01   5.4485752e-02  -8.2471636e-02   4.2886733e-02   4.4985486e-02   5.9647551e-02   1.1765506e-01   8.2781599e-02  -3.0099685e-02  -4.8967142e-03   5.0581497e-02   1.0441920e-01   2.6373794e-01
