   0.0000000e+00  -2.3668824e-02   2.7763612e-02  -7.5724209e-02   1.7487691e-01   2.9181124e-01   4.5852149e-01  -5.2224901e-03  -5.5862562e-03   1.2655040e-01   1.7752386e-01  -1.9798910e-01   5.7316883e-02   1.3722609e-01   5.0637678e-02   2.4421222e-02   1.5048543e-02  -8.4201830e-03  -1.2026693e-01  -4.6421719e-02  -1.3281776e-02  -1.1129591e-01   7.8582783e-02  -6.4258176e-02  -1.0232122e-01  -1.7095244e-01  -1.3139112e-01  -2.1739657e-02   2.7112776e-02   7.0268025e-02  -3.9758893e-02  -4.9544945e-02   3.4295203e-02   6.7918891e-02  -8.3468034e-02  -1.1818661e-01   1.6114696e-02   3.3704755e-03  -9.1811242e-02   1.3645322e-01   7.5995533e-02  -6.9113874e-02  -4.3700002e-02  -1.6421819e-02   3.2480285e-02  -4.4503167e-02   2.2264112e-01   2.3183568e-02  -1.3920683e-01  -9.5045754e-02  -2.3716485e-02   3.4038174e-02  -8.9794315e-02   1.5289780e-02  -5.0993542e-02   2.9388200e-02  -1.1187790e-01   3.2919563e-02  -3.2281802e-02   7.7624679e-02  -4.0676025e-02  -9.8108156e-02   3.0166590e-02   1.6073838e-01   2.2672267e-02   4.0507507e-03  -3.7595597e-02   2.0786608e-01   7.7672532e-02  -1.0611140e-01  -3.7252887e-02   1.6929664e-01   6.6246722e-01  -9.9660308e-02   0.0000000e+00   1.0964757e-01   6.6877667e-02   7.1732158e-02  -9.0571451e-02   2.5484962e-02  -1.0665263e-01  -1.8603063e-02  -4.0453011e-02  -2.3767809e-02  -4.2361138e-02  -7.0618986e-02   3.3128838e-02  -3.1220150e-02   5.9743371e-02  -5.3426323e-02   6.8906025e-02  -2.6599917e-02  -1.0344812e-01  -3.0552320e-02  -8.4284714e-02  -4.4635352e-02   3.9915247e-02  -6.0105243e-02   3.7162909e-02  -1.5394587e-02   4.2943366e-02  -1.4433593e-01   4.1664417e-02  -1.3497447e-01  -4.7988329e-02   1.0927356e-02  -9.0073863e-02  -1.6857451e-01   1.6107329e-02  -8.1905826e-02  -7.6954906e-02   5.4218148e-02   3.6440996e-02  -8.1693201e-02  -7.3639745e-02  -5.5290174e-02  -6.2024065e-02   8.7956472e-02
  -2.3668824e-02   0.0000000e+00   9.0587205e-02   9.2037331e-02  -4.2289797e-02   9.1590903e-02  -1.0755135e-01  -3.7458501e-03  -2.9935514e-02   1.7308901e-02  -5.4889153e-02  -1.4634006e-01  -1.5703960e-01   1.1868591e-02   2.8770852e-02   1.6695925e-02   3.6940547e-02  -3.2257737e-02  -3.0218914e-01  -2.3749604e-01  -6.2698547e-02  -1.3599298e-01   3.6033464e-02   1.1278103e-01  -1.4076237e-01  -2.7286495e-01  -2.6684247e-01  -7.8939356e-02   1.3501571e-01   5.8729569e-02   3.4549955e-02  -1.2872073e-01  -2.3427401e-01   2.0651931e-02  -2.7776471e-01  -1.9902030e-01  -1.3269154e-01  -1.1219696e-01  -2.1588862e-01   3.2038588e-03  -1.6838959e-01  -2.1751466e-01  -2.1218328e-01  -2.7549311e-01   1.0767196e-01  -8.4314014e-02  -9.2600772e-02  -1.0986340e-01  -1.2506862e-01   4.5965692e-02  -5.0482870e-02  -1.6684098e-01  -2.0574636e-01  -1.3572834e-01  -1.2143146e-01  -2.3644151e-02  -1.9954044e-01   1.1716357e-01   3.7119124e-02   9.8197663e-03  -6.8618183e-02  -1.4367405e-01  -7.9142030e-02  -1.1158741e-01  -1.0151100e-01  -1.8719462e-01  -6.8522745e-02   6.1563891e-02   2.1478290e-01  -2.4424947e-01  -6.5413307e-02   2.9149946e-02  -2.3204415e-03   3.3051865e-03   0.0000000e+00   2.0189741e-01  -7.6326798e-02  -1.5067422e-01  -1.7688680e-01   1.5461245e-01  -1.8755907e-01  -6.7625114e-02  -7.9783500e-02  -7.3318106e-02  -2.5014235e-01  -1.6355664e-01  -2.2351888e-02   4.7651079e-03   2.5588105e-02   5.7558562e-02  -1.3810684e-02  -2.7623198e-01  -1.7598988e-01  -1.3452487e-01  -2.5337044e-01  -5.5039876e-02  -1.2681222e-01  -2.4888174e-01  -9.9465235e-02  -8.7856187e-02  -2.7246275e-02  -1.0790706e-01  -2.2049376e-01  -1.7545985e-01  -1.4035471e-01  -9.3804512e-02   5.8484548e-02  -1.7946996e-01  -8.4862587e-02   1.2956039e-02  -1.0809204e-01  -1.4115164e-01  -9.3321014e-03  -2.5823732e-01  -2.2279909e-01  -2.1692738e-02  -1.1693625e-01   6.7284513e-02
   2.7763612e-02   9.0587205e-02   0.0000000e+00   1.3251374e-01   9.1514283e-02  -4.1419934e-03   1.3321826e-01  -2.0177732e-02  -9.6730036e-02   1.8745564e-01   1.7888202e-01  -8.9760383e-02   7.2944938e-02  -9.5577990e-02   1.2249140e-01   1.0251041e-01   1.7724978e-01   2.0118182e-01   1.5544812e-02   3.1389838e-02  -1.7119825e-02   3.6442070e-03  -1.7890265e-02  -2.9520583e-02   1.1931820e-01  -1.9413628e-02   3.8169832e-02   2.5099089e-03   7.5543998e-02   5.4133906e-02   1.8515053e-01  -1.9622058e-02  -4.1555037e-03   1.7921266e-02  -1.0460814e-01  -1.5029848e-02   6.8236770e-04   2.2331843e-02  -3.9030469e-02   2.5939100e-02   5.0184199e-02  -4.8089110e-02   8.1797797e-02   1.6901060e-02   2.0171783e-01   3.7242366e-02   1.4931385e-02  -1.5516277e-02   1.3100294e-01   1.6622562e-01   1.0540532e-01   1.1003083e-01  -4.8853918e-02  -6.0658391e-02   2.8776136e-02   1.1843129e-01   1.6500940e-02   6.3038647e-02   1.3787362e-01   3.0965777e-02  -1.2676040e-02   3.1973012e-02  -1.1054211e-01   1.3555234e-01  -6.6577507e-02   1.1776483e-01   1.4508365e-02   6.4946450e-02   2.4761187e-01   4.4091088e-02   3.7875738e-02   6.7570394e-02   1.6236175e-01  -8.6333126e-02   0.0000000e+00   8.0524195e-02   7.3933909e-02  -2.2644732e-02   1.5689280e-01   1.4271332e-01   2.0106309e-01   1.4250530e-01   1.8938252e-01   1.6708675e-01   1.3165192e-01   3.3237668e-02   1.4822639e-01   1.1574100e-01   2.6994898e-01   3.0448998e-02   9.4738324e-02   3.0691210e-02   4.1517146e-02   5.2960475e-02  -7.0392099e-03  -4.5206717e-02   5.6510350e-02  -7.5412473e-02  -6.1654146e-02   1.3896689e-02   2.1738829e-01   2.9860848e-02   6.5524101e-02   3.2672647e-02   1.5269069e-03   3.0707478e-02  -4.1709439e-02   9.0375972e-03  -3.0708554e-02   1.5843718e-02   1.0791128e-01   2.8686442e-02   2.7111792e-03   8.1755675e-02  -3.7527400e-02   4.5653667e-02  -7.1700235e-02   5.9010133e-02
  -7.5724209e-02   9.2037331e-02   1.3251374e-01   0.0000000e+00  -5.4275156e-02  -5.9375011e-02   2.6454677e-02   2.1093953e-03   5.5227414e-02   1.1226482e-01   1.1626633e-01  -1.6859809e-01  -3.9025608e-02   9.9905131e-02   1.7278550e-01   1.1818701e-01   2.3789879e-01   4.2489068e-02   1.2837651e-01  -5.3196816e-02   8.3475596e-02  -7.2406146e-02   1.8159413e-01   1.1509577e-01   5.3726343e-02   1.0620404e-01  -1.2697167e-01   9.3695139e-02   1.2060549e-01   1.4633343e-01   6.8623591e-02  -1.8822125e-01  -2.4652143e-02   9.4165287e-02  -1.7054076e-01   6.1338731e-03  -5.0092247e-02   1.4096306e-01  -6.3256386e-02   1.4478618e-01   1.2010726e-01  -6.4730150e-03  -5.1121941e-02  -2.9588604e-02   1.2094136e-01   6.4880686e-02   4.6151113e-02   1.8576842e-02   4.4850492e-02  -4.6920339e-02  -2.0754604e-02  -1.6323661e-02  -4.0534123e-02  -3.0935965e-03   5.5569411e-02   1.4418676e-01  -1.0067491e-01   9.6065962e-02   2.0430492e-01  -1.8240591e-02  -6.5495114e-02  -1.5113864e-01   8.6857884e-02   7.3899277e-02  -4.4091815e-02  -2.2926855e-01  -2.2210312e-02   1.0993031e-01   2.2126895e-01  -1.2270887e-01  -6.0787245e-02  -4.1264734e-03  -5.0017287e-02  -1.4990556e-01   0.0000000e+00   1.0166785e-01  -9.8723603e-02  -5.5018679e-02  -1.9525414e-02   2.7045875e-02  -6.1408745e-02  -5.2118568e-02   3.3547011e-02  -2.2972830e-02  -3.9504489e-02  -4.4378066e-02   6.1504045e-02   5.5606358e-02   3.0252797e-02   1.8779936e-01   2.3305408e-02  -2.2425277e-01  -8.6968530e-03  -1.1852607e-01   2.7131738e-02   3.0889604e-02  -8.7558305e-03   5.3509854e-02  -1.0535024e-01   6.7916444e-02   9.0139207e-02   4.9892877e-02  -1.3437290e-02   1.0534384e-02  -1.0761620e-02   8.9546119e-02   1.2474005e-02  -1.7828255e-02   4.0279088e-02   2.3543653e-02   5.9067168e-03   1.4985158e-01   2.4185488e-01   2.0791146e-02   7.0721120e-03   1.6695437e-02  -1.1650499e-02  -6.8577716e-02
   1.7487691e-01  -4.2289797e-02   9.1514283e-02  -5.4275156e-02   0.0000000e+00  -2.8984545e-03   1.7112772e-01  -1.1307181e-01   5.2835873e-03   1.4206830e-01   1.0650608e-01   1.3873681e-03   1.6096634e-01  -9.3233063e-02   4.0736544e-02  -2.2870829e-02   9.8843912e-02   1.5281139e-01  -1.4954770e-02   1.5322611e-01   7.2576711e-02   5.6981780e-02  -7.2379429e-02  -6.4317439e-02   9.1203655e-02  -3.4777844e-02   2.3055991e-01  -2.4012811e-03   1.2181861e-01   4.4584768e-02   1.8050814e-01   2.6957930e-02   1.0918085e-01   1.0496328e-01   8.7649127e-02   7.3728027e-02   1.8248150e-01  -5.9943514e-04   9.9471391e-02   1.3080422e-02  -6.6269554e-03   1.7338520e-02   1.2643804e-01   9.3128367e-02  -6.0797904e-02   5.8966485e-02   3.0628173e-01  -5.3763988e-02   1.3070773e-01   2.9220061e-01   2.6158814e-01   2.6622486e-01   1.1629326e-01   1.5743968e-01   3.8174481e-02   3.2398216e-02   1.6675122e-01  -1.4402685e-02  -3.0827371e-03   1.0098468e-02  -3.1825506e-02   1.0802288e-02  -6.1836193e-02   2.0758480e-01   6.9126876e-02   2.5116159e-01  -3.6818309e-02  -3.3073627e-03  -4.7103238e-02   1.4895592e-01  -3.5496591e-02   1.1117468e-01   2.3004560e-01   8.8388285e-02   0.0000000e+00   3.1764697e-02   1.0103585e-01   2.1505534e-01   1.2023076e-01   5.0338320e-02   2.2701054e-01   1.2921460e-01   1.7876603e-01   9.9154113e-02   1.2347247e-01   9.0844008e-02   6.6812358e-02   5.6906292e-02   1.6356667e-01  -8.5820914e-02   2.7553858e-02   1.9171937e-01   3.0452000e-02   3.8423743e-02   6.2308366e-02  -4.8474373e-02   1.1458304e-01   1.7146919e-02  -1.9181712e-02  -8.2480610e-02   3.7886403e-02  -3.2687050e-02   5.4081101e-02   6.4022069e-02  -7.2037855e-02   9.2677397e-03  -4.0413861e-02  -4.9338440e-02  -7.8531160e-02  -1.1145553e-01   2.1391944e-02   1.5178382e-01  -3.4829976e-03   1.5276725e-01   5.8326682e-02  -2.9182331e-02  -9.2984944e-02   5.7510772e-02
   2.9181124e-01   9.1590903e-02  -4.1419934e-03  -5.9375011e-02  -2.8984545e-03   0.0000000e+00   7.2900381e-02   1.8526481e-02  -5.0290212e-02  -5.9115970e-02  -7.8711510e-03  -5.1607687e-02   9.3839517e-04   3.7785602e-02   6.0192194e-02   9.0058126e-02   4.8528015e-02   7.9470012e-02  -8.0262017e-02  -5.1150294e-02  -2.1660384e-02   5.0100324e-02   4.3873899e-02  -4.9862711e-02  -4.0794608e-02  -9.7756132e-02  -5.9074786e-02   3.0103926e-03  -1.6697964e-02  -4.6097891e-02   1.1709977e-02   2.8883012e-02  -1.6726847e-02  -1.0377291e-01  -3.3611426e-02  -4.9645109e-02  -3.0376308e-02  -1.0934045e-01  -1.1509118e-01  -7.5829592e-02  -9.2583111e-02  -1.4105044e-01  -6.5533463e-02  -7.8741248e-02   4.7133084e-02  -7.4171671e-02   1.9110666e-01   2.3950537e-02  -7.3443381e-03  -1.4765802e-02  -9.5923412e-02  -1.3272334e-02  -1.1670072e-01  -1.8643313e-01   1.1111455e-02  -2.0643130e-02  -4.6048866e-02   1.7455437e-02  -5.2857996e-03   1.7994449e-02   4.3898215e-02   4.1692702e-02  -1.7724875e-01   1.0346411e-04  -8.2941331e-02  -1.3592032e-02  -3.9436806e-02   4.9939486e-02   6.0976895e-02  -5.9720180e-02  -2.4484041e-02   1.5168044e-01   2.5547534e-01   4.6345243e-02   0.0000000e+00   4.2346028e-02  -2.9307606e-03   5.7206036e-02  -5.8740362e-02   4.7326732e-02  -7.3290614e-02  -2.5365817e-02   1.8189429e-02   4.1220557e-03  -5.1052191e-02  -9.7969661e-02  -4.6696166e-02  -6.0280906e-04   2.8433724e-02  -2.2990538e-02  -3.4600445e-02  -5.3662184e-02  -9.0476913e-02  -6.2591332e-02  -8.5300780e-02  -1.2252786e-01  -7.2286513e-03  -1.3666166e-01  -7.4155313e-02  -6.4414151e-02   3.4145131e-02  -5.4611284e-02  -5.0678775e-02  -6.2636748e-02  -2.4964480e-02  -6.9374978e-03  -8.0318430e-02   1.4529289e-02  -1.1230837e-01  -4.4492927e-02  -3.4096174e-02  -1.2444973e-01  -3.2360702e-02  -5.8460149e-02   2.9055100e-02  -5.4527599e-02  -1.7022457e-02   1.1745246e-01
   4.5852149e-01  -1.0755135e-01   1.3321826e-01   2.6454677e-02   1.7112772e-01   7.2900381e-02   0.0000000e+00  -1.8319123e-02  -4.6799937e-02   2.0660973e-01   3.2934656e-01  -2.1574721e-02   1.8212634e-01   7.8100919e-02   3.3556590e-01   1.4778137e-01   8.4957765e-02   1.9395989e-01   1.0002644e-01   1.8095685e-01   1.5014702e-01  -7.9984704e-02   9.2634663e-02  -1.6182162e-03   1.8474671e-02  -3.4507919e-02   9.4469093e-02   5.4684672e-02   1.7447662e-01   1.5104525e-01   1.8192049e-01   3.5963701e-02   3.6746374e-01   3.9652123e-01   2.0276611e-01   2.1656132e-01   1.5020324e-01   1.5578708e-01   1.2065147e-01   2.7901131e-01   1.6154120e-01   2.1070302e-01   1.7631413e-01   2.3319522e-01  -5.9372908e-02   2.2598145e-01   2.4385500e-01   1.7774053e-01   6.8182428e-02  -1.9896242e-02   4.4807959e-02   2.6428944e-01   1.5316526e-01   1.9513347e-02   1.8994514e-01   2.6004143e-01  -1.4062879e-02  -5.1752354e-02   1.7716377e-01  -2.8618057e-03  -8.7926750e-02  -2.2301460e-01  -3.1812989e-02   4.4992445e-01   1.5671898e-01   1.1625540e-01  -1.3680755e-01  -8.0809409e-02  -2.9286445e-02   6.1633955e-02  -3.2340429e-02  -8.9170096e-02   4.8313204e-01   3.1660259e-02   0.0000000e+00  -1.1781508e-01  -2.0154255e-02   1.6363593e-01  -2.2110693e-02  -1.9613864e-01  -8.3430299e-02  -7.1272635e-02  -5.3706725e-03  -5.6875713e-02   1.0264318e-01  -9.0719838e-03   8.4825555e-02  -1.8086709e-01   1.9938936e-02  -1.8224945e-01   1.1531062e-01   1.5545385e-01   4.8292186e-02   2.3988627e-03   2.4799967e-01   1.5032730e-02   8.9281431e-02   8.9776884e-02   1.5415132e-01   2.7804454e-02  -1.8866761e-02  -2.6483767e-02   3.1420271e-03  -1.6371891e-01  -9.0642091e-02  -6.8568853e-02  -8.3022437e-03  -4.1638108e-02  -4.3063461e-02   1.4930491e-01   1.5141992e-01   9.8391046e-02   4.3921068e-02   9.6636378e-02   1.6657585e-01  -2.7184356e-02  -9.3053446e-02  -1.3470323e-01
  -5.2224901e-03  -3.7458501e-03  -2.0177732e-02   2.1093953e-03  -1.1307181e-01   1.8526481e-02  -1.8319123e-02   0.0000000e+00   1.9714696e-01  -1.0509249e-01   8.9635538e-04   3.8077411e-03  -1.3117274e-01   1.1071773e-01  -5.6329905e-02  -2.6043329e-02  -2.2644119e-02  -1.6993427e-01  -1.3343617e-02  -2.0042112e-01  -6.5796737e-02  -5.2880015e-02  -3.8273673e-02  -5.2057587e-02  -8.3678218e-02   7.7295554e-02  -1.8007597e-01   1.2616475e-01  -5.2860482e-02  -1.5097115e-01  -1.0608862e-01   1.0610095e-02  -1.4889498e-02  -8.0995442e-02  -5.7785442e-02  -9.6163594e-02  -8.1657157e-02  -4.4988773e-02  -6.8239609e-02  -1.0802730e-02  -2.2681793e-02  -5.9986861e-02  -8.0479017e-02  -3.7484715e-02  -2.1186895e-02  -1.3619412e-02  -6.5931347e-02   5.3645003e-02  -4.1290236e-02  -9.1335663e-02  -1.5527840e-01  -1.7658006e-01   5.6414265e-03   1.5390865e-02  -2.7409775e-02  -1.6906230e-02  -9.2108123e-02   3.9724181e-02  -4.8985678e-03  -5.1087831e-02   1.2596083e-02  -6.9503887e-03   1.9743979e-01  -7.2645402e-02  -4.1010725e-02  -1.1809861e-02   1.6624245e-01  -6.8752454e-03   2.1573266e-03  -1.1583280e-01  -3.5568678e-02   4.3640627e-03   1.6780586e-02   2.3874702e-02   0.0000000e+00  -1.9705519e-02  -9.6124621e-02  -1.6036430e-02  -3.2941178e-02  -9.8665608e-02  -1.4720342e-01  -7.7840023e-02  -1.6242251e-01  -1.0522847e-01  -1.2338917e-01  -1.3396590e-01   4.8925112e-02  -2.7289224e-02   5.3129741e-03   1.3215907e-01  -3.1120484e-02  -1.3335397e-01  -1.9765413e-02   3.2233006e-02  -1.3845402e-02   5.3238383e-02  -1.3834198e-01   1.1927877e-02  -1.3507778e-02   8.5041438e-02  -9.7600299e-02   3.8608587e-02  -7.8932715e-02  -9.1428630e-02  -2.8275763e-02   9.4637448e-03   1.2644718e-02  -8.2734306e-03   1.1283115e-01   1.2987007e-01   2.0480020e-02  -9.2840917e-02  -3.0164515e-02  -8.1256181e-02  -1.2108521e-01   2.9707284e-01   4.3608192e-01  -1.0384467e-01
  -5.5862562e-03  -2.9935514e-02  -9.6730036e-02   5.5227414e-02   5.2835873e-03  -5.0290212e-02  -4.6799937e-02   1.9714696e-01   0.0000000e+00  -2.4819770e-01  -5.5927881e-02   4.5765426e-02  -9.7912689e-02   4.6144690e-02  -1.0829960e-01  -5.7174151e-02  -9.9592581e-02  -1.1304872e-01   5.9319991e-02  -1.9580749e-01  -9.7111663e-02  -1.2541186e-01  -2.2172177e-02  -1.0434527e-01  -3.9709705e-02   1.5780141e-01  -7.2304069e-02   4.9338352e-02  -1.0314404e-01  -1.5897703e-01  -9.8261962e-02  -7.2664988e-02  -2.4999358e-02  -4.9777611e-02   8.4439410e-02   2.8725898e-02  -1.0107735e-01   1.3085832e-01   3.0270379e-02  -6.1726999e-03   1.1578958e-02  -6.4045375e-04  -8.5098020e-02   6.6430103e-02  -1.4527068e-01   3.0550010e-02  -1.4979962e-01   1.4625370e-02   1.5486492e-01   3.6218989e-02   8.4829875e-03  -2.0311219e-01   8.8708698e-02   6.5304119e-02  -3.4917324e-02  -7.7447098e-02   4.2494390e-02   1.5423994e-01   8.5713120e-02  -2.4745073e-02   3.1142223e-02   1.3197656e-03   1.3860448e-01  -8.7455657e-02   1.6683559e-01  -4.9670144e-02   3.8352486e-01  -1.3993981e-02   1.8979110e-02   1.9250893e-02   1.0194444e-01   3.4978227e-02  -3.0243431e-02   1.3511984e-01   0.0000000e+00  -7.3416309e-03  -1.4839109e-02   3.9360910e-02  -1.7814124e-03  -7.0994018e-02  -8.4193576e-02  -7.9365313e-02  -1.0826339e-01  -5.9972907e-02  -2.8324307e-02  -1.4295956e-01   6.8139999e-02   3.4425361e-02  -3.6868589e-02   2.1933355e-01   9.1118944e-03  -2.0222671e-03   1.4022463e-01   1.1516045e-01   6.2064789e-02   1.9194213e-01  -1.7760157e-01   2.2589405e-01   9.4201601e-02   1.4272838e-01  -1.2387914e-01   1.6775528e-01   1.7885231e-03   7.0866584e-02   7.7282953e-02   1.3995223e-01   1.6903974e-01   7.7604323e-02   2.3527205e-01   2.7186131e-01   3.0374627e-01  -9.2052335e-02  -1.4234515e-01   2.3581146e-02  -1.0345157e-01   9.0133473e-02   2.4768114e-01  -1.0725956e-01
   1.2655040e-01   1.7308901e-02   1.8745564e-01   1.1226482e-01   1.4206830e-01  -5.9115970e-02   2.0660973e-01  -1.0509249e-01  -2.4819770e-01   0.0000000e+00   4.8302360e-01  -1.4020218e-01   1.6495999e-01   1.3260222e-03   1.4005602e-01   1.3550493e-01   3.1696678e-01   1.0734900e-01   3.0036693e-02   1.6096759e-01   2.5803765e-01   1.3202284e-01   1.6948496e-01   1.6736224e-01   1.8457207e-01  -6.9322951e-02   1.0914499e-01   9.0066038e-02   2.7064660e-01   2.8498408e-01   9.9426521e-02  -1.2572235e-01  -3.9338387e-02   1.7441933e-01  -1.2570567e-02   4.6580932e-02   2.3753738e-01   2.2554692e-01   6.8874215e-02   3.6133653e-01   8.5179355e-02   9.0916618e-02   1.0510901e-01   2.0903802e-02   2.0343929e-01   1.3591288e-01   3.6676282e-01   1.0761210e-01   1.7786843e-02   6.9432198e-02   3.0250179e-02   2.1967220e-01   3.8117950e-02   1.4824943e-02   1.7350800e-01   1.0733311e-01  -1.8620355e-02  -1.3620608e-02  -3.8394118e-03   1.6211765e-01  -7.5140288e-02  -1.2796832e-01  -7.0412284e-02   1.2086117e-01  -1.6017914e-02   2.8471602e-03  -1.7654287e-01   1.0844559e-01   8.8834992e-02  -1.2872425e-01  -1.1202962e-01  -6.2982479e-02   1.0175786e-01  -2.9759672e-01   0.0000000e+00   6.8154511e-02   6.7516455e-02  -8.9544563e-02  -5.8729881e-03   8.9503666e-02   1.3412745e-03   5.6878592e-02   3.9415048e-01   5.7293482e-03   1.5587932e-01   7.1474730e-02   9.8616800e-02  -4.6444745e-02   2.3785881e-01  -9.0492863e-02   1.6981616e-01  -5.2088599e-02  -1.6677699e-01  -1.0015237e-01   3.5357605e-03  -1.1072579e-01   2.8533780e-01  -8.8580920e-02  -5.1929285e-02  -1.3860023e-01   3.4864602e-01  -2.0120512e-01   5.4212530e-03  -1.0683311e-01  -1.1118278e-01  -1.1606406e-01  -9.0837618e-02  -7.0181786e-02  -1.5316708e-01  -2.4168335e-02  -2.7419825e-02   1.7150245e-01   2.2643476e-02  -2.9756683e-02  -8.8625987e-02  -6.6204760e-02  -1.8199163e-01   2.2346038e-02
   1.7752386e-01  -5.4889153e-02   1.7888202e-01   1.1626633e-01   1.0650608e-01  -7.8711510e-03   3.2934656e-01   8.9635538e-04  -5.5927881e-02   4.8302360e-01   0.0000000e+00   3.0500116e-02   1.5336604e-01   2.1329382e-01   3.2181887e-01   3.4376549e-01   2.9688320e-01   2.0100773e-01   1.2756497e-01   1.2039275e-01   2.6391258e-01  -1.5681960e-02   2.7102065e-01   2.2157777e-02   2.8803948e-01  -2.4932165e-02   5.3580001e-02   6.3297802e-02   1.4946083e-01   2.3526370e-01   6.5777585e-03  -9.8814396e-02   1.0419595e-01   1.7971632e-01  -2.4795358e-02   2.1839204e-01   3.9969208e-01   2.7846568e-01   1.4325679e-01   6.1079429e-01   3.2646706e-01   1.1897858e-01   2.2403089e-01   1.9478872e-01   1.5144149e-01   2.7326521e-01   3.6846654e-01   2.1101101e-01   7.4205689e-02   1.4449479e-01   1.2640568e-01   1.4440219e-01   1.3584698e-01   1.5679910e-01   2.6695372e-01   2.4513617e-01  -3.3067473e-02   5.3403421e-03   1.0307706e-01   1.2288371e-01  -1.3354551e-01  -1.9095844e-01   2.4648320e-02   2.2587315e-01   4.3058428e-03   7.9054908e-02  -1.3295219e-01   8.6520824e-02   1.0110985e-01  -1.0722113e-01  -1.4769935e-01   1.3322079e-02  -6.3899055e-03  -8.8367310e-02   0.0000000e+00   3.7233638e-02  -3.7421086e-02   2.0098920e-02  -9.3082411e-02  -5.8837548e-02  -7.0303379e-02  -1.9069816e-02   2.6377660e-01  -1.2478347e-01   1.9810973e-02  -2.2440414e-02   6.0843901e-02  -1.3030788e-01   1.7206760e-01  -2.1751275e-01   1.5465987e-01   1.3024750e-03  -1.2619844e-01  -3.4042590e-02   7.0162085e-02  -1.9088021e-02   2.4376631e-01  -3.5076210e-02   2.4418133e-04  -4.1033263e-02   2.0308464e-01  -1.0674292e-01   1.2699097e-01  -8.2009787e-02  -8.9796868e-02  -5.6008092e-02  -1.8430728e-04  -6.2745531e-02  -4.5858183e-03   1.8461588e-01   4.2286540e-02   2.7816161e-02  -5.0098574e-02  -1.7069824e-02   4.4374853e-02  -2.1779578e-03  -1.0153109e-01  -3.6399984e-02
  -1.9798910e-01  -1.4634006e-01  -8.9760383e-02  -1.6859809e-01   1.3873681e-03  -5.1607687e-02  -2.1574721e-02   3.8077411e-03   4.5765426e-02  -1.4020218e-01   3.0500116e-02   0.0000000e+00   1.3059370e-02  -3.7675933e-02  -7.5445355e-03   8.1223258e-02  -1.1751103e-01   5.7997728e-02   1.6534520e-01   9.5270058e-02  -4.4907121e-03   1.2389699e-01   2.0391437e-03  -1.3197984e-01   1.4879111e-01   4.1685507e-02   2.4830530e-01   5.4885369e-04  -1.4634114e-01  -9.6666102e-02  -1.1319131e-01   1.4059719e-01   6.9384103e-02  -8.6849373e-02   3.7821223e-01   1.1269478e-01   1.5943620e-01  -2.0228215e-02   1.8205935e-01  -7.4576190e-03  -4.2473573e-02   2.5165925e-01   3.0261783e-01   2.2641495e-01  -4.1421788e-02   1.4948095e-01   8.6444693e-03   5.5377386e-02   1.0060456e-01   2.4462120e-01  -5.2645616e-03   8.5425279e-02   2.2077838e-01   1.0322933e-01   1.8067138e-01  -4.5697935e-02   1.6866441e-01  -1.0547116e-01   6.3672624e-02  -4.5583074e-02  -3.1791473e-02  -3.8503791e-02   1.0597877e-02  -4.6108061e-02   6.7058209e-02   4.5389834e-01  -2.2067323e-02   7.9995695e-03  -1.5348066e-02   1.3513918e-01   1.1133576e-01  -4.8084212e-02  -2.6528949e-01   2.1146842e-01   0.0000000e+00  -1.4172083e-01   1.1967104e-01   9.3408786e-02   1.0294554e-01  -2.0332549e-01   8.5472301e-02   1.0433255e-01   4.2252783e-02   3.7377779e-02   2.0464968e-01   1.4930202e-01   1.4873431e-01  -1.0073110e-01   4.2416369e-02  -1.0086214e-02   2.7774024e-01   2.4591666e-01   1.0472795e-01   2.7490474e-01   1.9663905e-01   1.5519746e-01   5.6969054e-02   2.1913851e-01   1.9538608e-01   5.8523723e-02   4.9990648e-02   8.2625549e-02   2.6575846e-01   3.9330371e-02   4.8820856e-02   3.2046913e-02   2.8826854e-02   1.2032660e-01   5.0900107e-02   1.3167736e-01   1.2934350e-01  -8.4341349e-02  -3.9836330e-02   1.3255420e-01   1.7698986e-01   5.2944225e-02   6.0999921e-02  -9.3138429e-03
   5.7316883e-02  -1.5703960e-01   7.2944938e-02  -3.9025608e-02   1.6096634e-01   9.3839517e-04   1.8212634e-01  -1.3117274e-01  -9.7912689e-02   1.6495999e-01   1.5336604e-01   1.3059370e-02   0.0000000e+00   2.8169708e-02   3.7336544e-01   1.8827513e-01   6.1826905e-02   4.3238201e-01   1.4157956e-01   5.8782559e-01   4.3979524e-01   2.2114256e-01   1.6037976e-01  -6.1042055e-02   2.2906243e-01   1.2486057e-01   3.9969795e-01   3.4775506e-02   1.7564890e-01   2.9636289e-01   2.8656667e-01   2.2474634e-02   2.0258593e-01   1.4534369e-01   2.9123409e-01   3.6112212e-01   2.8225732e-01   2.2882187e-01   2.1546658e-01   9.4691973e-02   1.7974465e-01   2.6975982e-01   3.5819955e-01   3.9089514e-01  -8.8399079e-02   3.1810004e-01   1.9807133e-01   1.1391316e-01   3.9583802e-01   2.0206469e-01   4.3182837e-01   3.5643583e-01   1.6644223e-01   1.2119491e-01   3.7222453e-01   4.8195591e-01   3.3698024e-01  -1.3884706e-02   1.0841040e-01   6.7302786e-02   6.8188642e-02   6.1269946e-02  -6.1734583e-02   4.2708833e-01   4.0660713e-01   7.4538118e-02   3.4294312e-02  -1.0961187e-01  -1.1958473e-01   3.8349907e-01   7.4255676e-02  -2.6082671e-02   3.5959605e-02  -1.2027898e-02   0.0000000e+00  -5.2687125e-02   1.1913742e-01   1.6858630e-01   1.1895040e-01   3.5810868e-02   2.4714212e-01   1.4013396e-01   3.1601746e-01   2.0759011e-01   2.5580000e-01   2.1165313e-01  -5.2723961e-02   2.8507487e-02   1.7694060e-02  -2.6614696e-01  -1.3016678e-02   2.8702325e-01   1.3625940e-01  -1.8029540e-03   1.7770557e-01   2.7230128e-02   4.8663421e-01   1.2672329e-01  -5.5760499e-02   4.6291793e-03   1.1266543e-01   7.4694235e-02   1.1140844e-01   1.1388418e-01   1.3717210e-01   5.5017192e-02   9.1193355e-03   8.9532702e-02  -2.5011565e-03  -4.8949791e-02   1.7941795e-01   4.2090352e-02  -5.2506462e-02   1.4674880e-01   2.4180195e-01   4.1397344e-03  -4.6882142e-02   7.3775570e-02
   1.3722609e-01   1.1868591e-02  -9.5577990e-02   9.9905131e-02  -9.3233063e-02   3.7785602e-02   7.8100919e-02   1.1071773e-01   4.6144690e-02   1.3260222e-03   2.1329382e-01  -3.7675933e-02   2.8169708e-02   0.0000000e+00   9.4432081e-02   8.6751028e-02   5.0836279e-02  -4.5390441e-02   3.5418804e-02  -3.2349382e-02   1.1777515e-01   7.8591817e-02   2.7719858e-01  -4.1563327e-02   2.1148477e-01   2.1801163e-01  -4.6210490e-02   2.3769038e-01  -1.1261678e-01   2.6241221e-02  -1.2779954e-01  -6.2282228e-02   2.0185528e-02  -4.4746460e-02  -7.7030722e-02  -2.3398536e-02   8.9030312e-02   9.4142297e-02   1.4724695e-02   2.2674715e-01   2.3789439e-01  -2.7404373e-02  -5.9187397e-02  -3.1604646e-02   9.0741005e-02  -3.1184940e-02   6.6629955e-02   8.6356127e-02  -1.5352975e-01   2.4202131e-02   1.9342226e-02  -1.7031160e-01   6.2992702e-02   7.1997191e-02  -3.3627606e-02  -3.3468784e-03   3.1941038e-02   8.9794514e-02  -1.3562166e-02   9.0533658e-02   2.3148749e-01   2.6396907e-02   4.8495440e-01  -8.6124235e-02  -6.5530868e-02  -8.1326625e-02   1.1423992e-01   7.9012391e-02  -3.4968924e-02  -1.6580060e-02   7.6556624e-02   2.1896779e-01  -2.7777780e-02  -2.7068003e-02   0.0000000e+00   3.9248237e-02  -1.3494204e-01  -2.1202102e-02  -3.7809367e-02  -3.1945364e-02  -1.4025171e-01   1.4807005e-01   9.7655495e-02  -1.4269073e-01  -7.8633513e-02  -1.3456554e-01  -7.8896036e-02   4.3005164e-03  -7.1465055e-02  -8.7890597e-02  -2.4599239e-02   2.6325200e-02  -7.2426442e-02   5.3109940e-02  -9.5038114e-03   1.8909553e-03   4.1898227e-02  -1.0360720e-02  -5.4373642e-02  -2.4583482e-04   1.2959614e-01   2.0461554e-02   5.9412429e-02  -2.9960166e-02   2.5581771e-01   7.8193209e-02   2.9272748e-03  -8.9597088e-02   2.9024788e-01   1.0892894e-01  -1.2369710e-01  -6.4472231e-02  -7.2845119e-02  -1.4451590e-01  -4.3107300e-02   7.4842958e-02   2.0288270e-01   5.2202509e-02
   5.0637678e-02   2.8770852e-02   1.2249140e-01   1.7278550e-01   4.0736544e-02   6.0192194e-02   3.3556590e-01  -5.6329905e-02  -1.0829960e-01   1.4005602e-01   3.2181887e-01  -7.5445355e-03   3.7336544e-01   9.4432081e-02   0.0000000e+00   3.6438366e-01   3.4016762e-01   5.1476233e-01   1.5874486e-01   1.3242857e-01   1.9354075e-01  -1.1009301e-01   1.8124762e-01   9.2636184e-02   1.6017271e-01   1.5261573e-02   4.7472535e-02   1.8053389e-02   3.1080049e-01   3.7868231e-01   2.7670317e-01  -8.7101729e-02   2.0462289e-01   3.6653388e-01   1.3011491e-02   2.6849768e-01   2.2308147e-01   6.1913006e-02   7.1053945e-02   3.3405060e-01   1.2042042e-01   2.6106678e-01   3.6388905e-01   3.4251351e-01  -3.1835883e-02   3.5670487e-01   2.2900875e-01   3.0647740e-01   3.1624445e-01   1.8037629e-01   4.1300049e-01   2.4482709e-01   1.4020228e-01   4.0043774e-02   3.0511981e-01   6.2823334e-01  -5.2692064e-02   4.5889633e-02   2.4103204e-01  -8.5447496e-03  -1.8346071e-01  -2.0506410e-01  -7.9990717e-02   5.5183206e-01   9.7084127e-02   8.7856161e-02  -7.3693334e-02  -2.2897408e-02  -5.0644652e-02   7.8153268e-03  -2.7425382e-01  -4.1900711e-02  -2.0798907e-02   2.9469676e-02   0.0000000e+00   5.4973935e-02  -1.7008469e-01  -1.5014677e-02  -9.7783117e-02  -7.0651340e-02  -7.8737279e-02  -4.9434947e-02   9.4211568e-02  -1.6596426e-01  -4.4032903e-02  -7.7269144e-02  -1.0235109e-01  -9.4270844e-02   3.7143046e-03  -3.3783053e-01   6.8288831e-02   2.1814484e-02  -4.2323952e-02  -2.1997057e-05   1.0959885e-01  -6.6280045e-02   2.1979917e-01   7.6740551e-03  -8.0632252e-02  -2.7954182e-03   2.4561598e-02  -1.3359199e-02  -6.3371886e-02  -8.8660346e-02  -8.6462473e-02   3.5043016e-02   6.2069947e-02   4.9725392e-02  -3.9848956e-02   9.8749890e-02   1.3505405e-01   8.9086929e-02   1.2199274e-01   1.6378067e-01   2.9179562e-01  -1.4600880e-02  -1.9192305e-01  -1.0572073e-01
   2.4421222e-02   1.6695925e-02   1.0251041e-01   1.1818701e-01  -2.2870829e-02   9.0058126e-02   1.4778137e-01  -2.6043329e-02  -5.7174151e-02   1.3550493e-01   3.4376549e-01   8.1223258e-02   1.8827513e-01   8.6751028e-02   3.6438366e-01   0.0000000e+00   1.5322214e-01   1.9322702e-01   1.6449908e-01   1.9210527e-02   1.7145470e-01   2.8737909e-02   2.4583478e-01   2.7440420e-02   1.7655038e-01   3.8214374e-03   2.9466839e-02   4.1796422e-02   1.1737948e-01   1.5327440e-01   3.7415107e-02  -5.5609552e-02   1.1837299e-01   1.2399470e-01  -9.4726999e-03   3.1942309e-01   2.7725797e-01   1.7157698e-01   1.1880471e-01   2.3631391e-01   1.2417547e-01   1.2153038e-01   2.0026239e-01   2.3330095e-01   6.6201325e-02   3.0291416e-01   2.1328594e-01   1.5209275e-01   1.6989040e-01   1.9959001e-01   1.1873894e-01   1.1655451e-01   1.9827477e-01   1.9798861e-01   5.5327669e-01   4.0815582e-01   2.4994616e-02   4.7931690e-02   2.2799699e-01  -9.1544816e-03  -1.0403798e-01  -9.7172398e-02   7.1234146e-03   1.6316580e-01   1.1744245e-01   7.0341989e-02  -4.1354328e-02   1.8438429e-02   4.5114261e-02  -1.2396641e-01  -2.3820431e-01  -6.4479530e-02  -8.1834974e-02   9.8273296e-02   0.0000000e+00  -1.7811189e-02  -7.2157383e-02   4.2497174e-02  -1.1420678e-01  -4.8275367e-02  -7.0015116e-02  -6.1932220e-02   6.7213568e-02  -1.5180966e-01  -1.8103049e-02  -6.8011585e-02  -6.7744558e-02  -1.3250154e-01   1.3402135e-03  -2.0237605e-01   3.6603406e-02  -4.1439584e-02  -3.9378489e-02   1.2356879e-02   2.4734525e-02   6.3982958e-02   2.3087163e-01   7.8702289e-02  -4.3677350e-02   4.2785266e-02   2.3797231e-02   7.8108683e-02   1.3135212e-02  -4.0073615e-02   7.6739920e-02  -1.3093600e-02   7.7078619e-02   1.3359834e-01   1.0728920e-01   2.0656454e-01   6.5289187e-02  -3.1189777e-02  -2.0731928e-02   7.5113628e-02   7.9141416e-02   2.0952692e-02  -8.7455830e-02  -5.8508249e-02
   1.5048543e-02   3.6940547e-02   1.7724978e-01   2.3789879e-01   9.8843912e-02   4.8528015e-02   8.4957765e-02  -2.2644119e-02  -9.9592581e-02   3.1696678e-01   2.9688320e-01  -1.1751103e-01   6.1826905e-02   5.0836279e-02   3.4016762e-01   1.5322214e-01   0.0000000e+00   1.9024417e-01   3.9490118e-02   2.0222458e-02   1.2481777e-01  -1.3974109e-02   1.7443944e-01   3.3867178e-01   1.1629275e-01  -5.7029885e-02  -3.2784809e-02   6.4831184e-02   3.6088999e-01   3.6973522e-01   1.7068537e-01  -1.2283280e-01   2.9539174e-02   2.3147197e-01  -1.0751093e-01   7.1591358e-02   1.8261108e-01   1.2575382e-01  -1.3489758e-02   3.4481794e-01   9.2417039e-02   7.5743749e-02   1.5599937e-01   6.7126972e-02   1.4819276e-01   1.4372012e-01   3.4787033e-01   1.9251487e-01   7.3479138e-02   6.2183774e-02   2.9296317e-01   1.5968333e-01   2.1947043e-02   4.7038359e-02   1.1720146e-01   2.9016843e-01  -9.7319353e-02   1.4074859e-01   1.1966635e-01   1.2209625e-01  -1.0229440e-01  -1.0368693e-01  -2.1295085e-02   2.1486352e-01  -2.5165555e-02  -2.5642955e-02  -2.4860876e-02   1.9362502e-01   8.4016802e-02  -2.1878139e-01  -2.3981695e-01   1.5202298e-02  -1.2283907e-01  -1.5432869e-01   0.0000000e+00   1.7372098e-01  -7.4678250e-02  -7.7595952e-02  -5.9031029e-02   8.2807669e-02  -8.4800057e-02   3.9095590e-02   2.1785497e-01  -1.0926481e-01  -1.6707328e-02  -8.3793587e-02   5.5985028e-02   2.3482365e-02   1.1783329e-01  -6.5597748e-02   1.1276372e-01  -1.2047582e-01  -1.6898877e-01  -1.0496360e-01  -3.6419443e-02  -8.2539341e-02   2.3745702e-01  -1.0191713e-01  -2.8417514e-02  -9.6986404e-02   2.2450286e-01  -1.3680756e-01  -8.1741166e-02  -8.9964484e-02  -9.6202333e-02   3.2452695e-02  -3.2040911e-02  -3.3317445e-02  -6.3822537e-02  -5.0641769e-03  -5.4526315e-02   9.0070913e-02   8.2186717e-02  -1.4302419e-02   2.0207883e-01   1.5763776e-02  -1.5097542e-01   1.6804808e-02
  -8.4201830e-03  -3.2257737e-02   2.0118182e-01   4.2489068e-02   1.5281139e-01   7.9470012e-02   1.9395989e-01  -1.6993427e-01  -1.1304872e-01   1.0734900e-01   2.0100773e-01   5.7997728e-02   4.3238201e-01  -4.5390441e-02   5.1476233e-01   1.9322702e-01   1.9024417e-01   0.0000000e+00   2.3083439e-01   3.5550638e-01   1.6526128e-01   2.4963148e-02   9.3156439e-02  -5.6048558e-02   1.8786908e-01   5.4034722e-02   2.7528926e-01  -2.0004145e-02   1.7873642e-01   3.2579406e-01   3.7966550e-01   5.9422279e-02   1.4792851e-01   1.3142373e-01   1.0794489e-01   1.6918292e-01   1.8973948e-01   5.6315441e-02   1.3098681e-01   1.9929329e-01   1.5708689e-01   2.1712244e-01   4.6704856e-01   2.4613798e-01  -3.2206308e-02   1.8932139e-01   2.3501651e-01   2.5796396e-01   4.9989638e-01   3.5178634e-01   5.1261069e-01   3.3183379e-01   1.1810642e-01   2.3446833e-02   1.5723155e-01   2.6455859e-01   1.7277344e-01   6.1043985e-02   2.6211702e-01   8.8673661e-02  -1.1444053e-01   2.7535396e-02  -1.2851255e-01   5.4022202e-01   1.1368195e-01   2.7276099e-01  -5.1665327e-02   3.6538783e-02   3.1467463e-02   2.5017044e-01  -7.2764134e-02   1.5708026e-01  -2.2737223e-02   8.5641543e-02   0.0000000e+00   8.2796759e-02   4.0388404e-02   5.8859450e-02   1.5795897e-01   6.3957117e-02   2.0846717e-01   1.4405142e-01   2.6853625e-01   1.3984368e-01   1.5660372e-01   4.7742232e-02   7.1412954e-03   1.4484624e-01   1.0105778e-01  -2.2857659e-01   1.2329629e-01   2.5418868e-01   7.0051081e-02   1.6686107e-02   1.5283309e-01   6.5659831e-03   1.7324477e-01   9.4474223e-03  -2.3101636e-02   1.5892555e-02   1.1317169e-02   2.5457423e-02   2.7974357e-02   1.1316255e-01   3.8576246e-03   1.2804999e-01   5.5160481e-03   1.2767931e-01  -9.2206855e-02  -2.1619364e-02   2.5918217e-01  -3.5384563e-02   9.0282032e-03   1.7337534e-01   3.0576740e-01   1.7829647e-02  -1.7019427e-01   1.0722153e-01
  -1.2026693e-01  -3.0218914e-01   1.5544812e-02   1.2837651e-01  -1.4954770e-02  -8.0262017e-02   1.0002644e-01  -1.3343617e-02   5.9319991e-02   3.0036693e-02   1.2756497e-01   1.6534520e-01   1.4157956e-01   3.5418804e-02   1.5874486e-01   1.6449908e-01   3.9490118e-02   2.3083439e-01   0.0000000e+00   1.7220408e-01   1.4222136e-01   1.2701404e-01   5.0876876e-02  -1.7151201e-03   2.6941886e-01   2.8108671e-01   3.2202570e-01   1.6800121e-01  -4.5490152e-02  -1.2264551e-02   2.8838143e-02   1.2443769e-01   2.6198939e-01   1.3421084e-02   2.6670872e-01   3.2920765e-01   1.2056835e-01   2.2186244e-01   3.9991905e-01   7.1749637e-02   2.2093662e-01   4.0646200e-01   3.5768744e-01   3.9725993e-01  -1.1611977e-01   3.2278062e-01   9.4027712e-02   4.0217929e-02   3.0265016e-01   2.0510571e-01   1.2605391e-01   2.8812929e-01   3.3309901e-01   9.6940685e-02   2.8706712e-01   1.6154674e-01   3.4095598e-01  -5.8895463e-02   3.0197380e-01  -3.4950396e-02   5.4193820e-03   6.9794185e-02   7.0133572e-02   1.9354882e-01   1.4672254e-01   2.3839515e-01   4.6858541e-02  -1.3553604e-02  -1.0317730e-01   1.7094236e-01   3.7740746e-02  -3.6817260e-02  -2.5472271e-01  -4.9284755e-02   0.0000000e+00  -1.1477167e-01  -6.8453683e-02   1.0642913e-01   1.9600489e-01  -8.8895033e-02   2.0301316e-01   7.8061922e-02   1.9678170e-01  -1.8646962e-02   2.9563562e-01   1.1760934e-02  -4.3956629e-02   2.6435119e-02   2.6830771e-02  -7.1245702e-02   5.4779563e-02   3.0729294e-01   2.0652214e-01   2.6851751e-01   4.7324290e-01   1.5645659e-01   1.0963244e-02   3.3150322e-01   3.5233311e-02   1.2805482e-01   4.6922474e-02   2.0740522e-01   1.2996301e-01   2.3005418e-01   1.9142463e-01   1.2955879e-01   4.4474922e-02   2.8046640e-01   7.7690707e-02   2.1036130e-01   2.4841490e-01  -1.3618493e-02  -1.2717914e-02   2.5686826e-01   1.7079881e-01   5.8848554e-03   6.8767997e-02  -1.6405425e-01
  -4.6421719e-02  -2.3749604e-01   3.1389838e-02  -5.3196816e-02   1.5322611e-01  -5.1150294e-02   1.8095685e-01  -2.0042112e-01  -1.9580749e-01   1.6096759e-01   1.2039275e-01   9.5270058e-02   5.8782559e-01  -3.2349382e-02   1.3242857e-01   1.9210527e-02   2.0222458e-02   3.5550638e-01   1.7220408e-01   0.0000000e+00   4.7516340e-01   3.5582257e-01   2.2050643e-01   7.2864684e-03   3.2249931e-01   1.9705401e-01   8.0527090e-01   1.6702623e-01   1.1461645e-01   3.1636063e-01   3.3377010e-01   2.4154828e-01   1.7051657e-01   2.0111450e-01   4.2006239e-01   2.6508689e-01   3.2007141e-01   3.7492042e-01   3.2046274e-01   1.1946557e-01   2.6399697e-01   3.5733795e-01   2.8645024e-01   3.5601769e-01  -3.2788752e-02   1.2399207e-01   2.9792306e-01   2.6465543e-02   1.2101899e-01   1.5916845e-01   1.9352664e-01   5.0944566e-01   2.1330888e-01   1.0892146e-01   2.2300790e-01   1.8531160e-01   4.8807066e-01  -2.3528423e-01   9.0042268e-02   2.3038840e-01   1.0401867e-01   1.3012067e-01  -9.0684866e-02   1.8985704e-01   3.0236635e-01   1.4260410e-01  -2.6252939e-01  -2.6406252e-01  -1.9588050e-01   4.7407269e-01   2.1506929e-01  -1.5001496e-01  -2.0397372e-02   3.0320325e-02   0.0000000e+00  -3.2666546e-01   2.3407742e-01   2.6336436e-01   2.3861362e-01  -1.2230398e-01   4.6324505e-01   2.3813880e-01   4.7113011e-01   3.6242947e-01   4.5386939e-01   3.8360103e-01   8.0389673e-02  -8.8456290e-02   6.1341042e-02  -2.5143841e-01   6.0868541e-02   5.8700827e-01   2.2282395e-01  -1.7131799e-02   1.8137497e-01   5.4512834e-02   4.2591443e-01   1.5847785e-01   6.3113681e-02   5.7149090e-02   1.5616902e-01  -3.0364656e-02   3.6796521e-01   2.8559876e-01  -8.5201015e-03  -7.1231826e-02  -1.3797499e-01   8.0091333e-03  -1.3486900e-01  -1.7418173e-01  -4.3868602e-02  -3.0441420e-02  -1.0082094e-01   1.1428644e-01   2.7477414e-01  -1.3955810e-01  -1.0683859e-01   3.3769105e-02
  -1.3281776e-02  -6.2698547e-02  -1.7119825e-02   8.3475596e-02   7.2576711e-02  -2.1660384e-02   1.5014702e-01  -6.5796737e-02  -9.7111663e-02   2.5803765e-01   2.6391258e-01  -4.4907121e-03   4.3979524e-01   1.1777515e-01   1.9354075e-01   1.7145470e-01   1.2481777e-01   1.6526128e-01   1.4222136e-01   4.7516340e-01   0.0000000e+00   3.1566963e-01   3.3585895e-01   1.3686716e-01   4.6028747e-01   2.1748447e-01   2.9911247e-01   1.6127838e-01   1.4680154e-01   2.1990537e-01   6.9244566e-02  -4.5095153e-02   4.7445200e-02   3.5089726e-02   2.3977977e-01   2.6235305e-01   2.1170849e-01   3.4205436e-01   2.7452734e-01   2.0712121e-01   1.5405759e-01   2.1494801e-01   1.3228102e-01   2.0869843e-01  -6.5756222e-02   2.3305069e-01   2.2816433e-01   1.3399697e-01   1.2707709e-01   6.1876201e-02   1.3490600e-01   2.0225902e-01   1.2869522e-01   8.4514309e-02   3.2450900e-01   2.4242909e-01   2.4911395e-01  -7.9307110e-02   1.2478702e-01   1.3803779e-01   1.3785905e-01   2.7174845e-02   7.1890554e-02   1.1764470e-01   9.4732742e-02  -3.3883921e-02  -1.0733655e-01  -1.5726964e-01  -1.1176025e-01   1.0222194e-01   8.2178753e-03  -1.5611316e-01  -4.8414964e-02   3.7161639e-02   0.0000000e+00  -1.7442249e-01  -9.5982885e-02   1.2296492e-01  -1.4412075e-02  -9.0074603e-02   8.1894971e-02  -1.5868608e-02   2.7621416e-01   5.3820584e-03   1.2509459e-01   5.9452790e-02  -7.2795275e-02  -9.1384248e-02  -5.6976804e-02  -1.3110070e-01  -6.3809380e-02   1.0770712e-01   8.0689389e-02  -6.5052865e-02   1.1008117e-01  -1.5890184e-02   3.5917417e-01   9.1207754e-02  -9.6278140e-02  -1.2757286e-02   1.5386237e-01   9.3285737e-02   2.1632677e-01   1.9451190e-01   1.1782517e-01   2.0779375e-02   3.5984948e-02   5.8912775e-02   3.6356542e-02   3.7682865e-02  -8.4799405e-03  -2.9064022e-02   1.3324694e-02   6.3190780e-02   1.3215638e-01  -4.8162238e-02   5.0586103e-02  -7.6367651e-02
