   0.0000000e+00   0.0000000e+00   0.0000000e+00   9.9948372e-03  -7.1445454e-03   1.8564437e-02   2.5566738e-01   5.7671135e-02   6.5380488e-02  -6.3052162e-02   2.8307588e-01  -1.9666452e-01  -4.0760440e-02  -5.8046111e-02   1.1884841e-01   6.9898285e-02   1.6855190e-01  -3.4955146e-02   4.2682742e-01  -8.1374865e-03  -1.8131282e-02  -5.7761489e-02  -8.0870406e-02   2.1708995e-02  -1.1803116e-02   7.3595326e-02  -2.4828925e-02  -3.1559792e-02   8.9561747e-02   4.6269500e-02  -2.1805327e-02   1.1902805e-01   2.0549340e-01   1.0585834e-01   1.2213879e-01   1.0728204e-01   9.1083722e-02   1.7507186e-01   1.6721239e-01   6.4856432e-02   1.4815302e-01   6.9774306e-02   1.3490176e-01   8.3656189e-02   7.3118082e-03   1.4683586e-01  -4.3850284e-02   3.1808511e-02  -8.7220230e-02  -1.9873794e-02  -1.4972835e-02   1.2856192e-01  -1.9030502e-02   2.5888678e-02   5.9909838e-02   5.7899485e-02  -1.8123266e-02   3.9110626e-02   3.1477510e-01   5.9351694e-02  -3.5284780e-02  -4.6645606e-02  -2.6799868e-03   1.3189481e-01  -3.5470285e-02  -4.7512449e-02   1.8478282e-02   1.9272076e-02  -2.4451526e-02   6.0373642e-02   2.1965147e-02  -2.3965168e-01   3.1469400e-01  -1.2659591e-02   0.0000000e+00  -1.0075061e-02  -2.2769950e-03   1.4216838e-01   9.9826845e-02   7.7739690e-02   4.4631559e-02   9.5814447e-02  -1.6794780e-01   2.6075666e-02   1.7311483e-01   1.3021282e-01   1.4007942e-01  -2.1929936e-02   1.7300501e-01   1.3804188e-02   2.8032077e-02   5.1132557e-02   4.3306787e-02   1.0138839e-01   7.1746492e-02  -2.2573195e-02   4.3001815e-02   2.2730637e-04   1.5418621e-01   2.0599958e-02   4.7045933e-02   2.5326465e-02   3.3725292e-02   8.9138401e-02  -2.9328442e-02   9.1463530e-03  -1.2277747e-03  -1.0912840e-01  -1.4563480e-02   2.1328018e-01   9.6520523e-02   1.0713540e-01   0.0000000e+00   1.2424993e-01   0.0000000e+00  -4.7515584e-02   3.6944105e-03  -1.2967693e-01
   0.0000000e+00   0.0000000e+00   0.0000000e+00   0.0000000e+00   0.0000000e+00   0.0000000e+00   0.0000000e+00   0.0000000e+00   0.0000000e+00   0.0000000e+00   0.0000000e+00   0.0000000e+00   0.0000000e+00   0.0000000e+00   0.0000000e+00   0.0000000e+00   0.0000000e+00   0.0000000e+00   0.0000000e+00   0.0000000e+00   0.0000000e+00   0.0000000e+00   0.0000000e+00   0.0000000e+00   0.0000000e+00   0.0000000e+00   0.0000000e+00   0.0000000e+00   0.0000000e+00   0.0000000e+00   0.0000000e+00   0.0000000e+00   0.0000000e+00   0.0000000e+00   0.0000000e+00   0.0000000e+00   0.0000000e+00   0.0000000e+00   0.0000000e+00   0.0000000e+00   0.0000000e+00   0.0000000e+00   0.0000000e+00   0.0000000e+00   0.0000000e+00   0.0000000e+00   0.0000000e+00   0.0000000e+00   0.0000000e+00   0.0000000e+00   0.0000000e+00   0.0000000e+00   0.0000000e+00   0.0000000e+00   0.0000000e+00   0.0000000e+00   0.0000000e+00   0.0000000e+00   0.0000000e+00   0.0000000e+00   0.0000000e+00   0.0000000e+00   0.0000000e+00   0.0000000e+00   0.0000000e+00   0.0000000e+00   0.0000000e+00   0.0000000e+00   0.0000000e+00   0.0000000e+00   0.0000000e+00   0.0000000e+00   0.0000000e+00   0.0000000e+00   0.0000000e+00   0.0000000e+00   0.0000000e+00   0.0000000e+00   0.0000000e+00   0.0000000e+00   0.0000000e+00   0.0000000e+00   0.0000000e+00   0.0000000e+00   0.0000000e+00   0.0000000e+00   0.0000000e+00   0.0000000e+00   0.0000000e+00   0.0000000e+00   0.0000000e+00   0.0000000e+00   0.0000000e+00   0.0000000e+00   0.0000000e+00   0.0000000e+00   0.0000000e+00   0.0000000e+00   0.0000000e+00   0.0000000e+00   0.0000000e+00   0.0000000e+00   0.0000000e+00   0.0000000e+00   0.0000000e+00   0.0000000e+00   0.0000000e+00   0.0000000e+00   0.0000000e+00   0.0000000e+00   0.0000000e+00   0.0000000e+00   0.0000000e+00   0.0000000e+00   0.0000000e+00   0.0000000e+00   0.0000000e+00   0.0000000e+00
   0.0000000e+00   0.0000000e+00   0.0000000e+00   0.0000000e+00   0.0000000e+00   0.0000000e+00   0.0000000e+00   0.0000000e+00   0.0000000e+00   0.0000000e+00   0.0000000e+00   0.0000000e+00   0.0000000e+00   0.0000000e+00   0.0000000e+00   0.0000000e+00   0.0000000e+00   0.0000000e+00   0.0000000e+00   0.0000000e+00   0.0000000e+00   0.0000000e+00   0.0000000e+00   0.0000000e+00   0.0000000e+00   0.0000000e+00   0.0000000e+00   0.0000000e+00   0.0000000e+00   0.0000000e+00   0.0000000e+00   0.0000000e+00   0.0000000e+00   0.0000000e+00   0.0000000e+00   0.0000000e+00   0.0000000e+00   0.0000000e+00   0.0000000e+00   0.0000000e+00   0.0000000e+00   0.0000000e+00   0.0000000e+00   0.0000000e+00   0.0000000e+00   0.0000000e+00   0.0000000e+00   0.0000000e+00   0.0000000e+00   0.0000000e+00   0.0000000e+00   0.0000000e+00   0.0000000e+00   0.0000000e+00   0.0000000e+00   0.0000000e+00   0.0000000e+00   0.0000000e+00   0.0000000e+00   0.0000000e+00   0.0000000e+00   0.0000000e+00   0.0000000e+00   0.0000000e+00   0.0000000e+00   0.0000000e+00   0.0000000e+00   0.0000000e+00   0.0000000e+00   0.0000000e+00   0.0000000e+00   0.0000000e+00   0.0000000e+00   0.0000000e+00   0.0000000e+00   0.0000000e+00   0.0000000e+00   0.0000000e+00   0.0000000e+00   0.0000000e+00   0.0000000e+00   0.0000000e+00   0.0000000e+00   0.0000000e+00   0.0000000e+00   0.0000000e+00   0.0000000e+00   0.0000000e+00   0.0000000e+00   0.0000000e+00   0.0000000e+00   0.0000000e+00   0.0000000e+00   0.0000000e+00   0.0000000e+00   0.0000000e+00   0.0000000e+00   0.0000000e+00   0.0000000e+00   0.0000000e+00   0.0000000e+00   0.0000000e+00   0.0000000e+00   0.0000000e+00   0.0000000e+00   0.0000000e+00   0.0000000e+00   0.0000000e+00   0.0000000e+00   0.0000000e+00   0.0000000e+00   0.0000000e+00   0.0000000e+00   0.0000000e+00   0.0000000e+00   0.0000000e+00   0.0000000e+00   0.0000000e+00
   9.9948372e-03   0.0000000e+00   0.0000000e+00   0.0000000e+00   1.0969075e-02   5.7699860e-02   1.0921111e-01  -1.9839224e-02   2.1065745e-01  -5.8944466e-02  -2.7371506e-02  -1.0779057e-01  -5.3293578e-02  -1.1554361e-02   3.1710429e-02   1.0120468e-01   5.3985159e-02   1.6759803e-03  -2.4452160e-01   1.5197104e-02   8.9390835e-03   2.5300888e-02   1.4065873e-01   1.5368428e-01   7.6841781e-02   3.2900309e-02  -7.8707544e-03  -4.3299115e-02   2.2226604e-02   4.6313634e-02  -6.6353006e-02  -1.7427648e-04   1.7552008e-03  -1.6711993e-02   8.8707373e-02   1.5360712e-02  -2.6798523e-02   4.5218251e-02  -3.1366542e-02   1.3594107e-01   1.3664739e-01   5.4064759e-02   3.2711227e-02   1.7321741e-01  -1.9300200e-02   7.1202276e-02  -1.2397615e-02   1.4216327e-02   5.6741076e-02   1.6263559e-02   2.3975562e-02  -2.1884523e-01  -5.0328169e-02   8.1603955e-02   4.0898123e-02  -2.3937304e-02  -5.1416383e-02   1.1142752e-02  -1.2632973e-01   6.2469536e-02   2.0010177e-02   4.8259931e-02   2.2931590e-03   8.8630793e-02   2.4496844e-02   7.2996196e-02  -1.7631388e-02   1.8982123e-02  -1.1618784e-01  -2.6911838e-02  -8.6586615e-02   8.9856457e-02  -2.0197530e-03   1.6495649e-02   0.0000000e+00   6.2353952e-02  -4.2742372e-02  -2.4267404e-03  -5.8333010e-02   2.2574799e-03  -6.7460904e-02  -5.9851324e-02   2.1609782e-03   3.4791596e-02  -8.6742519e-02  -1.1040886e-01  -2.8501778e-02  -5.0367039e-03  -4.5197610e-02   2.2077135e-02   9.6401663e-02  -4.5940736e-02   1.3184044e-01   3.1852650e-02  -1.1974413e-01  -7.1176453e-03  -9.4072959e-02   1.3470559e-01   4.5784054e-02   1.3862050e-01  -1.3108144e-02   8.4809790e-02   2.8551119e-02   4.9244190e-02  -9.9880584e-03  -4.7400855e-02  -2.4634637e-02   1.8980507e-02  -1.6242209e-02  -1.6789125e-02   3.6039489e-02   1.0124547e-01   0.0000000e+00   3.3257725e-02   0.0000000e+00  -5.8432259e-02   8.5017525e-03   7.8425899e-02
  -7.1445454e-03   0.0000000e+00   0.0000000e+00   1.0969075e-02   0.0000000e+00   5.7972990e-01   1.7169508e-02   1.0251991e-01  -1.8208263e-01   1.2900198e-01   2.0917029e-01   1.7680759e-01   6.7074782e-02   3.3461623e-02   1.8215960e-01   2.0745112e-01   4.1667805e-01   2.8868883e-01   2.5557375e-01   2.7877566e-01   9.9393495e-02   1.0649444e-01  -3.6802933e-02  -5.1689673e-02   4.4146520e-02   4.5884279e-02   5.6820804e-01   3.7234886e-01   1.6423440e-01   1.9178305e-01   3.1271586e-01   2.8495254e-01   3.4771502e-01   9.2133944e-02   1.8878555e-01   3.3007733e-01   3.0049728e-01   1.9086137e-01   2.4392340e-01   4.2942048e-02   8.0199097e-02   1.8247325e-01   1.6103174e-01   1.7051354e-01   3.4931869e-01   1.3397432e-01   7.5778321e-01   3.0413506e-01   2.0720291e-02   4.0438824e-01   4.1472801e-02   2.9954270e-01   1.6927891e-01   2.5333586e-01   2.9084090e-01   1.4364368e-01   4.1150407e-01   5.1804274e-02   2.5317932e-01   8.8320385e-02   3.7929941e-02   1.6494284e-01  -2.9595407e-02  -2.4552009e-02   6.6733959e-02   2.4088756e-01   1.8501853e-02   5.3870072e-02  -4.9279157e-02   1.5673950e-01   1.8705502e-01   5.3940955e-02  -4.1102905e-02   3.0833252e-02   0.0000000e+00  -1.1497405e-01  -9.2011465e-02   2.3112651e-01   4.0385124e-01  -3.4644998e-02   4.5235194e-01   2.6494208e-01   2.3928645e-01   6.4222318e-02   4.3399963e-01   2.8946988e-01   5.9817992e-02   2.4762591e-01   4.7947011e-01  -9.6711553e-02  -1.4854772e-03   5.9749335e-01   7.6514132e-02   3.5056219e-01   1.2611330e-01   6.4561587e-02   1.8766932e-01   1.4892828e-01   1.4506534e-01   1.2836254e-01   4.0158431e-01   3.0963329e-01   1.9355288e-01   4.7452425e-02   2.4488973e-01   1.3262810e-01   1.3733013e-01   9.0730037e-02   2.6415925e-01   7.5577466e-02   2.1213318e-01   8.3474493e-02   0.0000000e+00   3.5967050e-01   0.0000000e+00   7.4979271e-02  -9.7900078e-02   3.3046741e-02
   1.8564437e-02   0.0000000e+00   0.0000000e+00   5.7699860e-02   5.7972990e-01   0.0000000e+00   1.0038758e-01   1.4272434e-01   1.1454230e-02  -2.6343513e-02   8.6237606e-02   9.6901251e-02   1.8782194e-03   4.3176959e-03   9.7329529e-02   1.0659295e-01   2.0564710e-01   2.1509634e-01   6.9812167e-02   8.0216889e-02  -7.0288543e-02   3.0437234e-02  -4.8986480e-02  -2.2516599e-02  -5.1128821e-02  -5.4758854e-02   3.2709899e-01   1.4840216e-01   5.3484548e-02   5.3046012e-02   1.0757529e-01   1.6592396e-01   1.0400459e-01  -7.2924474e-02   3.6539745e-02   1.4513234e-01   8.4461121e-02   9.8912948e-02   1.4667803e-01  -3.9477266e-02   5.0457995e-02   4.9237981e-02   1.0085340e-01   6.3569584e-02   1.1397266e-01   5.9674036e-02   3.3820102e-01   1.9811127e-01   2.6013224e-02   2.4856265e-01   1.2522550e-01   1.2303360e-01   6.9551942e-02   1.5010213e-01   1.5878886e-01   4.9697225e-02   2.3607805e-01   1.1488736e-01   5.5234245e-02  -6.7610162e-03  -2.2413202e-03   1.1978977e-01  -2.8477459e-02   1.9721859e-02  -2.4037343e-03   1.1225242e-01   2.6039401e-02   1.0499966e-01  -2.5216061e-03   1.9974246e-01   1.0839568e-01   1.8943335e-02   5.5499372e-02   7.1566471e-02   0.0000000e+00  -7.0139129e-02   1.2715647e-02   2.0605361e-01   3.7758912e-01  -1.0146315e-01   3.2255756e-01   1.9306537e-01   3.2250953e-01   1.2437402e-01   2.7590113e-01   1.7771058e-01   6.3423136e-02   3.5316728e-01   4.1961882e-01  -2.7882403e-02   2.6589222e-02   4.0628132e-01   1.2207813e-01   1.9435676e-01   1.4659331e-01   3.1194403e-02   1.1865315e-01   1.3470534e-01   1.3133525e-01   9.0117028e-02   1.7393335e-01   1.8792069e-01   1.4549193e-01   8.8138800e-03   9.4889650e-02   1.2886544e-01   8.9238150e-02   6.8436287e-02   8.6687462e-02   3.1763021e-02   1.0221804e-01   7.1672144e-02   0.0000000e+00   2.1461094e-01   0.0000000e+00   1.0383177e-01  -1.5082579e-02   3.1479542e-02
   2.5566738e-01   0.0000000e+00   0.0000000e+00   1.0921111e-01   1.7169508e-02   1.0038758e-01   0.0000000e+00   1.2253135e-01  -3.6738156e-02   4.5494609e-02   2.3016040e-01  -7.2118295e-02   1.0975104e-01   2.8316012e-02   7.5510118e-02   8.9630681e-02   1.5412592e-01   1.7224065e-01   4.4177255e-02   1.7443227e-01   1.7209012e-01   6.7890909e-02   1.7257020e-01   1.1783091e-01   7.6977798e-02   6.8717299e-02   8.2828883e-02   2.5429343e-01   1.6033211e-01   2.2312055e-01   1.0150735e-01   1.2923279e-01   2.9774915e-01   2.5484122e-01   1.7070205e-01   8.5424695e-02   8.6347171e-02   8.8283814e-02   3.3292264e-02   4.0894047e-01   2.1706545e-01   4.2750894e-02   2.8874226e-01   9.1040011e-02   4.2446905e-02   1.8461463e-01  -3.9400610e-02   1.2815789e-01   2.1897247e-01   2.9126512e-01   8.1276405e-02  -2.4499960e-02   1.1154693e-01   8.3898252e-03   2.1943059e-01   3.2881928e-01  -2.4394548e-02   5.8685913e-02   3.8414597e-03   9.1592236e-02  -7.0159832e-02  -8.9774667e-02  -6.1159302e-02   3.9318444e-01   5.5350643e-02   2.4004289e-01   1.5655894e-01   2.5093121e-01   3.0171084e-01   2.2126093e-02   6.9570919e-02  -5.2476400e-02   1.8415222e-01   1.9224619e-01   0.0000000e+00   1.7360726e-01   3.0050359e-01   5.2546337e-02   3.7244640e-02   2.6051034e-01  -5.5293378e-02   6.2651119e-02   1.4956208e-01   2.3178406e-01   1.6926661e-01   1.3425642e-01   1.7948227e-01   2.8741997e-02   8.6029637e-02   2.6953408e-01   3.1445717e-01  -1.1732815e-01   1.3821188e-01  -4.5161302e-02   1.5955348e-01   1.4338809e-01   9.7061368e-02   6.3514996e-02   3.9517429e-02   3.6905867e-02   9.5661741e-03  -3.8181588e-03   3.8855404e-02  -1.6097791e-03  -1.3514672e-01   1.0044948e-01   2.6324393e-02   3.9090876e-03  -9.4476351e-02   9.3806714e-02   9.3503364e-04   4.2417052e-02   0.0000000e+00  -2.3605292e-02   0.0000000e+00   1.1077855e-01   2.6860430e-01   2.6890121e-01
   5.7671135e-02   0.0000000e+00   0.0000000e+00  -1.9839224e-02   1.0251991e-01   1.4272434e-01   1.2253135e-01   0.0000000e+00   1.4024258e-01   6.2484897e-02   8.4765936e-02   7.4659709e-02   9.2931354e-02   8.9253786e-02   1.6073845e-01   1.2803045e-01   4.9103264e-02   1.3240397e-01   1.1412095e-01   7.4436694e-02  -1.0005709e-02   4.4701657e-02   1.9536187e-02   8.5077610e-03  -4.9914635e-02  -9.0877506e-03   6.7373604e-02   7.1741597e-02   5.5473952e-02   6.2344365e-02   2.6189985e-02   1.1348628e-01   1.7398138e-02   4.3972568e-02   1.1768479e-01   1.1383396e-01   1.3876989e-01   7.0775179e-02   1.1150781e-01   6.5689462e-02   1.1662457e-01   3.7367243e-02   5.3196336e-02  -3.1354790e-02  -9.3489182e-03   1.3824513e-01   7.8388078e-02   2.0338560e-01   1.1960707e-01   8.4299080e-02  -8.3175959e-02   1.0279649e-01   5.4024740e-02   9.5337667e-02   8.8391943e-02   1.0136772e-01   3.2557724e-02   1.3794646e-01   7.4787888e-02  -5.8986023e-02  -1.2171667e-01  -7.2537718e-02  -1.3565956e-01  -1.1610551e-02   9.6437046e-02   3.2496904e-02   2.1209753e-01  -1.5660091e-02   1.2427932e-01   9.2978929e-02  -9.8734180e-02   2.4645418e-02  -1.3619070e-01  -4.5416065e-02   0.0000000e+00   4.7742016e-03   1.2597436e-01   1.9251270e-01   4.3849007e-02  -9.5761625e-03   2.7651671e-02  -4.1919610e-02   7.7919138e-03   1.3131581e-01   1.1451030e-01   1.7320149e-01   1.1456012e-01   1.8858036e-02   1.8020991e-01  -2.0393720e-02   2.4866259e-02   2.8684313e-02   6.9399321e-02   4.7319367e-02   1.2191499e-01   6.6967517e-02   1.6217014e-01  -6.5145482e-02   1.0209736e-01   4.5572190e-02   1.0596634e-01   8.8854717e-02   5.1930042e-02  -5.5621939e-02  -1.3953698e-02   1.3976311e-01   1.1584967e-01  -1.0849840e-02  -1.4217138e-02   1.0782317e-01   1.5881023e-01   1.3068841e-01   0.0000000e+00   1.1137242e-01   0.0000000e+00   4.4956899e-01   2.0554254e-01   5.7759334e-02
   6.5380488e-02   0.0000000e+00   0.0000000e+00   2.1065745e-01  -1.8208263e-01   1.1454230e-02  -3.6738156e-02   1.4024258e-01   0.0000000e+00  -9.3484613e-02  -6.5190378e-02  -2.2562474e-01  -2.7607286e-02   2.5593644e-02   5.9633234e-02   1.9605072e-02  -1.1150662e-01  -3.4464449e-02  -1.1368933e-01  -1.9025915e-01  -2.0556825e-01  -1.5860205e-01  -6.8846157e-02  -4.1468160e-02  -1.5417795e-01  -1.0398056e-01  -2.0018064e-01  -2.4278622e-01   2.6050316e-02   2.9032598e-03  -1.9080996e-01  -7.6903807e-02  -1.3207732e-01  -4.1524314e-02   1.9183353e-02   2.3267433e-02  -5.7691523e-02   5.8677981e-02  -3.6707591e-02  -1.7467584e-02   1.2347036e-01   4.2871179e-02   6.2010016e-02   3.5457547e-02  -2.6243615e-01   4.9849906e-02  -1.9483829e-01   1.1896066e-02  -6.0428003e-02  -2.2436303e-01   5.0323496e-03  -2.1705151e-01  -2.8575944e-02  -3.2035332e-02  -9.7955402e-02  -7.7724813e-02  -1.4632179e-01   6.2388748e-02  -8.8025599e-02  -1.0404789e-01  -1.2751773e-01  -3.6630068e-02  -8.7481749e-02   1.6056818e-01   3.2122029e-02  -7.6631941e-03   3.9155457e-02  -6.3939386e-02  -6.9313528e-02   3.3108257e-02  -1.0622276e-01  -1.7496662e-02   8.9866764e-02  -1.7139760e-02   0.0000000e+00   6.7138386e-02   6.5060950e-02   7.7906590e-02  -5.1314708e-02  -6.5191075e-02  -9.0782268e-02  -8.2105411e-02  -1.4321678e-01  -6.7594245e-03  -1.5050480e-01  -6.1280795e-02   9.4912955e-02   6.6153582e-03   4.5330465e-02  -6.5956967e-03   1.1590411e-01  -5.1370486e-02   8.5990985e-02  -1.4068171e-02   8.9854953e-02   2.0119894e-02  -3.1353943e-02   1.1610320e-01   1.8506127e-01   4.2342422e-02  -7.2887912e-02   4.5894045e-02   1.4136010e-01  -1.6246143e-02  -2.6178251e-02   4.1689472e-02   4.2150151e-02  -2.6917423e-03  -5.0081207e-02   1.6993344e-01   1.9640096e-01   6.8700205e-02   0.0000000e+00  -1.9002931e-02   0.0000000e+00  -5.4353486e-03   4.8319224e-02  -1.2477718e-01
  -6.3052162e-02   0.0000000e+00   0.0000000e+00  -5.8944466e-02   1.2900198e-01  -2.6343513e-02   4.5494609e-02   6.2484897e-02  -9.3484613e-02   0.0000000e+00   2.6248729e-02   3.3307567e-01   1.5839595e-01   8.3868718e-02   1.8286272e-01   1.8596648e-01   8.9254139e-03   3.2962687e-02   1.7914224e-01   2.3876659e-01   1.7221326e-01   1.2734681e-01   1.4972908e-01   3.6312000e-02   1.8759988e-01   7.6247939e-02   1.6707335e-01   1.2335832e-01   1.9340136e-02   6.3894617e-02   1.3140773e-01   1.2806415e-01   1.3531127e-01   2.0189226e-01   2.2537633e-01   9.7342426e-02   2.5567376e-01  -2.9173461e-02  -7.4022643e-02   1.7342365e-01   7.4538653e-02   1.0930815e-01   1.2834576e-01   8.7881731e-02  -9.7506352e-03   3.1384820e-02   1.9550190e-01   2.2543725e-01   1.5633758e-01   8.1404378e-02   1.9506415e-02   1.1492661e-01   1.8659387e-01   2.2890522e-01   1.8843371e-01   2.0676397e-01   1.2616255e-01   2.3735615e-02   1.5753890e-01   5.8895204e-02   4.3208294e-03   8.4861586e-03  -4.8937962e-02  -1.2715686e-01   1.1605961e-01   5.9143196e-02  -4.0424940e-02  -3.0924149e-02   1.0846394e-01   9.0215496e-02   2.9957175e-02  -4.2007039e-02  -1.2149574e-01  -1.4301045e-01   0.0000000e+00  -4.8234647e-02   5.6748455e-03  -2.7851796e-02   1.6521708e-02   5.5845465e-03   1.7881993e-02   9.0567166e-03   3.2923587e-02   4.9402902e-03  -3.5284522e-02   2.3650436e-03  -3.1240125e-02  -3.6931847e-02  -6.0134373e-02  -4.5646760e-02   7.2229971e-02   1.1017595e-01  -1.0001356e-01   1.2878040e-01   1.1540326e-01   8.7320331e-02   6.5625302e-02   6.2171233e-02   1.1308825e-01  -2.0245603e-03   3.1039850e-02  -4.5480086e-02  -6.3480112e-03   8.1689951e-02   1.7221288e-01   1.4866914e-01   4.8394412e-02   7.1782658e-02   1.9252266e-01   7.4812076e-02   8.4418027e-02   1.9575075e-01   0.0000000e+00   2.0041391e-01   0.0000000e+00   7.5562986e-02   1.8423860e-02   3.8770841e-02
   2.8307588e-01   0.0000000e+00   0.0000000e+00  -2.7371506e-02   2.0917029e-01   8.6237606e-02   2.3016040e-01   8.4765936e-02  -6.5190378e-02   2.6248729e-02   0.0000000e+00   8.6300832e-02   1.1821908e-01  -4.7324015e-02   2.2348041e-01   2.6371477e-01   1.8291374e-01   1.1617487e-01   2.9025514e-01   1.9044140e-01   1.2935465e-01   2.7744835e-02   2.5889860e-02  -4.6786843e-04   3.5085920e-02   9.0407385e-03   2.0518006e-01   2.4620730e-01   1.8353420e-01   1.6517827e-01   2.2067154e-01   2.1866758e-01   4.0241263e-01   2.2214458e-01   1.5721185e-01   3.7888414e-01   2.7920275e-01   1.9954001e-01   2.2722082e-01   3.0295157e-01   2.6849456e-01   1.6074049e-01   1.5205046e-01   6.3231720e-02   8.3809565e-02   2.3626116e-01   2.4517993e-01   3.1765065e-01   1.8625164e-01   1.6827612e-01   2.1323566e-01   2.4533379e-01   1.2349699e-01   1.1543495e-01   3.1286807e-01   2.5966978e-01   2.3659229e-01   1.2831688e-01   2.0835856e-01   7.0067077e-03  -1.9369209e-01  -1.1522276e-01  -1.7401863e-01   2.2379313e-01  -3.8930458e-02   3.8223291e-01   1.1307499e-01   7.6568410e-02   5.1350528e-02   1.2767631e-01   6.3720404e-02  -1.6456092e-01   2.4382913e-01   2.0330697e-01   0.0000000e+00  -7.6453247e-02  -3.8074054e-02   6.6200750e-02   1.5747124e-01  -3.1561460e-02   4.4210237e-02   6.9264483e-02  -2.2712100e-02   5.3575926e-02   2.0506225e-01   1.7356163e-01   1.6707008e-01  -7.3612317e-02   2.3081254e-01  -8.1616309e-02  -2.0881399e-02   1.6804482e-01   4.2716949e-02   1.3503844e-01   7.3568798e-02   5.5635630e-02   1.4037130e-01  -3.0091603e-02  -4.0942928e-02   2.1047734e-02   1.1167820e-01   1.8470954e-01  -8.4305684e-02  -1.1152005e-01   2.0705098e-02   1.0911536e-01  -1.6878238e-02   2.6991712e-02   3.5915191e-02   8.8889281e-02   2.2083102e-01   4.5895889e-02   0.0000000e+00   2.2251336e-01   0.0000000e+00   2.0106057e-02  -5.5306779e-02  -5.0542882e-02
  -1.9666452e-01   0.0000000e+00   0.0000000e+00  -1.0779057e-01   1.7680759e-01   9.6901251e-02  -7.2118295e-02   7.4659709e-02  -2.2562474e-01   3.3307567e-01   8.6300832e-02   0.0000000e+00   3.9812674e-02   6.4805732e-02   1.1969310e-01   1.0181507e-01  -7.3900976e-04  -1.1861661e-02   1.4972580e-02   9.0286364e-02   8.6240964e-02   4.2808909e-02  -5.7678169e-02  -8.7055369e-02   3.6474896e-02  -1.0122768e-01   1.8100106e-01   1.9645019e-01  -4.0408578e-02  -6.8802303e-02   2.1369931e-01   4.6882847e-02  -2.3176702e-02  -1.4241899e-01  -4.6629648e-02   1.1784451e-01   1.3434609e-01  -8.7875494e-02  -4.5533474e-03   2.5473677e-04   2.8845608e-02   7.0961921e-02  -5.3909199e-02  -5.9463508e-02   5.0259454e-02  -7.9862965e-02   1.6931497e-01   1.1602099e-01   1.2400966e-01   1.1257052e-01   1.2956338e-01   1.9628992e-01   1.2269334e-01   3.7830049e-02   9.9920582e-02   9.5829588e-02   1.7659127e-01   4.1890683e-02   1.0994343e-01  -4.3888324e-02  -1.4884232e-02   2.5288883e-04  -2.1050723e-02  -2.0414406e-01   7.2154900e-03   2.1439210e-01  -3.7899854e-02  -8.9946126e-02  -3.4219575e-03   1.0630891e-01   1.5717174e-04  -3.9477295e-02  -1.5932792e-01   7.8874736e-02   0.0000000e+00  -1.2239205e-01  -1.1026314e-01   7.4118964e-02   1.0774405e-01  -1.2839395e-01   1.2560106e-01  -4.0352061e-03  -3.5745840e-03  -5.0131903e-02   6.4754337e-03   9.9653742e-02  -9.2942717e-02   6.1630939e-02   1.3142580e-01  -1.3354513e-01  -1.4177159e-01   1.9862083e-01  -9.8973689e-02   1.0098867e-01  -1.8398873e-02  -2.2683134e-02   9.0905996e-03  -4.1047734e-02  -2.9616093e-02  -2.9322726e-02   1.5414570e-01   2.2420781e-02  -7.9437609e-03  -2.8780983e-02   1.8099086e-01   8.4866459e-02   2.4723927e-02   5.7097126e-02   1.0614171e-01  -1.0058615e-01   1.7216311e-02   1.5919858e-01   0.0000000e+00   2.5950704e-01   0.0000000e+00   1.4344258e-01  -1.6627697e-01  -5.6376036e-02
  -4.0760440e-02   0.0000000e+00   0.0000000e+00  -5.3293578e-02   6.7074782e-02   1.8782194e-03   1.0975104e-01   9.2931354e-02  -2.7607286e-02   1.5839595e-01   1.1821908e-01   3.9812674e-02   0.0000000e+00   4.0671020e-01   1.1082973e-01   2.2197212e-01   1.2097143e-01   1.0514351e-01   1.3859224e-02   3.5730293e-01   1.2039200e-01   1.1720116e-01   1.1775047e-01  -4.4674762e-03   1.9508690e-01   3.2440670e-01   2.1199315e-01   2.9874655e-01   2.5322238e-01   2.4177599e-01   2.2759822e-01   1.7646587e-01   2.0237303e-01   1.8509176e-01   2.8796079e-01   3.0425224e-01   2.0370436e-01   2.7036295e-01   1.9204722e-01   2.3963844e-01   1.3638303e-01   2.9576966e-01   1.9282586e-01   1.2946074e-01  -3.8934106e-02   2.1837925e-01   1.5096493e-01   2.6270390e-01   2.3867874e-01  -1.8453814e-02   1.6351854e-01   1.9005172e-01   1.2740607e-01   2.0172530e-01   1.8740205e-01   3.6309825e-01   3.2256733e-01   6.7291041e-02  -3.9489284e-03   1.4994644e-01   6.8364039e-02   1.0220993e-01   1.3709158e-01   1.1161026e-01   6.8548403e-02   2.3332026e-01   1.2123755e-01  -1.9563458e-02   6.7654079e-02   2.9375744e-01   1.6448184e-01   2.4919430e-02  -6.6217973e-02  -4.9900406e-03   0.0000000e+00  -1.2635074e-01  -4.1684673e-02   5.6800132e-02   1.1234326e-01  -1.1342871e-03   1.4619722e-01   1.4018318e-01   7.4157281e-02   1.6506068e-01   5.7537622e-02   1.0324415e-01   1.2615213e-01   4.6895242e-02   1.5483762e-01  -1.5321298e-01   7.9870847e-02   2.2918085e-01   6.0588993e-02   9.7370846e-02   1.4177773e-01   6.7892206e-02   5.1674517e-02   1.9759419e-01   6.2062828e-02   6.0123165e-02  -9.1781324e-04   1.5888567e-01   2.4013680e-02   2.9971593e-02   2.5546648e-01   2.6314473e-01   1.1495011e-01   1.0264392e-01   1.3011795e-01   1.0472499e-01   2.5397932e-01   3.8331477e-02   0.0000000e+00   6.2332411e-02   0.0000000e+00   2.6624996e-02  -1.6074152e-02   6.5966362e-03
  -5.8046111e-02   0.0000000e+00   0.0000000e+00  -1.1554361e-02   3.3461623e-02   4.3176959e-03   2.8316012e-02   8.9253786e-02   2.5593644e-02   8.3868718e-02  -4.7324015e-02   6.4805732e-02   4.0671020e-01   0.0000000e+00  -1.0828200e-02   3.7894507e-02  -4.1103422e-02  -9.4104427e-02   4.2507607e-02  -1.0480263e-02   6.9252949e-02   2.1958004e-01   4.1843035e-03  -9.6414431e-02   2.5713812e-01   8.1275897e-02   1.8505811e-01   1.4712851e-01  -1.0371009e-01  -9.6013124e-02   7.4420049e-03   1.8193787e-01  -6.4720021e-03  -8.6131121e-02   1.0551612e-01   7.2186240e-02   8.9711635e-02   7.0743202e-02   1.5647932e-01   1.9900077e-03   2.4617601e-02   1.2595918e-01   7.5132441e-02   4.7262864e-02  -1.7666833e-01  -9.8086709e-02   8.2963680e-02   2.2709425e-02  -1.6267409e-02  -4.7923470e-02   1.7035019e-02   6.8064525e-02   1.0066579e-01   1.0450873e-01  -2.7926578e-02   2.7608904e-02   4.1438393e-01   4.2001493e-02  -8.1389245e-03   4.2486242e-02   7.1208496e-02   1.2077523e-01   1.1943485e-01  -9.4166413e-02   2.2634421e-03   7.7224365e-02   2.8049041e-04   7.9732128e-02   3.5945027e-02   1.8306913e-01   1.1458693e-01   1.8950890e-02  -9.0328490e-03  -7.9479495e-03   0.0000000e+00  -6.8980067e-02  -1.7282090e-02   1.1703696e-01   1.7523757e-01  -3.4458956e-02   1.6123501e-01   2.4873696e-01   1.7246436e-01  -4.6601241e-03   6.3514479e-02   8.0516305e-02  -1.0319040e-01   1.1451917e-01   1.6225112e-01  -4.0876811e-02   6.5782086e-02   2.1951760e-01   3.3994961e-02   1.5772372e-01   1.2875018e-01  -3.9357729e-02  -3.1875226e-02   1.2196719e-01   1.5117565e-01   5.7860214e-03   1.0963278e-01   5.7397146e-02   3.1202776e-02   1.9048626e-03   4.7467448e-01   1.8381745e-01   1.7704729e-01   3.8440918e-02   2.0315295e-01   7.7495219e-02  -2.9457918e-02   5.0908800e-02   0.0000000e+00   2.8208690e-02   0.0000000e+00   1.5392299e-01   4.6199267e-02   4.3874843e-02
   1.1884841e-01   0.0000000e+00   0.0000000e+00   3.1710429e-02   1.8215960e-01   9.7329529e-02   7.5510118e-02   1.6073845e-01   5.9633234e-02   1.8286272e-01   2.2348041e-01   1.1969310e-01   1.1082973e-01  -1.0828200e-02   0.0000000e+00   3.7378042e-01   1.3580953e-01   1.7858427e-01   1.7172196e-01   3.5679031e-01   1.7766491e-01   4.9452419e-02   1.1614495e-01   6.7875619e-02   1.6222674e-02   1.2766895e-02   1.5466124e-01   2.0724475e-01   4.6391144e-01   3.8527687e-01   2.5233479e-01   1.4460482e-01   2.3632931e-01   3.6559839e-01   3.0049640e-01   3.9407397e-01   4.1303198e-01   1.9829552e-01   7.6666177e-02   2.9757841e-01   1.6376598e-01   2.6400804e-01   2.1968336e-01   1.4061519e-01   1.2101331e-01   3.5155861e-01   1.9589033e-01   5.0806698e-01   2.3060195e-01   6.9718454e-02   1.6518487e-02   1.9053392e-01   7.8503486e-02   1.4794904e-02   3.0958862e-01   4.4366981e-01   1.5263456e-01   6.2017555e-02   1.7730475e-01  -3.4737055e-02  -2.1473773e-01  -1.6799385e-01  -8.8067884e-02   1.9503398e-01   1.4674175e-01   1.7007931e-01   1.6670871e-01  -1.5025787e-01  -8.7901512e-05   6.0582043e-02  -9.8620507e-02   7.1960862e-02  -5.7338678e-02  -4.4196773e-02   0.0000000e+00  -7.3137360e-02  -1.3886279e-01   6.0998139e-02   7.7689835e-03  -1.2328253e-01  -6.0089518e-03  -2.5363564e-02  -1.3065102e-01   1.5353200e-02   1.1043500e-01   9.8692548e-02   2.6496542e-01  -3.6422498e-02   9.7868732e-02  -1.2999732e-01   1.2103974e-01   8.0550765e-02  -4.3238062e-02   1.1359497e-01   9.5385398e-02   7.7665043e-02   1.1175686e-01  -5.1940018e-03   7.2583614e-02   3.8310706e-02   8.6636564e-02   1.4311558e-01  -4.0591891e-02  -1.0315202e-01   4.7865657e-02   2.7575781e-02  -6.8471924e-02   1.0158864e-02  -4.2326100e-02   1.2631215e-01   5.4067592e-01   1.6008106e-01   0.0000000e+00   2.0460985e-01   0.0000000e+00  -2.0583376e-03  -9.3153210e-02  -6.9144546e-02
   6.9898285e-02   0.0000000e+00   0.0000000e+00   1.0120468e-01   2.0745112e-01   1.0659295e-01   8.9630681e-02   1.2803045e-01   1.9605072e-02   1.8596648e-01   2.6371477e-01   1.0181507e-01   2.2197212e-01   3.7894507e-02   3.7378042e-01   0.0000000e+00   1.4031968e-01   6.7252324e-02   1.1664878e-01   2.3111925e-01   1.1319298e-01   7.9393837e-02   7.1148131e-02   9.3258766e-02   4.9087416e-02   1.3730833e-02   2.1871896e-01   2.4093480e-01   2.5004037e-01   1.8036272e-01   2.2441585e-01   2.1655544e-01   2.6996969e-01   1.5646962e-01   2.2192644e-01   4.8487983e-01   3.5401400e-01   2.3923080e-01   1.9772964e-01   2.0280864e-01   2.0791660e-01   2.6452292e-01   1.3763738e-01   1.4752208e-01   1.3699169e-01   3.4941800e-01   3.2277163e-01   3.9333455e-01   1.5427473e-01   1.1074247e-01   1.4416462e-01   2.8413573e-01   2.4306163e-01   2.0864626e-01   6.2841032e-01   3.3813083e-01   2.0753034e-01   6.5844539e-02  -6.5370725e-03   4.0157372e-03  -1.0107564e-01  -1.3316394e-02  -1.1207796e-01   1.2868035e-01   1.2282079e-01   3.2655912e-01   1.2586873e-01  -3.8875369e-02  -8.0578290e-04   1.3586721e-01  -6.3051914e-02  -5.7248464e-02   1.4924281e-02  -2.5648021e-02   0.0000000e+00  -1.7731098e-01  -1.3859288e-01   1.0723083e-01   1.0155379e-01  -1.3757782e-01   7.0913836e-02   7.7604289e-02  -3.8952103e-02  -6.3351318e-02   7.4152422e-02   1.5101918e-01   7.5871018e-02   6.2740557e-03   2.4397447e-01  -1.9861514e-01  -8.3400214e-04   2.5622317e-01  -5.7080934e-03   3.3141101e-01   1.5781696e-01   1.6238741e-01   1.7131271e-01   6.3769193e-02   7.8801719e-02   1.0771286e-01   8.9697797e-02   2.2721773e-01  -6.4257602e-02  -8.9482598e-02   1.1076123e-01   9.2985513e-02   4.8784779e-02   6.8673970e-02   1.0441640e-01   1.6298255e-01   3.3880439e-01   1.7074260e-01   0.0000000e+00   3.0624844e-01   0.0000000e+00   6.9626119e-02  -1.7294099e-01  -1.1235661e-01
   1.6855190e-01   0.0000000e+00   0.0000000e+00   5.3985159e-02   4.1667805e-01   2.0564710e-01   1.5412592e-01   4.9103264e-02  -1.1150662e-01   8.9254139e-03   1.8291374e-01  -7.3900976e-04   1.2097143e-01  -4.1103422e-02   1.3580953e-01   1.4031968e-01   0.0000000e+00   4.6938582e-01   4.8224804e-02   4.5219327e-01   2.2390888e-01   6.7385419e-02   3.1018996e-02   6.6737143e-02   6.1720627e-02   1.9018399e-01   3.6243972e-01   3.6797346e-01   3.8978918e-01   3.9897142e-01   3.8403990e-01   2.4939395e-01   4.3155418e-01   1.9894028e-01   2.3353505e-01   2.7027345e-01   2.0956499e-01   3.5977706e-01   2.6129348e-01   2.3182070e-01   1.4915317e-01   1.8702582e-01   1.5522597e-01   1.2961560e-01   3.6808734e-01   2.5837518e-01   3.5148805e-01   2.6532441e-01   1.0326540e-02   2.1538968e-01   1.6131148e-01   2.5550824e-01   6.0065865e-02   8.4414190e-02   2.1856508e-01   1.8063367e-01   2.3174652e-01   3.2592662e-02   1.1464886e-01   8.2341134e-02  -1.0138778e-01  -6.6474203e-02  -4.0794233e-02   1.1753939e-01  -3.7421783e-02   9.0132566e-02   6.9148147e-03  -6.7816473e-02  -1.9521294e-01   1.3056716e-01   1.3024609e-01  -7.1683453e-02  -1.0422248e-02  -3.5568876e-02   0.0000000e+00  -2.0126530e-01  -1.8364195e-01   8.2412758e-02   1.4806088e-01  -5.8651666e-02   2.0976705e-01   1.7649847e-01   1.2151348e-02   1.7437712e-01   2.7987651e-01   2.2641817e-01   1.9397717e-01   6.4412161e-02   3.3512381e-01  -1.8999118e-01   5.3582861e-02   2.4011240e-01   8.5680083e-02   1.0572882e-01   1.0388266e-01   5.9020822e-02   1.3462873e-01   1.5410349e-01   8.3111624e-02   7.1646239e-02   1.3643456e-01   2.2876489e-01   1.2822673e-01  -1.3759588e-02   9.4963229e-03  -1.0795577e-01   7.1961701e-02  -6.7083870e-02   5.7801524e-03   9.5975170e-02   1.9683843e-01  -1.8125702e-02   0.0000000e+00   1.2705495e-01   0.0000000e+00  -3.6988936e-02  -8.3214821e-02  -1.3993243e-01
  -3.4955146e-02   0.0000000e+00   0.0000000e+00   1.6759803e-03   2.8868883e-01   2.1509634e-01   1.7224065e-01   1.3240397e-01  -3.4464449e-02   3.2962687e-02   1.1617487e-01  -1.1861661e-02   1.0514351e-01  -9.4104427e-02   1.7858427e-01   6.7252324e-02   4.6938582e-01   0.0000000e+00   4.4353720e-02   5.4238873e-01   2.3835927e-01   9.7451542e-02   1.2041878e-01   8.9205413e-02   7.3539279e-02   7.5666014e-02   2.1550607e-01   3.0079359e-01   3.9160047e-01   5.0070952e-01   3.1721388e-01   1.0038433e-01   3.0405206e-01   2.4737492e-01   1.5076217e-01   5.5247909e-02   7.3553486e-02   5.6554837e-02  -4.7316990e-02   1.7105113e-01  -2.1882413e-02   3.3320166e-02   3.1290040e-01   5.7162726e-02   2.3493533e-01   2.0040822e-01   1.1151154e-01   2.0101374e-01   2.0858347e-01   3.6814137e-01  -6.9154579e-02   1.7104014e-02   4.8850707e-02  -9.2584837e-03   2.6970072e-01   3.0616557e-01   6.4175578e-02   1.0509415e-01   8.9826213e-02   5.9767415e-02  -1.2333776e-01  -1.8066175e-01  -2.0863811e-01   1.0604254e-01   9.9767881e-02   2.9498683e-02   2.1026329e-01   8.8075937e-02   1.7872962e-01   3.1287878e-02   1.7718688e-01  -1.8075645e-02  -7.3663818e-02   3.6606847e-02   0.0000000e+00   1.4324911e-01   2.6092700e-01   8.2148187e-02   4.8071828e-02   9.3790531e-02   3.6131486e-02   3.4320415e-03   1.3590074e-01   3.7614519e-01   2.6816477e-01   3.2080132e-01   4.3478366e-01   1.3293046e-01   1.1301599e-01   1.4452271e-01   3.3081881e-01   4.3543175e-03   5.2593223e-02  -1.2940261e-02   4.1271980e-02   7.4810729e-02   1.9868477e-01   3.7849373e-02   1.0905122e-01   1.1092371e-01   5.7824199e-02   2.9752977e-02   2.2247458e-01  -8.2987402e-02  -1.3260274e-01   1.1696708e-02   1.4172178e-03  -5.0483736e-02  -9.3298510e-02   5.5231050e-02   2.2935803e-01   9.2783333e-02   0.0000000e+00   1.2603268e-01   0.0000000e+00   9.2278643e-02   1.0059655e-01   5.9344958e-02
   4.2682742e-01   0.0000000e+00   0.0000000e+00  -2.4452160e-01   2.5557375e-01   6.9812167e-02   4.4177255e-02   1.1412095e-01  -1.1368933e-01   1.7914224e-01   2.9025514e-01   1.4972580e-02   1.3859224e-02   4.2507607e-02   1.7172196e-01   1.1664878e-01   4.8224804e-02   4.4353720e-02   0.0000000e+00   9.1593579e-02   4.4924420e-02   2.8923599e-02   1.4149573e-02  -3.2308818e-02   2.2649699e-02   1.0689544e-02   9.4027188e-02  -3.7082532e-02  -1.0133968e-02  -2.6905370e-02  -1.1313300e-02   1.5408418e-01   1.8798327e-01   1.8868078e-01   2.1758419e-01   1.5673718e-01   2.6918624e-01   1.8538152e-01   1.5069211e-01   3.1522084e-02   6.4147302e-03   1.4532491e-01   1.9660377e-01   1.0319697e-01   1.4286914e-02   1.1676849e-01   2.4667758e-01   1.6604382e-01   3.6966937e-03   7.6031266e-02  -4.6161636e-02   2.4839337e-01   1.5696749e-01   2.5910611e-01   8.5955549e-02   4.5264877e-02   6.4371155e-02   7.0736941e-02   7.6226734e-01   1.9113048e-02  -4.4881871e-02  -5.9115123e-03  -4.3233794e-02   5.5864868e-02   1.4347527e-02  -4.1559159e-02   3.6163655e-02   1.3581268e-02   1.3954461e-01   9.3485295e-02   6.5982680e-02  -6.2138970e-02   1.4256580e-01  -7.3157646e-02   0.0000000e+00   6.3977917e-02   4.4760820e-02   1.2796906e-01   1.1585946e-01   8.3888087e-03   4.0278309e-02   1.1960592e-01  -2.2100986e-02   2.6227373e-02   2.0525958e-01   1.9253845e-01   1.5799423e-01  -2.8439787e-02   1.3022763e-01   2.2177592e-02   5.7726457e-02   1.6741763e-01  -3.0465758e-02   2.3639939e-01   1.9470184e-01   1.9152301e-02   1.3352896e-01   1.5743856e-02   2.6766871e-01   7.5477977e-02   1.5225448e-01   2.1218816e-02   2.3002025e-02   8.8362656e-03   9.9988061e-02   2.0363128e-01   6.8678839e-02   3.8540604e-02   1.5323923e-01   2.5990185e-01   1.2389748e-01   1.1594535e-01   0.0000000e+00   2.5792427e-01   0.0000000e+00  -1.8212029e-02  -5.5620673e-02  -7.5070888e-02
  -8.1374865e-03   0.0000000e+00   0.0000000e+00   1.5197104e-02   2.7877566e-01   8.0216889e-02   1.7443227e-01   7.4436694e-02  -1.9025915e-01   2.3876659e-01   1.9044140e-01   9.0286364e-02   3.5730293e-01  -1.0480263e-02   3.5679031e-01   2.3111925e-01   4.5219327e-01   5.4238873e-01   9.1593579e-02   0.0000000e+00   5.3767560e-01   2.6412938e-01   2.6464337e-01   1.1150259e-01   3.4280384e-01   3.3118816e-01   4.6901415e-01   3.7533620e-01   5.2207151e-01   4.9839779e-01   4.8865427e-01   2.0673120e-01   5.5761972e-01   4.2033413e-01   4.3120750e-01   2.9586734e-01   2.6751445e-01   2.3818104e-01   1.3140788e-01   4.1759461e-01   1.1309763e-01   2.0452808e-01   3.2076492e-01   7.1442263e-02   1.9611137e-01   3.1512589e-01   2.5910733e-01   4.8221970e-01   3.6555456e-01   3.4784499e-01   1.2593538e-01   1.7759071e-01   1.0381468e-01   1.6286816e-01   3.4765171e-01   4.8963419e-01   3.1700745e-01   1.9399013e-03   1.0260982e-01   2.2624161e-01   6.2115998e-03  -5.5605348e-02  -3.8974920e-02   9.6807510e-02   4.9754793e-02   1.4191981e-01   1.3869597e-01  -4.7060991e-02   5.4870073e-02   1.7311825e-01   1.4012542e-01   1.3121068e-02  -1.6191205e-01  -1.1029473e-01   0.0000000e+00  -6.9631365e-02  -7.4881312e-02  -5.0004644e-02   7.8723708e-02  -1.7594960e-02   1.4972589e-01   1.3750096e-01   1.2772867e-01   3.1605702e-01   1.5431370e-01   1.8689810e-01   3.9595360e-01   7.5901893e-02   1.4111001e-01  -1.2684098e-01   1.1996886e-01   1.3703505e-01   2.0486388e-02   4.6452231e-02   6.7262858e-02   4.8010353e-02   9.8393952e-02   6.2099221e-02  -3.2236699e-02   5.0801541e-02   1.3760344e-02   1.0413592e-01   6.6443988e-02  -1.0654128e-02   1.6620960e-02   1.3043405e-02  -5.0602684e-02   1.4049321e-02   2.1812234e-02   6.1795502e-02   3.2577696e-01   4.2373085e-02   0.0000000e+00   1.5659208e-01   0.0000000e+00  -1.6557913e-02  -4.9541479e-02   8.7251422e-02
  -1.8131282e-02   0.0000000e+00   0.0000000e+00   8.9390835e-03   9.9393495e-02  -7.0288543e-02   1.7209012e-01  -1.0005709e-02  -2.0556825e-01   1.7221326e-01   1.2935465e-01   8.6240964e-02   1.2039200e-01   6.9252949e-02   1.7766491e-01   1.1319298e-01   2.2390888e-01   2.3835927e-01   4.4924420e-02   5.3767560e-01   0.0000000e+00   3.4510423e-01   2.3565874e-01   1.5614561e-01   4.1280698e-01   2.0897979e-01   1.9854603e-01   2.1598003e-01   2.8598391e-01   3.2183127e-01   3.1389507e-01   1.5812209e-01   3.0257456e-01   3.3360638e-01   3.0973596e-01   1.8546092e-01   1.6229549e-01   1.6621120e-01   7.6568421e-02   3.9963710e-01   3.3312804e-02   1.5043358e-01   1.6735898e-01   6.0917030e-02   1.1565507e-01   1.3622059e-01   1.2165110e-01   2.5796262e-01   2.2814409e-01   1.3250747e-01   5.2912075e-02   1.1612380e-01   4.0564279e-02   6.3483119e-02   2.5491439e-01   2.8319835e-01   1.9804283e-01   1.0829253e-03   9.4816045e-02   2.7573136e-01   4.6063004e-02  -2.2391855e-02  -2.1688771e-02   1.2504549e-01   5.3916742e-02   9.2773464e-02   1.0066687e-01  -3.7042429e-02   4.5691621e-02   4.5177179e-03   2.8724021e-02  -6.5576757e-02  -1.3812018e-01  -3.3878182e-02   0.0000000e+00   2.1733374e-03  -5.9475664e-02  -7.6279413e-02  -1.1596037e-01   2.7891924e-02  -8.9404501e-03  -1.4223466e-02   1.0390794e-02   1.3268955e-01   8.8329097e-02   6.8148406e-02   1.5146512e-01  -7.8138301e-02  -5.4250967e-02  -8.5273319e-03   1.1962122e-01  -8.7859041e-03  -3.3729994e-02   1.3751799e-02   2.0830503e-04   4.2837616e-02   2.5526758e-02   4.4839831e-02  -1.3197370e-02   6.1799375e-02   1.2540816e-02   3.0656922e-02  -5.1569900e-02   1.0589540e-01   5.1441515e-02   1.6278117e-02  -9.0793220e-03   3.0064991e-02  -1.3862142e-02   5.1265788e-04   1.6535564e-01  -5.1890109e-02   0.0000000e+00   6.4849362e-02   0.0000000e+00  -5.0099422e-02  -2.0126447e-02   7.4706934e-02
