   0.0000000e+00   0.0000000e+00  -2.3403159e-01   1.3626819e-01   7.8861522e-02   1.6544116e-02   3.4222888e-01   3.9953437e-02   1.6043859e-01   1.4552896e-01   1.3170269e-01  -1.3365819e-01  -2.3474348e-02   3.6646946e-02   1.3184817e-01   1.0124963e-01   4.1201328e-02  -4.1887269e-02   3.0381811e-02  -6.2964087e-02   5.1530854e-03  -6.4652471e-02   2.7656526e-02  -2.5516817e-02  -6.5728201e-02  -3.2430504e-02  -2.8969229e-02  -2.5957187e-02   6.3945439e-02   3.4576311e-04  -7.6832388e-02   4.2206821e-02   7.1411540e-02   1.1362454e-01   5.0205988e-02   1.5047380e-01   7.9501761e-02   1.0553717e-01   2.8745646e-01   1.7005530e-01   8.0635146e-02  -1.0161849e-03   1.0076359e-01   1.4163233e-01  -5.1572109e-02   2.6493260e-02   8.3502428e-02   5.7136553e-02  -2.0366433e-02   1.1441520e-02  -3.1188385e-02   1.4856663e-01   1.3386511e-01   7.5595738e-02  -4.8634156e-02  -2.7754467e-02  -4.0395690e-02   4.1196910e-02   2.1718948e-02  -2.7601211e-02  -9.0061497e-02  -7.2681664e-02   2.0594390e-02  -2.4842825e-02  -1.8184114e-02  -3.3488173e-03   6.0106546e-02   1.6308054e-01   2.5294577e-01  -3.2085791e-02  -1.8121496e-01   8.3824402e-02   2.2333739e-01  -1.3773996e-01   0.0000000e+00   2.2300501e-01   2.9165350e-01   1.6391773e-01   9.7413546e-02   7.5333334e-02   1.3325141e-02   7.9170733e-02  -2.7034156e-02  -2.4418222e-02   4.7460437e-02   1.6318061e-01   1.3895724e-01   8.5137261e-02   3.0862618e-02   2.4041883e-01   1.0579952e-01   1.5574862e-02   8.6915629e-02   3.9455554e-02  -6.0912377e-02   6.3476749e-02   1.0803513e-01  -7.1473631e-02   8.1278447e-02   9.2484126e-02   1.9109285e-01   4.6826976e-03   8.2853923e-02  -1.0521717e-02   4.0034405e-02   1.2577232e-01   3.6845838e-02   8.0482040e-02   7.1086176e-02   1.0428820e-01   2.0896073e-01   1.6769536e-01   2.7472324e-02   1.7572236e-02   0.0000000e+00   8.5102752e-02   1.7519197e-02   5.1793316e-02
   0.0000000e+00   0.0000000e+00   0.0000000e+00   0.0000000e+00   0.0000000e+00   0.0000000e+00   0.0000000e+00   0.0000000e+00   0.0000000e+00   0.0000000e+00   0.0000000e+00   0.0000000e+00   0.0000000e+00   0.0000000e+00   0.0000000e+00   0.0000000e+00   0.0000000e+00   0.0000000e+00   0.0000000e+00   0.0000000e+00   0.0000000e+00   0.0000000e+00   0.0000000e+00   0.0000000e+00   0.0000000e+00   0.0000000e+00   0.0000000e+00   0.0000000e+00   0.0000000e+00   0.0000000e+00   0.0000000e+00   0.0000000e+00   0.0000000e+00   0.0000000e+00   0.0000000e+00   0.0000000e+00   0.0000000e+00   0.0000000e+00   0.0000000e+00   0.0000000e+00   0.0000000e+00   0.0000000e+00   0.0000000e+00   0.0000000e+00   0.0000000e+00   0.0000000e+00   0.0000000e+00   0.0000000e+00   0.0000000e+00   0.0000000e+00   0.0000000e+00   0.0000000e+00   0.0000000e+00   0.0000000e+00   0.0000000e+00   0.0000000e+00   0.0000000e+00   0.0000000e+00   0.0000000e+00   0.0000000e+00   0.0000000e+00   0.0000000e+00   0.0000000e+00   0.0000000e+00   0.0000000e+00   0.0000000e+00   0.0000000e+00   0.0000000e+00   0.0000000e+00   0.0000000e+00   0.0000000e+00   0.0000000e+00   0.0000000e+00   0.0000000e+00   0.0000000e+00   0.0000000e+00   0.0000000e+00   0.0000000e+00   0.0000000e+00   0.0000000e+00   0.0000000e+00   0.0000000e+00   0.0000000e+00   0.0000000e+00   0.0000000e+00   0.0000000e+00   0.0000000e+00   0.0000000e+00   0.0000000e+00   0.0000000e+00   0.0000000e+00   0.0000000e+00   0.0000000e+00   0.0000000e+00   0.0000000e+00   0.0000000e+00   0.0000000e+00   0.0000000e+00   0.0000000e+00   0.0000000e+00   0.0000000e+00   0.0000000e+00   0.0000000e+00   0.0000000e+00   0.0000000e+00   0.0000000e+00   0.0000000e+00   0.0000000e+00   0.0000000e+00   0.0000000e+00   0.0000000e+00   0.0000000e+00   0.0000000e+00   0.0000000e+00   0.0000000e+00   0.0000000e+00   0.0000000e+00   0.0000000e+00
  -2.3403159e-01   0.0000000e+00   0.0000000e+00   8.0508007e-02   6.0467555e-03   1.0606415e-01   2.0189279e-01  -3.5134810e-02  -1.1301809e-02  -7.7354883e-02   1.5588969e-01   5.4976639e-02   6.8139953e-02   4.4525546e-02   1.3329896e-01   1.3694276e-01   2.8080688e-02   1.7877928e-01   1.6731726e-01   6.6742056e-02   2.2522398e-02  -1.0575358e-02   4.4076762e-02   7.8121715e-02   5.8600957e-02   9.1809067e-02  -1.4277223e-02   2.1624604e-02   6.0491201e-02   8.2987052e-02   6.5685722e-02   5.1892381e-02   1.9164534e-02   5.3968406e-02  -2.0323446e-02  -1.2166197e-02  -7.2780960e-02   8.3812843e-02  -1.8228882e-01  -4.0329539e-02   5.5574437e-02   1.0213571e-01   2.4454086e-02  -3.7489993e-02   1.6801439e-02   1.4409346e-01   3.5888069e-02   2.8403205e-02   3.7442963e-02   5.1009031e-02   4.1460590e-02  -6.3338846e-02  -5.4340149e-02   8.1620241e-03   3.3122985e-01   2.0769806e-01  -7.7924659e-02   6.6863185e-02   1.9542975e-01   7.6151945e-02   5.4653786e-02   6.3769246e-02  -3.2284630e-02   2.5709700e-01   1.1269997e-01   1.6742932e-01  -2.5907524e-02   9.3415060e-02   8.2670834e-02   2.7905242e-02   9.8013735e-02   4.6910472e-02  -1.1634573e-02   2.6294659e-01   0.0000000e+00   3.9723063e-02   6.5399817e-02   2.2662277e-02   8.9164177e-03   4.6087792e-02   5.1239418e-02   5.9787593e-02   1.3925423e-01   3.4348415e-02   2.2486456e-02  -7.9811149e-02   2.9263490e-02   5.0600060e-02   4.9153444e-02   2.6898940e-02   7.4926990e-02  -2.0585160e-03   4.8959988e-02   1.4684837e-01   1.3589227e-01   6.1955821e-02  -9.9768618e-02   2.4351289e-01   3.1846254e-02   4.8459448e-02  -8.2064562e-02   1.4206601e-01  -4.0224334e-02   1.1906472e-02   4.9732320e-02  -4.5407690e-02   4.1512526e-02   5.2178972e-02  -8.8256513e-02   7.5719015e-02   4.3373027e-02   7.3421574e-02   1.0694774e-01   8.2276056e-02   0.0000000e+00  -1.5974968e-02   8.7315768e-02   5.5417090e-02
   1.3626819e-01   0.0000000e+00   8.0508007e-02   0.0000000e+00   6.7530477e-02   2.7066834e-02   1.5589742e-01  -6.0793925e-02   7.4984205e-02  -5.0642316e-02   2.2243356e-01  -3.9752997e-02   3.4386697e-02   1.7124919e-01   1.2093750e-01   1.8924135e-01   1.8516543e-01  -3.8188642e-02   3.9940887e-01  -1.2740095e-02   1.8368952e-01   7.7244746e-02   1.3329082e-01   1.2740104e-01   1.7342125e-02   2.5971887e-02  -4.4584953e-02   7.4056841e-02   1.3785265e-01   1.2336335e-01   3.0598454e-02   7.7664536e-02   1.5515921e-01   1.8401479e-01   9.1031493e-02   1.5754638e-01   3.7498215e-02   1.6387634e-01  -1.5785490e-02   7.4206955e-02   1.8989760e-02   7.8391803e-02   7.5602777e-02   5.8394023e-02  -8.2036736e-02   5.1440535e-02   1.9053219e-01   2.7645926e-02   4.7468181e-02  -8.5827548e-02  -4.8744984e-02  -6.1275640e-02   1.3858371e-02   1.5882083e-02   1.1960723e-01   5.8320264e-02   4.8603435e-02   5.9241053e-02   4.1004800e-01   6.1556788e-02  -6.4602272e-02  -9.6383291e-02  -1.0223301e-03   4.1324740e-02   1.0115537e-01  -7.0807743e-02   7.7070179e-02   1.6776257e-01   1.1007013e-01  -1.0139885e-01   4.2882786e-02   1.6456665e-01  -5.0211814e-03   1.0895665e-02   0.0000000e+00   2.6458781e-01   6.5154156e-02   2.6501700e-02  -4.0903262e-02  -1.2378763e-02  -6.2087235e-02   5.2458434e-02   1.1143517e-02  -1.7775478e-01  -4.6467178e-02   2.5265450e-03   3.7851889e-02   3.3804846e-02  -1.3130443e-01   2.2596239e-01   6.8527168e-02  -3.4376189e-02   6.4046040e-02   5.0000869e-03   5.4548875e-02   6.0274710e-02  -4.9578454e-02   1.1807897e-01   1.0171318e-01   2.0096770e-01   1.3998508e-02   4.8868834e-02  -4.9960074e-02  -5.6003841e-02   1.4512682e-01   1.8523028e-02   1.7044226e-02   7.2526919e-02  -3.8626045e-02   2.1124672e-02   8.6665083e-02   1.3447897e-01   1.6830172e-01   4.2386939e-02   0.0000000e+00  -4.4950370e-03  -1.8590869e-02   1.2892945e-01
   7.8861522e-02   0.0000000e+00   6.0467555e-03   6.7530477e-02   0.0000000e+00   3.2135344e-01   2.9250590e-02   4.7900830e-02  -1.9698071e-02   1.3424798e-01   1.2225756e-01   3.0176475e-02   1.3377768e-01   1.1678640e-01   9.7158834e-02   1.6448121e-01   1.9893936e-01   2.0422002e-01   1.1290135e-01   2.1518400e-01   1.0274615e-02   9.5851570e-02  -3.2888253e-03  -4.3592393e-02   1.6524775e-01   2.7385255e-02   1.9072092e-01   1.2782617e-01   9.0839998e-02   1.2236974e-01   8.1431049e-02   1.4691327e-01   2.1291989e-01   9.6377115e-03   7.8059893e-02   1.2973167e-01   1.1706067e-01   4.5803446e-02   1.0390904e-01   1.2255099e-02   8.6601517e-02   1.1869450e-01   7.5470697e-02   1.6092686e-01   1.2844504e-01   8.5267480e-02   3.7367742e-01   5.2596858e-02   1.2915961e-01   2.7472155e-01   7.7035354e-02   3.3016640e-01   3.9655642e-02   5.0321492e-02   1.6619825e-01   1.9716147e-01   2.1280472e-01   2.2845416e-01   1.3078770e-01   5.4754989e-02   6.7800500e-02   1.7191778e-01   8.3795750e-02   1.2426620e-01   1.3000380e-02   2.7360492e-01   5.6517107e-02   5.4614619e-02   6.2861003e-03   7.3239552e-02   1.6347551e-03   6.8983979e-02   9.6413929e-02   5.5347740e-02   0.0000000e+00  -1.5934528e-02  -8.0931915e-03   1.0534844e-01   1.8113712e-01  -2.7191563e-02   1.9256490e-01   1.6891023e-01   1.7664839e-01   1.2487432e-01   1.0792734e-01   1.1115493e-02   8.2317751e-02   2.4447263e-02   3.2025471e-01   5.0660999e-03  -1.0577322e-01   7.9649418e-02   3.4149944e-02   8.9032140e-02  -2.2251646e-02  -3.9394769e-02  -8.5925283e-02   6.2081069e-02  -5.8652199e-02  -1.8122794e-02   2.7416960e-02   3.4090696e-02  -2.6582831e-02   8.7932214e-02   2.2506116e-01   1.9892126e-01   1.8028443e-01   1.9588935e-01   1.5919864e-01   1.7118508e-01   8.8768594e-02   5.0953612e-02   2.8526113e-02   1.7305358e-01   0.0000000e+00   2.5680381e-03  -8.7070029e-02  -1.8173046e-02
   1.6544116e-02   0.0000000e+00   1.0606415e-01   2.7066834e-02   3.2135344e-01   0.0000000e+00   3.5571773e-02  -4.8228572e-02   2.1250736e-02  -1.2056292e-02   6.4210868e-02   1.5157526e-01  -2.4149575e-02   1.9030293e-01  -1.6880374e-03   8.2398561e-02  -9.5055467e-03   2.5735742e-01   1.0215773e-01   2.1193878e-01  -9.7619128e-02  -9.2484282e-03  -6.9118719e-02  -1.1571856e-01   3.2083837e-03  -4.0178171e-02   2.7905855e-01   6.9235543e-02  -5.8769389e-03   6.3259481e-03   1.5595518e-01   1.1753798e-01   3.3476461e-02  -8.3541011e-02  -5.7578689e-02  -4.6877978e-02  -1.2418293e-01  -2.7322631e-02  -8.1451159e-03  -5.9832721e-02   9.9459393e-02   2.7659166e-02   1.4630386e-01   7.7706461e-02  -1.2569191e-03   3.1996803e-02   9.3858434e-02  -5.8926142e-02  -3.4061613e-02   3.5762640e-01   2.1659424e-01   2.1397054e-01   1.0189912e-01   3.5884094e-02   5.0580285e-02   1.1805237e-01   1.2779063e-01  -2.2488551e-02   1.1559880e-01   1.0460386e-01  -2.7172140e-02   4.4492477e-02   1.6403463e-03   1.5417080e-01   3.2752583e-02   2.3565255e-01   1.7689539e-02   1.0616659e-01   1.2851801e-01   6.1729769e-02   2.5603905e-01   2.2205880e-01   2.7449236e-01   2.4995565e-01   0.0000000e+00   1.0729863e-01   1.4372649e-02   2.1366743e-01   3.0488601e-01   1.2813419e-01   3.7052019e-01   3.6778710e-01   2.1471802e-01   1.7123296e-01   1.6785829e-01   1.6745853e-01   1.4276079e-01   2.0162724e-01   3.4361717e-01   6.9513931e-02   9.8227537e-02   4.0044310e-02   3.2047892e-01   2.2978886e-01   7.4956059e-02   3.2829336e-02  -1.3887595e-03   5.1997855e-02   6.6054647e-02  -1.4795190e-02   2.4357331e-01   1.2522174e-01   1.4306394e-01   1.2623772e-01   9.8241310e-02  -2.2489891e-02  -2.3431058e-02   9.1247738e-02  -3.4375068e-02   9.5867055e-02   1.1808015e-01  -2.7623873e-02   8.8606826e-03   6.7271640e-02   0.0000000e+00  -3.0040991e-02   7.8299702e-02   7.3820559e-02
   3.4222888e-01   0.0000000e+00   2.0189279e-01   1.5589742e-01   2.9250590e-02   3.5571773e-02   0.0000000e+00   3.4755318e-02   2.9590859e-01  -6.5318911e-02   3.4504253e-01  -9.1873582e-02  -2.4954321e-01   1.6817302e-02   4.4280580e-01   8.2126253e-02   1.6534439e-01   1.5619218e-02   1.3754023e-01  -9.2684801e-02   1.2877746e-01  -1.1790879e-01   9.2432768e-02   3.3518961e-01  -1.8598596e-01   7.8111995e-02   5.1328366e-03   6.2729987e-03   2.8618247e-01   1.8631568e-01   1.1281756e-01   4.0841589e-02  -3.1841201e-02   4.0381288e-01  -6.5147813e-02   1.3454098e-01  -7.4318733e-02   1.5464900e-01  -8.6278008e-03   1.9929005e-01  -8.8371251e-02   7.7885226e-02   2.6149718e-01   1.1757268e-01  -2.2805120e-01   5.0659836e-02   7.0411166e-02   2.5104348e-01   3.8383693e-02   3.1437757e-02   3.0545058e-02   3.7759882e-02   1.6403456e-01   3.1199213e-01   5.8595312e-02   3.7304134e-02  -2.0232299e-01   6.5701396e-03   2.1099738e-01   1.7935571e-01  -1.7429995e-01  -2.4282329e-01  -1.2740928e-01   2.4912246e-01   3.2651329e-01   1.1580675e-01   3.5260467e-01   3.6255214e-01   5.6613317e-01  -2.6797140e-01  -1.1528879e-01   1.6738387e-01   1.3134377e-01   9.5127727e-02   0.0000000e+00   6.6985237e-01   4.1858486e-01   1.9866564e-01  -1.7487194e-01   2.9047831e-01  -1.0759856e-01   2.4011857e-01   1.2273236e-01  -1.2605817e-01   1.2813964e-01   3.8333665e-01   3.3032616e-01   3.8374569e-01  -7.3273782e-02   5.8648134e-01   5.4948184e-01  -3.1010499e-01   3.2366653e-01   3.2444906e-01   1.5932128e-01   2.0267961e-01   7.1349921e-02   1.6377829e-01   3.2086306e-01   1.4335702e-01   2.2066182e-01   1.3674637e-01   9.0909877e-02  -1.5720888e-01  -1.9842202e-02   1.3647838e-02   1.1834565e-01  -5.5996183e-02  -1.2283996e-02   1.1095751e-01   3.5088633e-01   3.2847385e-01   1.9337172e-01   2.8801163e-03   0.0000000e+00   1.7210546e-01   1.9507824e-01   5.1459765e-01
   3.9953437e-02   0.0000000e+00  -3.5134810e-02  -6.0793925e-02   4.7900830e-02  -4.8228572e-02   3.4755318e-02   0.0000000e+00   3.6849790e-02  -7.0055654e-02  -3.4293386e-03  -2.3627371e-02   2.1318298e-01  -4.1644744e-02   4.2900626e-02  -2.3732330e-02  -1.4497828e-02   8.7977880e-02   3.2711142e-02  -3.3751105e-02  -6.8894142e-02  -7.1311478e-02  -6.5119809e-02  -1.6521213e-02  -7.5289923e-02  -5.2057708e-02  -8.3821003e-02  -1.4067959e-02  -3.0316965e-02  -2.6002665e-02  -6.8812627e-02  -1.5487182e-02   1.4668742e-02  -1.9617646e-02   5.7841509e-02  -1.6351363e-02   7.5253769e-02  -5.5711866e-02   4.9042628e-02   3.9623843e-02   3.7413853e-02   5.4354092e-03   5.4486366e-02  -2.5052333e-02   5.1611387e-03   1.9851017e-02   2.2001067e-02   1.3122899e-01   5.0041802e-02  -8.6601976e-03   6.9740474e-03   5.3073768e-03   5.0700205e-02   1.1542088e-01  -6.6125140e-03   6.1571084e-02  -3.1410871e-02   6.0974943e-02   4.6339229e-03  -1.6614772e-01  -2.0818641e-02  -7.1335358e-02  -5.8283112e-02   2.9444543e-02  -9.9770511e-02   6.5658242e-02   7.9666542e-02   7.3723969e-02  -2.1485109e-03   9.2319996e-02  -2.5078728e-01  -1.7467665e-02  -2.7708611e-02  -4.1345928e-02   0.0000000e+00   2.1787496e-02   8.3199455e-03  -3.1022927e-02   1.6440394e-03   6.5058981e-02  -8.8386024e-02  -1.4904618e-01  -7.7062788e-02   6.1644135e-02   1.1191115e-01  -7.0925789e-02   1.2873000e-02  -5.7199209e-02   2.9717964e-02   2.6774949e-02  -9.5470444e-03   9.6130792e-02  -8.2094321e-02   6.8905658e-02   8.9134956e-02  -3.6410802e-02  -9.2461637e-02  -8.8841030e-03   1.2031627e-01   6.7475332e-02  -1.5536510e-01   3.5190768e-02  -1.6499279e-01  -2.2370427e-02   3.4669927e-02   1.9506289e-01   8.0700751e-02   1.3407131e-02   5.2949881e-02   1.1845496e-01   1.3286918e-02  -1.8106840e-02  -3.4013770e-03   3.7808642e-02   0.0000000e+00   3.8403547e-01   3.3938210e-01  -1.2320595e-01
   1.6043859e-01   0.0000000e+00  -1.1301809e-02   7.4984205e-02  -1.9698071e-02   2.1250736e-02   2.9590859e-01   3.6849790e-02   0.0000000e+00  -1.1113786e-01  -4.6702089e-02   6.4371207e-02  -9.6338229e-03  -6.5733788e-02   1.3031930e-01  -5.1363420e-02   1.5293726e-02  -1.0193486e-01   2.2157180e-01  -1.4028393e-01   3.5335277e-02  -1.2851301e-01   1.1818671e-02   1.6557550e-02  -2.2330524e-01  -4.8391457e-02  -2.9344304e-02  -7.9140643e-02   2.1692969e-02   3.3271312e-02  -1.4482634e-01  -2.7888806e-02   2.1636984e-01   3.6538808e-01   2.0530032e-01   1.0056376e-01   1.7733995e-02   1.8535978e-01   7.7481610e-02   1.2542306e-03   4.8468761e-02   2.9144194e-01   2.4774178e-01   2.3990833e-01  -2.2937409e-01   1.9585075e-01  -9.8506701e-02   6.7581808e-02   2.9904225e-01   6.9960224e-02  -7.6307864e-02   2.4964697e-02   3.0943210e-01  -1.6067332e-03   3.1722155e-02   5.5057923e-02   1.4901197e-02  -1.0602466e-01   2.5058622e-01  -1.2567464e-02  -6.9687500e-02  -1.6669389e-01   2.5899079e-02   2.9123004e-01   5.8080043e-01   3.9906114e-02   4.1052007e-01   2.8238010e-01   3.5188232e-01   2.5912593e-02  -1.2188061e-01   5.8796618e-02   6.8239772e-02  -6.6541509e-02   0.0000000e+00   2.5570240e-01   2.8776459e-01   1.4522794e-01   1.8223440e-01   2.4703430e-01  -1.8934440e-02   7.6376852e-02  -1.4687928e-01  -5.5830317e-02  -3.5129167e-02   1.9825296e-01   5.5661230e-02   1.6608433e-01  -9.9562571e-02   3.7103684e-01   4.5212216e-01   7.8775059e-02   3.5346742e-01   1.8112662e-01   2.9583864e-01   3.9033932e-01   3.4836603e-01   4.1522105e-01   5.3199487e-01   4.9975996e-01   3.7868247e-01   3.9927068e-01   3.2379846e-01  -3.6082246e-02   3.5888925e-01   2.0198521e-01   2.0256403e-01   1.2122590e-01   1.9272867e-01   9.5765014e-02   2.4817447e-01   1.1165690e-01   1.5607088e-01   9.4461556e-02   0.0000000e+00   1.5724217e-01   1.8628388e-01   1.1475817e-01
   1.4552896e-01   0.0000000e+00  -7.7354883e-02  -5.0642316e-02   1.3424798e-01  -1.2056292e-02  -6.5318911e-02  -7.0055654e-02  -1.1113786e-01   0.0000000e+00   3.6207094e-01   2.9077045e-01   9.4275293e-02   1.9477170e-01   7.1409396e-02   8.8821293e-02   3.0871359e-01   2.2045106e-01   5.7193762e-02   1.8534769e-01   2.8713192e-01   4.1738762e-01   1.8376324e-01   1.1464924e-01   4.2789605e-01   3.2530090e-01   2.6610976e-01   4.8477747e-01   1.3061559e-01   2.5250246e-01  -1.2127035e-02   5.3237392e-01   2.9242690e-01   1.1149184e-01   4.5600320e-01   5.0025162e-01   5.0465619e-01   4.7451151e-01   4.2320969e-01   4.8340905e-01   4.6758118e-01   1.9913987e-01   5.9145028e-02   4.5334126e-01   3.3445197e-01   2.9053547e-01   4.0562984e-01   2.7209138e-01   1.9327153e-01   6.1556369e-02   8.5331590e-02   2.5961324e-01   1.2885473e-01   7.4823589e-02  -7.6036113e-04   1.7449453e-01   2.1636282e-01   2.2796925e-01   4.0628971e-02   1.0566583e-01   2.2441406e-01   3.1152456e-01   2.4227202e-01   1.5727099e-02  -9.6996636e-02   1.3522997e-01   2.1595469e-02  -4.0268539e-02  -2.0171308e-01   2.1133676e-01  -2.0553724e-02  -1.1436391e-01   2.4289892e-01   4.1783067e-02   0.0000000e+00  -2.2870668e-01  -1.2664701e-01   6.8076513e-02   1.0202477e-01  -1.9809402e-01   1.7162055e-01   8.4937331e-02   1.9477859e-01   1.1734612e-01   6.7261789e-02  -1.1943910e-01   1.0796840e-02  -1.8668846e-01   1.8478576e-01  -1.5125799e-01  -1.2094280e-01   1.4848597e-01  -5.5089532e-02  -1.6990955e-01   2.0122969e-02   7.3313433e-02   7.2169999e-02   2.3102404e-01  -2.7017336e-02  -2.7987788e-03   9.6187790e-02   4.8439835e-02   2.7888236e-02   2.0543199e-01   6.2138561e-02   3.0934570e-02   5.6612010e-02   1.7130418e-01   9.1415586e-03   3.7474820e-02  -3.1942553e-02  -1.0951976e-01  -1.0784155e-01  -1.1571502e-01   0.0000000e+00   3.6266146e-03  -1.9579045e-01  -1.5817830e-01
   1.3170269e-01   0.0000000e+00   1.5588969e-01   2.2243356e-01   1.2225756e-01   6.4210868e-02   3.4504253e-01  -3.4293386e-03  -4.6702089e-02   3.6207094e-01   0.0000000e+00  -1.4918178e-02   9.0896712e-02   2.5131150e-01   2.9126576e-01   3.0185007e-01   4.6968114e-01   1.4326818e-01   2.6091103e-01   1.0050327e-01   4.8960438e-01   3.5476868e-01   4.4249674e-01   4.2324411e-01   3.1383114e-01   3.1735917e-01   1.4499728e-03   4.5997250e-01   2.5474046e-01   3.0170361e-01   6.4950664e-02   3.8297710e-01   1.0169898e-01   1.7152781e-01   2.7448599e-01   5.4137090e-01   4.1967079e-01   5.3864976e-01   3.8533749e-01   7.8550873e-01   3.4152668e-01   2.3667034e-01   1.5390874e-01   4.3731541e-01   4.4337245e-02   2.6933220e-01   4.8835878e-01   4.6314645e-01   1.8865103e-01  -2.1005085e-02   2.9374205e-02   1.7598562e-01   9.2856548e-02   3.0695565e-01   1.4789511e-01   2.1518061e-01   9.5195058e-03   2.9057895e-01   2.5959285e-01   2.1916888e-01   5.5722095e-02   1.1207038e-01   1.3858140e-01   8.3863907e-03   5.1236124e-02   2.8569788e-02   1.5969833e-01   1.9885082e-01   1.1795818e-02   1.9654618e-02   5.4148024e-02  -5.6434183e-02  -1.4832965e-02  -6.1220974e-02   0.0000000e+00   8.2734569e-02   6.3794519e-02   1.0331363e-01  -1.1603750e-01  -1.3319362e-01  -1.4492408e-03   1.0646306e-01   2.3741709e-01  -5.1256729e-02   6.7079712e-02  -6.8662663e-02   1.1525739e-01  -9.2180467e-02   2.5034525e-02   8.9620434e-02   1.8445996e-02  -1.2546214e-02  -4.4263806e-02   5.6203541e-03   1.2673111e-01   1.9835957e-01  -6.2246449e-02   1.7553430e-01   5.9861758e-02   6.1757996e-02   2.0266648e-02   2.5201346e-02  -4.3051673e-02   1.1117782e-01   3.6090159e-02   6.4706944e-02   1.2270251e-01   2.2731878e-01   8.7896830e-02   1.8098661e-01   1.7873879e-02   1.3313508e-01   8.8136260e-02   6.4298937e-02   0.0000000e+00   1.3242035e-02  -4.5332809e-02   2.3150891e-02
  -1.3365819e-01   0.0000000e+00   5.4976639e-02  -3.9752997e-02   3.0176475e-02   1.5157526e-01  -9.1873582e-02  -2.3627371e-02   6.4371207e-02   2.9077045e-01  -1.4918178e-02   0.0000000e+00   1.0630738e-01   6.8345045e-02   3.5527055e-02   6.3708655e-02   7.4420682e-02   2.6950985e-01   1.8338371e-01   1.6353907e-01   1.1073047e-01   1.2555320e-01   1.4952987e-02  -2.1077773e-02   3.6846504e-02   1.3273479e-01   3.8772516e-01   1.3939522e-01   1.3027943e-01   3.1781939e-01   2.0595294e-01   3.2963803e-01   1.7610472e-01   4.2852894e-02   3.2726549e-01   2.4671034e-01   2.5072454e-01   1.6799205e-01  -3.1384708e-02   2.9793350e-02   2.0771138e-01   3.3141558e-01   3.8841670e-01   2.6811614e-01   3.4873725e-01   4.2247832e-01   4.3589455e-02   1.2031913e-01   1.9062379e-01   2.9602519e-01   2.3310324e-01   1.6632404e-01   1.6226171e-01   3.6324078e-02   1.3763254e-01   3.9044509e-01   2.0484218e-01   1.0008469e-01   2.9971389e-01   4.3264410e-02   6.1283823e-02  -3.7453870e-02  -9.5415668e-02   3.7572460e-01   7.1541208e-02   3.4019531e-01   6.3707301e-02   5.7115800e-02  -9.6110173e-03   2.3356001e-01   2.0793024e-01  -5.9618751e-03   1.4845926e-01   2.1257009e-01   0.0000000e+00  -6.9159751e-02   4.6800201e-02   1.3888622e-01   9.2712015e-02  -4.4128130e-02   1.4940779e-01   1.2782486e-01   5.7479805e-02   1.6115117e-01   1.8875685e-01   1.8595655e-01   2.4468776e-01  -7.5531401e-02   2.6608374e-01   1.1758247e-02   1.9481563e-01   1.1667741e-01   1.1231714e-01   1.1326332e-01   2.2739708e-01   1.9423735e-01   2.1370028e-01   2.1474099e-01   1.4138096e-01   1.2104131e-01   1.9519087e-02   1.4949809e-01   7.8442065e-02   6.7432828e-02   3.1343844e-02  -7.0541422e-02  -3.0618707e-02   1.7109836e-01  -1.0821818e-01   1.4083414e-01   1.5741543e-01  -1.3893282e-01  -1.2896297e-01   1.4273718e-02   0.0000000e+00   1.0844028e-01   4.2054408e-02  -1.1386754e-01
  -2.3474348e-02   0.0000000e+00   6.8139953e-02   3.4386697e-02   1.3377768e-01  -2.4149575e-02  -2.4954321e-01   2.1318298e-01  -9.6338229e-03   9.4275293e-02   9.0896712e-02   1.0630738e-01   0.0000000e+00   1.7609847e-01  -5.7409051e-02   1.7750045e-01   1.3420593e-01   1.5463697e-01   2.4818124e-01   1.3572178e-01   2.9694868e-01   2.9486135e-01   2.6390081e-01  -8.0526052e-02   2.3796030e-01   1.7992229e-01  -4.2615712e-02   1.0374685e-01  -1.1356628e-01   1.2887967e-02  -1.1012252e-01   2.1655098e-01   2.0399582e-01  -1.7034126e-01   3.7145944e-01   2.5121028e-01   3.1691960e-01   2.1035951e-01   2.0576316e-01   1.0992605e-01   3.0329503e-01   2.4432414e-01  -5.4531750e-02   2.0194931e-01   1.9916684e-01   2.8500011e-01   2.3557210e-01   2.0579782e-01   2.1766448e-01  -8.5353950e-02  -7.7227991e-02   6.4676443e-02   4.8671364e-02   2.3913456e-02   3.2854333e-01   2.2965576e-01   1.3688661e-01   2.9874565e-01   1.7597033e-01  -1.2618072e-01   2.5908760e-01   1.1894278e-01   3.6635531e-01  -8.3546142e-03  -1.0698926e-01   4.4058459e-03  -6.4618508e-02   1.5811819e-02  -6.6132406e-02   5.3503415e-01   9.4742387e-02  -1.8418035e-01  -2.4050520e-01  -1.2034186e-01   0.0000000e+00  -2.4852026e-01   2.0413141e-01   1.6123785e-01   2.3148127e-01  -8.0942307e-02  -3.6674068e-02  -2.4737524e-01  -1.4686621e-01   1.3748437e-01  -9.3337314e-02  -2.9513028e-01  -1.2404380e-01  -3.3963117e-01   1.0435850e-01  -1.7639671e-01  -2.2319733e-01   5.9082294e-01  -2.2246819e-01  -1.4583845e-01   6.0346719e-02   1.4921838e-01   2.7365245e-02   2.1402673e-01  -3.5428740e-03   1.7019594e-01  -1.7181291e-01   2.0821479e-01  -1.4667849e-01   1.5808801e-01   3.6032419e-01   3.1782646e-01   1.0579832e-01   2.2856988e-01   2.4142008e-01   5.0615573e-02  -1.2117286e-01  -1.5159171e-01   1.1392954e-02   1.2944830e-01   0.0000000e+00   8.3111872e-02   1.5968281e-01  -3.3929444e-01
   3.6646946e-02   0.0000000e+00   4.4525546e-02   1.7124919e-01   1.1678640e-01   1.9030293e-01   1.6817302e-02  -4.1644744e-02  -6.5733788e-02   1.9477170e-01   2.5131150e-01   6.8345045e-02   1.7609847e-01   0.0000000e+00  -8.7487623e-03   2.1291107e-01   2.4978588e-01   3.0155255e-01   1.7095365e-01   4.1589434e-01   2.1902966e-01   3.9726769e-01   2.3418360e-01   4.3524812e-02   3.5429047e-01   4.0404767e-01   3.2856814e-01   5.1804089e-01  -4.3989534e-02   1.2993587e-01   1.1339698e-01   3.3257367e-01   1.5826382e-03  -1.8232354e-02   9.9077722e-02   6.3640641e-02   3.0822831e-02   1.4442614e-01   2.4329093e-01   2.1541841e-01   2.7304707e-01   3.6386322e-02   1.9707768e-01   1.4645439e-01   4.9312773e-02   1.0992074e-01   3.5258687e-01   7.3851080e-02   1.0486592e-01   1.1218831e-01   1.7256384e-01   2.0608088e-01   1.7130840e-01   1.8013865e-01   8.0528678e-02   1.5133477e-01   4.2237593e-01   2.8780483e-01   2.0301493e-01   2.5991569e-01   3.0265464e-01   3.2344340e-01   2.9404755e-01   1.1512876e-02  -8.4744230e-02   4.9827453e-02   8.8056136e-02   2.2914615e-01   1.0273675e-01   2.8401420e-01   2.0629138e-01   2.8766835e-01  -3.0419615e-02   1.1121335e-02   0.0000000e+00   1.8078143e-01  -1.3188333e-01   5.3540460e-02   2.8046500e-01   9.9325834e-02   2.4389748e-01   4.0034907e-01   5.1390389e-01   3.4282969e-01   3.4287004e-01  -2.0148770e-02   8.5333172e-02   1.9016981e-01   1.8237861e-01   8.1553505e-02   5.6732775e-03   3.3509848e-01   1.1982108e-01   1.2371556e-01   1.3392869e-01   7.9215290e-02  -9.5768672e-02   5.6156338e-02   1.4567332e-02   2.7956447e-02   3.5283057e-02  -1.0956689e-02  -6.2169537e-02   2.7842807e-01   2.2883287e-01   1.1221002e-01   4.2153288e-03   1.5359373e-01   1.2864373e-01   1.6077760e-01   9.8899209e-02  -4.3872684e-02  -7.4756999e-02   5.6438364e-02   0.0000000e+00   2.6068148e-02   1.0919692e-02   1.4712028e-01
   1.3184817e-01   0.0000000e+00   1.3329896e-01   1.2093750e-01   9.7158834e-02  -1.6880374e-03   4.4280580e-01   4.2900626e-02   1.3031930e-01   7.1409396e-02   2.9126576e-01   3.5527055e-02  -5.7409051e-02  -8.7487623e-03   0.0000000e+00   2.9614445e-01   3.5518507e-01   1.4981861e-01   1.4152594e-01   5.0819130e-02   2.2979566e-01  -7.6736854e-03   1.4400944e-01   3.2427340e-01   1.1033944e-02   2.4354730e-02   5.1801634e-02  -3.5187560e-02   4.8659656e-01   3.5099661e-01   1.5417513e-01  -1.4350581e-02   1.7903838e-01   4.6690886e-01   1.4337512e-01   3.3986451e-01   1.9488200e-01   2.0665451e-01   7.3584289e-02   2.5168774e-01  -8.2076621e-02   2.1716709e-01   1.7713953e-01   3.1147913e-01   1.4307545e-01   3.2499050e-01   1.7458265e-01   3.5763284e-01   2.6742966e-01   1.0443251e-01   6.1883367e-02   2.5627700e-01   2.2584326e-02   1.7119252e-01   1.7201147e-01   4.3053688e-01  -4.4242749e-02   2.9362929e-01   2.2355261e-01   1.1866599e-01  -2.0864641e-01  -1.6233512e-01  -1.6267914e-01   3.0168423e-01   1.6185290e-01   2.4962027e-01   1.9303730e-01   6.1810100e-02   1.9432216e-01  -2.0108823e-01  -1.3904291e-01  -1.8308966e-02   6.3610675e-03   7.4716433e-02   0.0000000e+00   1.9053976e-01   1.5003602e-01   1.2167257e-02  -2.6922270e-01  -5.4942843e-02  -1.4090463e-01   1.1573343e-01   8.8767419e-02  -6.4605699e-02   1.6457904e-02   1.8576094e-01   3.4097113e-01   6.6420045e-02   5.0401966e-02   3.0783243e-01   1.2310821e-01  -2.8759399e-01   3.6606674e-02   1.3007413e-01   4.6143644e-02   1.6681656e-01  -2.7833800e-02   2.3957698e-02  -5.8333850e-03  -3.9334946e-03  -1.2044822e-02  -3.7501200e-02  -6.8646074e-02  -1.2567548e-01  -9.2972462e-03   8.5105953e-02   6.9797099e-02   8.6954703e-02   2.0779936e-02   1.6357714e-01   3.3710863e-01   2.5620540e-01   3.1195574e-01   9.5164807e-02   0.0000000e+00   1.1878517e-01   3.0058350e-02   2.1695658e-01
   1.0124963e-01   0.0000000e+00   1.3694276e-01   1.8924135e-01   1.6448121e-01   8.2398561e-02   8.2126253e-02  -2.3732330e-02  -5.1363420e-02   8.8821293e-02   3.0185007e-01   6.3708655e-02   1.7750045e-01   2.1291107e-01   2.9614445e-01   0.0000000e+00   1.5937605e-01   1.2241370e-01   3.4561167e-01   8.3856661e-02   2.1463428e-01   1.9408811e-01   1.8449436e-01   1.3608682e-01   2.1304946e-01   6.9652257e-02   8.2754440e-02   1.8512336e-01   3.6535005e-02   1.2534001e-01   4.0447045e-02   1.7442965e-01   1.5113632e-01   6.7170367e-02   1.1918340e-01   3.0966205e-01   2.7237422e-01   1.9310068e-01   2.4806524e-01   2.4733856e-01   1.8228115e-01   2.3326388e-01   8.4389034e-02   3.0909696e-01   1.2758205e-01   2.9998661e-01   3.6598015e-01   1.9553844e-01   1.4928425e-01   6.6083110e-02  -1.2642908e-02   2.5486352e-01   1.6063954e-01   3.1314662e-01   4.6627128e-01   3.1823922e-01   1.6958098e-01   2.9945329e-01   3.1204770e-01   1.3143725e-01   3.9508085e-02   5.5518024e-02   5.6181922e-02   1.4377720e-01  -2.9641664e-02   2.1804843e-01   2.2212363e-02   1.8618031e-01  -3.3295036e-02   4.5124291e-02   3.6389149e-02   6.8114520e-03  -1.6629155e-01  -9.9356092e-03   0.0000000e+00  -1.0522146e-02   4.1320615e-02   8.5740092e-02   3.7423134e-02  -1.6619961e-01   6.3682342e-02   1.0854889e-01   1.1867647e-01  -1.0812670e-02   1.0646019e-01  -4.7715446e-02   1.0552895e-01  -8.9341657e-02   1.4300046e-01   3.9862001e-02  -1.0234462e-01   1.2097686e-01  -4.2401534e-02   1.0460719e-01   2.4218693e-01   8.3928093e-02  -3.0850296e-02   4.1224122e-02  -5.8264343e-02   1.4599624e-02  -1.7070760e-02  -1.0311637e-02  -7.8948779e-02   1.4268629e-01   1.3389103e-01   1.7663472e-01   1.5372882e-01   3.4355262e-01   1.7688329e-01   2.6598280e-01   9.7771908e-02   1.1510142e-01   5.1552180e-02   2.3238623e-01   0.0000000e+00  -7.4370435e-03  -8.8225485e-02  -2.9445558e-02
   4.1201328e-02   0.0000000e+00   2.8080688e-02   1.8516543e-01   1.9893936e-01  -9.5055467e-03   1.6534439e-01  -1.4497828e-02   1.5293726e-02   3.0871359e-01   4.6968114e-01   7.4420682e-02   1.3420593e-01   2.4978588e-01   3.5518507e-01   1.5937605e-01   0.0000000e+00   3.0502857e-01   1.3938351e-01   3.3507933e-01   4.0048231e-01   3.0456982e-01   2.0748883e-01   2.7334456e-01   3.1414169e-01   3.0273694e-01   1.8157337e-01   2.8521766e-01   4.9028258e-01   5.1188550e-01   2.0692307e-01   2.7262933e-01   2.2930124e-01   3.5430699e-01   3.3619623e-01   4.4640295e-01   3.5561953e-01   3.7441753e-01   2.4734176e-01   5.0724925e-01   1.5476737e-01   2.2813810e-01   1.7999411e-01   3.1032454e-01   2.0934870e-01   2.4913852e-01   4.6714304e-01   4.8649254e-01   4.1001254e-01   5.7966074e-02   1.5950539e-01   2.4503779e-01   3.8889461e-02   1.8452904e-01   4.5551331e-02   2.7629858e-01   1.6844842e-01   3.2922311e-01   2.2533672e-01   2.1585689e-01  -2.0504875e-02   4.0661636e-02   1.1844045e-02   3.6793629e-02   9.1683056e-03   5.9678642e-02   2.1469481e-01   7.6907594e-02  -2.9548228e-02   4.3341682e-02   3.5002437e-02   2.1891813e-03  -6.3432238e-03  -1.0211931e-01   0.0000000e+00   4.3714240e-02  -3.8952620e-02  -2.3078998e-02  -9.2866180e-02  -1.5714810e-01  -2.7535547e-02   5.2843189e-02   2.7045952e-01   3.0084500e-02   8.3661919e-02  -2.1627595e-02   1.5643429e-01  -4.2724270e-02   2.0528176e-02   4.5197832e-02  -6.9362133e-03  -1.8289228e-02  -2.3084751e-02  -1.0855293e-01   1.7190197e-03   1.5487620e-01  -1.9630668e-02   4.5865672e-02  -1.4895749e-02   6.7065211e-02  -7.8192648e-02  -5.1676920e-02  -8.3065444e-02   2.6317740e-02   8.3573157e-02   1.4974595e-01   1.1268628e-01   1.8272310e-01   9.4220019e-02   1.0355321e-01   6.2943791e-02  -9.5410624e-03  -6.7516313e-02  -3.4102281e-02   0.0000000e+00   9.1702616e-02  -4.6402937e-02   9.9675769e-02
  -4.1887269e-02   0.0000000e+00   1.7877928e-01  -3.8188642e-02   2.0422002e-01   2.5735742e-01   1.5619218e-02   8.7977880e-02  -1.0193486e-01   2.2045106e-01   1.4326818e-01   2.6950985e-01   1.5463697e-01   3.0155255e-01   1.4981861e-01   1.2241370e-01   3.0502857e-01   0.0000000e+00   8.4903441e-02   6.6971179e-01   1.1029820e-01   2.0452897e-01   9.1904488e-03  -7.0623923e-03   2.5516354e-01   2.5686207e-01   3.6946398e-01   2.3810785e-01   2.7786218e-01   3.2033516e-01   4.9797665e-01   2.0228407e-01   8.5660946e-02   3.5599090e-02   1.5404666e-01   9.7865279e-02  -3.6947717e-02   1.5084505e-01   1.5717990e-01   9.0290526e-02   2.1827276e-01   4.5336701e-02   3.5799054e-01   1.4991048e-01   3.3725891e-01   2.5395306e-01   2.2477403e-01   1.1573799e-01   2.2826058e-01   3.0025755e-01   4.2898339e-01   3.7246952e-01   3.8608331e-02   6.4934618e-02   7.7812189e-02   4.5702619e-01   2.4767237e-01   3.9520097e-01   1.3176167e-01   1.2597583e-01   1.7135664e-01   1.8154960e-01  -5.7402275e-02   3.0659481e-01  -1.1970816e-01   3.8364041e-01   2.1022941e-01  -6.2022347e-02   6.9960124e-02   2.9753201e-01   1.5832560e-01   1.1191964e-01   1.3430191e-01   1.4099849e-01   0.0000000e+00   6.3756859e-02  -7.9029610e-02  -1.6322885e-02   1.6855462e-01   4.9674355e-02   2.1620222e-01   2.3754079e-01   3.7761417e-01   5.9128133e-01   2.6071190e-01   1.4378195e-01   4.4600127e-01   4.7830952e-02   4.6437849e-01  -1.9730013e-02   7.4068414e-02   1.1889638e-01   5.4642622e-03   8.1828824e-02   1.6920953e-02  -8.1539625e-02  -4.3820970e-02  -3.0193431e-02  -7.8642066e-02  -1.3256063e-01  -8.1155408e-02  -7.1849912e-02  -2.5193659e-02   1.4032759e-01  -1.4371950e-02   4.8387539e-02  -1.9401133e-02   9.4604367e-02  -7.0965581e-02   2.1593397e-01   3.3498363e-01  -7.1299794e-02  -2.2422971e-02   8.2101175e-02   0.0000000e+00   5.1607666e-02   8.4975819e-02   7.2982832e-02
   3.0381811e-02   0.0000000e+00   1.6731726e-01   3.9940887e-01   1.1290135e-01   1.0215773e-01   1.3754023e-01   3.2711142e-02   2.2157180e-01   5.7193762e-02   2.6091103e-01   1.8338371e-01   2.4818124e-01   1.7095365e-01   1.4152594e-01   3.4561167e-01   1.3938351e-01   8.4903441e-02   0.0000000e+00   6.3959019e-03   2.8438165e-01   1.1517621e-01   1.6281989e-01   7.9870408e-02   1.3412545e-01   8.6625686e-02  -5.0382030e-03   1.6523482e-01   1.6411753e-02   1.2278142e-01  -5.8468765e-02   2.3336870e-01   2.0343833e-01   1.1355876e-01   2.8491699e-01   2.8746512e-01   2.6479333e-01   3.0825783e-01   1.3112757e-01   1.3954220e-01   2.6272351e-01   2.9810861e-01   1.6976016e-01   3.5107794e-01  -1.7378716e-02   3.5998720e-01   2.4740143e-01   1.7621162e-01   2.1264943e-01   3.1628624e-03  -7.5477743e-02   1.2096642e-01   1.7055267e-01   2.1988178e-01   3.0369497e-01   2.3507910e-01   1.7191725e-01   1.4342090e-01   6.4381957e-01   6.0112340e-02   2.5339666e-02  -5.0358640e-03   9.7280000e-02   1.8187813e-01   1.0827667e-01   1.7814787e-01   8.4781692e-02   2.7522619e-01   6.4173993e-02   1.5536367e-01  -5.4253600e-03   5.3684183e-02  -1.9181045e-01  -5.9010345e-02   0.0000000e+00   5.3458771e-02   9.9316136e-02   1.0262691e-01   8.2464356e-02  -7.8654625e-02   3.1161123e-02   2.9842703e-02  -2.8698923e-02  -4.6517472e-02   5.8211187e-02  -5.0984723e-02   7.9152163e-02  -1.3159521e-01   1.2326946e-01   1.6969119e-01   2.2176837e-02   1.5619648e-01   4.9455783e-02   8.3017338e-02   4.7552744e-01   1.9027044e-01   1.7986365e-03   3.1946831e-01   2.0599963e-01   3.2391366e-01   6.3549534e-02   2.2557501e-01  -6.4349249e-02   1.2280637e-01   2.8771941e-01   9.8936133e-02   1.1452191e-01   2.8052807e-01   4.2700088e-02   2.6951238e-01   6.8060345e-02   7.3088887e-02   9.9678739e-02   2.3545482e-01   0.0000000e+00   2.4823529e-02   1.0992009e-02  -1.0337612e-01
  -6.2964087e-02   0.0000000e+00   6.6742056e-02  -1.2740095e-02   2.1518400e-01   2.1193878e-01  -9.2684801e-02  -3.3751105e-02  -1.4028393e-01   1.8534769e-01   1.0050327e-01   1.6353907e-01   1.3572178e-01   4.1589434e-01   5.0819130e-02   8.3856661e-02   3.3507933e-01   6.6971179e-01   6.3959019e-03   0.0000000e+00   1.2499832e-01   2.4512388e-01  -1.7154733e-02  -8.4384889e-02   3.5191291e-01   2.7901853e-01   5.0847334e-01   2.5704078e-01   2.4438516e-01   3.5375218e-01   4.9255926e-01   2.7084632e-01   5.9857079e-02   2.6365930e-02   1.4418002e-01   1.5643158e-02  -6.9321000e-02   1.2012383e-01   1.8843786e-01   1.1065624e-01   1.6850503e-01   1.2219794e-02   2.7368077e-01   1.2615617e-01   3.9050046e-01   1.6006115e-01   2.4327839e-01   5.1045400e-02   2.5419777e-01   2.6227462e-01   5.0587548e-01   3.3313432e-01   3.7484362e-02   6.8142800e-03   2.4122059e-02   3.3884030e-01   3.9861338e-01   3.4574865e-01   1.0098549e-01   1.9936271e-01   1.8058960e-01   2.6952781e-01   3.8124321e-02   1.0141825e-01  -1.2545645e-01   1.8662538e-01   1.3169153e-01  -5.7728485e-02   4.6788761e-03   2.5599967e-01   2.7768140e-01   1.0202935e-01   1.0603519e-01   5.0073918e-02   0.0000000e+00   1.1359986e-02  -1.8987810e-01  -2.3071150e-02   2.0542479e-01  -2.2719777e-02   3.3770470e-01   3.0574876e-01   4.9190107e-01   6.9056394e-01   2.5828280e-01   5.3156025e-02   2.3068473e-01   8.8938331e-02   3.2820916e-01  -4.1453237e-02  -1.8094385e-02   1.4252220e-01   3.1200566e-02  -1.9014778e-02  -3.9786697e-03   2.0319886e-02  -3.6473942e-02  -8.1824114e-02  -9.5167245e-02  -7.8325391e-02  -6.0264978e-02  -7.6411838e-02  -3.2311450e-02   1.8675400e-01   4.1114953e-02   6.1824602e-02  -6.8782823e-02   1.1089174e-01  -4.5377149e-02   7.5593909e-02   1.2581300e-01  -1.0575562e-01  -1.0343817e-01   1.3209526e-02   0.0000000e+00   3.9302070e-02  -1.5243156e-02   9.3554321e-02
   5.1530854e-03   0.0000000e+00   2.2522398e-02   1.8368952e-01   1.0274615e-02  -9.7619128e-02   1.2877746e-01  -6.8894142e-02   3.5335277e-02   2.8713192e-01   4.8960438e-01   1.1073047e-01   2.9694868e-01   2.1902966e-01   2.2979566e-01   2.1463428e-01   4.0048231e-01   1.1029820e-01   2.8438165e-01   1.2499832e-01   0.0000000e+00   4.4266273e-01   4.8822067e-01   4.3098364e-01   3.4937639e-01   3.2422134e-01   5.5547965e-02   3.0216558e-01   2.7752949e-01   3.1853172e-01   6.7265455e-03   2.9898822e-01   2.3484928e-01   2.2270039e-01   4.6482074e-01   5.2202091e-01   4.7441769e-01   5.5326117e-01   2.3913274e-01   5.1651417e-01   2.3671900e-01   3.0518782e-01   8.9251925e-02   3.4926215e-01   1.5519258e-01   2.9891102e-01   3.2222310e-01   5.1925023e-01   2.5536758e-01  -8.7649182e-02  -1.4725578e-02   5.3476073e-03   2.3122249e-02   2.0295747e-01   1.7973780e-01   2.0397005e-01   5.5975207e-02   3.2142873e-01   2.5032983e-01   1.8559925e-01   7.1424075e-02   7.3489947e-03   1.3141909e-01   4.2937164e-02   4.5298845e-02  -5.3709734e-03   1.6029306e-01   1.0520979e-01   1.2004453e-02   1.3695124e-01   8.3716931e-02  -1.1223271e-01  -1.0371488e-01  -5.7657832e-02   0.0000000e+00  -1.6702178e-02   1.3102241e-01   3.5880331e-02  -1.1168024e-01  -1.0609961e-01  -1.4521286e-01  -7.6177875e-02   9.6878610e-02  -7.3884097e-02  -6.9615659e-02  -1.1501974e-01   4.9132626e-02  -1.5802319e-01  -1.2584557e-01   8.6333974e-02   4.6369848e-02   8.7439470e-02  -1.0770788e-01  -1.2986945e-01   1.4991387e-01   2.3586273e-01  -2.8468430e-03   2.3384769e-01   4.5103111e-02   1.5424246e-01  -6.1146983e-02   8.9449351e-02  -8.3882911e-02   5.5234878e-02   1.4298473e-01   1.2455394e-01   1.1686070e-01   1.7167432e-01   8.5483271e-02  -1.0870622e-02  -4.3248126e-02   3.0391103e-02   3.6849787e-02   7.4459476e-03   0.0000000e+00   5.3962887e-02  -4.5633071e-02   4.1206789e-02
