   0.0000000e+00   0.0000000e+00   0.0000000e+00   3.7999053e-02  -1.0438099e-01   1.7709291e-02   1.6540404e-01   5.7885076e-02  -4.0078341e-02   3.7744292e-03   1.4098245e-01   1.9103751e-01   1.9031757e-02   4.6131080e-02  -8.4055766e-02  -8.0700972e-02  -5.7388925e-02  -3.0371968e-02   4.4172742e-02  -8.7303591e-02   2.1572915e-02  -1.2088796e-01   1.8198876e-02  -5.0063444e-02  -1.5317528e-01   6.5490536e-02  -1.3641457e-01  -1.1378052e-01  -1.2249065e-01  -5.9972556e-02  -7.7090851e-02   3.2449808e-03  -1.2136118e-01  -1.4495870e-01  -2.3368171e-02  -8.6477519e-02  -1.5949798e-01   7.6389240e-02  -5.1439638e-02   9.7630684e-02   8.5664975e-02  -7.8613460e-02   1.1648329e-01  -5.5715779e-02   0.0000000e+00  -2.3871433e-02   2.3213305e-02  -4.3290525e-02  -1.4698554e-01  -1.7093498e-01   0.0000000e+00  -1.6227432e-01  -7.2158936e-02   4.2997727e-02  -4.2892535e-02  -2.7440608e-02  -1.3247632e-01  -9.5831841e-02   2.3592770e-02  -3.7300177e-02  -6.5887961e-02  -1.6950705e-02   1.8006316e-02  -4.4862277e-02  -1.1005160e-01  -3.8552266e-02  -5.5091821e-02   1.3340682e-01   1.2171636e-01  -1.0575064e-01   2.7872100e-02   5.9304262e-02   2.3163248e-01  -5.7448648e-02   0.0000000e+00   1.1793931e-01   2.5840493e-01   2.0985251e-01  -6.5651177e-03   6.9551021e-02  -1.1118211e-01   1.8868690e-02  -1.0721369e-01  -3.7492281e-02  -4.7456265e-02  -1.6788687e-02   9.2762596e-02  -1.6600786e-02   3.7878300e-02   9.2841708e-02   1.0942255e-01  -7.3581661e-02  -3.9701163e-02  -1.1390090e-02  -6.9199529e-02  -2.3292401e-02  -7.1243110e-02  -3.5801453e-02   2.6497782e-02  -5.5582483e-02  -1.9381374e-01  -6.2947735e-02   1.0786047e-01  -7.1952693e-02  -2.7210269e-02  -8.2830488e-02  -9.1143620e-02  -1.8999071e-01  -1.3936936e-02  -2.7185872e-02  -1.5581020e-01   0.0000000e+00   1.3754456e-01  -1.0406531e-01   0.0000000e+00   8.2655820e-02  -6.8677488e-02   7.6812697e-03
   0.0000000e+00   0.0000000e+00   0.0000000e+00   0.0000000e+00   0.0000000e+00   0.0000000e+00   0.0000000e+00   0.0000000e+00   0.0000000e+00   0.0000000e+00   0.0000000e+00   0.0000000e+00   0.0000000e+00   0.0000000e+00   0.0000000e+00   0.0000000e+00   0.0000000e+00   0.0000000e+00   0.0000000e+00   0.0000000e+00   0.0000000e+00   0.0000000e+00   0.0000000e+00   0.0000000e+00   0.0000000e+00   0.0000000e+00   0.0000000e+00   0.0000000e+00   0.0000000e+00   0.0000000e+00   0.0000000e+00   0.0000000e+00   0.0000000e+00   0.0000000e+00   0.0000000e+00   0.0000000e+00   0.0000000e+00   0.0000000e+00   0.0000000e+00   0.0000000e+00   0.0000000e+00   0.0000000e+00   0.0000000e+00   0.0000000e+00   0.0000000e+00   0.0000000e+00   0.0000000e+00   0.0000000e+00   0.0000000e+00   0.0000000e+00   0.0000000e+00   0.0000000e+00   0.0000000e+00   0.0000000e+00   0.0000000e+00   0.0000000e+00   0.0000000e+00   0.0000000e+00   0.0000000e+00   0.0000000e+00   0.0000000e+00   0.0000000e+00   0.0000000e+00   0.0000000e+00   0.0000000e+00   0.0000000e+00   0.0000000e+00   0.0000000e+00   0.0000000e+00   0.0000000e+00   0.0000000e+00   0.0000000e+00   0.0000000e+00   0.0000000e+00   0.0000000e+00   0.0000000e+00   0.0000000e+00   0.0000000e+00   0.0000000e+00   0.0000000e+00   0.0000000e+00   0.0000000e+00   0.0000000e+00   0.0000000e+00   0.0000000e+00   0.0000000e+00   0.0000000e+00   0.0000000e+00   0.0000000e+00   0.0000000e+00   0.0000000e+00   0.0000000e+00   0.0000000e+00   0.0000000e+00   0.0000000e+00   0.0000000e+00   0.0000000e+00   0.0000000e+00   0.0000000e+00   0.0000000e+00   0.0000000e+00   0.0000000e+00   0.0000000e+00   0.0000000e+00   0.0000000e+00   0.0000000e+00   0.0000000e+00   0.0000000e+00   0.0000000e+00   0.0000000e+00   0.0000000e+00   0.0000000e+00   0.0000000e+00   0.0000000e+00   0.0000000e+00   0.0000000e+00   0.0000000e+00   0.0000000e+00
   0.0000000e+00   0.0000000e+00   0.0000000e+00   0.0000000e+00   0.0000000e+00   0.0000000e+00   0.0000000e+00   0.0000000e+00   0.0000000e+00   0.0000000e+00   0.0000000e+00   0.0000000e+00   0.0000000e+00   0.0000000e+00   0.0000000e+00   0.0000000e+00   0.0000000e+00   0.0000000e+00   0.0000000e+00   0.0000000e+00   0.0000000e+00   0.0000000e+00   0.0000000e+00   0.0000000e+00   0.0000000e+00   0.0000000e+00   0.0000000e+00   0.0000000e+00   0.0000000e+00   0.0000000e+00   0.0000000e+00   0.0000000e+00   0.0000000e+00   0.0000000e+00   0.0000000e+00   0.0000000e+00   0.0000000e+00   0.0000000e+00   0.0000000e+00   0.0000000e+00   0.0000000e+00   0.0000000e+00   0.0000000e+00   0.0000000e+00   0.0000000e+00   0.0000000e+00   0.0000000e+00   0.0000000e+00   0.0000000e+00   0.0000000e+00   0.0000000e+00   0.0000000e+00   0.0000000e+00   0.0000000e+00   0.0000000e+00   0.0000000e+00   0.0000000e+00   0.0000000e+00   0.0000000e+00   0.0000000e+00   0.0000000e+00   0.0000000e+00   0.0000000e+00   0.0000000e+00   0.0000000e+00   0.0000000e+00   0.0000000e+00   0.0000000e+00   0.0000000e+00   0.0000000e+00   0.0000000e+00   0.0000000e+00   0.0000000e+00   0.0000000e+00   0.0000000e+00   0.0000000e+00   0.0000000e+00   0.0000000e+00   0.0000000e+00   0.0000000e+00   0.0000000e+00   0.0000000e+00   0.0000000e+00   0.0000000e+00   0.0000000e+00   0.0000000e+00   0.0000000e+00   0.0000000e+00   0.0000000e+00   0.0000000e+00   0.0000000e+00   0.0000000e+00   0.0000000e+00   0.0000000e+00   0.0000000e+00   0.0000000e+00   0.0000000e+00   0.0000000e+00   0.0000000e+00   0.0000000e+00   0.0000000e+00   0.0000000e+00   0.0000000e+00   0.0000000e+00   0.0000000e+00   0.0000000e+00   0.0000000e+00   0.0000000e+00   0.0000000e+00   0.0000000e+00   0.0000000e+00   0.0000000e+00   0.0000000e+00   0.0000000e+00   0.0000000e+00   0.0000000e+00   0.0000000e+00   0.0000000e+00
   3.7999053e-02   0.0000000e+00   0.0000000e+00   0.0000000e+00   6.7242318e-02   1.4748009e-02   7.6973710e-02  -6.9188792e-02   4.4317655e-02   1.3740618e-01   2.4106841e-01   1.7547066e-01  -6.1306932e-02   1.3355234e-01   6.1390514e-02   6.4168141e-02   3.2694422e-02  -1.4237338e-03   3.2624735e-01   1.6350504e-01   1.8649940e-01   1.1634108e-01   9.9765921e-02   2.0283199e-01   1.2982840e-01   2.1513800e-01   1.4554008e-01   1.0392041e-01   8.8611563e-02   1.0346985e-01   6.4029181e-02   8.4907414e-02   9.3668136e-03   3.3939978e-02   7.1101442e-02   9.8103250e-02   5.9555551e-02   2.6335355e-01   2.1078554e-01   2.2593690e-01   2.4049676e-01   1.2966698e-01   6.1485914e-02   1.1579053e-01   0.0000000e+00   8.7028081e-02   1.9451967e-01   9.6401558e-02   7.5992178e-02   2.3713320e-02   0.0000000e+00  -2.7542991e-02   1.2955426e-02   6.9324285e-02  -8.0196683e-02   1.4116580e-01   8.2607501e-02   5.2475909e-02   1.2240947e-01   6.9918123e-03   1.1504240e-01   1.0744185e-02   3.1738861e-02  -2.0662557e-03  -6.5568747e-02   3.7898019e-03  -6.2600844e-02   1.2641961e-02  -5.9080208e-02  -2.7552771e-02   5.0758271e-02   6.9538717e-02   4.6697557e-02   1.1714870e-02   0.0000000e+00  -5.6921798e-02  -1.0327671e-02   1.5032422e-02  -5.4516758e-02  -5.0804558e-02   3.6631272e-02  -5.5754257e-02   9.2710550e-02   3.7806404e-02  -1.1398375e-02  -8.3539020e-02  -5.1709666e-02  -3.5628017e-02  -3.5967955e-02   1.6146948e-02   1.2055088e-02   7.3140060e-02  -1.0171767e-01  -1.3135809e-01  -6.8566024e-02  -3.8726541e-02  -5.7898795e-02   9.5697304e-02   6.7619269e-02   1.7709886e-02   3.5403599e-02   8.5836235e-02  -2.0455442e-02   3.0592456e-02  -5.4212364e-02  -7.1846645e-02  -4.6448602e-02  -1.5352206e-02  -6.1005991e-02   4.4947638e-02  -2.3101456e-02   0.0000000e+00   1.2552638e-02   1.8244980e-02   0.0000000e+00  -8.3177493e-04  -8.3198689e-02   4.8093743e-02
  -1.0438099e-01   0.0000000e+00   0.0000000e+00   6.7242318e-02   0.0000000e+00   5.2812465e-02   1.0375494e-01  -2.4905680e-02   6.0169689e-04   1.0911256e-02  -2.6121158e-03  -2.0439159e-01   9.0189054e-03  -1.7902936e-02  -3.4708087e-02   1.8156128e-01   1.2493715e-01   1.2725430e-01  -2.8111849e-02   1.1349216e-01  -3.7338256e-02   1.0879440e-01  -5.2935952e-02  -8.4430006e-02   1.0266330e-01   1.0206397e-02   2.8590843e-01   1.0001918e-01   3.8822215e-02   2.8670811e-02   1.5290927e-01   6.1384917e-02   2.0835986e-01   1.9004254e-01   6.3282061e-02   9.9242225e-02  -5.7350652e-02  -8.1682140e-02  -7.5893400e-02   3.0349812e-02   2.9438616e-02  -5.6949012e-02   1.2886988e-01  -4.0995560e-02   0.0000000e+00   2.8521409e-02   2.2641841e-01   7.3243522e-02   1.6876930e-01   2.8217179e-01   0.0000000e+00   1.4282659e-01  -4.3043456e-04   7.8619161e-02   8.7763570e-02   2.6466960e-02   1.9034378e-01   1.5175235e-01   3.5503213e-02  -1.0453876e-02   8.5176985e-02   1.5512443e-01   8.7557278e-03   1.3703738e-01   2.2718951e-02   2.9787741e-01  -3.1450777e-02   8.0670867e-02  -5.6507586e-02   2.0404173e-01  -2.0290580e-02   2.8142714e-01   1.4993086e-01   1.4402588e-01   0.0000000e+00  -7.0534975e-02  -3.7659685e-02   8.3697569e-02   2.7601934e-01  -5.0707786e-02   3.3490087e-01   1.0282554e-01   2.2405093e-01   1.1395325e-01   1.9185488e-01  -2.0225355e-02   3.1632316e-02   7.4228115e-02   2.2360775e-01  -7.1751412e-02  -8.2230942e-03   1.7270611e-01   6.4104621e-02   1.5515909e-01   4.4683146e-02  -1.8966779e-02   2.1777122e-02  -9.6775226e-02  -1.4239736e-02  -7.8856946e-03   1.3821860e-01   1.4011220e-01   6.4191376e-02   8.9937934e-02  -6.2880852e-02   4.0690438e-02   1.9061826e-02   2.1623951e-01  -1.7484676e-03   2.8276980e-01   2.0607504e-01   0.0000000e+00   5.6175606e-02   1.0766419e-01   0.0000000e+00   1.7053027e-02  -8.6001023e-03  -2.5695997e-02
   1.7709291e-02   0.0000000e+00   0.0000000e+00   1.4748009e-02   5.2812465e-02   0.0000000e+00  -4.2952480e-02  -1.2165137e-01  -2.2116335e-01   3.9208814e-02  -2.7756623e-02   8.9591149e-02   2.6449314e-02   1.0465817e-01   5.3029674e-02   6.4595563e-02  -6.4917868e-02  -1.7587657e-02   1.3190876e-02   1.2693123e-01   1.3567043e-01   1.3941358e-01   6.6885551e-02   4.9485415e-02   1.2774183e-01   2.5057275e-02   1.1513226e-01   7.7255935e-02   3.4946563e-03   7.9478258e-03   7.8643995e-02  -1.6205088e-02   2.2466026e-02  -2.2119468e-02   4.2991831e-02  -7.8381546e-02  -1.7985861e-02  -6.6116857e-02  -8.4811134e-02  -2.6720377e-03  -8.7083710e-02   1.0098412e-02   9.3289897e-02  -1.0703294e-01   0.0000000e+00  -5.1294751e-02   2.0481841e-01   3.2824481e-02   6.9024477e-02   6.2248886e-02   0.0000000e+00  -8.9438320e-02  -1.3808612e-01  -7.0724729e-02   2.0510476e-02   1.1442512e-01   9.5463490e-02  -2.6114183e-02   7.1073447e-02   5.4833778e-02   9.1065205e-03   1.5957006e-02   1.2954137e-02   9.3680775e-02  -6.3924311e-02  -1.0917288e-01  -9.1696942e-02  -1.0155864e-02   7.1899808e-02   8.5082524e-02   8.8002368e-03   2.9738769e-01   1.7597439e-02  -2.8123059e-02   0.0000000e+00  -2.2488389e-02  -3.3145256e-03   3.1700618e-02   1.1710908e-01   4.1248371e-02   5.3212246e-02   5.6018670e-02   1.3603093e-01   8.1168263e-02   1.1896990e-01   1.0861744e-01   1.5153562e-01   7.7958225e-02   2.3085516e-01  -2.4362404e-02  -2.3035726e-02   4.7058413e-02  -2.6937128e-03  -2.0638092e-02   3.3774751e-02  -5.6575669e-02   1.2266883e-02  -2.1486595e-01  -2.0839851e-01  -5.4311840e-02  -1.1225364e-01  -1.6198483e-02  -1.6226028e-02   6.7393431e-02  -6.8792210e-02  -1.3484180e-01  -1.0044688e-01  -1.3195950e-01  -1.1125863e-01  -1.0964292e-01  -6.8200319e-02   0.0000000e+00  -3.5036571e-01  -2.4558045e-01   0.0000000e+00  -8.0243823e-02  -1.8644314e-02   1.0398227e-02
   1.6540404e-01   0.0000000e+00   0.0000000e+00   7.6973710e-02   1.0375494e-01  -4.2952480e-02   0.0000000e+00  -1.0311624e-02  -1.2893278e-01   1.6236587e-01   2.0913281e-01  -5.7953122e-02  -4.0023521e-02   7.4913097e-02   4.4702719e-02   2.7043443e-01   6.5435517e-02   9.5620181e-02   1.6171167e-01   1.1383007e-01   1.5309116e-01   1.4321412e-01   9.3075604e-02   1.0631972e-02   1.3729687e-01   6.3141041e-02   1.8508006e-01   2.7888192e-01   7.6860038e-03  -2.9732856e-02   3.0899429e-02   2.7339323e-01   3.2234460e-01   3.6590614e-02   1.9230189e-01   4.1701054e-01   1.2819283e-02   2.1774961e-01   1.2065175e-01   1.4076054e-01   1.8734306e-01   1.1582056e-02   1.9725288e-01   1.1867147e-01   0.0000000e+00   1.6020436e-01   3.0723522e-01   7.2166568e-02   2.5946161e-02   2.7408244e-01   0.0000000e+00   4.6675146e-03   5.8981262e-02   2.2426598e-01   1.6309282e-01  -1.1091128e-01  -2.3170542e-02  -6.3064040e-03   2.2320307e-01  -3.0525700e-02  -6.1447853e-02  -9.7319154e-02  -5.5862329e-02   2.1858107e-01   1.6850584e-02   5.0094468e-01   5.0552955e-02   3.4259685e-01   9.7827982e-02  -9.8131033e-02   4.9347477e-02   7.9311249e-02   2.6475457e-01   4.4313383e-01   0.0000000e+00   1.2972077e-01  -6.2532573e-02  -2.9257208e-02  -7.5090254e-02   1.2871554e-01  -1.7762498e-02  -8.9025057e-02   4.7833767e-03  -6.1370786e-02   2.6351481e-01   4.6910881e-02   1.0556100e-01  -8.1500274e-02  -3.1826274e-02   1.3008472e-01   1.2477426e-01  -9.9984458e-02  -1.7153726e-01   1.6960271e-02   1.3542579e-01   1.1915555e-01  -9.6833153e-02   2.0463424e-02   1.4667084e-01  -1.3444645e-02   3.7201308e-02   1.6568125e-01  -2.1780117e-02  -1.3642885e-02  -9.5548959e-02  -3.2781932e-03   2.5291081e-02  -1.5544080e-02  -3.1817909e-02   2.5349437e-01   1.1294199e-01   0.0000000e+00   2.4325729e-01  -4.0140611e-02   0.0000000e+00  -3.1639756e-02  -1.2464615e-01   9.6288173e-03
   5.7885076e-02   0.0000000e+00   0.0000000e+00  -6.9188792e-02  -2.4905680e-02  -1.2165137e-01  -1.0311624e-02   0.0000000e+00   1.7309704e-01  -9.7295647e-02   8.0901819e-02  -1.9360308e-02   7.1879374e-02  -3.4912386e-02  -1.0062229e-02   2.8871639e-02  -2.5993043e-03   7.7814343e-03  -2.3242045e-02  -9.4726587e-02  -1.2358015e-02  -6.4457294e-02   3.8103822e-02   4.4552331e-03  -5.7054906e-02  -4.1066646e-02  -1.3837623e-01  -4.3459131e-02  -6.4359330e-02  -8.3833234e-02  -1.1252166e-01  -2.9599492e-02   2.9058694e-02   3.4686722e-02  -2.0707033e-02  -2.3726837e-03   6.0895147e-02   8.1938931e-02   7.8791820e-02   3.1069832e-02   1.0493364e-01   6.3588672e-02  -8.4347829e-02   6.3844866e-02   0.0000000e+00  -8.4757588e-03  -8.0148499e-02   7.4699883e-02  -4.8429103e-02  -1.1451993e-01   0.0000000e+00  -1.2723641e-01   6.6143305e-02   5.6621380e-02   4.6969220e-02   8.2264870e-02  -5.5390759e-02   1.4455082e-02   4.5380031e-02  -3.3201291e-02   4.2465581e-02   4.7622121e-03  -6.6413786e-02   2.9755381e-02  -2.1854750e-02  -5.6572036e-02   6.1439846e-02  -5.2280944e-02  -6.2074814e-02  -1.6672321e-01  -6.4419909e-02  -1.0649384e-02  -2.2530315e-02  -1.8732819e-03   0.0000000e+00  -2.3685237e-03   9.8825544e-02   4.5593219e-02  -1.1051172e-01   6.3510502e-02  -1.3361334e-01  -1.3130767e-01  -6.4237390e-02  -1.0264957e-01  -4.2407668e-02  -3.2097503e-02  -7.4986608e-02  -1.3499284e-01  -2.0217681e-01  -3.2710803e-02  -4.0580216e-02  -5.9066709e-02  -4.8264050e-02   3.2153179e-02   7.1684899e-02  -3.4000249e-02  -1.2078900e-02   4.8981806e-02   7.1200294e-02   1.1344263e-01   2.7240845e-02  -7.3011182e-02  -6.6837281e-02  -6.2797898e-03   2.3521209e-01   7.0140503e-02   1.7851466e-01   2.6063113e-02   1.1725942e-01  -1.2002072e-01  -1.0786589e-01   0.0000000e+00   1.6615117e-01   1.6404532e-02   0.0000000e+00   3.2582165e-01   9.8909743e-02  -4.4702625e-02
  -4.0078341e-02   0.0000000e+00   0.0000000e+00   4.4317655e-02   6.0169689e-04  -2.2116335e-01  -1.2893278e-01   1.7309704e-01   0.0000000e+00  -1.5231116e-01  -1.0262274e-01   1.2319218e-02   3.8807233e-02  -1.4709752e-01   6.4678198e-02  -5.9426688e-02  -2.3970389e-03  -1.0037934e-01   3.0512398e-02  -1.7379254e-01  -8.6856063e-02  -1.4667839e-01  -8.7134400e-03  -7.1129921e-02  -1.4413162e-01  -9.2462852e-02  -1.8210234e-01  -1.8574788e-01   1.1690376e-01   8.3785702e-02  -1.1123207e-01  -1.1347920e-01  -8.6244336e-02   3.1466122e-02  -2.4419262e-01  -8.7475624e-02   1.6443597e-01  -1.6998899e-02  -6.8221585e-02  -1.6692861e-02   3.3235943e-02  -2.4711934e-02  -8.0149265e-02   4.7243162e-02   0.0000000e+00   4.6264616e-03  -1.9997100e-01   2.5925763e-02   5.6950086e-02  -1.8202813e-01   0.0000000e+00   2.0036723e-01   1.6893453e-01  -1.9842000e-02   1.0042504e-02   5.3019010e-02   4.9164611e-02   1.3509064e-01  -7.6848162e-02  -7.0594136e-02  -1.2016029e-02  -4.1606584e-02   2.1389082e-04  -5.8545740e-02   2.9124275e-01  -2.0414678e-01   3.3773004e-01  -1.3207500e-01  -2.7274989e-02  -3.0073134e-02  -2.8657492e-02  -1.5251324e-01   1.3063001e-01  -1.6500630e-03   0.0000000e+00   8.8065990e-03   1.7335718e-01   6.6221723e-02  -9.4570178e-02   1.3809354e-02  -1.0723286e-01  -5.8446606e-03  -1.8209951e-01  -1.9798318e-01  -2.1773744e-01  -2.1752266e-01  -2.2740013e-01  -1.4082524e-01  -1.9970283e-01   5.1528509e-03   1.4083108e-01   1.7439913e-01   2.2269095e-01   1.1650773e-01   4.3948870e-02   7.2862968e-02   3.1860819e-01   2.1664119e-01   2.5603589e-01   2.6000940e-01   1.2751836e-01   4.0193763e-02   9.2116345e-02  -1.0204211e-01   3.2117763e-01   3.1853992e-01   2.7100883e-01   3.7713803e-01   2.6937918e-01   4.0392782e-02   1.9973365e-01   0.0000000e+00   4.8746959e-02   1.9264567e-01   0.0000000e+00   2.2707509e-01   2.2898985e-01  -4.5610342e-02
   3.7744292e-03   0.0000000e+00   0.0000000e+00   1.3740618e-01   1.0911256e-02   3.9208814e-02   1.6236587e-01  -9.7295647e-02  -1.5231116e-01   0.0000000e+00   1.2454180e-01   8.8435463e-03  -1.7027869e-01   1.1715288e-01   1.0530967e-01   2.7674588e-01   1.6404009e-01   1.1331822e-01   1.6413906e-01   2.4225710e-01   1.4744848e-01   2.1278653e-01   2.7635514e-02   1.3552251e-01   2.4544817e-01   9.9347913e-02   3.2904995e-01   4.9793738e-01   2.8674575e-01   2.8559142e-01   2.6038849e-01   4.7742401e-01   1.1803588e-01   1.0335655e-01   2.5317808e-01   4.5659151e-01   1.5873020e-01   2.7315375e-01   2.6499488e-01   2.5626327e-01   1.7939792e-01   1.8385090e-01   1.6628613e-01   1.0286707e-01   0.0000000e+00   2.3546712e-01   4.2894195e-01  -1.1513893e-01  -2.3885811e-02   2.3861349e-01   0.0000000e+00  -6.1527999e-04   1.0610940e-02   4.1626095e-02   4.1302273e-02  -1.0192545e-01  -1.1924204e-01  -9.8949600e-02   1.7186529e-01   9.7324961e-02  -2.7009312e-01  -3.4445209e-01  -6.3530472e-02   8.0505431e-02   1.6706309e-02   1.7918415e-01   5.3508859e-02   3.6741171e-01   1.2803978e-01  -2.8785002e-01   1.8508107e-02   9.5697765e-02  -2.5994868e-01  -1.3783148e-01   0.0000000e+00   2.0245197e-01  -1.1972406e-01  -2.3672227e-01  -8.3703869e-02   1.6160892e-01  -1.9943529e-02  -8.3947369e-03   8.7654522e-02  -8.9620571e-02   7.4234814e-02   6.4835727e-02   2.4187419e-01  -8.5690684e-03   2.2781886e-01   4.9471155e-02   1.6006401e-01  -2.9373735e-01  -1.7607464e-01  -2.6228881e-01  -6.1311103e-02   9.1498851e-02  -1.7079703e-01   1.4305165e-01  -5.9903063e-02  -7.1464114e-02   4.3146551e-02   2.7673405e-01  -1.1968031e-02  -6.4319491e-02  -3.2621913e-01  -1.0256402e-01  -1.6463769e-01  -2.3395439e-01  -3.6925426e-01   1.6498399e-01  -7.3804536e-02   0.0000000e+00   6.2486321e-02  -1.2225209e-01   0.0000000e+00  -5.1549043e-02  -5.9314412e-02   1.6375488e-03
   1.4098245e-01   0.0000000e+00   0.0000000e+00   2.4106841e-01  -2.6121158e-03  -2.7756623e-02   2.0913281e-01   8.0901819e-02  -1.0262274e-01   1.2454180e-01   0.0000000e+00   1.4584319e-01  -3.8728927e-02   1.9051068e-01   1.3183911e-01   2.8051139e-01   1.5354658e-01   1.2179332e-01   2.6311073e-01   1.3625733e-01   2.9715745e-01   1.7417922e-01   1.0012198e-01   3.0181023e-01   2.3479558e-01   3.1786700e-01   1.8057406e-01   2.4661076e-01   3.7008483e-02   2.4873252e-02  -5.9984268e-02   8.0808800e-02   1.9947467e-01   4.6216598e-04   2.7982014e-01   3.2583332e-01   1.2557841e-01   5.1829194e-01   4.2111961e-01   5.6686175e-01   4.4966461e-01   2.4192361e-01  -5.4289347e-02   2.0842181e-01   0.0000000e+00   1.4440253e-01   2.1630670e-01   2.6899217e-01   7.4866349e-02   5.3703690e-02   0.0000000e+00  -1.2554896e-01   1.0642715e-01   2.7176223e-01   1.1269314e-01  -1.5226577e-02   8.3248456e-02   1.2348988e-01   2.8451658e-01   1.3652864e-01   1.3515080e-01   1.1893459e-02   6.4113014e-02   1.0405121e-01  -8.4360485e-02   3.3126253e-03  -1.4481830e-01   1.3814629e-01  -1.7539355e-01  -1.2955267e-01   8.5196650e-02   1.1677425e-01   3.4759241e-02  -3.9243676e-02   0.0000000e+00  -1.4563906e-01  -1.9368957e-02  -6.1665177e-03  -1.3749873e-01  -1.3200548e-01  -8.4800455e-02  -1.9549815e-01   1.1089289e-01  -3.5701142e-02   4.6158891e-02  -1.1017179e-01  -6.9518920e-02  -1.3581749e-01  -1.7244283e-01  -1.4041981e-01  -1.4115229e-01  -1.4330706e-02  -1.5834548e-01  -1.4647819e-01  -1.7291448e-01  -3.7356148e-02  -1.1959537e-01   9.0749408e-02   1.0216741e-02   8.0318014e-03  -4.7402662e-02   3.9166235e-02  -8.7011793e-02  -1.4898072e-02  -4.3988224e-02  -3.4662412e-03  -2.8487882e-02  -8.6432548e-02  -8.6855344e-02  -2.9971590e-02  -9.0969380e-02   0.0000000e+00   6.5755531e-02  -3.5921968e-02   0.0000000e+00  -9.0974802e-02  -1.1508599e-01   4.4062223e-02
   1.9103751e-01   0.0000000e+00   0.0000000e+00   1.7547066e-01  -2.0439159e-01   8.9591149e-02  -5.7953122e-02  -1.9360308e-02   1.2319218e-02   8.8435463e-03   1.4584319e-01   0.0000000e+00   3.9052503e-02   1.8402789e-01   5.8136847e-02  -1.7144112e-02  -1.5620120e-01  -8.3296431e-02   1.5937116e-01   1.4310520e-02   1.8662335e-01   1.7934516e-02   1.1516870e-01   1.7553071e-01   1.1204454e-01   1.7058936e-01  -2.2848151e-02   7.0092086e-02  -6.7544363e-02   5.1724319e-02  -1.5024529e-02  -7.0921082e-02  -1.4624515e-01  -1.2125380e-01   6.0436423e-02  -6.1109556e-03   8.0495700e-02   2.0997650e-01   1.6597986e-01   2.4872537e-01   2.4085440e-01   1.5288212e-01  -4.1327537e-02   1.5953692e-01   0.0000000e+00  -5.8677263e-03  -1.6030085e-02   8.2648306e-02  -6.7836376e-02  -1.8108307e-01   0.0000000e+00  -1.5093665e-01   2.4460217e-02  -2.0517652e-02  -2.7155288e-02   3.2599977e-02   1.5537008e-01  -1.0093102e-01   1.6260089e-01   1.8689564e-01   1.5975152e-01   9.8523864e-02   1.4869815e-01  -7.0448299e-02  -1.1987509e-02  -2.6371647e-01  -2.0351412e-02   2.4116459e-03   2.4542711e-02   3.7180001e-02   1.7947649e-01  -1.0567994e-02   1.9466235e-02   8.6512759e-03   0.0000000e+00  -1.3881561e-02   6.5265051e-02   6.6141835e-02  -1.5653595e-02  -2.8867327e-02  -1.5184532e-02   2.9221135e-02  -1.9379345e-02   3.0928477e-02  -1.5731829e-03  -9.9485771e-02  -5.6862251e-02   1.2294418e-03  -5.2878268e-02   3.9102448e-03   2.9385938e-02   1.0910602e-01  -5.1360207e-03   2.5368619e-02   2.6139072e-02   6.2320950e-02   1.8957197e-02   1.1418610e-01  -1.9001280e-02   3.0897147e-02  -4.5211847e-02   4.0303239e-02   1.4794214e-01   4.7264133e-02   6.0517700e-02  -1.2440177e-01  -7.1851040e-02  -7.2391403e-02  -4.4994125e-03  -1.2424264e-01  -1.6384429e-01   0.0000000e+00  -1.5876739e-01  -6.6157039e-02   0.0000000e+00  -3.2570239e-02  -3.0080327e-02   1.1848198e-01
   1.9031757e-02   0.0000000e+00   0.0000000e+00  -6.1306932e-02   9.0189054e-03   2.6449314e-02  -4.0023521e-02   7.1879374e-02   3.8807233e-02  -1.7027869e-01  -3.8728927e-02   3.9052503e-02   0.0000000e+00   1.6216670e-01  -2.4445679e-02   4.1545365e-02  -1.2163570e-02   5.4893351e-02  -1.1034162e-01   1.0685749e-01   1.5399238e-01  -1.9681830e-02   9.8701569e-02   6.2390425e-02   2.4702825e-02   1.7665693e-01   4.4890259e-02  -3.2152154e-04  -8.1459260e-02   5.6399019e-03   1.1609175e-01  -9.0035778e-02   5.0490166e-02   8.7625298e-02   1.9787179e-02  -1.0314361e-01  -1.0573790e-01  -3.1913609e-02  -4.9391659e-02  -5.1441174e-02  -1.0785074e-01   2.5015996e-02   3.8546458e-02   2.9620228e-02   0.0000000e+00   5.2259826e-02   4.4077242e-04   2.4870813e-01   1.6272229e-01   6.5807444e-02   0.0000000e+00   5.0557589e-02  -3.4306759e-04   1.7378826e-02   1.1062419e-02   1.0353979e-01   2.4340307e-01   1.2672705e-01  -1.0417594e-01   2.7498924e-01   1.5455857e-01   1.9405703e-01   1.2241839e-01   1.0532253e-01   1.9462886e-02  -1.2796025e-01   4.0622324e-02  -1.8879947e-02   2.4872765e-02   3.7622008e-01   6.0147492e-02  -1.8569985e-02   5.6196293e-02   3.8132567e-02   0.0000000e+00  -4.4620920e-02   7.9002354e-02   1.2913228e-01   2.3539797e-01  -2.8076396e-02   9.1331617e-02   1.3527517e-01   1.1918330e-01   2.7939092e-01   1.0741560e-01   2.6767834e-02   1.7551832e-03   1.1818280e-01   6.1299540e-02   5.6506463e-02  -9.9624794e-02   2.4269293e-01   7.7158979e-02   8.7584833e-02  -1.2201884e-02  -1.0726259e-01   9.5737278e-02  -6.6854317e-02  -2.7960519e-02   3.6395047e-02  -1.6982011e-02  -6.2498188e-02   6.9740608e-02   2.0248485e-01   3.1244156e-01   2.1787274e-01   2.8449345e-01   1.3403334e-01   3.1817849e-01   1.1680894e-02   1.0190465e-01   0.0000000e+00  -4.9841079e-02   1.0489697e-01   0.0000000e+00   9.9866109e-02   2.0224940e-01   1.4423798e-01
   4.6131080e-02   0.0000000e+00   0.0000000e+00   1.3355234e-01  -1.7902936e-02   1.0465817e-01   7.4913097e-02  -3.4912386e-02  -1.4709752e-01   1.1715288e-01   1.9051068e-01   1.8402789e-01   1.6216670e-01   0.0000000e+00   6.5172925e-03   1.3470680e-01   2.1453877e-02   3.7637072e-02   5.9180762e-02   1.1881101e-01   2.8749567e-01   1.4958444e-01   1.2455878e-01   2.2464000e-01   2.3194035e-01   1.8918900e-01   1.4008890e-01   2.3930536e-01   3.8608366e-02   1.2718294e-01   5.3115306e-02   6.0880817e-02   2.0845939e-02   2.3066501e-02   1.8947216e-01   1.3630244e-01   7.3582142e-02   1.7191911e-01   1.7050698e-01   2.0865235e-01   1.4085993e-01   1.7065819e-01  -4.3109374e-03   1.2173546e-01   0.0000000e+00   1.1213252e-01   1.8117271e-01   1.3834218e-01   5.1619487e-02   9.0593591e-02   0.0000000e+00  -4.5663301e-02   8.2906439e-03   9.7402786e-02   1.4206561e-04   1.1786152e-02   3.3589587e-01  -3.9970722e-02   1.2508655e-01   1.9918412e-01  -1.2422684e-02   5.5843302e-02   2.0459604e-01   5.3993655e-02  -7.2290241e-02  -4.5212289e-02   7.1604854e-03   1.7361311e-01   1.3583289e-02   7.0334812e-02   1.9602220e-01   9.9245486e-02  -4.9625434e-02  -7.1821822e-02   0.0000000e+00  -7.6575330e-03  -2.6230779e-02   7.2726746e-02   1.6135740e-01   6.1204401e-04   1.3168814e-01   1.7492064e-01   4.4028953e-02   7.5814467e-02   1.6786224e-01  -4.5851493e-02   5.2615936e-03   1.9458251e-01   8.3942841e-02  -8.3495834e-03  -6.2702665e-02  -3.0512158e-02  -2.3355198e-02  -4.5048989e-02   2.8404855e-02  -2.5826679e-02  -7.0467104e-02  -2.5056937e-02  -1.3612114e-01  -6.2390234e-02   1.6585142e-02   5.8814394e-02  -1.2413199e-02   7.9327978e-02   7.7467480e-02  -1.1918726e-01  -7.2156629e-02  -1.9929062e-01  -1.2932702e-01  -2.8460984e-02  -3.6956360e-02   0.0000000e+00  -1.0588494e-01  -9.5480609e-02   0.0000000e+00   7.8103431e-02   7.4611910e-03   1.7461339e-01
  -8.4055766e-02   0.0000000e+00   0.0000000e+00   6.1390514e-02  -3.4708087e-02   5.3029674e-02   4.4702719e-02  -1.0062229e-02   6.4678198e-02   1.0530967e-01   1.3183911e-01   5.8136847e-02  -2.4445679e-02   6.5172925e-03   0.0000000e+00   4.1149258e-01   1.2974236e-01   7.9972780e-02   2.2909578e-01   2.0092150e-01   1.5618901e-01   1.2165784e-01   1.2248694e-02   6.6927526e-02   1.4432869e-01   7.9320517e-03   8.9448358e-02   1.2184412e-01   2.9322883e-01   8.9373048e-04   1.0905438e-01   3.9202226e-02   1.1472753e-01   2.4862980e-01   1.3534053e-01   2.4147861e-01   2.9854027e-01   1.9595346e-01   1.2610078e-01   1.7158078e-01   9.3298823e-02   1.3929244e-01  -6.7516781e-02   1.4171623e-01   0.0000000e+00   1.5349132e-01   1.6856522e-01   1.7006555e-01   1.2864187e-01   1.4855690e-01   0.0000000e+00   9.3467078e-02   1.7085271e-01   8.6994604e-02   3.0966903e-01   2.4785029e-01  -3.0319442e-02   8.2657532e-02   3.4279195e-01   7.7116853e-02   1.1763973e-02  -5.9408425e-02  -5.2016798e-02   2.9508123e-01   3.3676178e-02  -4.2998962e-02  -1.8147021e-02   4.6088884e-02  -1.0375108e-01  -4.9346167e-02  -1.3070702e-01  -3.9858370e-02  -1.2413399e-01  -8.1028822e-02   0.0000000e+00  -6.7165677e-02  -5.2508180e-02  -1.4732338e-01  -1.5384062e-01  -4.7565504e-02  -5.4243914e-02  -1.9866467e-01  -2.2015542e-02  -4.5464898e-02  -5.8509707e-02  -8.3948226e-02  -3.4056896e-02  -1.0580101e-01  -1.3606018e-01  -6.9422399e-02  -6.7755109e-02  -4.0375040e-03  -7.2976363e-02  -6.6183188e-02   5.6269926e-02  -3.7813193e-02   1.2144441e-02   8.3387145e-02  -5.2039416e-02   4.3791486e-02   6.4798272e-02   6.5682584e-02  -1.0793725e-01  -8.6796615e-03  -2.0341919e-02   4.7972189e-02  -3.7545813e-02   7.0075529e-02   1.7546229e-02   1.6785032e-02   1.4967858e-01   0.0000000e+00  -1.2178316e-01   6.1839471e-02   0.0000000e+00  -3.4348690e-02  -6.2877114e-02  -1.1787783e-01
  -8.0700972e-02   0.0000000e+00   0.0000000e+00   6.4168141e-02   1.8156128e-01   6.4595563e-02   2.7043443e-01   2.8871639e-02  -5.9426688e-02   2.7674588e-01   2.8051139e-01  -1.7144112e-02   4.1545365e-02   1.3470680e-01   4.1149258e-01   0.0000000e+00   2.5091019e-01   1.9805656e-01   1.8789257e-01   2.2645674e-01   2.4228738e-01   2.8460883e-01   1.2973224e-01   1.8960853e-01   2.8088153e-01   1.6616773e-01   2.6615754e-01   3.3260568e-01   1.8944199e-01   1.3142617e-02   1.6186674e-01   1.8988063e-01   3.7003782e-01   3.1261459e-01   2.3671919e-01   4.3737353e-01   1.9885789e-01   3.2130696e-01   2.0773855e-01   3.5564116e-01   2.0130564e-01   1.9198971e-01   8.5525568e-02   1.7664858e-01   0.0000000e+00   2.5577475e-01   4.3366030e-01   3.6012776e-01   2.8918978e-01   3.9528690e-01   0.0000000e+00   5.6477180e-02   1.3610237e-01   3.5435168e-01   4.8605733e-01   1.2833171e-01   5.5631438e-02   1.9599341e-01   2.8055808e-01   1.0708569e-01   2.0818279e-03  -8.4725870e-03   4.4741677e-02   3.6272894e-01   6.2540324e-03   2.2427087e-01  -1.3095738e-02   2.9499670e-01  -3.1567468e-02   3.6505132e-04  -4.1359015e-03   1.4248365e-01  -8.4300476e-02   3.3627263e-02   0.0000000e+00   7.3298884e-03  -8.3435346e-02  -1.2912336e-01   1.3346159e-02  -2.3279996e-02   6.2832498e-02  -1.2000841e-01   8.8393681e-02   2.1451783e-02   1.4422014e-01  -2.4490347e-02   4.0450117e-02   3.0893613e-03   3.8028629e-02  -1.6532399e-02  -7.1637073e-02  -4.4918461e-02  -1.4696482e-01  -9.6164692e-02   1.6850274e-02   9.7380545e-02  -4.0232397e-02   7.5986709e-02  -8.4036326e-02   4.0713673e-02   8.1644993e-02   1.4663088e-01  -9.8176656e-02   2.9151800e-02  -2.5702361e-02   6.3689267e-02   1.1149505e-01   9.3264609e-02   1.5466465e-02   1.7611305e-01   1.7027846e-01   0.0000000e+00   6.2549352e-02   4.3574946e-02   0.0000000e+00  -8.5024280e-03  -8.5509187e-02  -6.2814440e-02
  -5.7388925e-02   0.0000000e+00   0.0000000e+00   3.2694422e-02   1.2493715e-01  -6.4917868e-02   6.5435517e-02  -2.5993043e-03  -2.3970389e-03   1.6404009e-01   1.5354658e-01  -1.5620120e-01  -1.2163570e-02   2.1453877e-02   1.2974236e-01   2.5091019e-01   0.0000000e+00   4.2206455e-01  -5.3174776e-02   2.5138171e-01   4.4634260e-02   1.5322862e-01   2.2220178e-02   3.2537644e-02   1.0694848e-01   8.2573274e-02   2.6097981e-01   1.6663691e-01   2.0332196e-01   1.5576171e-01   2.1365969e-01   1.1864942e-01   1.3836330e-01   2.0220635e-01   1.6834116e-01   1.6823690e-01   8.2126736e-02   5.8360450e-02   3.1742409e-02   1.8453064e-01   1.1651701e-01   1.0265463e-02   1.0052465e-03   5.7180070e-03   0.0000000e+00   1.2747369e-01   2.7060293e-01   1.4482413e-01   2.5849547e-01   3.0316431e-01   0.0000000e+00   1.1126198e-01   2.3302249e-02   3.1216157e-03   8.4147493e-02   9.0113985e-02   2.3818110e-02   1.0172779e-01   9.1149974e-02   1.6468261e-02   3.7967136e-02  -1.6801180e-02  -4.2356307e-02   1.1529480e-01  -3.3426328e-02   1.8139807e-01  -4.2771697e-02   9.4301251e-03  -1.0802903e-01   1.0933520e-01  -1.2571418e-01   7.3673265e-03   2.9409774e-02   7.8388647e-02   0.0000000e+00  -9.5427662e-02  -5.6241644e-02  -1.8741535e-02   7.5627671e-02  -1.4665667e-01   1.2359875e-01  -1.6682013e-03   8.4910106e-02   1.2731458e-01   5.0095861e-02  -3.6032771e-02  -8.2500109e-04  -4.2658537e-02  -4.2167120e-03  -1.2157095e-01  -1.0573168e-01   7.3265541e-02  -5.5151945e-02  -6.9560137e-02  -2.8269400e-02  -1.6734590e-02  -2.9341246e-02  -1.1376281e-02  -9.8169626e-02  -4.7185042e-02   1.0134663e-01   6.1658161e-03  -1.0116666e-01  -2.1602070e-03  -9.5916798e-02   1.7835944e-02  -6.8010510e-02   1.1406908e-01  -9.3743072e-02   1.2768295e-01   7.0576310e-02   0.0000000e+00   1.3945812e-01  -8.1318948e-02   0.0000000e+00   2.0818304e-02  -1.5479897e-01  -8.9886171e-02
  -3.0371968e-02   0.0000000e+00   0.0000000e+00  -1.4237338e-03   1.2725430e-01  -1.7587657e-02   9.5620181e-02   7.7814343e-03  -1.0037934e-01   1.1331822e-01   1.2179332e-01  -8.3296431e-02   5.4893351e-02   3.7637072e-02   7.9972780e-02   1.9805656e-01   4.2206455e-01   0.0000000e+00  -3.6785282e-02   2.0154292e-01   3.0411194e-02   1.1690881e-01  -1.5726880e-02  -3.0985607e-02   1.0896807e-01   8.3660348e-02   1.9640577e-01   1.0072692e-01   6.6608705e-02   5.5542049e-02   2.4471417e-01   9.2963084e-02   1.4361582e-01   1.6817961e-01   2.0365097e-01   8.0138521e-02  -1.3660994e-02  -3.1545491e-02  -7.4198169e-02   1.3143724e-01   3.0817492e-02  -8.2117201e-02   1.7540572e-01  -9.9757910e-03   0.0000000e+00   9.7262825e-02   2.9294759e-01   1.1143003e-01   2.8981977e-01   2.5453855e-01   0.0000000e+00  -6.6192243e-03  -9.6355361e-02   4.0408615e-02   1.4003974e-01   9.2445806e-02  -3.3252655e-02   1.0759326e-01   4.2653139e-02   1.8925105e-02   1.3068520e-02   5.7788314e-03  -2.5505452e-02   8.7747859e-02  -1.0335190e-01   2.0394110e-01  -1.6072969e-01   4.2959547e-02  -4.1051402e-02   1.4831420e-01  -4.7447431e-02   5.9685249e-02  -9.1556113e-03   8.0896557e-02   0.0000000e+00  -1.0700386e-01  -6.4325716e-02  -6.0053612e-03   2.1334402e-01  -6.9348936e-02   2.1537927e-01   9.0063375e-02   7.2415923e-02   2.2181750e-01   1.1931342e-01   7.0367428e-02   1.7151065e-01   2.1187093e-02   1.2611384e-01  -5.4781771e-02  -9.8016289e-02   7.1169880e-02  -4.7293917e-02  -5.2656755e-02  -4.0083646e-02  -8.0533763e-02  -1.4796398e-01  -9.6457371e-02  -1.3165397e-01  -2.5571844e-02   2.2227125e-02   4.9788374e-02  -6.4038670e-02   4.0442226e-02  -1.0447904e-01  -5.4876096e-02  -1.1317246e-01  -8.9464178e-03  -6.8431725e-02   1.2770424e-01   7.5373209e-02   0.0000000e+00   1.1228066e-01  -1.5919774e-02   0.0000000e+00   5.1265682e-02  -1.2789459e-01  -8.4809695e-02
   4.4172742e-02   0.0000000e+00   0.0000000e+00   3.2624735e-01  -2.8111849e-02   1.3190876e-02   1.6171167e-01  -2.3242045e-02   3.0512398e-02   1.6413906e-01   2.6311073e-01   1.5937116e-01  -1.1034162e-01   5.9180762e-02   2.2909578e-01   1.8789257e-01  -5.3174776e-02  -3.6785282e-02   0.0000000e+00   1.3854039e-01   1.5563240e-01   1.1717324e-01   1.2341910e-01   1.8090919e-01   1.1603600e-01   1.6096287e-01   1.3638935e-01   1.8685553e-01   8.0815442e-02   2.1586576e-02  -3.9362472e-02   1.5267497e-01   1.4271013e-01   2.0018034e-02   1.3081414e-01   2.1116564e-01   2.7456615e-01   3.4942702e-01   3.4011878e-01   1.8644881e-01   2.3134283e-01   2.0876200e-01  -4.3071668e-02   1.6681012e-01   0.0000000e+00   5.8317346e-02   1.7555407e-01   1.1180314e-01   1.3567977e-02   4.2032451e-02   0.0000000e+00  -1.2713627e-02   1.0943081e-01   1.8354843e-01   1.1652284e-01   7.6270870e-02   7.6257066e-02   3.5796709e-02   4.0797991e-01   9.4076758e-02   5.7662608e-02  -2.9176030e-02   3.5000154e-03   1.2628335e-01   2.6005941e-02   1.9125893e-02   3.3232636e-02   8.9961682e-02  -1.7708071e-02  -1.3729332e-01   4.1674534e-02   3.7480454e-02  -2.8893761e-02  -5.1492876e-02   0.0000000e+00   8.2120191e-02  -3.4584683e-02  -7.5950316e-02  -1.5602390e-01   3.9497242e-02  -5.6583311e-02  -1.2106159e-01   4.5027810e-02  -6.6660229e-02   6.9711517e-02  -6.3375383e-02  -1.0051250e-01  -6.9030593e-02  -1.4032885e-01   1.0079116e-02   4.7370871e-02  -6.6140764e-03  -1.6422593e-01   1.2890758e-02   2.1613596e-01   6.3157026e-02  -1.2618148e-03   1.3498118e-01   7.8780971e-02  -1.4689726e-02   1.3766019e-02   1.2385768e-01  -4.6657212e-02  -4.1268575e-02  -8.0334213e-04   2.8576054e-02   2.2998459e-02  -1.1560428e-02   4.3379260e-02   9.3901501e-02   5.7111294e-02   0.0000000e+00  -4.1614368e-02   4.4356724e-02   0.0000000e+00   6.4966241e-03  -1.2583950e-02   6.4541186e-02
  -8.7303591e-02   0.0000000e+00   0.0000000e+00   1.6350504e-01   1.1349216e-01   1.2693123e-01   1.1383007e-01  -9.4726587e-02  -1.7379254e-01   2.4225710e-01   1.3625733e-01   1.4310520e-02   1.0685749e-01   1.1881101e-01   2.0092150e-01   2.2645674e-01   2.5138171e-01   2.0154292e-01   1.3854039e-01   0.0000000e+00   1.2723262e-01   2.3323713e-01   2.0641591e-02   6.3704258e-02   2.7242725e-01   2.3918697e-01   7.0837432e-01   2.4931925e-01   3.0103421e-01   2.4625396e-01   5.7513448e-01   1.5197868e-01   3.1398493e-01   4.6194628e-01   3.8921175e-01   1.9902284e-01   1.0935356e-01   9.5013894e-02   7.8317999e-02   2.0203772e-01   6.7413984e-02   1.4561776e-01   2.1972336e-01   1.8810848e-02   0.0000000e+00   2.0019402e-01   4.2217588e-01   1.8109098e-01   3.3041253e-01   4.3135258e-01   0.0000000e+00   1.1984022e-01  -2.1985444e-01   3.6204829e-02   1.4267012e-01   1.9913114e-01   3.5047998e-01   8.7579877e-02   3.0145002e-01   2.6182293e-01   2.5290766e-01   6.2808659e-02  -5.8933942e-02   3.8667841e-01  -6.0341483e-02   2.0964220e-01  -1.1525560e-01   9.2484989e-02  -4.1918712e-02   3.1021389e-01  -5.6681025e-02   1.3797356e-01  -4.4769173e-02  -2.6797351e-03   0.0000000e+00  -1.1263954e-01  -1.6908108e-01  -6.6782328e-02   1.1226846e-01  -9.8178162e-02   2.4539474e-01   1.4578949e-02   4.7565492e-01   3.0146168e-01   2.2497221e-01   1.5364344e-02   1.7371726e-01   1.8708868e-02   7.4734813e-02  -2.8180424e-02  -9.5867871e-02   2.3421991e-01  -1.4787895e-01  -5.8991192e-02   6.4226753e-02  -1.7233999e-01  -1.2533009e-01  -1.1208397e-01  -1.8552704e-01  -1.5195201e-01  -4.2386204e-02   2.9894131e-02  -2.2668229e-01   1.3227681e-01  -6.5082327e-02  -1.0124164e-01  -1.0466606e-01  -1.1349682e-02  -1.7352444e-01   1.8504851e-01   2.3593115e-01   0.0000000e+00  -6.7269558e-02  -1.9332710e-02   0.0000000e+00  -1.3714012e-01  -1.5204741e-01   2.7045042e-01
   2.1572915e-02   0.0000000e+00   0.0000000e+00   1.8649940e-01  -3.7338256e-02   1.3567043e-01   1.5309116e-01  -1.2358015e-02  -8.6856063e-02   1.4744848e-01   2.9715745e-01   1.8662335e-01   1.5399238e-01   2.8749567e-01   1.5618901e-01   2.4228738e-01   4.4634260e-02   3.0411194e-02   1.5563240e-01   1.2723262e-01   0.0000000e+00   4.3270657e-01   3.2439444e-01   4.8308495e-01   5.7740391e-01   4.5140664e-01   6.1067724e-02   2.6007491e-01   1.0870521e-01   1.1595665e-01   2.9619016e-02   1.8632436e-01   1.2110346e-02   1.7912976e-02   2.9464123e-01   2.3678626e-01   9.6897501e-02   4.1506380e-01   3.0459856e-01   3.6557468e-01   2.0749317e-01   2.4759724e-01   8.5667472e-02   2.1146988e-01   0.0000000e+00   1.5305572e-01   1.3600262e-01   2.9395234e-01   1.4754817e-01   6.4568391e-02   0.0000000e+00  -1.3527453e-01   1.4384170e-01   2.8672779e-01   1.2899090e-01   1.2936856e-02   6.0700096e-02   4.9815599e-02   1.3051541e-01   2.5592321e-01   1.2128815e-01   6.8430270e-02   1.4854100e-01   1.0428328e-01  -4.1910471e-02  -1.0956838e-01  -4.5732761e-02   1.5517605e-01  -3.7860975e-02  -6.9485915e-02   1.0157994e-01   9.7504158e-02  -7.0198132e-02  -4.7234894e-02   0.0000000e+00  -1.0093842e-02  -5.5804262e-02  -5.2494264e-02  -1.1981808e-01   3.7155432e-02  -1.2212852e-01  -1.3104670e-01   4.5955417e-02   2.9955925e-02  -4.0465765e-02   6.9411370e-03  -1.3957301e-02  -3.1753883e-02  -7.0000008e-02  -4.4244170e-03  -2.2047214e-02  -1.2875102e-01  -9.6694781e-02  -1.6976057e-01  -3.4419123e-03   9.5251473e-02  -8.4436188e-02   1.3686162e-01   1.2494234e-02   5.3149828e-02  -3.5467449e-02   4.0239093e-02  -2.3803510e-02   1.1602430e-01  -6.9863003e-03  -5.4060111e-02  -2.0336451e-02  -1.1277490e-01  -6.2783799e-02  -9.8615930e-02  -9.4663930e-02   0.0000000e+00  -1.0342825e-02  -1.0413370e-01   0.0000000e+00  -5.2903807e-02  -1.1075739e-01   4.8815325e-02
