   0.0000000e+00   8.3894361e-02   0.0000000e+00   7.9106026e-02  -1.0505487e-02  -6.3447359e-02   3.2735756e-01   2.3915961e-01   1.1548753e-01   2.7710595e-01   4.0002526e-01  -1.9409995e-02   1.5854212e-02   7.3402806e-02   1.4544375e-01   1.5985007e-01  -1.3994481e-01  -1.1694601e-01   3.0931812e-01  -3.7842333e-02   1.5905470e-01   1.3248029e-01   1.7298500e-01   1.6509516e-01   7.4625880e-02  -5.6239481e-03  -1.2155123e-01   1.2739132e-01  -6.3860469e-02   8.1929831e-02  -1.1120902e-01  -2.5267421e-03  -6.6285548e-02   8.4697719e-02  -3.7423607e-02   2.0904687e-01   1.8598752e-01   3.8254542e-02  -8.3645343e-03   2.2521723e-01   1.6388869e-01   3.0402393e-02  -8.5190797e-02  -6.7721825e-03  -1.2806738e-02   1.2312320e-01  -5.5710204e-02   9.4658473e-02  -3.1609327e-02  -3.1101772e-02  -1.1035604e-01   7.9873476e-02  -1.0314548e-01   3.4017211e-01   1.6354554e-01   1.0005024e-01  -8.9751865e-02   6.9151527e-02   1.3867804e-01  -2.4849113e-02  -5.6021605e-02  -7.3423516e-02   1.3757641e-02   4.1010753e-03  -7.8222258e-02   3.9045931e-02  -2.4993392e-02   1.9241602e-01   2.3641662e-02  -2.4789178e-01   9.7968557e-02   9.5529731e-03   3.4995438e-01   2.7314618e-01   1.8642966e-01   1.5640912e-01   1.8998488e-01   8.9530425e-02  -2.2574851e-01   1.1914141e-01  -1.6770534e-01  -2.7687535e-02   2.0771512e-02  -1.8255531e-01   1.1401310e-03  -1.8323491e-01  -4.1907668e-03   2.1885301e-02  -9.5080283e-03   1.7155307e-01  -8.5357733e-02  -1.5576608e-01   5.9950015e-02  -5.6386567e-02  -1.0772585e-01  -2.8249649e-02  -1.4719488e-01  -1.0567528e-01  -1.4628778e-01  -9.0689101e-02  -8.2124340e-02   1.5976019e-02  -9.1444455e-02  -1.3816259e-01   3.1857050e-02   7.7906782e-02   1.6115512e-01   1.2625047e-01   6.1896726e-02   7.1286506e-02   6.6872453e-02   2.0930393e-01   1.8797660e-01   1.1647950e-01   5.6306152e-02  -6.9257692e-03   3.3431326e-03   5.2075570e-02
   8.3894361e-02   0.0000000e+00   0.0000000e+00  -2.4232123e-02  -1.6950845e-02   2.4257152e-02   1.1391400e-01   1.1615976e-01  -1.6524771e-02  -4.1457379e-02   7.9451073e-02  -5.2332711e-03  -5.1448732e-02   1.3260211e-02   1.0748963e-01  -2.4719906e-02  -6.5077478e-02   5.5144380e-02   7.9968972e-02  -3.3311269e-02  -1.2909659e-02  -3.1938139e-02   1.1544292e-01   3.6708981e-02  -1.0422658e-01  -1.2631234e-01  -8.4540964e-02  -6.4380383e-02  -6.7007332e-02  -3.5417108e-03  -1.2590289e-02  -1.4177166e-02  -1.1621261e-01   2.0577896e-02  -6.5219518e-02  -2.6909246e-02  -3.4447215e-02  -1.1123323e-01  -1.2715704e-01   1.0595286e-01  -6.0511532e-02  -5.1816522e-02  -3.8832792e-02  -7.1128795e-02  -6.2251396e-02  -6.1322215e-02   2.3151593e-02   7.1493741e-02  -1.6176871e-02  -7.0742773e-02   6.5173128e-02  -1.8252391e-02  -5.3992962e-02   1.7791197e-02  -7.8538006e-02  -9.1207690e-02  -7.0881529e-02   6.4776894e-02  -1.1673694e-02  -3.9624396e-02  -9.6618000e-02  -1.2872566e-01  -7.7192241e-02  -5.4856641e-02   3.3923106e-02  -3.8074961e-03   8.3419002e-02   1.7032001e-01   5.4265568e-02  -1.4122622e-01   6.6944904e-02   1.8432822e-01   8.6655542e-03   3.7108813e-02  -1.1645694e-01   1.6142944e-01   2.7224810e-02  -3.3534963e-03  -1.4445730e-01   1.4480398e-01   1.1306932e-01   1.3698991e-01   2.4134827e-02   6.1021721e-02  -5.9008048e-04  -1.1416818e-01   1.1671624e-01   1.3892423e-01   3.5768403e-02   9.0243143e-02   1.3070500e-01  -1.2697472e-01  -1.3738492e-01  -1.1331284e-01  -1.6887621e-02   3.1138250e-02  -1.0144460e-01  -1.0028602e-01  -2.6990821e-03  -1.9543097e-01  -7.7792090e-02  -1.3463355e-01   8.5340579e-02  -7.7274420e-02  -7.2313734e-02   4.5384300e-02  -7.9591270e-03   1.4604951e-02  -8.5285393e-02  -4.4266736e-02   6.4242683e-02  -4.1836142e-02  -1.0442904e-01  -2.1758472e-01  -1.6921148e-01   2.9379374e-02   3.8091492e-02   1.4327483e-01
   0.0000000e+00   0.0000000e+00   0.0000000e+00   0.0000000e+00   0.0000000e+00   0.0000000e+00   0.0000000e+00   0.0000000e+00   0.0000000e+00   0.0000000e+00   0.0000000e+00   0.0000000e+00   0.0000000e+00   0.0000000e+00   0.0000000e+00   0.0000000e+00   0.0000000e+00   0.0000000e+00   0.0000000e+00   0.0000000e+00   0.0000000e+00   0.0000000e+00   0.0000000e+00   0.0000000e+00   0.0000000e+00   0.0000000e+00   0.0000000e+00   0.0000000e+00   0.0000000e+00   0.0000000e+00   0.0000000e+00   0.0000000e+00   0.0000000e+00   0.0000000e+00   0.0000000e+00   0.0000000e+00   0.0000000e+00   0.0000000e+00   0.0000000e+00   0.0000000e+00   0.0000000e+00   0.0000000e+00   0.0000000e+00   0.0000000e+00   0.0000000e+00   0.0000000e+00   0.0000000e+00   0.0000000e+00   0.0000000e+00   0.0000000e+00   0.0000000e+00   0.0000000e+00   0.0000000e+00   0.0000000e+00   0.0000000e+00   0.0000000e+00   0.0000000e+00   0.0000000e+00   0.0000000e+00   0.0000000e+00   0.0000000e+00   0.0000000e+00   0.0000000e+00   0.0000000e+00   0.0000000e+00   0.0000000e+00   0.0000000e+00   0.0000000e+00   0.0000000e+00   0.0000000e+00   0.0000000e+00   0.0000000e+00   0.0000000e+00   0.0000000e+00   0.0000000e+00   0.0000000e+00   0.0000000e+00   0.0000000e+00   0.0000000e+00   0.0000000e+00   0.0000000e+00   0.0000000e+00   0.0000000e+00   0.0000000e+00   0.0000000e+00   0.0000000e+00   0.0000000e+00   0.0000000e+00   0.0000000e+00   0.0000000e+00   0.0000000e+00   0.0000000e+00   0.0000000e+00   0.0000000e+00   0.0000000e+00   0.0000000e+00   0.0000000e+00   0.0000000e+00   0.0000000e+00   0.0000000e+00   0.0000000e+00   0.0000000e+00   0.0000000e+00   0.0000000e+00   0.0000000e+00   0.0000000e+00   0.0000000e+00   0.0000000e+00   0.0000000e+00   0.0000000e+00   0.0000000e+00   0.0000000e+00   0.0000000e+00   0.0000000e+00   0.0000000e+00   0.0000000e+00   0.0000000e+00   0.0000000e+00
   7.9106026e-02  -2.4232123e-02   0.0000000e+00   0.0000000e+00  -3.4546484e-02  -2.3098455e-03   1.5506927e-01   1.6387602e-01   2.4869947e-03   1.2102079e-01   1.7610529e-01   8.2649779e-02   1.3951893e-01   1.1901632e-01   9.3307908e-02   1.3505249e-01  -2.1473409e-02   6.6412395e-03   4.1800626e-02   1.0187829e-01   1.3364504e-01   1.7592517e-02   2.5935718e-01   1.9728052e-01   8.1520292e-02   3.8245497e-02   1.6454584e-02   1.7456478e-01   9.8220705e-02   1.7856648e-01   5.9798813e-02   5.2418184e-02  -4.6863778e-02   5.7855180e-02   8.5041473e-02   1.9620832e-01   2.0225057e-01   9.6829797e-02   2.8251149e-02   2.1741081e-01   2.1980393e-01   1.2721144e-01   2.6845192e-02   2.0092649e-01   4.8532739e-02   2.0615963e-01   3.7064827e-02   7.6864180e-02   1.2006928e-03  -5.0746158e-02  -1.0160632e-01  -3.4596261e-02   8.6606243e-02   1.2050371e-01   1.0651611e-01   6.6572942e-02  -4.5999910e-02   1.0952500e-01   1.1732410e-02   1.8348110e-02   2.0150108e-02  -3.4725029e-02   6.9522983e-02  -1.1538737e-02   5.7543202e-02  -3.4879786e-02   6.8759057e-02   3.8828011e-02   9.5669291e-02  -5.1492444e-02   7.9103926e-02   1.5438997e-02  -3.7533918e-03  -5.5411662e-02   7.7041960e-02   3.8818515e-02  -2.1693148e-02  -2.4835022e-02  -9.2205179e-02   1.8372056e-02  -8.5019126e-02   7.5573719e-02  -2.6644081e-02  -4.8576990e-02  -4.5106093e-02  -1.2670709e-01   1.8006489e-02  -5.2612335e-02  -4.4061406e-02   6.1510865e-02   6.6232911e-02  -2.0043197e-02  -9.2401490e-02  -8.4195316e-02   1.8045028e-02   6.6911542e-02  -5.1845638e-02   1.4756853e-02   1.2927447e-02   2.5832961e-02  -1.0603621e-01  -8.0085625e-02  -6.6022455e-02  -9.8971185e-03  -1.9856570e-02   5.9240816e-02   1.3276843e-01   1.3967174e-02   5.3217133e-02  -2.1474713e-04  -1.4291172e-02   8.6932053e-02   1.3168318e-01   4.6703087e-02  -1.4433487e-01   5.7608127e-02  -3.4851015e-02   2.6805686e-02
  -1.0505487e-02  -1.6950845e-02   0.0000000e+00  -3.4546484e-02   0.0000000e+00   2.7369812e-01   1.1877400e-01  -1.0048428e-01  -9.6071853e-02   3.0394429e-02   1.1347405e-01   5.1348548e-02   1.2201244e-01  -3.8659385e-02   1.2934540e-01   1.3450017e-02   1.8156928e-01   2.0742032e-01   1.0203033e-01   2.4301394e-01   3.6081331e-02   5.7181381e-02  -1.0309594e-01  -8.7685155e-02   1.5473521e-01  -8.2265849e-02   3.5849875e-01   4.7169949e-02   4.1987967e-02   3.6267728e-02   1.8926343e-01  -3.0195402e-02   1.3306345e-01   1.3275230e-01  -3.6323769e-02   4.7491412e-02   1.1400237e-01  -2.4477458e-02   3.7388054e-02   2.2209242e-02  -2.1272057e-02  -2.0546843e-02   1.7384231e-01  -3.7530080e-02  -9.6259684e-02   1.6399024e-02   5.6229291e-01   8.5596067e-02   1.0681636e-01   2.3411128e-01   2.4955102e-01   2.6691978e-02   2.6519057e-02   5.0527468e-02  -8.1946213e-03   7.2454375e-02   1.3387208e-01  -3.4980050e-02   5.0644858e-03   3.1812968e-03  -3.2058706e-02   2.9295876e-02  -3.5331691e-02   1.2898073e-01  -1.0668784e-01   3.3115412e-01  -1.5597078e-01   1.0624729e-01  -3.5838394e-02   1.2212224e-01  -1.7746294e-01   2.9477499e-01   5.7053289e-02   1.7017868e-01  -6.5697181e-02  -2.3194929e-01  -2.6118084e-01  -4.2911321e-02   9.5862620e-02  -1.9621762e-01   2.6591233e-01   1.1562959e-01   1.9455099e-01   2.1927872e-01  -7.4185084e-03   1.4940338e-01   1.4110256e-01  -1.1186963e-01   3.1112084e-01  -2.9880174e-02   6.3353554e-02   7.3515077e-02   1.1206383e-01  -5.0137885e-02   6.4584702e-02  -3.8615760e-02  -1.8056776e-01  -1.6225975e-01  -1.1828068e-01  -1.5929112e-01   1.3110499e-01  -1.2126447e-01  -1.1177518e-01  -2.1665874e-02  -1.7802345e-01  -1.6130410e-01  -1.3088283e-01  -1.4939359e-01  -2.1045495e-01  -5.1214349e-02  -7.0598979e-02   4.0279758e-02   5.4706056e-02   1.2444513e-01   3.0258850e-01  -1.1077744e-01  -1.6213931e-01  -7.7536473e-02
  -6.3447359e-02   2.4257152e-02   0.0000000e+00  -2.3098455e-03   2.7369812e-01   0.0000000e+00   1.6148711e-01  -1.4313365e-02  -1.0781905e-01  -3.9224414e-02   7.4116936e-02   5.2911112e-02   1.6984936e-01  -8.8520418e-02   2.4131955e-01   6.7604601e-02   1.3466332e-01   2.0567122e-01   7.8815389e-02   3.7061060e-01  -2.6336220e-02  -2.7822862e-02  -2.7170502e-02  -6.9777487e-02   3.1224746e-02  -9.9180942e-02   2.4279789e-01  -8.0894732e-02   1.3479697e-01   1.5980256e-02   2.7656969e-01  -1.1490546e-01  -1.2503599e-02   1.0805362e-01  -5.5483853e-02  -1.7574395e-02   1.0361160e-01  -7.7837531e-02  -1.3122344e-01   1.1786212e-01  -1.3206277e-01   4.2478503e-02   4.6559976e-02  -5.2841213e-02  -1.1063369e-01   2.6445817e-03   1.6610825e-01   8.1866356e-02   6.8078911e-02   2.8956120e-01   1.7871802e-01  -7.5374476e-03  -1.3238829e-02   2.2524468e-02  -1.1702303e-02   9.9244688e-02  -2.9195321e-02   1.2976091e-01   8.0026224e-02  -1.9660206e-02  -1.1580742e-01  -9.6831410e-02  -1.4531282e-01   1.1249328e-01   8.1570285e-02   2.2088163e-01   2.8799922e-02   2.1207532e-01   1.7540910e-01   9.9531904e-02  -7.8136924e-02   1.5605605e-01  -1.2005367e-01  -7.1881178e-03  -5.7089629e-02  -6.8359606e-02  -9.6732574e-02  -5.5033304e-03   1.2403485e-01  -4.7711274e-02   3.6723775e-01   2.1411016e-01   2.8325562e-01   3.0653143e-01  -8.7504359e-02   1.5434350e-01   3.4503710e-01   8.7542007e-02   3.9966506e-01   1.6666540e-02   1.9522714e-01  -3.4608046e-02  -4.7064662e-02  -1.1056873e-01   7.7090817e-02   2.8191993e-02  -8.4254950e-02  -2.2781201e-01  -1.0595215e-01  -1.5613229e-01  -8.1164598e-02  -1.8338173e-01   4.9339245e-03  -2.5951740e-02  -9.9433194e-02   4.7625763e-02   4.5826605e-02   1.3379638e-01  -5.7492543e-02   6.8857244e-02   9.0159731e-02  -3.5563743e-02   1.0553521e-01   9.9045874e-02   1.5813780e-01  -2.9379192e-02  -8.2985201e-02   1.7663179e-01
   3.2735756e-01   1.1391400e-01   0.0000000e+00   1.5506927e-01   1.1877400e-01   1.6148711e-01   0.0000000e+00   1.0755970e-01  -1.1237959e-01   1.1906504e-01   4.8854344e-01  -5.0830175e-02   3.2858245e-01   3.4895628e-02   3.2208864e-01   3.4892499e-01  -5.6972404e-02   9.6876055e-02   3.2165997e-01   2.1612179e-01   1.4018798e-01   1.0912726e-01   2.2975696e-01   1.1412195e-01   1.9934801e-01  -5.1965889e-02   9.9509780e-02   2.0825542e-01   1.4406256e-01   2.3808398e-01  -1.4099251e-03   1.1398935e-02   6.6894056e-02   2.6382633e-01  -2.8603933e-02   4.1929143e-01   5.2052612e-01   7.2543676e-02   1.1725629e-02   3.1402855e-01   7.0717149e-02   2.0843720e-01   5.2699749e-03   8.8201472e-02   2.6563215e-02   2.7620029e-01   2.1706985e-01   2.1923440e-01   4.5439095e-02   1.0946994e-01   4.3333066e-02   1.9534513e-01   5.3874349e-02   3.7242464e-01   2.2963853e-01   1.7048783e-01  -5.1588898e-02   7.7171606e-02   2.3504263e-01  -8.2360620e-02  -1.9572489e-01  -1.9892887e-01  -1.5076915e-02   2.2782868e-01  -1.7554402e-02   3.1597714e-01   1.1817056e-02   3.4122051e-01   7.2530973e-02  -1.2061697e-01   6.2948741e-03   1.1554805e-01   4.8274057e-02   1.1329965e-01   2.2149260e-02   1.1814356e-02  -1.1828211e-01  -1.6696368e-02  -2.1712520e-01   1.6465641e-02   2.7232618e-02   1.5236904e-01   8.1011558e-02   5.4547895e-02   2.2130129e-02  -6.5615408e-02   1.9462626e-01   2.3779476e-02   1.2904740e-01   2.0883338e-01   2.0794273e-02  -1.8462040e-01  -1.1744704e-01  -1.3525806e-01   5.8686738e-02   2.7553272e-02  -1.6571787e-01  -1.7669830e-01  -2.0430728e-01  -1.0178552e-01  -1.5383510e-01  -1.3863801e-01  -2.2007646e-01  -1.8513573e-01   2.7233496e-04   1.8785751e-02   1.1117083e-01   1.3150487e-01   3.4559173e-03   2.2015643e-01   7.0427449e-02   1.4875186e-01   1.4561302e-01   1.3943949e-01   2.4635004e-02  -1.2341653e-01  -1.3199917e-01   1.1321639e-01
   2.3915961e-01   1.1615976e-01   0.0000000e+00   1.6387602e-01  -1.0048428e-01  -1.4313365e-02   1.0755970e-01   0.0000000e+00   1.9810456e-01   4.1675720e-02   4.7272375e-02   7.0397350e-02  -1.5292370e-02   2.6231045e-01  -2.4842916e-02   4.0682307e-02  -8.1483301e-02  -1.3301677e-01   6.4036842e-02  -7.0550990e-02  -1.3370873e-02  -6.5575378e-02   1.5337030e-01   5.1730293e-02  -7.0573527e-02   2.9171732e-02  -1.6375421e-01   8.3965137e-02  -1.1207505e-01  -7.6628239e-02  -1.0970984e-01  -4.0725563e-02  -2.4368784e-01  -1.6137778e-01  -1.8708891e-01   5.6511124e-03  -2.9977350e-03  -6.0433289e-02  -1.9033259e-01   1.4522042e-01   6.6624933e-02  -6.1239769e-02  -2.3880773e-01   8.3726214e-03   1.1289848e-01  -4.8277594e-02   8.2574088e-03   5.6594112e-02  -1.1114950e-01  -1.3491775e-01  -1.4839777e-01  -1.3010043e-01  -1.2174261e-01   2.2245300e-01   9.4725969e-03  -8.2151011e-03  -4.5620273e-02  -1.8837668e-03  -6.3315333e-02  -3.6385298e-03  -6.6689068e-02  -9.5202664e-02  -2.4432087e-02  -1.6965128e-01  -1.4144071e-01  -9.6072676e-02   1.0540639e-01   3.7528604e-02   1.3554761e-01  -1.7495972e-01   2.3195430e-01   9.7715241e-02  -9.0680736e-03  -1.0145865e-02   1.5295568e-01   2.8171933e-01   2.8342243e-01   1.4578973e-01  -7.2531942e-02   2.1718554e-01  -1.0552735e-01  -2.3838265e-02  -8.7002113e-02  -3.5187454e-02   1.3099682e-02  -1.3905744e-01   4.8619422e-02   8.2294129e-02  -4.8066124e-02   1.2880309e-01   6.5763794e-03   1.0848431e-02  -1.1694469e-01  -5.9909615e-03  -5.7485251e-02   8.8465104e-02  -1.1836056e-01  -1.8780344e-01  -1.0883916e-01  -5.1103166e-02  -1.2481799e-01   5.2734735e-02  -2.6955998e-02  -5.2911661e-02   8.4034643e-02   5.2956201e-02   2.0200471e-01   1.2100727e-01   1.1738885e-01  -7.6333920e-03  -2.9823689e-02   4.8218302e-02   1.2313241e-01  -8.1273681e-03  -6.3412808e-02   3.7161476e-01   2.2489321e-01   4.4193389e-03
   1.1548753e-01  -1.6524771e-02   0.0000000e+00   2.4869947e-03  -9.6071853e-02  -1.0781905e-01  -1.1237959e-01   1.9810456e-01   0.0000000e+00   5.2586881e-02  -8.9639004e-02  -1.3490282e-02  -2.4587790e-01  -1.7406751e-02  -7.4539241e-02  -1.1280185e-02  -7.5000991e-02  -1.4854778e-01  -8.3026423e-02  -1.4610062e-01  -1.1340097e-02  -7.9959804e-02   2.7188712e-02   3.5804929e-02  -1.2074967e-01  -8.1281386e-03  -1.9920324e-01   2.5208681e-02  -9.6639252e-02  -1.7649949e-01  -2.4659694e-01  -6.8644703e-03  -8.0795833e-02  -1.7404007e-01  -4.1424565e-03  -5.3194255e-02  -1.5790304e-01   1.7079179e-01  -5.5151242e-02  -2.0108720e-02   1.7592012e-01  -5.5265875e-02  -8.3127299e-02   2.0882011e-02   4.3294497e-02  -4.1188652e-02  -9.7423722e-02  -1.0809010e-01   6.6075617e-02  -2.7375664e-02  -2.7707604e-02  -5.5481740e-02   3.2660084e-02   1.4106300e-02   2.7477565e-02   1.2060709e-01  -5.0506483e-02   4.7435423e-02  -1.7794651e-01  -1.2568530e-01   9.6483712e-04   1.4621043e-02  -6.5489437e-02  -9.7758832e-02   2.1128915e-02  -1.2204366e-01   2.0379486e-01  -1.9918015e-01  -4.4348364e-02   4.0067536e-02  -6.0522174e-02  -6.5715393e-03   6.7608991e-02  -2.0728342e-02   1.5857837e-02   5.1897333e-02   3.0631905e-01   6.7018800e-02  -3.4584141e-02  -1.2741677e-02  -2.6189753e-01  -2.2196399e-01  -1.4494598e-01  -2.5708472e-01  -7.1638658e-02  -6.3859870e-02  -1.1658777e-01  -1.1368092e-01  -6.5485436e-02  -3.8747211e-02   8.9357874e-03   4.4314564e-02   6.8523579e-02   1.4373911e-01  -2.2176437e-02   1.9044935e-01   1.5125157e-01   9.1648095e-02   1.1206914e-01   8.6364382e-02  -5.2506573e-04   2.4351799e-01   1.8958699e-01  -2.6035967e-02   4.0666713e-02   4.4398135e-02   1.7057834e-01   1.1017159e-01   9.2003397e-02   3.0401615e-02   2.6989558e-01   4.7558313e-02   6.9063442e-02  -1.1354364e-02   4.6868954e-02   4.0416165e-02   9.6010213e-02  -5.2808953e-02
   2.7710595e-01  -4.1457379e-02   0.0000000e+00   1.2102079e-01   3.0394429e-02  -3.9224414e-02   1.1906504e-01   4.1675720e-02   5.2586881e-02   0.0000000e+00   2.4744162e-01   3.7040211e-01   1.1522095e-01   1.9630466e-02   9.1978473e-02   2.1309059e-01   3.8345229e-02   1.2647613e-02   3.5268272e-02   1.7599006e-01   3.5355786e-01   2.1985216e-01   2.1920183e-01   2.2523191e-01   2.2424258e-01  -1.2795405e-01   2.8861189e-02   2.1546459e-01   1.4696205e-01   2.5492826e-01   9.7355632e-04   1.1646841e-01   6.9192569e-02   1.8907164e-01   1.9897149e-01   3.0012594e-01   3.2264689e-01   7.1869578e-02   1.3039615e-01   1.7937497e-01   1.2455712e-01   1.6816065e-01   1.3911569e-01   6.1705956e-02  -7.6969015e-02   3.9629741e-01   2.0156268e-02   1.5507286e-01   1.6583846e-01   1.0180017e-01  -8.4586375e-02   3.1342455e-02   6.3054358e-03   2.9319941e-02   1.5492462e-01   1.1364619e-01  -1.3097880e-01   1.3454317e-01   1.4920957e-01  -3.5645352e-02  -5.4006928e-02  -1.1524018e-01   1.4202517e-02   3.3548051e-02   3.3978563e-02  -2.1114214e-02  -5.2395872e-03   7.9559008e-02  -9.1810677e-02  -9.4959974e-02  -1.3676588e-01  -3.3854311e-02  -4.2268227e-02  -1.3479905e-01  -8.2202125e-04  -4.6617866e-02  -2.0759778e-01  -2.5076150e-01  -2.5074496e-01  -6.7853544e-02  -1.6754294e-01   1.0036064e-02   1.3285178e-02  -1.7354973e-01  -8.9499621e-02  -1.4374039e-01  -2.3756516e-02  -7.9974098e-02  -1.3158981e-01   6.5160865e-02  -4.5706944e-02  -2.2721944e-01  -7.0646463e-03  -2.5270582e-01  -8.5860224e-02  -3.1918405e-02  -2.4980604e-01  -3.9597000e-02  -1.5006900e-01   2.6980856e-03  -1.9057638e-01  -1.2858940e-01  -1.8437384e-01  -1.0623793e-01  -1.0825380e-01  -5.3742502e-02  -2.3833178e-02   7.3795987e-02  -2.0500451e-02  -4.2661834e-03  -6.1628655e-02   8.4618633e-02   3.4205819e-02   1.1447321e-01  -9.1326998e-02  -4.2488489e-02  -9.8167801e-02   1.0057049e-01
   4.0002526e-01   7.9451073e-02   0.0000000e+00   1.7610529e-01   1.1347405e-01   7.4116936e-02   4.8854344e-01   4.7272375e-02  -8.9639004e-02   2.4744162e-01   0.0000000e+00  -1.3306069e-01   2.9889554e-01   1.4885429e-02   3.6305864e-01   3.8542123e-01  -3.6315683e-02   7.7372272e-02   3.3002878e-01   3.2538438e-01   3.9822109e-01   3.1176741e-01   2.9746828e-01   3.0091454e-01   4.1303365e-01   4.5949185e-02   1.1958731e-01   3.5505348e-01   1.3698788e-01   2.8429542e-01   5.1289722e-02   1.2720196e-01   1.0057953e-01   2.6200245e-01   1.2598340e-01   5.5110180e-01   4.9535448e-01   2.3179572e-01   1.7585398e-01   4.3724287e-01   4.1169476e-01   3.0652721e-01   1.1059304e-01   2.0214226e-01   4.5606523e-02   4.3869514e-01   2.3655915e-01   1.9428905e-01   1.4355523e-01   1.6268523e-01   1.0094220e-02   1.6364588e-01   1.0846214e-01   3.6235503e-01   3.1328313e-01   2.2639119e-01  -1.1001802e-02   1.6333385e-01   2.7448480e-01   1.2015716e-01   2.5070612e-02  -3.2897377e-02   1.3144071e-01   2.8480166e-01   4.0333942e-02   2.3423180e-01  -5.6471702e-02   1.3736086e-01  -1.2791403e-01  -9.0608855e-02  -6.0766619e-02  -7.0155971e-02   2.4782154e-01   2.4664245e-01  -3.8761845e-02  -8.4542056e-02  -1.4640516e-01  -5.9566012e-02  -2.1027416e-01  -1.1752627e-01  -8.6256701e-02   8.1595799e-02   1.7803677e-01  -8.5002648e-02  -7.6041410e-02  -5.6208129e-02   4.4421596e-02  -1.0525266e-01  -2.1864832e-03   1.1790904e-01  -7.4430051e-02  -1.8583088e-01  -4.8541515e-02  -2.1520740e-01   9.8534672e-02   2.6493439e-02  -1.7620004e-01  -4.9518963e-02  -1.6487904e-01  -1.1694344e-01  -1.0631102e-01  -1.6049531e-01  -1.5208899e-01   2.1871900e-03  -9.4221058e-03   2.3741778e-02   7.9519309e-02   1.6981121e-01  -2.5610370e-02   1.2317440e-01  -4.7836544e-02   1.1688561e-01   1.1317795e-01   9.8932421e-02   7.9292362e-02  -1.5369498e-01  -2.2552574e-01   1.1848593e-01
  -1.9409995e-02  -5.2332711e-03   0.0000000e+00   8.2649779e-02   5.1348548e-02   5.2911112e-02  -5.0830175e-02   7.0397350e-02  -1.3490282e-02   3.7040211e-01  -1.3306069e-01   0.0000000e+00   2.5683928e-02  -3.0009441e-02   3.3526220e-02  -1.4163596e-01   1.3180687e-01   2.3184900e-02  -1.4202761e-01   1.0833229e-01   1.4372835e-02  -1.7963968e-01   1.3381301e-01   7.0483999e-02  -8.9740012e-02  -2.0674561e-01  -1.0201936e-01   1.6251842e-02   8.4376925e-02   1.5088010e-02   7.8361289e-02   2.1907469e-02  -2.2820934e-01  -1.1543041e-02   1.5782429e-02  -4.1264240e-02   4.2882638e-02  -5.0571635e-02  -1.9977413e-01   9.0825202e-02  -1.0038288e-01   6.7742448e-03   1.5982968e-02  -4.3924879e-02   6.7843986e-02   4.6459039e-02  -6.8806660e-02   7.7119340e-02  -2.7460466e-03  -1.0715698e-01  -1.3128416e-01  -2.2698641e-01  -1.2051948e-01  -1.3378431e-01  -1.6496317e-01  -9.1397396e-02  -2.1844609e-01   1.4555340e-01   6.9622182e-02  -1.5665247e-02  -5.7144186e-02  -1.4294592e-01  -1.6260858e-01  -1.4169008e-01   1.2669383e-01  -2.4037811e-01   2.0974525e-02   1.4278068e-01   7.9727432e-02  -1.6752155e-01   3.3260450e-02   1.0647710e-01  -5.5119786e-02  -1.1429780e-01   2.6229100e-01   3.6583896e-02  -8.0033407e-02  -2.1366985e-02  -1.5450774e-01   5.7434933e-02   1.5785087e-01   2.3939730e-01   4.8386426e-02   1.0940455e-01  -9.1297109e-02  -3.5016372e-03   2.1456913e-01   1.0316067e-01   9.3668925e-02   1.3701500e-01   2.3859144e-01  -2.8212082e-01  -2.0691711e-02  -9.1963420e-02  -1.9996964e-01  -1.1569683e-02  -7.4899378e-02  -8.1243925e-02  -1.9763347e-02   5.2797967e-02  -1.3357198e-01  -1.3585809e-01   1.5888225e-01  -6.9019139e-02  -2.1719093e-01  -5.4547265e-02   2.3844106e-02  -5.4113527e-02  -7.5149155e-02  -1.3567487e-01  -4.1006808e-04  -6.0336114e-02   6.7217174e-02  -1.1582420e-01  -1.6155158e-01  -5.5147904e-04  -1.8687912e-02   1.8576659e-01
   1.5854212e-02  -5.1448732e-02   0.0000000e+00   1.3951893e-01   1.2201244e-01   1.6984936e-01   3.2858245e-01  -1.5292370e-02  -2.4587790e-01   1.1522095e-01   2.9889554e-01   2.5683928e-02   0.0000000e+00  -3.5010312e-02   4.7070686e-01   3.0558100e-01   2.0450296e-01   2.0332598e-01   1.5279950e-01   4.3301130e-01   2.5793845e-01   2.5211889e-01   1.0847232e-01   1.0130017e-01   2.8563227e-01  -5.7120316e-02   3.1641023e-01   4.4940451e-02   3.9624193e-01   3.8959189e-01   2.7291432e-01  -4.3947593e-02   1.5129634e-01   5.3210764e-01   1.0476592e-01   2.4650261e-01   3.2101959e-01  -3.5272925e-02   2.9316799e-02   6.5302197e-02  -1.8563548e-02   1.9972510e-01   2.6208833e-01   1.7966059e-02  -9.4079874e-02   3.4789127e-01   3.1937367e-01   2.5561766e-01   2.7603893e-01   2.8723442e-01   1.9451799e-01   2.3597943e-01   1.9410722e-02   1.9866862e-01   2.7484177e-01   2.6372213e-01   8.1825844e-02   1.1995580e-01   2.9202208e-01   1.5046566e-02  -2.0253117e-02  -4.0451624e-02   3.7138403e-03   4.1274935e-01   7.9884718e-02   3.4280639e-01   9.9383099e-02   2.2909220e-01   2.2205085e-01   1.9065168e-01  -1.0037076e-01   5.8652384e-02  -1.9854721e-02   3.4726258e-02  -1.0228410e-01  -4.8607887e-02  -3.0981949e-01  -1.4497557e-01  -6.9465773e-02  -9.4792956e-02   1.3901137e-01   1.1443173e-01   7.4571872e-02   2.9493245e-01   7.3605341e-02   1.3270189e-01   1.9771029e-01   2.8940817e-02   2.5119631e-02   2.1592861e-01  -2.3695138e-03  -7.1120480e-02  -3.7591263e-02  -1.4662849e-01   5.7335111e-02  -8.5191153e-02  -1.4863171e-01  -7.9620227e-02  -1.1395065e-01  -3.6938443e-02  -1.1437905e-01  -1.7042684e-01  -2.0358879e-01  -7.1413710e-03   1.2158208e-01   2.5183244e-01   4.1433504e-02   1.8024686e-01   1.2645097e-01   1.8866929e-01   1.0148038e-01   7.5120251e-02   5.4497455e-02   2.0416878e-01   7.4099956e-02  -8.8506425e-02  -7.5377832e-02   1.8122427e-01
   7.3402806e-02   1.3260211e-02   0.0000000e+00   1.1901632e-01  -3.8659385e-02  -8.8520418e-02   3.4895628e-02   2.6231045e-01  -1.7406751e-02   1.9630466e-02   1.4885429e-02  -3.0009441e-02  -3.5010312e-02   0.0000000e+00  -2.3913330e-02  -5.1077214e-02  -1.0219095e-01  -1.7620019e-01  -3.5603122e-03  -1.2424046e-01   9.8560742e-02   2.6380375e-02   2.0417930e-01   1.3453224e-01   2.7422400e-02   2.8672019e-01   5.7868272e-02   4.7637648e-01  -1.2682627e-01  -9.5092820e-02  -1.2007766e-01   1.6364916e-01  -1.2754311e-01  -1.8244290e-01  -1.1796392e-01   8.8682189e-02   1.5959438e-01  -2.0636835e-02  -1.0484181e-02   1.4287302e-01   1.3976675e-01   7.9549040e-04  -1.5890766e-01   6.8973482e-02   3.9137746e-01  -5.4327781e-02   8.2365656e-02   3.1983151e-02  -1.5559088e-01  -1.1971634e-01  -1.2096853e-01  -6.6874755e-02  -7.1514092e-03   1.6115901e-01  -1.0337990e-01  -1.1952308e-01   5.1765488e-02  -1.6653739e-01  -1.2794427e-01   5.6953360e-03  -8.1952117e-03   1.8300088e-02   4.2116550e-01  -1.3269873e-01  -1.7614029e-01  -8.8579088e-02  -8.5751526e-02  -1.0367323e-01  -1.1578025e-01  -7.3755823e-02   3.6345956e-01   9.6802756e-02   1.0679562e-01   1.5202650e-01  -9.8780563e-03   1.1116345e-02   8.3894575e-02   1.7105779e-01   8.5892872e-02   1.2483689e-01  -8.7361414e-02   9.7779976e-02  -3.6732251e-02  -5.1540785e-02   1.6701586e-03  -2.5575280e-01  -1.6262375e-01   1.1051610e-02  -1.5612605e-01  -7.4777087e-02  -1.3379358e-01   3.1966053e-01  -1.1438174e-01   6.8085139e-02  -3.2705992e-02  -3.2249344e-02  -4.4427244e-02  -1.2116101e-01  -1.0740554e-01  -1.0844480e-01   3.2184490e-02   1.3081528e-01  -1.3475752e-01   2.3322138e-02   6.9391270e-02  -1.8372376e-01   1.4349921e-02  -2.1839077e-02  -9.3657930e-03  -9.8284155e-02  -2.1128524e-01   3.3542592e-02   5.5981349e-02  -3.6826604e-02   6.1503066e-03   4.2255081e-01   1.0351010e-01  -1.2617706e-01
   1.4544375e-01   1.0748963e-01   0.0000000e+00   9.3307908e-02   1.2934540e-01   2.4131955e-01   3.2208864e-01  -2.4842916e-02  -7.4539241e-02   9.1978473e-02   3.6305864e-01   3.3526220e-02   4.7070686e-01  -2.3913330e-02   0.0000000e+00   3.8057601e-01   5.8300595e-02   1.4427430e-01   2.3006204e-01   2.5147419e-01   2.6143924e-01   1.9233170e-01   1.1568397e-01   1.0415377e-01   2.2855703e-01  -9.0665984e-02   1.8829803e-01   9.0303431e-02   3.7453820e-01   2.4281867e-01   1.4543439e-01   5.0945483e-02   1.5382978e-01   4.8933346e-01   1.7483825e-01   3.8289488e-01   4.3902080e-01   7.9901564e-02  -3.5226667e-03   1.7753958e-01   5.9417114e-02   3.2883684e-01   1.6727758e-01   9.3809827e-02  -1.2999772e-01   4.0078144e-01   2.7990094e-01   3.2971065e-01   2.6733091e-01   3.0337243e-01   1.4512929e-01   2.3672658e-01   7.8561496e-02   2.7905806e-01   2.2463686e-01   3.6199021e-01  -4.0609992e-02   2.4428915e-01   3.6779334e-01  -7.4058994e-02  -1.4041835e-01  -1.4485363e-01  -2.8199901e-02   4.4835826e-01   1.2739306e-01   3.6279416e-01   1.9150774e-01   1.7586468e-01   3.3730586e-02   5.1188632e-02  -5.3901828e-02   2.7732310e-02   9.4279999e-02   7.4380338e-02  -9.3139112e-02  -7.0379165e-02  -2.2071611e-01  -5.6587614e-02  -1.5516034e-01  -1.6847151e-01   3.9610126e-02   6.4519401e-02  -1.0254357e-03   3.9734685e-02  -2.2275368e-02   3.5992250e-02   1.3644162e-01   3.8150095e-03   8.5176930e-02  -2.8895935e-02  -3.0409561e-02  -1.3872436e-01  -2.0196442e-01  -2.5369161e-01   1.5703700e-01   7.6908205e-02  -7.4356810e-02  -1.2489984e-01  -1.3294960e-01  -7.7246381e-02  -1.9276211e-01  -1.8666067e-01  -8.9558252e-02  -1.0797393e-02   2.7324912e-02   2.1954320e-01   8.8869669e-02   2.3271668e-01   8.1732488e-02   2.9089680e-01   2.0221147e-01   9.5928346e-02   2.4120737e-01   2.9788919e-01   2.3765574e-01  -9.9905133e-02  -2.1438943e-01   8.3612533e-02
   1.5985007e-01  -2.4719906e-02   0.0000000e+00   1.3505249e-01   1.3450017e-02   6.7604601e-02   3.4892499e-01   4.0682307e-02  -1.1280185e-02   2.1309059e-01   3.8542123e-01  -1.4163596e-01   3.0558100e-01  -5.1077214e-02   3.8057601e-01   0.0000000e+00  -4.3755356e-03   9.9477165e-02   3.1249751e-01   2.6825748e-01   3.5729924e-01   4.5472616e-01   1.7687925e-01   9.2452732e-02   4.4059180e-01   3.8641886e-02   2.5866400e-01   2.3655612e-01   3.7300417e-01   3.1958038e-01   1.2107117e-01   6.6866387e-02   3.5116075e-01   3.6053147e-01   2.0610161e-01   5.7524002e-01   5.0597227e-01   1.7082186e-01   2.0130242e-01   1.1026010e-01   1.6924562e-01   3.9247247e-01   1.4447996e-01   2.3225397e-01  -1.5634687e-01   5.7133549e-01   2.3770227e-01   1.8229453e-01   3.1940705e-01   4.5268293e-01   1.6086058e-01   4.5807201e-01   2.6769085e-01   3.4767260e-01   6.1711015e-01   4.7315466e-01   1.4585155e-01   1.0219026e-01   3.3045454e-01  -1.2038999e-01  -4.3425936e-02  -4.0919576e-03   6.2692986e-02   4.1092590e-01   9.1570183e-02   3.7892545e-01   6.8624241e-02   7.4816900e-02   1.6663275e-02   1.6016673e-01  -9.4210722e-02  -1.8072545e-01  -1.0707811e-01  -1.2193583e-01  -1.4376272e-01  -1.9494172e-01  -1.4545201e-01  -5.6400267e-02  -1.2737323e-01  -2.2498590e-01  -2.3703953e-01  -1.1875354e-01  -4.4995031e-02  -9.0407184e-02   7.2772942e-02   3.4078525e-02  -3.2700919e-02  -2.5229337e-01  -4.3195020e-02  -2.3425567e-02  -1.8310567e-01   5.3339587e-03  -1.6452154e-01  -1.0572494e-01   1.9383414e-01   1.1784707e-01  -5.2261029e-02   4.5409737e-02  -1.5232577e-01   1.3254105e-02  -8.2261207e-02  -1.2639402e-01  -2.7658892e-01  -4.4152326e-02   2.0102569e-01   1.9763562e-01   1.3223734e-01   3.3416750e-01   3.1167701e-01   5.5291314e-01   1.4800171e-01   1.4112477e-01   5.7853249e-02   3.8005729e-01   5.9568470e-02  -1.4920608e-01  -1.2098977e-01  -1.3262673e-01
  -1.3994481e-01  -6.5077478e-02   0.0000000e+00  -2.1473409e-02   1.8156928e-01   1.3466332e-01  -5.6972404e-02  -8.1483301e-02  -7.5000991e-02   3.8345229e-02  -3.6315683e-02   1.3180687e-01   2.0450296e-01  -1.0219095e-01   5.8300595e-02  -4.3755356e-03   0.0000000e+00   2.9695309e-01   3.6748427e-02   1.6373446e-01   3.6784925e-02   4.1808657e-02  -1.1684691e-01  -1.2459916e-01   4.7987530e-02  -4.6697835e-02   1.7132545e-01  -1.7953373e-01   1.5913348e-01   5.3040548e-02   2.2172451e-01  -1.3230966e-01   1.4297937e-01   2.6173724e-01   7.0841515e-04  -1.1379610e-01  -6.3529912e-02  -1.1306131e-01  -2.9892112e-02  -5.1477821e-02  -1.1257310e-01  -2.2862701e-02   1.4518181e-01  -4.8125067e-03  -8.5414869e-02   4.1370691e-03   1.1626277e-01   1.9446391e-01   1.2270350e-01   1.4188271e-01   1.2656880e-01   3.5860495e-02  -2.5173778e-02  -2.7232085e-02   1.5860195e-02   2.8194185e-02   1.3049562e-01  -5.8317313e-02   2.0759368e-03   1.6371236e-02   5.2334957e-02   6.2403190e-02  -2.9909291e-02   9.5925774e-02  -3.4974045e-02   1.2107653e-01   1.1032317e-01   8.9539943e-02   1.1170686e-01   1.7529080e-01  -1.5512822e-01   1.1855924e-01  -9.3114455e-03   6.2990284e-04  -1.3951336e-01  -4.5836600e-02  -2.9581501e-01  -5.2891941e-02   1.3062771e-01  -7.8183501e-02   1.6271048e-01   3.3627174e-02   4.4085941e-02   2.5596283e-01   1.0838241e-01   2.1408925e-01   1.4637301e-01   2.9683846e-02   1.3113447e-01  -1.4355970e-03   6.5156474e-02   5.7057451e-02  -4.0124889e-02   1.3324134e-01   7.9001585e-02  -1.3265199e-02  -5.4836374e-02  -2.3185992e-02   8.5591456e-02   1.0435731e-02   5.7424288e-02  -3.7514835e-02   1.5752078e-02   1.4716503e-01   4.9139231e-02   3.4480712e-02  -6.4376680e-02   3.3522527e-02   1.3015133e-02   2.8183480e-02   1.0338369e-01  -1.5326959e-01  -8.7873988e-02  -7.2391142e-02   4.6044564e-02  -2.3223424e-02  -4.2669417e-02   2.1636381e-02
  -1.1694601e-01   5.5144380e-02   0.0000000e+00   6.6412395e-03   2.0742032e-01   2.0567122e-01   9.6876055e-02  -1.3301677e-01  -1.4854778e-01   1.2647613e-02   7.7372272e-02   2.3184900e-02   2.0332598e-01  -1.7620019e-01   1.4427430e-01   9.9477165e-02   2.9695309e-01   0.0000000e+00   1.3779500e-01   2.9904096e-01   2.0081973e-02   6.0923242e-03  -1.4754151e-01  -1.3895731e-01   2.5147186e-02  -9.8088785e-02   1.3710422e-01  -1.8370303e-01   2.7959372e-01   2.5776380e-01   3.0152421e-01  -2.4040578e-02   1.6983656e-01   3.3444250e-01   1.4860277e-01   2.8386075e-02   2.6739027e-02  -2.9375607e-02   6.7345764e-02   3.9841389e-02  -1.0926296e-01   4.5854525e-02   2.0623451e-01   6.5970793e-03  -1.6951844e-01   1.1817720e-01   9.8497288e-02   1.9789940e-01   3.0186026e-01   1.8452194e-01   2.3886816e-01   8.9773965e-02   7.3180644e-02  -1.5301523e-02   1.4394502e-01   1.9417553e-01   1.2031907e-01   7.9983658e-02   1.4293870e-01  -3.7453064e-02   1.1193259e-02  -2.0024729e-02  -1.2534894e-01   3.1685791e-01   1.8079457e-01   3.0367316e-01   7.8843138e-02   9.3507680e-02   2.2792517e-01   2.4026071e-01  -2.2674283e-01   7.9135720e-02  -4.9050514e-02   7.0374738e-03  -1.2219657e-01  -9.4278600e-02  -2.1979593e-01  -1.8504345e-01   6.7085762e-02  -1.1970153e-01   2.0214063e-01   5.0991756e-02   8.1743386e-02   2.5712855e-01   4.1668556e-02   2.7890574e-01   2.8159795e-01   9.6549856e-03   1.4407101e-01   1.0882821e-02   1.9923678e-01  -2.1116965e-02  -1.0308530e-03  -7.3778772e-02   1.0522696e-01   2.9444262e-02   2.4280834e-02  -2.9195600e-03   4.3765422e-02  -2.4241867e-02   1.4753330e-02  -2.0026113e-01  -3.3419636e-02   1.9110591e-02  -7.8396174e-02   6.2401044e-02  -7.5846329e-02  -4.3923306e-02  -5.4419447e-02   1.1830108e-01   1.7851677e-01   8.0369397e-02  -4.0128357e-02   9.9062206e-02   1.4535484e-01  -1.4574990e-01  -8.2169584e-02   9.7703536e-02
   3.0931812e-01   7.9968972e-02   0.0000000e+00   4.1800626e-02   1.0203033e-01   7.8815389e-02   3.2165997e-01   6.4036842e-02  -8.3026423e-02   3.5268272e-02   3.3002878e-01  -1.4202761e-01   1.5279950e-01  -3.5603122e-03   2.3006204e-01   3.1249751e-01   3.6748427e-02   1.3779500e-01   0.0000000e+00   2.0042798e-01   2.8836176e-01   2.2378642e-01   6.8908542e-02   6.5416400e-02   2.9819881e-01   1.1289335e-01   1.2587311e-01   1.1459737e-01   1.3283330e-01   1.0681850e-01   4.4773387e-02   6.5349687e-02   1.9108339e-01   1.9741746e-01   1.6965922e-01   3.3201972e-01   1.9695317e-01   1.6759437e-01   1.8631761e-01   1.8281245e-01   2.0154957e-01   2.2685198e-01   2.0584420e-01   1.8736593e-01  -5.4017608e-02   2.6112238e-01   2.3710028e-01   1.3563292e-01   1.9391360e-01   2.1281920e-01   5.4516811e-02   2.5712438e-01   1.7234013e-01   3.4161902e-01   2.5682708e-01   1.2804112e-01   1.6375938e-01   6.7577424e-02   3.1640665e-01   1.1824312e-01   1.1001528e-01   9.9228535e-02   1.1282221e-01   3.0687896e-01  -2.3512306e-02   3.3811065e-01  -2.6992205e-02   9.1422161e-02  -7.2927968e-02   5.2026064e-02  -3.7416169e-02  -9.5217832e-02   1.4837958e-01   1.4047913e-01  -4.9319210e-02  -5.0762573e-02  -5.5430909e-02   3.4415258e-02  -1.5718242e-02  -6.4943328e-02  -4.1805468e-02  -3.5688998e-02   9.5732660e-02  -3.0930468e-02   8.5290650e-02   1.0852256e-02   1.3945355e-03  -5.0547409e-02   5.4305117e-02  -8.3044104e-03  -1.1023941e-01   2.2406757e-02  -4.8833083e-02   1.1105385e-02   3.3761575e-01   2.2362178e-02  -1.1797149e-01   9.4699248e-02   5.7642990e-02   1.7345780e-02  -6.4681223e-04  -1.1822215e-01  -1.1729318e-01   1.2985356e-01   1.7540270e-01   8.8765353e-02   1.0750829e-01   2.2844813e-01   7.7448318e-02   2.3691760e-01   6.2608200e-02   1.0725890e-01   4.6570229e-02   1.1996155e-01   1.5826456e-01  -7.1842002e-02  -7.5209158e-02  -7.3229112e-02
  -3.7842333e-02  -3.3311269e-02   0.0000000e+00   1.0187829e-01   2.4301394e-01   3.7061060e-01   2.1612179e-01  -7.0550990e-02  -1.4610062e-01   1.7599006e-01   3.2538438e-01   1.0833229e-01   4.3301130e-01  -1.2424046e-01   2.5147419e-01   2.6825748e-01   1.6373446e-01   2.9904096e-01   2.0042798e-01   0.0000000e+00   4.6385243e-01   2.6649719e-01   1.9501533e-01   1.6993866e-01   4.4559905e-01   6.5176246e-02   3.9279869e-01   2.0638184e-01   3.4977391e-01   2.9922184e-01   4.0447083e-01  -2.8536259e-03   7.5141768e-02   3.1981717e-01   1.7567811e-01   2.9327107e-01   3.1696901e-01   1.9110133e-01   9.3408480e-02   2.9080067e-01   1.8828805e-01   2.5921967e-01   2.9467434e-01   1.7626183e-01  -1.3869384e-02   3.7697706e-01   2.9587401e-01   2.2854200e-01   2.9838266e-01   3.0175201e-01   2.0526085e-01   9.5884702e-02   1.0836495e-01   1.0985777e-01   2.1423861e-01   2.6868036e-01   8.8372667e-02   1.2405798e-01   2.1957272e-01   2.0322068e-01   2.2007206e-01   1.0616053e-01   4.1274878e-02   3.0756025e-01   9.1233771e-02   2.0753535e-01  -1.1338076e-01   1.2171358e-01   4.6834624e-02   2.7061648e-01  -9.9308219e-02  -4.6953298e-03   2.3703258e-02   4.7117766e-02  -9.8241009e-02  -3.4130112e-01  -2.1466953e-01  -9.2009170e-02   7.1507274e-03  -1.9500187e-01   2.3177774e-01   2.2753679e-01   4.7990905e-01   4.0242365e-01  -8.7420476e-02   2.2131275e-01   3.3812514e-01  -8.7279357e-02   1.7728727e-01   9.8105258e-02   1.9187778e-01  -1.1735971e-01  -6.7473420e-02  -1.8617891e-01   1.1349151e-01   1.2526650e-02  -2.2459317e-01  -8.9537233e-02  -1.1443093e-01  -1.7040903e-01  -1.3206812e-01  -2.8393440e-01  -8.4247062e-02   1.1309994e-01  -1.3209005e-01   6.1593695e-02  -1.3993974e-02   1.2950621e-01  -9.4347761e-02   9.3822095e-02  -3.0727505e-02   2.3269270e-02   5.3817474e-03   1.0498052e-01   8.5996234e-02  -1.6144533e-01  -8.8155797e-02   2.6606132e-01
   1.5905470e-01  -1.2909659e-02   0.0000000e+00   1.3364504e-01   3.6081331e-02  -2.6336220e-02   1.4018798e-01  -1.3370873e-02  -1.1340097e-02   3.5355786e-01   3.9822109e-01   1.4372835e-02   2.5793845e-01   9.8560742e-02   2.6143924e-01   3.5729924e-01   3.6784925e-02   2.0081973e-02   2.8836176e-01   4.6385243e-01   0.0000000e+00   5.6894732e-01   2.9842118e-01   3.2843237e-01   6.8345884e-01   2.6442256e-01   2.3876742e-01   3.4395804e-01   3.3271998e-01   2.3411801e-01   1.7420538e-01   3.2284903e-01   3.0886825e-01   2.7992366e-01   4.9590517e-01   6.0959981e-01   4.2652010e-01   5.2378124e-01   4.1321447e-01   3.3688545e-01   4.4357012e-01   6.2174807e-01   3.6318014e-01   4.4222790e-01   8.7044444e-03   6.3106621e-01   2.6376652e-01   1.9889934e-01   3.3232935e-01   3.0840898e-01   6.9252896e-02   3.1495391e-01   2.8058010e-01   2.4883726e-01   3.0258766e-01   3.1289903e-01   1.7644114e-01   3.5219575e-02   2.4477098e-01   2.4517984e-01   3.3116613e-01   2.5130460e-01   2.9070015e-01   3.0403392e-01  -2.0039976e-02   2.2195421e-01  -1.3759838e-01  -1.7140139e-01  -2.5344948e-01   1.8399522e-01  -4.5134409e-02  -2.1124459e-01   1.1025397e-01   1.4376726e-02  -1.6067101e-01  -3.6292822e-01  -6.1509013e-02   4.9215611e-02  -1.8357334e-02  -3.2525122e-01  -2.4828552e-01  -1.5049524e-01   1.0240058e-01  -1.7598242e-01  -5.3885615e-03   1.3652776e-02  -2.3300470e-01  -3.0750091e-01  -1.9925818e-01  -1.8715025e-01  -1.9750690e-01   4.6631454e-02  -1.1994927e-01  -7.9909695e-02   2.6522977e-01   7.0472776e-02  -9.7210184e-02   7.1114280e-02  -3.3067196e-02  -7.4900110e-02  -4.5507829e-02  -8.5187319e-02  -1.9843034e-01   2.7147136e-01   1.0570556e-01   5.9709952e-02   9.9472039e-02   3.1505155e-01   1.2068751e-01   2.5064716e-01  -9.3808238e-02  -2.5053966e-02   9.7138007e-03   1.6489218e-01   1.3238782e-01  -1.0012709e-01  -1.8104574e-01  -1.1460846e-01
