   0.0000000e+00   0.0000000e+00   1.1158585e-01  -1.1436659e-01   2.1619304e-02   5.8680802e-02   4.0867309e-01   1.8013306e-01   4.9370140e-02   0.0000000e+00   2.7232421e-01   0.0000000e+00  -7.9291273e-02   9.2989235e-02   7.7435120e-02   1.9296994e-01  -1.1586091e-01  -7.7080981e-02   1.0753560e-01  -2.0305134e-02  -3.2779277e-03   1.3123559e-01   2.3258561e-02  -4.6395610e-03   3.6287061e-02   2.1525398e-01   1.2389440e-03  -3.0391086e-02  -2.3194656e-01  -8.3472601e-02   1.7055591e-02  -1.0793341e-01  -1.4489149e-01  -1.3603552e-01   4.1531570e-02  -6.8919274e-02   1.5544460e-01   5.9984931e-02  -2.0770832e-02   2.9330337e-01   3.5352306e-01  -5.5939665e-02   1.3859786e-01   5.1847884e-02   2.4742512e-02   9.6852857e-02  -7.5917180e-02   1.6704168e-01   7.5074970e-02  -1.1386173e-02   7.9739060e-02  -2.8473541e-02   1.3332664e-01   2.9225723e-02   5.3466804e-02   5.4901824e-02  -2.8701433e-02   4.6299049e-02  -2.5353460e-02   2.1048352e-01   1.4195496e-01   1.4298261e-01   1.5954654e-01   1.3288996e-01  -6.1892636e-02   1.0653605e-02   1.0352533e-01   9.1047066e-02   2.4630379e-01   1.5511267e-01   3.0440109e-01  -2.2987069e-03   5.3670986e-01   1.5593346e-01   0.0000000e+00   1.4063088e-01   1.4214879e-01   1.7656321e-01   1.4603145e-01   8.1698603e-02   4.6713638e-02   1.3701577e-01   5.3630462e-02   3.5449868e-02   5.9876564e-02   1.8150558e-02   6.7534226e-02   7.1881601e-02   9.0273250e-02   5.2353977e-02   1.0958981e-01   2.1425887e-01   2.1016472e-02   8.1090457e-02   5.5742327e-02   1.4116994e-01   1.0790663e-01   7.4534472e-02   1.9817003e-01   1.3886341e-01   3.0611620e-01   2.4464278e-02   2.9773600e-01   8.6796548e-02   9.2317900e-02   3.5404945e-02  -2.2640529e-02   3.5929579e-02   1.5830168e-01   1.8247974e-01   1.9667821e-01   1.1855596e-01   1.7142510e-01   6.0421265e-02   4.7229335e-02   1.5063437e-01   1.7833048e-01   1.6026487e-01
   0.0000000e+00   0.0000000e+00   0.0000000e+00   0.0000000e+00   0.0000000e+00   0.0000000e+00   0.0000000e+00   0.0000000e+00   0.0000000e+00   0.0000000e+00   0.0000000e+00   0.0000000e+00   0.0000000e+00   0.0000000e+00   0.0000000e+00   0.0000000e+00   0.0000000e+00   0.0000000e+00   0.0000000e+00   0.0000000e+00   0.0000000e+00   0.0000000e+00   0.0000000e+00   0.0000000e+00   0.0000000e+00   0.0000000e+00   0.0000000e+00   0.0000000e+00   0.0000000e+00   0.0000000e+00   0.0000000e+00   0.0000000e+00   0.0000000e+00   0.0000000e+00   0.0000000e+00   0.0000000e+00   0.0000000e+00   0.0000000e+00   0.0000000e+00   0.0000000e+00   0.0000000e+00   0.0000000e+00   0.0000000e+00   0.0000000e+00   0.0000000e+00   0.0000000e+00   0.0000000e+00   0.0000000e+00   0.0000000e+00   0.0000000e+00   0.0000000e+00   0.0000000e+00   0.0000000e+00   0.0000000e+00   0.0000000e+00   0.0000000e+00   0.0000000e+00   0.0000000e+00   0.0000000e+00   0.0000000e+00   0.0000000e+00   0.0000000e+00   0.0000000e+00   0.0000000e+00   0.0000000e+00   0.0000000e+00   0.0000000e+00   0.0000000e+00   0.0000000e+00   0.0000000e+00   0.0000000e+00   0.0000000e+00   0.0000000e+00   0.0000000e+00   0.0000000e+00   0.0000000e+00   0.0000000e+00   0.0000000e+00   0.0000000e+00   0.0000000e+00   0.0000000e+00   0.0000000e+00   0.0000000e+00   0.0000000e+00   0.0000000e+00   0.0000000e+00   0.0000000e+00   0.0000000e+00   0.0000000e+00   0.0000000e+00   0.0000000e+00   0.0000000e+00   0.0000000e+00   0.0000000e+00   0.0000000e+00   0.0000000e+00   0.0000000e+00   0.0000000e+00   0.0000000e+00   0.0000000e+00   0.0000000e+00   0.0000000e+00   0.0000000e+00   0.0000000e+00   0.0000000e+00   0.0000000e+00   0.0000000e+00   0.0000000e+00   0.0000000e+00   0.0000000e+00   0.0000000e+00   0.0000000e+00   0.0000000e+00   0.0000000e+00   0.0000000e+00   0.0000000e+00   0.0000000e+00   0.0000000e+00
   1.1158585e-01   0.0000000e+00   0.0000000e+00   2.8236900e-01   1.8217448e-01   1.4659324e-01  -8.1319057e-02   6.1545393e-02  -3.0173534e-02   0.0000000e+00   3.2681049e-01   0.0000000e+00  -3.3487872e-02  -3.5985149e-02   2.4222610e-01   2.6036142e-01   9.0301923e-02   4.2638545e-02   1.2683172e-01   1.2722793e-01   6.0089087e-02   2.9797196e-02  -7.7210355e-02   3.5544848e-02   1.7671618e-02  -3.4118262e-03   2.3929721e-02   5.2864862e-02   8.5659902e-02   3.2485633e-02   2.8661880e-01   1.2695905e-01   2.1497553e-01   1.7881751e-01   1.7094857e-01   1.3817519e-01   8.3695081e-02   6.2596810e-02   1.8506949e-01   1.2745908e-01   5.8259215e-02   6.8822114e-02   4.6599495e-02   9.9778997e-02   3.9459347e-02  -4.0357404e-02   2.4631193e-01   1.3875936e-01  -5.3651680e-03   1.2111789e-02   7.9036174e-02  -1.6071662e-02  -1.7618809e-02   5.6910756e-02   1.3220338e-01   2.5964540e-02  -3.5582768e-02   1.9746412e-03   2.0385525e-01   2.9685322e-02  -1.9423586e-02  -2.3564804e-02  -3.3175054e-02   2.2987609e-01   5.0668257e-02   2.8226361e-01   3.0329651e-02   1.3179833e-01   6.0390310e-02  -7.9339559e-02   7.8579686e-02  -3.6344892e-02  -1.5394982e-01   4.2460873e-02   0.0000000e+00   9.1490153e-02  -1.3777544e-02  -1.0180512e-01  -4.5649625e-02   9.8700452e-02   4.6665689e-04   9.2650772e-02   1.1917549e-01   9.7116520e-02   1.1544141e-01   1.5715369e-01   1.1756761e-01   1.1347417e-01   1.6349300e-01   3.2050880e-02   1.1490407e-02  -8.2956547e-02  -2.0064851e-02  -3.6173519e-03   7.5035756e-03   7.5984662e-03  -3.8848721e-02  -9.2717808e-02  -7.5985943e-02  -1.8404983e-02   9.9255388e-02  -1.1433432e-01   7.5328642e-02  -8.0201420e-02  -9.3763852e-02   5.1634920e-02  -8.7320059e-02  -7.5455068e-02  -1.2231531e-01   4.6607640e-02   1.7056226e-01   2.2088552e-01   2.9836728e-01   1.5346277e-01   2.2079023e-01   1.1811459e-02   1.3617620e-02   1.1407911e-01
  -1.1436659e-01   0.0000000e+00   2.8236900e-01   0.0000000e+00   1.2332611e-01   8.6908365e-02  -1.1878222e-01  -1.8902152e-02  -3.7872656e-02   0.0000000e+00   1.4860810e-01   0.0000000e+00   1.1872295e-01   6.3760988e-03   2.0000380e-01   5.9237541e-02   3.9036961e-02   8.4475058e-02   1.8438886e-01   2.1330328e-01   2.0499214e-01   3.0441151e-02   5.6190409e-02  -3.4485531e-02  -3.2537819e-02   5.7259714e-02   1.8788512e-01   1.0909488e-01   1.3675611e-01   1.1932891e-01   2.9067801e-01   2.7684333e-01   2.2615049e-01   1.3776200e-01   2.1661070e-01   2.1110806e-01  -1.2084008e-01   1.5385025e-01   4.4441156e-02   1.9788060e-01  -8.0821342e-02   8.9734556e-02   5.3124441e-02   8.8135941e-02   1.9235901e-03  -7.1529744e-02   2.4022673e-01   1.8527716e-01  -1.8536454e-02  -8.6155184e-02  -5.5091573e-05   4.0997365e-02  -5.9290858e-02   1.4949228e-01   3.4184205e-02   7.0577490e-02   4.5721090e-02   3.4826797e-02   2.0916141e-01   4.5219206e-03  -1.0025452e-01  -7.9500515e-02  -3.0591999e-02   1.9777879e-01   1.2234702e-01   1.0758945e-01   1.7925233e-02   1.3301094e-01  -4.1263413e-02  -1.2427909e-01  -7.1588600e-02  -6.9503028e-02  -1.4375067e-01   4.5231108e-02   0.0000000e+00   1.8194761e-01  -3.8214022e-02  -9.3814996e-02  -9.6228320e-02   1.4074489e-01  -2.3377317e-02   9.0510835e-03   1.4911260e-01  -4.2055554e-02   7.2180166e-02  -1.5314159e-02  -4.6602878e-02   5.6463526e-02  -1.0016567e-01   9.3710937e-02  -8.5242463e-03  -1.1225797e-01  -5.8244072e-02  -1.1265369e-01  -4.6997706e-03  -7.8986339e-02  -1.2431869e-01   2.6732647e-02  -3.7957443e-02  -4.7142661e-02  -1.0991643e-01   1.4504254e-02  -2.2542760e-01  -6.7667221e-02  -9.2651501e-02   9.4261126e-02   2.3229131e-02  -6.3569340e-02  -2.3761613e-02  -1.1791051e-01  -1.3540313e-02   1.7655435e-01   2.0895877e-01   5.4418060e-02   1.4272789e-01   2.6052356e-02  -4.9777848e-02   1.5883926e-01
   2.1619304e-02   0.0000000e+00   1.8217448e-01   1.2332611e-01   0.0000000e+00   2.4364172e-01   8.1984577e-02  -3.3685522e-03   9.6120519e-03   0.0000000e+00   3.0824332e-02   0.0000000e+00   5.4462418e-02   2.4454745e-02  -9.0344444e-03   1.4127593e-02   2.1111721e-01   1.1519995e-01   1.9170676e-01   1.9278291e-01  -1.1314902e-02   3.3135445e-02  -7.8320917e-02  -7.2414504e-02   1.4267154e-01   2.7482760e-02   1.0204457e-01   2.2512776e-01   1.2983885e-01   1.9941666e-01   2.7248066e-01   5.3887586e-02   1.4522583e-01   7.6490484e-02   8.0354882e-02   4.7664902e-02  -1.0998662e-01  -2.5944664e-02  -1.4958083e-02  -6.6247295e-02  -1.0310475e-02   9.1481315e-03   1.3443536e-01   5.5034728e-02  -1.1439851e-01   6.8306810e-02   1.0965526e-01   2.0661565e-02   5.4851713e-02   7.7456975e-02   5.2147919e-02   1.0890692e-01  -7.6873005e-02   6.0264056e-02   2.2129686e-03  -8.4812177e-02   8.1108542e-02  -6.8963832e-03   1.4354737e-02   2.7298601e-02   3.7498937e-02   7.4928971e-02   2.9442582e-04   1.7466825e-01   7.8729780e-02   1.8570956e-01   1.4290006e-01  -3.5235908e-02   7.2977133e-02   9.8821923e-02  -9.0310619e-02   4.5584694e-02  -3.4813396e-02   4.9431977e-02   0.0000000e+00   9.2471125e-02  -1.7893647e-02  -2.1830174e-02   1.4964133e-01   9.8277900e-02   1.6993644e-01   2.3087291e-01   1.4871032e-01   2.3375855e-01   7.1405285e-02   1.0457792e-01   4.1608968e-03   1.7988230e-01   1.8828746e-01   1.3616030e-01   6.3139623e-02   7.4339198e-02   7.8935663e-02  -8.0395689e-03   7.1167546e-02  -6.4189873e-02  -4.4836962e-02  -2.6856776e-02  -1.3364388e-02  -1.6324142e-02   1.4208378e-02  -7.8375047e-03  -9.8412199e-02   3.4132192e-02  -6.1820196e-02   6.8731520e-02  -3.7756225e-02   6.5087920e-02  -3.1992348e-02   5.8614661e-03   7.9375103e-02   4.5802506e-02   4.4111849e-02   1.1481762e-01   2.1371073e-01  -4.6990477e-03   5.2712318e-02   9.6431335e-02
   5.8680802e-02   0.0000000e+00   1.4659324e-01   8.6908365e-02   2.4364172e-01   0.0000000e+00   1.3904798e-01   1.4043996e-01   9.1052544e-02   0.0000000e+00   5.0026588e-02   0.0000000e+00  -4.2933081e-02   9.4252637e-02  -5.1468477e-02  -2.7475908e-03  -2.8532517e-02  -3.7395474e-02   1.0700575e-01  -4.2330680e-02  -5.7944447e-02   3.9011963e-02   3.5216284e-02  -8.4589920e-02   8.1645941e-02   1.2121806e-01  -4.1943460e-02  -3.4734500e-02   2.5784431e-02  -6.8710479e-02   1.3132969e-01  -9.7978763e-02   1.3380881e-01   9.7686702e-02   2.3031046e-02   1.0468561e-01   2.9934563e-02   8.8207218e-02   1.2183715e-01  -1.9539124e-02   4.9546293e-02   1.8344991e-01   1.2771574e-02   2.2345477e-01  -1.9618022e-02   1.4919772e-01  -1.7366331e-01  -5.8741335e-02   2.6363677e-02   4.4061259e-02   2.3429917e-02  -3.1143297e-02   1.6023237e-01   3.5251108e-02   5.5293328e-02  -1.3116455e-01   3.3395631e-02  -6.0100513e-02  -8.2620464e-02   5.4999628e-02   2.7691250e-02   1.1243311e-01   1.3656757e-01  -6.8067589e-02   6.0775578e-02  -1.2987397e-01   7.7874353e-02  -3.6144031e-02   1.1188579e-01   5.3728572e-02   8.9670827e-02   2.2054012e-01  -8.8640063e-02  -5.4340660e-02   0.0000000e+00  -2.0539235e-03   1.3839023e-01   1.5746917e-01   1.1512376e-01  -4.6602411e-02   5.0092559e-02   5.1016600e-02  -1.8572279e-02   5.1330963e-02  -7.0631303e-02   1.3055684e-01  -6.7496181e-02   2.4422659e-02  -2.7676530e-02  -5.3583870e-02  -5.2981487e-02   1.6117471e-01   1.0841175e-01   8.7972097e-02   7.2999476e-02   1.2344777e-01   1.9412684e-01   1.3831467e-01   6.5863255e-02   7.1140079e-02   1.5107568e-01   2.6513048e-02   5.0266714e-02   2.0338620e-02   6.2426415e-02  -4.1525657e-03   9.6394183e-03   7.9808071e-02   1.2738603e-01   1.0886629e-01   5.9858022e-03   5.4927929e-02   6.4686512e-02   6.4240983e-02   3.4693980e-02   2.8747159e-02   1.4770399e-01  -4.5295348e-02
   4.0867309e-01   0.0000000e+00  -8.1319057e-02  -1.1878222e-01   8.1984577e-02   1.3904798e-01   0.0000000e+00   1.2805989e-01   1.4848076e-01   0.0000000e+00   1.0140134e-01   0.0000000e+00  -5.1966029e-02   5.3764999e-02  -1.5260837e-02   2.2113148e-02  -5.9518793e-02   9.2172674e-02   3.6880141e-01  -2.0177220e-02  -6.7285109e-02   7.3965065e-02   2.7525144e-02  -1.0344295e-01   1.7322671e-02   2.9261529e-01   3.5118487e-02   3.9671066e-02  -8.2275630e-02   2.9969996e-02  -1.4400696e-01  -9.1843783e-02  -9.1014098e-02  -9.3085261e-02  -2.5599901e-02   7.9971918e-02   4.1988844e-02   2.0697156e-01   2.6521028e-02   2.0075594e-01   4.3573660e-01  -1.1724188e-01   1.9774984e-01   2.9118079e-01   1.1021780e-02   2.9058134e-01  -1.8028582e-01   9.0288057e-03   4.6421061e-02   3.6516878e-02   4.3115074e-02   2.6682775e-01   2.5616827e-01   7.8137233e-02   1.5782946e-01   9.2279155e-02   9.9011619e-02  -1.0581149e-01  -8.1452237e-02   5.1347631e-02   9.5882859e-02   1.2936349e-01   1.5165254e-01   1.3228329e-01  -1.9007842e-01   1.1094467e-01  -3.2726788e-02  -1.6905956e-01   1.9914186e-01   3.1977555e-01   2.3696759e-01  -9.5294667e-02   4.7490456e-01   1.5800017e-02   0.0000000e+00  -1.2821306e-01   1.5320343e-01   2.6945840e-01   2.1014421e-01  -2.4977431e-01   1.7683824e-01   8.3426995e-02  -1.4616774e-01   7.8638146e-02   1.0206647e-01  -2.1217187e-02   2.6421358e-02  -2.2204081e-01   1.1777289e-01   1.4762723e-01   1.3195313e-01   3.3936913e-01   1.8019927e-01   2.4894318e-01   4.2936966e-01   1.9645823e-01   2.0030453e-01   3.2846490e-01   2.5335926e-01   2.8660412e-01   2.4411389e-01   4.6904788e-01   2.0868344e-01   2.7069754e-01   8.9405361e-02  -7.4645876e-03   2.1790451e-02   2.6133887e-01   1.2633729e-01   4.4209913e-01   1.0830634e-01   2.6196626e-02   1.4689274e-02   1.5288844e-01   9.2846624e-02   4.2132524e-02   1.5183529e-01  -7.3644647e-02
   1.8013306e-01   0.0000000e+00   6.1545393e-02  -1.8902152e-02  -3.3685522e-03   1.4043996e-01   1.2805989e-01   0.0000000e+00   2.5168039e-01   0.0000000e+00   5.0922405e-02   0.0000000e+00  -1.7605736e-02   4.4554280e-02   1.1031566e-01   1.2599640e-01  -3.7217180e-02  -3.9787093e-02   4.8857364e-02  -1.3222928e-01  -1.1865186e-02   3.9599434e-02   4.9339478e-02  -5.8350193e-02  -4.1763930e-02   1.4694630e-01  -1.2064454e-02  -1.4218791e-02  -2.3063466e-01  -1.6060218e-01  -7.2204799e-03   4.4598326e-02  -7.1054578e-02  -6.5661575e-02  -1.5317428e-02   1.4309375e-02   2.5136987e-02   1.3728806e-02  -8.5558747e-03   9.2670632e-02   1.0069933e-01   4.4146473e-04  -1.1860404e-02   7.3628853e-02  -5.3954737e-02   2.8133524e-02  -3.2687193e-02   5.5642029e-02   1.0100102e-01  -3.9035057e-02   7.6690703e-02  -1.4783749e-01   1.6001847e-01   8.9709388e-02   1.1067815e-01   7.8638219e-02  -6.3793853e-02  -2.3514418e-02  -2.6606181e-02   6.3298973e-02   1.5556570e-02   2.7296144e-02   3.0034089e-01  -3.0014906e-02  -1.1691710e-01  -3.9593895e-02   8.2589648e-02   2.9161170e-02   2.1697203e-01   6.9768046e-02   1.1493892e-01   6.5186540e-02   1.6740624e-02  -5.2905916e-03   0.0000000e+00   2.7953336e-03   7.1709078e-02   2.0433927e-01   1.8842566e-02  -1.9564587e-02  -4.8104051e-02   7.1587734e-02  -4.9369555e-02  -2.3674995e-02  -4.0244124e-02  -8.8041729e-02  -3.6588994e-02  -3.9177036e-02  -8.1821722e-03  -1.2326562e-01  -6.8102202e-02   1.0212686e-01   3.8731445e-02   9.1282191e-02   7.7922379e-02   2.2346182e-01   1.4025285e-01   1.2520514e-01   1.6407806e-01   2.0467106e-01   1.2251777e-01  -2.8283177e-02   2.0663298e-01   7.0319474e-02   1.6288366e-01   1.7202759e-02   4.6381732e-02  -2.9233655e-02   1.8818422e-01   1.6749653e-01   3.5826173e-02   7.0586540e-02   6.9452875e-02   5.8436485e-02  -3.5055575e-02   6.1532078e-01   3.0513172e-01   5.0793548e-02
   4.9370140e-02   0.0000000e+00  -3.0173534e-02  -3.7872656e-02   9.6120519e-03   9.1052544e-02   1.4848076e-01   2.5168039e-01   0.0000000e+00   0.0000000e+00  -1.5734318e-01   0.0000000e+00  -7.9753631e-02   4.6268596e-02  -3.6245793e-02   2.3376746e-02  -1.3866584e-01   1.1033518e-01   3.6372605e-02  -4.1258546e-02  -6.8412241e-02  -6.1599443e-03   3.7520556e-04  -1.2008668e-01   7.1466558e-04   4.4591897e-02  -7.2995394e-02  -1.4451530e-01  -5.9848253e-02   3.3262596e-02  -6.8164500e-02  -1.4119286e-01  -2.8509611e-02   4.2964126e-02  -5.6455517e-02  -6.4324822e-02  -1.0426326e-01   7.1265071e-02  -5.6599526e-02  -8.2268680e-02   8.3610640e-02   9.4006271e-02   1.6728996e-01   1.2920687e-01  -6.2617148e-02   1.2474779e-01  -1.2131005e-01  -3.9549893e-02   1.0909668e-01   1.6996347e-02   4.9520799e-02   1.3698701e-01   1.2202312e-01  -1.1204108e-02   9.7688635e-02   3.1134406e-02  -5.9960726e-02   1.8938787e-01   4.8187356e-02   1.5907521e-02  -2.6221539e-03   7.8614684e-03   1.5712989e-01  -3.7938906e-02   2.6884155e-01   1.8624359e-03   5.5442077e-02   7.6333742e-02   2.2131404e-01   6.3095626e-02   7.1156891e-02  -6.6392617e-02  -7.1021255e-02   2.0604689e-02   0.0000000e+00  -5.2423747e-02   1.6154209e-01   2.4288575e-01   9.4286711e-02   1.0807060e-02  -4.7545184e-02   3.8690189e-02  -7.8262361e-02   1.1164615e-01  -7.1602699e-02   1.1581171e-01   1.6815270e-01  -1.7161448e-02  -5.5295089e-03   8.1514024e-02   2.0991103e-01   1.2402747e-01   1.3279548e-01   1.7557302e-01   1.7709982e-01   2.1173271e-01   3.3670770e-01   2.1045269e-01   2.4773501e-01   2.6533018e-01   7.8687195e-02   8.7083059e-02   1.6971891e-01   6.8159089e-02   1.2700315e-01   2.6575124e-01   2.7215278e-01   1.1938562e-01   1.2105880e-01   1.4846219e-01   2.1281141e-01  -3.8406496e-02  -4.4947142e-02   9.6591671e-02  -6.1474425e-02   1.4668117e-01   1.8033884e-01   3.0580769e-02
   0.0000000e+00   0.0000000e+00   0.0000000e+00   0.0000000e+00   0.0000000e+00   0.0000000e+00   0.0000000e+00   0.0000000e+00   0.0000000e+00   0.0000000e+00   0.0000000e+00   0.0000000e+00   0.0000000e+00   0.0000000e+00   0.0000000e+00   0.0000000e+00   0.0000000e+00   0.0000000e+00   0.0000000e+00   0.0000000e+00   0.0000000e+00   0.0000000e+00   0.0000000e+00   0.0000000e+00   0.0000000e+00   0.0000000e+00   0.0000000e+00   0.0000000e+00   0.0000000e+00   0.0000000e+00   0.0000000e+00   0.0000000e+00   0.0000000e+00   0.0000000e+00   0.0000000e+00   0.0000000e+00   0.0000000e+00   0.0000000e+00   0.0000000e+00   0.0000000e+00   0.0000000e+00   0.0000000e+00   0.0000000e+00   0.0000000e+00   0.0000000e+00   0.0000000e+00   0.0000000e+00   0.0000000e+00   0.0000000e+00   0.0000000e+00   0.0000000e+00   0.0000000e+00   0.0000000e+00   0.0000000e+00   0.0000000e+00   0.0000000e+00   0.0000000e+00   0.0000000e+00   0.0000000e+00   0.0000000e+00   0.0000000e+00   0.0000000e+00   0.0000000e+00   0.0000000e+00   0.0000000e+00   0.0000000e+00   0.0000000e+00   0.0000000e+00   0.0000000e+00   0.0000000e+00   0.0000000e+00   0.0000000e+00   0.0000000e+00   0.0000000e+00   0.0000000e+00   0.0000000e+00   0.0000000e+00   0.0000000e+00   0.0000000e+00   0.0000000e+00   0.0000000e+00   0.0000000e+00   0.0000000e+00   0.0000000e+00   0.0000000e+00   0.0000000e+00   0.0000000e+00   0.0000000e+00   0.0000000e+00   0.0000000e+00   0.0000000e+00   0.0000000e+00   0.0000000e+00   0.0000000e+00   0.0000000e+00   0.0000000e+00   0.0000000e+00   0.0000000e+00   0.0000000e+00   0.0000000e+00   0.0000000e+00   0.0000000e+00   0.0000000e+00   0.0000000e+00   0.0000000e+00   0.0000000e+00   0.0000000e+00   0.0000000e+00   0.0000000e+00   0.0000000e+00   0.0000000e+00   0.0000000e+00   0.0000000e+00   0.0000000e+00   0.0000000e+00   0.0000000e+00   0.0000000e+00   0.0000000e+00
   2.7232421e-01   0.0000000e+00   3.2681049e-01   1.4860810e-01   3.0824332e-02   5.0026588e-02   1.0140134e-01   5.0922405e-02  -1.5734318e-01   0.0000000e+00   0.0000000e+00   0.0000000e+00   6.9093174e-02   2.8442324e-02   2.8528779e-01   3.0218923e-01   3.2952232e-02   2.3871337e-02   2.0542651e-01   1.3541256e-01   1.9814175e-01   1.0136259e-01   2.8287900e-03   5.0573653e-02   1.4522944e-02  -3.9005300e-02   1.3808742e-01   1.2663422e-01   8.8101384e-02   3.9125677e-02   1.8499355e-01   2.4150861e-01   1.8565615e-01   1.0198141e-01   2.9540546e-01   8.1989938e-02   2.6295682e-01   2.5963574e-01   3.0863334e-01   6.0372617e-01   3.3307505e-01   2.6328902e-02   3.5300845e-02   1.4163610e-01   1.1540314e-01  -1.1849506e-01   2.9553354e-01   3.3093595e-01   5.9334488e-02  -1.0057943e-01   1.9656698e-01  -8.1011780e-04   5.9538775e-02   1.7550614e-01   1.4742890e-01   2.0133892e-02  -4.2559181e-02   2.9916007e-02   8.1886685e-02   6.1817462e-02  -1.6739368e-01  -1.1597982e-01  -8.2085261e-03   4.3087435e-01   1.1921264e-02   2.2459617e-01   1.0507676e-01   1.5975275e-01   1.2795859e-01  -1.4260205e-01   1.4664788e-01   9.6410345e-02   1.7928186e-01  -1.4135799e-01   0.0000000e+00   2.3239583e-01  -9.2196358e-02  -2.0713165e-01  -1.8405282e-01   1.3717575e-01  -1.1065795e-01  -1.2688448e-01   5.5331218e-02  -3.3573416e-02   1.3495342e-01  -4.9321803e-02   1.3207743e-01   2.8694302e-02   4.1247593e-02   1.1981935e-01   2.9402508e-03  -1.3967087e-01  -2.9187113e-01  -4.7779649e-02   1.5973659e-02   6.0091945e-02  -7.6126990e-02   5.0042176e-04   2.5306057e-02  -1.6895299e-02   6.3680177e-02  -8.9339260e-02   1.1190620e-01  -1.8126137e-01  -6.7102418e-02   2.2134265e-02  -5.9926793e-02  -4.3546960e-02  -5.0785031e-02   6.0460369e-02   2.9306902e-01   1.4474720e-01   1.8578007e-01  -8.2413743e-04   9.9396492e-02   1.4928200e-02  -4.5365511e-02   1.1578464e-01
   0.0000000e+00   0.0000000e+00   0.0000000e+00   0.0000000e+00   0.0000000e+00   0.0000000e+00   0.0000000e+00   0.0000000e+00   0.0000000e+00   0.0000000e+00   0.0000000e+00   0.0000000e+00   0.0000000e+00   0.0000000e+00   0.0000000e+00   0.0000000e+00   0.0000000e+00   0.0000000e+00   0.0000000e+00   0.0000000e+00   0.0000000e+00   0.0000000e+00   0.0000000e+00   0.0000000e+00   0.0000000e+00   0.0000000e+00   0.0000000e+00   0.0000000e+00   0.0000000e+00   0.0000000e+00   0.0000000e+00   0.0000000e+00   0.0000000e+00   0.0000000e+00   0.0000000e+00   0.0000000e+00   0.0000000e+00   0.0000000e+00   0.0000000e+00   0.0000000e+00   0.0000000e+00   0.0000000e+00   0.0000000e+00   0.0000000e+00   0.0000000e+00   0.0000000e+00   0.0000000e+00   0.0000000e+00   0.0000000e+00   0.0000000e+00   0.0000000e+00   0.0000000e+00   0.0000000e+00   0.0000000e+00   0.0000000e+00   0.0000000e+00   0.0000000e+00   0.0000000e+00   0.0000000e+00   0.0000000e+00   0.0000000e+00   0.0000000e+00   0.0000000e+00   0.0000000e+00   0.0000000e+00   0.0000000e+00   0.0000000e+00   0.0000000e+00   0.0000000e+00   0.0000000e+00   0.0000000e+00   0.0000000e+00   0.0000000e+00   0.0000000e+00   0.0000000e+00   0.0000000e+00   0.0000000e+00   0.0000000e+00   0.0000000e+00   0.0000000e+00   0.0000000e+00   0.0000000e+00   0.0000000e+00   0.0000000e+00   0.0000000e+00   0.0000000e+00   0.0000000e+00   0.0000000e+00   0.0000000e+00   0.0000000e+00   0.0000000e+00   0.0000000e+00   0.0000000e+00   0.0000000e+00   0.0000000e+00   0.0000000e+00   0.0000000e+00   0.0000000e+00   0.0000000e+00   0.0000000e+00   0.0000000e+00   0.0000000e+00   0.0000000e+00   0.0000000e+00   0.0000000e+00   0.0000000e+00   0.0000000e+00   0.0000000e+00   0.0000000e+00   0.0000000e+00   0.0000000e+00   0.0000000e+00   0.0000000e+00   0.0000000e+00   0.0000000e+00   0.0000000e+00   0.0000000e+00   0.0000000e+00
  -7.9291273e-02   0.0000000e+00  -3.3487872e-02   1.1872295e-01   5.4462418e-02  -4.2933081e-02  -5.1966029e-02  -1.7605736e-02  -7.9753631e-02   0.0000000e+00   6.9093174e-02   0.0000000e+00   0.0000000e+00   4.5613801e-01   1.0840320e-01   9.1891901e-02   1.3864401e-01   2.2264929e-01   1.4035146e-01   5.1526755e-01   5.1635901e-01   2.7999128e-01   2.1752926e-01   6.1194994e-02   2.2748292e-01   1.6148133e-01   4.2817798e-01   2.6232921e-01   2.1309458e-01   2.8455887e-01  -1.3455114e-02   3.4527329e-01   9.8510505e-02   9.6544804e-02   1.2910342e-01   2.7596242e-01  -3.9258680e-04   1.6624194e-01   1.4143058e-01   2.1201487e-01   1.0721365e-01   1.6860593e-01  -1.5551505e-02   1.8254224e-01   8.5422640e-02   1.5248923e-01   2.1281502e-01   3.0763992e-01   3.4966135e-01   9.6619094e-02   1.1267958e-01   1.8259400e-01  -8.3091808e-03   1.8911125e-01   1.5552987e-01   1.9378414e-01   4.9390956e-01   3.9240570e-02   1.8475524e-01   1.5251590e-01   8.6664756e-02   1.5888214e-01   5.0084285e-02   2.4213356e-01   7.2836605e-02   2.1821276e-01   1.9428805e-01   3.4711247e-02  -1.7047420e-02   7.1438753e-02  -4.9566124e-02  -2.5928732e-02   2.9026797e-02   3.1845955e-02   0.0000000e+00   2.0314631e-01  -1.0378333e-01  -9.5390443e-02   1.1790549e-02   5.5670175e-02   1.1799906e-01  -1.8796439e-02   1.7609397e-01   1.6280095e-01   1.3423770e-01  -6.7414945e-02   5.7400224e-02   8.0122423e-02   2.7206572e-02   1.8115768e-01  -6.1997688e-02   7.8257355e-02   5.2632612e-02   6.8489054e-02   6.3002949e-02  -6.0837240e-02  -8.3684739e-03  -1.5497617e-02  -1.0703175e-01   1.9153075e-02   4.2686788e-03   2.2535872e-01  -2.4875803e-01   8.0600918e-02   3.7780389e-01  -2.2962246e-02   1.1361427e-02   1.5184285e-01  -2.0052190e-02   5.9939379e-03   8.7923444e-02   1.6674569e-02  -1.3370049e-01   9.6487324e-02   3.0280111e-03  -1.1846002e-02   5.1210789e-02   1.3035594e-01
   9.2989235e-02   0.0000000e+00  -3.5985149e-02   6.3760988e-03   2.4454745e-02   9.4252637e-02   5.3764999e-02   4.4554280e-02   4.6268596e-02   0.0000000e+00   2.8442324e-02   0.0000000e+00   4.5613801e-01   0.0000000e+00  -1.1011861e-01  -5.6891027e-04  -8.5431232e-03   5.1362001e-02   3.4045170e-02  -2.1805588e-03   4.7952211e-01   1.0293768e-01   9.0884312e-02  -6.8073535e-02   1.5192154e-01   1.7876571e-01   7.8892987e-02   8.4345028e-03  -2.7679112e-02  -6.8817853e-02  -5.3301321e-02   1.5254255e-02  -1.4405281e-02   3.1966851e-02  -7.1978799e-02   2.8854727e-02  -8.3970645e-03   7.5694965e-02   5.6671178e-02   4.9989804e-02   8.5349872e-02   5.3822502e-02  -7.1236123e-02   2.8685943e-02   1.1445944e-02   1.2943148e-02   1.8067683e-02   7.2755948e-02   8.0278796e-02  -7.0350612e-02  -4.4868413e-03  -2.1083679e-02   5.0713365e-03   6.9948074e-02   7.0116725e-02   6.8798624e-02   4.5014768e-01   1.4504818e-03   2.3164072e-02   1.1910006e-01   9.3426078e-02   1.3488123e-01   2.9299118e-01  -4.5382236e-02  -6.1611341e-02  -1.4023675e-02   2.2855159e-02  -2.2838705e-02   2.3041466e-02   8.8291733e-02   5.6668780e-02   3.6810905e-02   1.4001980e-02   7.3331587e-02   0.0000000e+00   1.1294540e-02   1.9092246e-03   1.1564713e-01   8.9205575e-02  -6.5793816e-03   3.5725092e-02  -2.8231555e-02   4.3011838e-02  -2.5280171e-02  -2.7526807e-02  -1.8996086e-03  -2.1733130e-03   4.0051455e-02  -6.0194192e-02  -5.6155109e-02  -9.5527196e-02   1.9761305e-01   2.3346010e-02   2.6085993e-02  -1.3167490e-02  -4.1173816e-02   4.5478902e-02   6.6114894e-02  -4.9393705e-03   1.4094136e-02   9.5312727e-02   3.4981053e-02   8.8514223e-03  -2.8621915e-02   5.4475156e-01  -8.6195902e-03   7.4989399e-03   5.4169598e-02   1.5577288e-01   1.0816962e-01   2.8518084e-02   2.1363825e-01  -4.4174513e-02   1.1866592e-01  -6.1942714e-02   5.4928993e-02   1.4258280e-01   7.9904106e-02
   7.7435120e-02   0.0000000e+00   2.4222610e-01   2.0000380e-01  -9.0344444e-03  -5.1468477e-02  -1.5260837e-02   1.1031566e-01  -3.6245793e-02   0.0000000e+00   2.8528779e-01   0.0000000e+00   1.0840320e-01  -1.1011861e-01   0.0000000e+00   3.9967436e-01  -1.6320242e-02   2.6033485e-03   1.4937945e-01   2.8726416e-01   1.3985861e-01   6.1615986e-02   1.1999305e-01   1.2333217e-01   2.3819922e-02  -1.0659323e-02   2.2505367e-01   1.1381998e-01   3.9909637e-02   1.1005024e-01   1.0280102e-01   2.8447717e-01   1.0968730e-01   4.5607084e-02   2.3277350e-01   1.2873865e-01  -1.0354458e-02   7.4410486e-02   1.4242948e-01   3.1211887e-01   7.1338597e-02   8.0300394e-02  -3.2101058e-02   9.6997893e-02   7.7304519e-02  -7.6733333e-03   3.3614501e-01   3.0164154e-01   2.0075734e-01  -2.5257342e-03   1.8721602e-01  -4.3745368e-02   8.0007883e-02   3.0834504e-01   2.3420379e-01   2.2003103e-01  -5.2971895e-02   1.0931472e-01   2.2180851e-01   4.9548568e-02  -6.6592117e-02  -8.0429100e-02   1.4681280e-02   3.2177962e-01   8.5183676e-02   2.1758075e-01   1.4584515e-01   1.9546263e-01   7.9480499e-02  -1.8049240e-01   4.9936875e-02  -5.0823127e-03   2.3993351e-02  -7.1433412e-02   0.0000000e+00   2.3777994e-01  -9.7685461e-02  -1.3444355e-01  -1.9981157e-01   1.0722581e-01  -9.6104982e-02  -8.0066742e-02   1.2864244e-01  -2.2207418e-02   1.1187336e-01  -2.1015894e-02   2.5859764e-02   4.3329102e-02  -1.8278705e-02   3.7203096e-02  -5.7594181e-02  -1.5231127e-01  -1.4630602e-01   1.8956664e-02   4.4445359e-02   4.1667663e-02  -2.9410746e-02  -3.6532250e-02  -1.5128179e-02   4.3309671e-02   4.7232055e-02  -6.4556592e-02   3.0098604e-02  -9.2331934e-02  -9.4738509e-02   5.3942054e-02   2.7619718e-02  -4.6870425e-02  -1.8400874e-02  -1.4340200e-02   2.0437799e-01   1.8596122e-02   1.3919363e-01   5.6015747e-02   7.9327393e-02   6.2189078e-02  -1.6867368e-02   1.0165036e-01
   1.9296994e-01   0.0000000e+00   2.6036142e-01   5.9237541e-02   1.4127593e-02  -2.7475908e-03   2.2113148e-02   1.2599640e-01   2.3376746e-02   0.0000000e+00   3.0218923e-01   0.0000000e+00   9.1891901e-02  -5.6891027e-04   3.9967436e-01   0.0000000e+00  -3.1134561e-02  -2.2561470e-02   5.5752472e-02   1.4081802e-01   1.8838488e-01   1.2814804e-01   6.2416273e-02   1.9834890e-01   4.0168092e-02  -2.4210660e-02   2.0682911e-01   1.0882512e-01  -2.9743433e-03   1.3540978e-01   2.0261631e-02   2.6082302e-01   1.7256656e-01   1.1607805e-01   2.4396720e-01   1.9462164e-01   2.5616195e-01   9.9501443e-02   2.9117940e-01   3.7063985e-01   1.5421022e-01   2.0005716e-01  -1.8239243e-02   1.6741555e-01   2.4684971e-01   7.8141852e-02   2.2128356e-01   2.6426892e-01   1.4484814e-01   2.8270341e-02   5.6970890e-02   2.5802077e-02   2.0620630e-01   2.9810148e-01   5.0914367e-01   1.8511703e-01   1.0171836e-01   1.0391843e-02   2.5400808e-01   1.2150788e-01  -1.8063834e-02  -2.4566052e-02   4.9982992e-02   1.5602353e-01   1.9168914e-01   1.1905200e-01   1.0045304e-01   1.2720875e-01   2.7060045e-02  -5.3535291e-02   1.9660973e-01  -8.7820842e-02  -1.3504403e-02  -5.5230454e-03   0.0000000e+00   9.3669385e-02  -2.7803703e-02  -9.7856272e-03  -1.3249260e-01  -1.3166400e-02  -9.5529001e-02  -4.0180241e-02   4.5843621e-02  -6.3672216e-03   1.1474132e-01   1.5317746e-01   6.7246801e-02  -1.9280011e-02   1.5028259e-02  -4.5309334e-02  -2.0488514e-02  -2.7358153e-02  -8.4066342e-02   1.9903506e-01   8.1693573e-02   1.2657133e-01   1.2778184e-01  -4.4255417e-02  -5.9024252e-02   3.2847034e-02   2.6928880e-01   3.9581979e-02   1.3934747e-01  -1.8448577e-02  -1.8612333e-02   7.4225373e-02  -1.6621320e-02   1.0518700e-01  -7.8521870e-03   1.1980914e-01   4.1589427e-01   2.5763546e-01   2.8575278e-01   2.6588003e-01   2.0562836e-01   2.2618891e-02   8.8333010e-03   2.6745611e-03
  -1.1586091e-01   0.0000000e+00   9.0301923e-02   3.9036961e-02   2.1111721e-01  -2.8532517e-02  -5.9518793e-02  -3.7217180e-02  -1.3866584e-01   0.0000000e+00   3.2952232e-02   0.0000000e+00   1.3864401e-01  -8.5431232e-03  -1.6320242e-02  -3.1134561e-02   0.0000000e+00   1.5080103e-01   1.1186418e-02   9.0251911e-02   1.9987927e-02  -1.7860517e-03  -4.4982866e-02   6.0380625e-02   1.0146750e-01   3.2104066e-02   1.2145070e-01   2.4633615e-01   1.1016016e-01   2.1269720e-01   7.8002227e-02   1.4510839e-01   3.6066718e-02   2.0670133e-02   7.8258035e-02   1.2921296e-01  -5.8680455e-02   5.1923911e-03   1.2478824e-02  -4.9152206e-03  -3.1408958e-03   6.2259506e-02   5.1906499e-02   2.2234415e-02  -7.6996403e-02   1.1366231e-01   1.5304544e-01   9.3513983e-02   8.7109683e-02   1.6702425e-01   2.6839228e-02   9.2234575e-02  -7.8777295e-02   6.2042321e-02  -3.2143950e-02   1.2473325e-01   1.2330069e-01  -8.1117924e-02   7.7259673e-02   1.9934097e-03  -2.8789539e-02   8.5711302e-03  -6.2585727e-02   8.5745042e-02  -2.7900514e-02   1.5553238e-01   1.6311570e-01  -1.3038389e-02  -6.2176212e-02   9.0350971e-02  -4.0604956e-02  -1.0079728e-02  -2.8593702e-02   1.2076263e-01   0.0000000e+00   7.2139961e-02   1.4249634e-02   1.4269115e-03   8.3927806e-02   4.5565129e-02   1.1926561e-01   1.3526649e-01   4.7994163e-02   1.6082095e-01   1.7104165e-01  -3.0354614e-02   2.3229869e-02   3.7873412e-02   2.1636786e-01   9.3057166e-02   4.8282910e-02   4.6276303e-02   1.3079771e-01   8.2328535e-03   2.4122900e-02  -3.0611219e-02  -3.1076009e-02  -1.2065700e-01  -1.1633138e-01  -3.9787102e-02  -6.7515124e-03   9.3572947e-02  -6.6676650e-02   6.2375385e-02   5.5004199e-02  -4.3489226e-02  -1.6312294e-02   6.5961168e-02  -3.0406484e-03  -3.9636758e-02   4.9042733e-05   6.2164339e-02   3.5766668e-02   6.7850586e-02   1.9494045e-01  -3.9403060e-02   2.2309573e-02  -5.4315676e-02
  -7.7080981e-02   0.0000000e+00   4.2638545e-02   8.4475058e-02   1.1519995e-01  -3.7395474e-02   9.2172674e-02  -3.9787093e-02   1.1033518e-01   0.0000000e+00   2.3871337e-02   0.0000000e+00   2.2264929e-01   5.1362001e-02   2.6033485e-03  -2.2561470e-02   1.5080103e-01   0.0000000e+00   2.0562945e-01   2.7046232e-01   5.5908272e-02   1.7513643e-01   4.3311914e-02  -2.1975918e-02   2.6347774e-01   1.0764504e-01   2.5691422e-01   1.9115643e-01   2.2018717e-01   2.8786391e-01  -3.2000462e-02   1.3473277e-02   6.8145071e-02   8.0552733e-02   2.5779417e-03   1.4892683e-01  -3.1912471e-03   8.0183501e-02  -1.4556275e-02   1.8725890e-02   1.5172400e-01   3.4936590e-02   5.4050463e-02   1.5150829e-01   3.4639823e-02   2.0736917e-01   4.5181120e-02   1.8737522e-01   3.2247487e-01   2.0969806e-01   4.2494583e-03   2.8561984e-01  -8.0861712e-02   8.5636645e-02   4.0598247e-02   9.1295223e-02   3.0944491e-01   5.2273250e-02   6.1011558e-02   1.1632632e-01   1.1041429e-01   1.4904984e-01  -3.3231348e-02   2.1375559e-01   4.3660076e-02   2.0732322e-01   1.9916222e-01  -1.0716022e-03   5.9954850e-02   2.2885426e-01  -1.2300219e-01  -7.6853390e-02  -1.9702890e-02   1.7787815e-01   0.0000000e+00   1.4651456e-01  -4.9089091e-02  -7.8582139e-02   1.8151646e-01   3.0232296e-02   1.4761605e-01   6.6241199e-02   3.2459256e-02   2.6467052e-01   1.0799760e-01  -2.5721037e-02   6.1254864e-02   4.7318155e-02   1.0791584e-01   1.7269784e-01   5.0561128e-02   2.4523194e-01   1.2132423e-01   1.8653664e-01   1.9416752e-01   4.2770228e-03   5.0079193e-02   1.8342256e-02  -1.0996024e-01   6.3981225e-02  -4.9560475e-02   2.4142518e-01  -1.1350595e-01   2.7053351e-01   1.3204704e-01   9.1200529e-02   5.6532292e-02   3.4832102e-01   5.2438225e-02   5.7233728e-02   9.7342233e-02  -1.1534467e-01  -1.0181276e-01   1.3347274e-01   1.8987845e-01  -1.4340994e-02   1.8441162e-02   5.7655358e-02
   1.0753560e-01   0.0000000e+00   1.2683172e-01   1.8438886e-01   1.9170676e-01   1.0700575e-01   3.6880141e-01   4.8857364e-02   3.6372605e-02   0.0000000e+00   2.0542651e-01   0.0000000e+00   1.4035146e-01   3.4045170e-02   1.4937945e-01   5.5752472e-02   1.1186418e-02   2.0562945e-01   0.0000000e+00   2.4328981e-01   1.2797195e-01   1.1952991e-01   6.5338942e-02  -4.2380880e-02   1.0133983e-01   1.4577174e-01   3.0248590e-01   1.3280517e-01   1.7608669e-02   5.7700883e-02   5.8444454e-03   1.9790852e-01   1.7934202e-01   9.5493962e-02   1.4599384e-01   1.8398054e-01  -2.5670395e-03   2.3578449e-01   1.1312350e-01   2.3486046e-01   2.1861285e-01   2.9073560e-02   2.4006682e-01   2.4723361e-01  -5.2108247e-03   1.1963874e-01   1.1657596e-01   2.1392032e-01   1.5101766e-01   3.9282064e-02   6.2334308e-02   2.6253995e-01   6.5543684e-02   2.5802625e-01   1.9929816e-01   1.5773506e-02   1.4983704e-01   1.0922656e-01   1.4842494e-01   1.2318657e-01  -1.3761268e-03   6.9264117e-02   7.0955129e-02   3.8933960e-01  -4.9483502e-02   2.6661181e-01   1.2175102e-01   1.4933026e-01   2.2701419e-01   5.8268386e-02   2.2923790e-02   3.5288320e-02   1.9932972e-01   2.2945974e-02   0.0000000e+00   2.0044984e-01  -1.4123501e-02  -7.7929652e-02   2.6889078e-02   6.2196756e-02   1.6882206e-01  -1.8522220e-02   8.3785750e-02   9.4969161e-02   2.2660305e-01  -6.6519066e-02   1.2941952e-01   1.2676125e-01   9.6525826e-02   2.5787480e-01   1.0567271e-01   1.0088236e-01   1.4615027e-02   2.1457566e-01   4.6288039e-01   1.1540839e-01  -2.0466124e-02   1.2376605e-01   8.0592934e-02   1.3157593e-01  -6.4883224e-02   2.9376154e-01  -9.1686566e-02   1.7795177e-01   3.8932488e-03   4.2543492e-02   7.4287603e-02   1.3551817e-01   6.0022526e-02   1.2893713e-01   9.4942759e-02   3.8509432e-02   1.0160777e-01   1.2077875e-01   1.2865933e-01   2.2365356e-02   6.9681695e-02   1.0826911e-01
  -2.0305134e-02   0.0000000e+00   1.2722793e-01   2.1330328e-01   1.9278291e-01  -4.2330680e-02  -2.0177220e-02  -1.3222928e-01  -4.1258546e-02   0.0000000e+00   1.3541256e-01   0.0000000e+00   5.1526755e-01  -2.1805588e-03   2.8726416e-01   1.4081802e-01   9.0251911e-02   2.7046232e-01   2.4328981e-01   0.0000000e+00   4.3365786e-01   2.8960738e-01   1.4891742e-01   1.1366605e-01   3.3132110e-01   2.2984098e-01   5.3834480e-01   2.4711832e-01   4.1842252e-01   5.8498044e-01   1.5699422e-01   3.4051199e-01   2.2459807e-01   1.6504727e-01   4.7532687e-01   2.7590850e-01  -2.5157891e-03   2.9970611e-01   2.1140949e-01   2.9339421e-01   1.6502809e-01   2.7743176e-01   1.9369225e-01   1.8004282e-01   1.5755839e-01   1.7393976e-01   3.4578758e-01   3.1460649e-01   4.0583473e-01   1.9603257e-01   2.7288744e-01   3.5170053e-01  -6.6939190e-02   1.4855315e-01   1.9280887e-01   1.4587483e-01   3.1918541e-01   1.6875538e-01   3.3247116e-01   2.6432183e-01   1.1273215e-01   1.2210174e-01  -1.2709269e-01   5.3233918e-01   2.6547022e-01   3.4507337e-01   3.7373997e-01   1.7046622e-01   1.8892659e-01   5.2123283e-02  -6.4033375e-02   1.3617606e-03   6.4455675e-02   2.2539659e-02   0.0000000e+00   3.9910395e-01   1.7964025e-02  -1.6546334e-01   3.2610082e-02   2.4293747e-01   2.3161084e-01   2.9909095e-02   3.4644423e-01   3.2058212e-01   2.4953770e-01   1.5479804e-02   1.0862432e-01   2.1366754e-01   1.6638578e-02   4.2429514e-01   1.7883915e-01   4.4150754e-02   3.2778101e-02   7.6149932e-02   8.6363323e-02  -3.5690433e-02  -1.9112475e-02  -7.2512462e-02  -1.1830315e-01   5.9941594e-02   2.8862742e-02   2.5955824e-01  -2.7627355e-01   9.5506310e-02   2.7166148e-04   1.0892321e-01   6.8405628e-02   1.5285068e-01  -6.5481287e-02  -4.7108316e-02   2.5658927e-01  -3.9991466e-02  -2.5187050e-02   7.5613926e-02   1.7201536e-01  -7.4161916e-02  -1.3562424e-02   3.3809753e-01
  -3.2779277e-03   0.0000000e+00   6.0089087e-02   2.0499214e-01  -1.1314902e-02  -5.7944447e-02  -6.7285109e-02  -1.1865186e-02  -6.8412241e-02   0.0000000e+00   1.9814175e-01   0.0000000e+00   5.1635901e-01   4.7952211e-01   1.3985861e-01   1.8838488e-01   1.9987927e-02   5.5908272e-02   1.2797195e-01   4.3365786e-01   0.0000000e+00   3.1876966e-01   2.4841849e-01   1.5616717e-01   2.1293747e-01   6.7871256e-02   4.3330052e-01   1.4729774e-01   1.6583074e-01   1.7526957e-01   5.2062732e-02   4.7553608e-01   1.8224030e-01   1.0027764e-01   3.3632742e-01   2.8236613e-01   3.6850181e-02   2.6601387e-01   2.3950022e-01   3.8718238e-01   7.4885736e-02   2.0978326e-01   3.7002137e-02   1.2404972e-01   2.3768274e-01   1.0791849e-02   3.2406848e-01   3.3833905e-01   8.4960630e-02  -8.2840214e-02   4.3923241e-02   1.7296452e-01   2.4075970e-03   1.2582055e-01   2.5529923e-01   1.1031325e-01   4.0985260e-01   1.3051660e-01   3.5398544e-01   2.6031766e-01  -2.9134643e-02  -1.5936029e-02  -2.7279407e-03   2.1089970e-01   1.9081485e-01   1.1393775e-01   1.1329403e-01   1.9907140e-01   3.7760397e-02  -2.1684077e-01  -4.7537486e-02   1.4867523e-02   1.6480054e-02  -3.8865039e-02   0.0000000e+00   2.2906317e-01  -6.0363638e-02  -1.3521351e-01  -2.2488962e-01   1.5300573e-01  -3.7899903e-02  -2.1083799e-01   2.3563324e-01  -5.0414447e-02   1.4866418e-01  -2.4388218e-02   8.9645571e-02   6.4619378e-02  -1.0581406e-01   2.2367348e-01   2.4306649e-02  -1.1059446e-01  -1.1817370e-01   1.3651416e-02   9.7129067e-03  -5.9627702e-02  -1.3256052e-01   2.7496428e-02  -4.8258234e-02   1.3683335e-02  -5.3170627e-02   1.5372956e-01  -2.6682325e-01  -7.1390918e-02   1.0046986e-01   8.0506137e-02   2.6668847e-02  -2.8569344e-02  -1.2824348e-01  -8.8415239e-02   1.5565807e-01   1.0331369e-01  -6.9091174e-03   1.7768171e-02  -5.8455346e-02   4.3445485e-03  -3.6706742e-04   2.6528572e-01
