   0.0000000e+00   4.5497416e-02   0.0000000e+00   1.6382969e-01   1.0221172e-01   9.4072061e-02   6.3277542e-01   1.0685945e-01   1.0201987e-01   7.1229462e-02   3.8815110e-01   2.4213410e-02  -9.3496619e-02   4.2571858e-02  -2.9201650e-02  -3.5680177e-02   2.3693636e-02  -3.7840418e-02   1.1126728e-01  -1.3084763e-01  -3.4184921e-02  -9.6856824e-02  -5.4417312e-03  -5.8955133e-02  -1.6513427e-01  -6.4429827e-02  -5.7522106e-02  -3.0075845e-02  -6.8847649e-02  -2.4970501e-04  -1.4970849e-01   1.5325393e-01   1.4328202e-01   3.4404066e-02   3.3465116e-02  -8.5522959e-04   1.9216346e-01  -1.2218354e-01  -1.8872836e-01   1.9611812e-01   6.9957657e-02  -1.1043801e-03  -4.2796970e-03  -4.2863665e-02  -8.9206242e-02  -1.4695265e-01   2.5264601e-01  -7.8161017e-02  -1.4230040e-01  -1.2872249e-02   0.0000000e+00   7.6697826e-02   1.0050400e-01   5.5661247e-02  -2.2516856e-03  -2.6547101e-02  -7.3395724e-02  -7.5769805e-02  -3.2424504e-03  -1.3212135e-01  -2.1929282e-01  -1.4971705e-01  -3.9462611e-02   2.6468235e-01  -1.5079554e-01   1.9154787e-01   6.2113319e-02   1.3661384e-01   1.6339965e-01  -1.1907894e-01   1.0437669e-01   2.5908830e-01   7.3253691e-01  -4.1251004e-02   0.0000000e+00   1.2627987e-01   4.3897500e-01   7.1019786e-02  -6.7455703e-02   9.0203222e-03  -1.2734372e-01  -3.2229535e-02  -7.8012482e-02  -1.4574405e-01   2.2981366e-01  -2.2228651e-02   8.1736218e-02  -4.1919115e-02   5.7964101e-02   2.4990038e-02   7.6198128e-02  -1.9340751e-01   1.0845012e-01  -4.9514399e-02  -1.6970344e-02  -2.6553835e-02  -1.2765174e-01   2.3075355e-02   9.5896886e-02   3.0488497e-02  -8.6529369e-02  -1.4830657e-01   7.4859652e-02  -1.2848367e-01  -9.5093984e-02   5.0697749e-02  -2.6816974e-02  -1.3008125e-01  -4.7831531e-02   8.1075957e-02   1.7252982e-02   1.0544067e-01   7.9541280e-02  -3.7406975e-02  -7.2648055e-02   5.0198073e-02   8.8023004e-02   1.0759784e-01
   4.5497416e-02   0.0000000e+00   0.0000000e+00   1.6909531e-02  -5.1251568e-02  -5.0824169e-02   5.5997011e-02   6.4126273e-02   1.7754142e-01   3.8692514e-02  -9.2788956e-02  -6.1628355e-02  -1.7574884e-01   6.0048460e-02   2.5253073e-02   6.8253164e-03   3.4523312e-02  -3.7528291e-02   2.2706142e-02  -1.2660168e-01  -1.1370961e-01  -6.0712192e-02  -8.0789310e-02   6.9694094e-02   4.3504442e-02   1.1548663e-01  -2.1119170e-01  -1.5031416e-01  -1.5674841e-01  -1.8825416e-01  -1.4728358e-01  -1.4205735e-01  -8.2519667e-02  -2.3264903e-01  -8.3008801e-02  -3.4573169e-02  -1.4529657e-01   1.1455632e-01   8.6898310e-02  -2.8199699e-02   1.2054594e-01   1.0540345e-02  -2.0607142e-01   1.2790274e-01  -5.1958767e-02   1.0333893e-01  -1.0213802e-01  -4.5352408e-02   1.1851690e-02  -6.2384382e-02   0.0000000e+00  -1.0329971e-01  -6.0002176e-02  -1.3482625e-02   9.3772487e-02   8.5813758e-02  -1.3738116e-01   1.6490576e-02  -6.9550628e-02  -7.4683991e-02   1.0002758e-01   2.0269894e-01   2.9854214e-01  -8.9419494e-02  -9.4469362e-02  -1.2391684e-01  -1.3533007e-01   1.0560692e-01   1.2440264e-01   7.6722483e-02   2.5820998e-02   5.0595938e-02  -1.1066615e-01   4.3679099e-03   0.0000000e+00   1.3862813e-01   1.6306734e-01  -3.1502517e-02   2.4034886e-01   5.8001508e-02   6.5711177e-02   5.4426055e-02  -5.0334457e-02   5.0499559e-02  -6.7635165e-02  -8.7633476e-02  -7.5797969e-02   1.3388005e-01  -1.0310255e-04  -1.0434409e-01  -1.4192097e-01   2.5937090e-02   1.1263923e-01   5.1615430e-02  -4.3012077e-02   8.8803409e-02   2.8147432e-02   1.1855679e-01   1.8011309e-02  -3.6660069e-02  -9.2017577e-02   3.0813311e-02   1.5399538e-01   2.5184019e-02   1.9921759e-01  -3.3807483e-03   1.5591541e-01   1.9601339e-01   1.5649948e-01   1.3792589e-01  -1.4006648e-01   1.4565052e-01   1.0739260e-01   2.3868523e-02   1.1668583e-01  -3.6530980e-02   1.9397489e-01   3.4706801e-02
   0.0000000e+00   0.0000000e+00   0.0000000e+00   0.0000000e+00   0.0000000e+00   0.0000000e+00   0.0000000e+00   0.0000000e+00   0.0000000e+00   0.0000000e+00   0.0000000e+00   0.0000000e+00   0.0000000e+00   0.0000000e+00   0.0000000e+00   0.0000000e+00   0.0000000e+00   0.0000000e+00   0.0000000e+00   0.0000000e+00   0.0000000e+00   0.0000000e+00   0.0000000e+00   0.0000000e+00   0.0000000e+00   0.0000000e+00   0.0000000e+00   0.0000000e+00   0.0000000e+00   0.0000000e+00   0.0000000e+00   0.0000000e+00   0.0000000e+00   0.0000000e+00   0.0000000e+00   0.0000000e+00   0.0000000e+00   0.0000000e+00   0.0000000e+00   0.0000000e+00   0.0000000e+00   0.0000000e+00   0.0000000e+00   0.0000000e+00   0.0000000e+00   0.0000000e+00   0.0000000e+00   0.0000000e+00   0.0000000e+00   0.0000000e+00   0.0000000e+00   0.0000000e+00   0.0000000e+00   0.0000000e+00   0.0000000e+00   0.0000000e+00   0.0000000e+00   0.0000000e+00   0.0000000e+00   0.0000000e+00   0.0000000e+00   0.0000000e+00   0.0000000e+00   0.0000000e+00   0.0000000e+00   0.0000000e+00   0.0000000e+00   0.0000000e+00   0.0000000e+00   0.0000000e+00   0.0000000e+00   0.0000000e+00   0.0000000e+00   0.0000000e+00   0.0000000e+00   0.0000000e+00   0.0000000e+00   0.0000000e+00   0.0000000e+00   0.0000000e+00   0.0000000e+00   0.0000000e+00   0.0000000e+00   0.0000000e+00   0.0000000e+00   0.0000000e+00   0.0000000e+00   0.0000000e+00   0.0000000e+00   0.0000000e+00   0.0000000e+00   0.0000000e+00   0.0000000e+00   0.0000000e+00   0.0000000e+00   0.0000000e+00   0.0000000e+00   0.0000000e+00   0.0000000e+00   0.0000000e+00   0.0000000e+00   0.0000000e+00   0.0000000e+00   0.0000000e+00   0.0000000e+00   0.0000000e+00   0.0000000e+00   0.0000000e+00   0.0000000e+00   0.0000000e+00   0.0000000e+00   0.0000000e+00   0.0000000e+00   0.0000000e+00   0.0000000e+00   0.0000000e+00   0.0000000e+00   0.0000000e+00
   1.6382969e-01   1.6909531e-02   0.0000000e+00   0.0000000e+00   4.7083787e-02  -1.3774162e-02   1.9735509e-01   9.2986440e-02   7.6892821e-02   6.3211087e-02   9.5250617e-02  -9.3860891e-02   8.7105349e-02   1.1355568e-01   1.4724173e-01   4.9207947e-02   6.5844432e-02  -1.2886176e-02   2.3515619e-01  -2.4370356e-02   1.3347150e-01  -3.0835166e-02   2.5505340e-01   6.7346946e-02  -2.3848296e-02   6.8457032e-02  -1.4722168e-02   7.9212088e-02   1.0226222e-01   1.9257376e-01   3.1155432e-02   4.9497279e-02   8.7231527e-02   9.7470562e-02   4.4068891e-02   1.2550889e-01   2.0189755e-01  -1.7715939e-02  -4.5591379e-02   1.8336029e-01   8.2282627e-02   7.6205729e-02   1.1046955e-01   3.8397298e-02   1.6715234e-01   1.0175913e-02   1.6345523e-01   2.5926788e-01   7.6304888e-02  -7.4659150e-02   0.0000000e+00   1.4248289e-01   1.3992467e-01   1.8004966e-01   5.0805060e-02   2.0658827e-01  -8.2524730e-03   7.4360018e-02   2.5100319e-01   1.5636149e-02  -8.6887197e-02  -1.3680525e-01   1.8479008e-02   2.4791049e-01   4.5363563e-02   2.9012370e-02   1.4646224e-01   4.6839159e-02   1.1740178e-01  -7.9973489e-02   1.2609879e-01   1.3244666e-01   1.1141431e-01   3.0313336e-02   0.0000000e+00   1.4088850e-01   1.5025926e-01   6.6672825e-02  -1.3978400e-01  -2.1537808e-02  -1.6322633e-01   8.0271427e-02  -3.3617885e-02  -7.7244657e-02   9.0250054e-02  -6.3331111e-03   4.3803582e-02  -1.3324732e-01  -1.1466374e-01   1.4020083e-01   7.7454017e-02  -1.7374064e-01   1.6907503e-02   2.1116185e-02   6.4437277e-02   8.3992948e-02  -6.0012933e-02   7.9850033e-02   3.0740908e-02   1.2438551e-01  -4.1056790e-02  -1.2823425e-01  -7.7211955e-02  -1.0292457e-01  -7.0067234e-02   1.0529410e-01  -5.1139473e-02  -7.5457490e-02   2.4786455e-02  -2.1390904e-02   1.2976737e-01   1.7216360e-01   1.1938386e-01   1.3196299e-02   1.0836650e-01   6.8032295e-02  -1.0782339e-02   1.6042276e-01
   1.0221172e-01  -5.1251568e-02   0.0000000e+00   4.7083787e-02   0.0000000e+00   3.7301713e-01   5.4867646e-02   6.8443898e-02  -6.4947223e-02  -1.3998034e-01   1.8218271e-01   1.1463683e-01   2.6723587e-01   1.7443203e-01   1.3242485e-01   8.0578630e-02   3.6012927e-01   4.9151224e-01   2.2636636e-01   5.3973142e-01   9.5169076e-02   2.8958184e-01  -5.5722858e-02   6.1183449e-02   2.9325169e-01   5.8989586e-04   6.8328891e-01  -9.0952752e-03   6.5977507e-02  -6.1009346e-02   2.2746485e-01   1.3513862e-01   5.5721844e-03   6.8489170e-02   4.0970222e-01   1.8054209e-01   2.3762176e-01   9.0848582e-02   1.3629320e-01   8.1497546e-02   8.2790210e-02   1.5655342e-01   3.8009495e-01   1.4379947e-01  -1.1778499e-01   8.5228363e-02   5.3816147e-01  -1.5960353e-02   2.7454098e-01   5.6649275e-01   0.0000000e+00   3.1513121e-01   1.9624078e-01  -3.4902587e-02   1.4520749e-01   1.4549966e-01   5.7768287e-01   3.5711713e-02   2.0069149e-01   1.8801752e-01   2.5847732e-01   2.5718456e-01  -2.2698274e-01   7.1599435e-02   1.0532456e-01   1.8840695e-01  -8.8597582e-02   1.7222733e-01  -9.3067071e-02   3.5223377e-01   2.8685037e-01   1.2198252e-01   1.9540242e-01   1.7392764e-01   0.0000000e+00  -6.5930984e-02  -1.3788660e-01  -5.9546530e-03   3.3581480e-01  -8.4622362e-02   4.7645130e-01   2.1397783e-01   3.8754074e-01   4.1098837e-01   1.3160409e-01   1.9199399e-01   5.1240027e-02   9.8188560e-02   2.7720401e-01  -2.5165397e-02   1.2124541e-01   2.3163645e-01   3.5208087e-03   1.7825080e-01   1.4703587e-01   3.9845837e-02   1.2148766e-01   5.7666291e-02   7.1149256e-02   5.1399928e-02   2.8071444e-01   1.8581542e-01   2.8158534e-02   1.1406614e-01   1.6693339e-02  -8.0574079e-02  -6.7837811e-02  -2.9229867e-02   2.1078148e-03  -1.4741887e-01   5.5038369e-02   4.6798127e-02   4.3655924e-02   2.2107302e-01   2.3851679e-01   7.5476567e-02   1.6559853e-01   1.8415115e-02
   9.4072061e-02  -5.0824169e-02   0.0000000e+00  -1.3774162e-02   3.7301713e-01   0.0000000e+00   9.6536728e-02   7.1712118e-02  -1.7546842e-02  -9.5487030e-02   1.4512235e-01   3.1434543e-02   1.0081732e-01   1.7150221e-01   6.8982212e-02  -3.8618476e-02   1.3325911e-01   1.0063448e-01   4.2605789e-02   1.5447749e-01  -4.3475842e-02   7.7760851e-02  -6.5446166e-02  -5.9493938e-02   2.9407066e-03  -3.3141274e-02   3.6898608e-01  -6.7101016e-02   6.2358921e-02   2.6903513e-02   4.8690565e-02   4.6120349e-02   7.8696342e-03   7.8800859e-02   1.0764393e-01   9.7970452e-03   1.1802433e-01  -7.2113381e-02  -5.7540931e-02   1.1008396e-01  -2.1139401e-02   6.0126829e-02   1.3758198e-01   7.4622698e-03  -8.0416647e-02  -5.2553185e-02   2.1336523e-01  -6.3626394e-02  -2.5780239e-03   4.4283846e-01   0.0000000e+00   1.9458503e-01   4.8959064e-02  -3.3060161e-03   4.3801414e-02   4.5292757e-02   2.7651230e-01  -4.5524410e-02   8.4364874e-02  -1.1690845e-02  -1.3171728e-02  -4.6733149e-03  -1.9132349e-01   4.6991893e-02   7.2391583e-02   1.0521465e-01   2.0364576e-02   2.7564600e-02   1.0430794e-02   9.5412743e-03   1.5492245e-01   1.9247696e-01   8.2597986e-02   1.2091613e-01   0.0000000e+00   4.2023294e-02  -5.4186184e-03   1.0163365e-01   4.0513455e-02  -4.2994929e-02   1.2377697e-01   1.2514813e-01   2.7553940e-01   5.7009922e-02   1.0804062e-01   7.3729185e-02   4.3339329e-02   3.0375684e-03   8.4063945e-02   3.0199543e-02   6.9094924e-02  -4.2645526e-02  -2.6537291e-02  -5.5444163e-02   1.1466909e-01   3.1243578e-02  -3.6892082e-02  -4.5058513e-03  -1.3385093e-02   3.3647500e-02   5.9737007e-02  -7.9518969e-03  -3.9801971e-02  -3.9038234e-02  -1.2908800e-01  -8.0137557e-02  -8.7948900e-02  -7.9461898e-02  -9.9728847e-02  -7.2428034e-02  -3.1643831e-02   9.0198303e-02   1.2241179e-01   1.0538040e-01   8.7502114e-02   1.0876352e-01   1.4136629e-02   1.1703456e-01
   6.3277542e-01   5.5997011e-02   0.0000000e+00   1.9735509e-01   5.4867646e-02   9.6536728e-02   0.0000000e+00   1.4858793e-01  -1.1378194e-01  -7.8380042e-02   4.3202933e-01  -9.8794745e-02  -1.1042785e-01   2.9630849e-01  -4.4815375e-02   5.4059428e-02   1.0289320e-01  -8.3256685e-02   1.7556038e-01  -9.1088830e-02  -6.6790352e-02  -1.7002652e-01   1.9991580e-01  -5.7714995e-02  -1.5064980e-01   1.1313864e-01  -1.1574699e-01   5.5807543e-02  -8.5853460e-02   2.0175915e-01  -5.2477293e-02   7.7295642e-02   1.4266998e-01   1.8546704e-02  -1.0034779e-01  -1.5476210e-01   8.6356514e-02  -2.0986582e-01  -2.7716930e-01   2.5839780e-01  -1.1756397e-02  -1.1571255e-01   1.0500450e-01  -1.3466741e-01   1.0892415e-01  -3.0568468e-01   1.9992030e-01   1.4989065e-01  -1.0247930e-02   3.5432255e-02   0.0000000e+00   4.2167666e-02  -3.7123445e-02   1.9061669e-01  -3.9804216e-02   3.1130670e-02  -1.8360046e-01   9.5728939e-03   5.0731866e-02  -3.9123962e-02  -1.8946900e-01  -2.2022816e-01  -9.9311307e-02   5.0706911e-01  -9.9687784e-02   2.3569893e-01   3.4328090e-01   2.3065319e-01   2.7307310e-01  -1.6665810e-01   2.3762552e-01   1.6112998e-01   6.4897248e-01   4.2523687e-03   0.0000000e+00   3.0996394e-01   3.2538828e-01   2.7504954e-01  -2.4168134e-01   9.5300093e-02  -1.7902352e-01   2.1171167e-01   6.2317488e-02  -1.0746452e-01   3.5294116e-01  -3.6533509e-02   3.3462860e-01  -8.3831771e-02  -1.4918622e-01   3.2032818e-01   2.5639668e-01  -2.7162596e-01  -2.2776116e-02  -4.4012814e-02   9.7725333e-03  -3.6036831e-03  -1.8563367e-01  -1.0036247e-01  -3.8092051e-02   4.6838606e-02  -1.5749857e-01  -2.7845781e-01  -1.1344168e-01  -1.6319215e-01  -2.9252208e-01   1.2393286e-01  -1.6974968e-01  -1.9937187e-01  -1.8816778e-01   2.7307568e-02   1.0767888e-01   1.1615879e-01   1.0680690e-01  -1.4619313e-01  -6.8687826e-02   1.7524815e-01   1.7052777e-02   4.2032116e-01
   1.0685945e-01   6.4126273e-02   0.0000000e+00   9.2986440e-02   6.8443898e-02   7.1712118e-02   1.4858793e-01   0.0000000e+00   1.1845509e-01   8.2267415e-02   1.0343751e-01   8.0610888e-05   1.6373454e-01   1.2325723e-01   1.0183086e-01   9.7818525e-02   4.8606737e-02   1.2312622e-01   1.0608237e-01   2.5792024e-02   1.9708409e-02   4.9778454e-02   7.2339244e-02  -1.0960896e-02   9.0369164e-02   1.4799875e-01  -5.5294962e-02   6.6191685e-02   7.4792686e-02   9.5344480e-02   9.7564306e-02   4.0169927e-02   1.9183572e-01   1.2224868e-01   1.8771856e-02   9.6225587e-02   9.4749934e-02   4.4312802e-02   5.8635636e-04   2.1808691e-01   1.5807402e-01   7.0585582e-02   9.6878794e-02   1.6228982e-01   9.7669319e-02   8.7583610e-02   8.1205191e-02   2.6419736e-01   1.6398952e-01  -5.6434648e-03   0.0000000e+00   1.0999299e-01   8.6390502e-02   2.2621854e-01   1.2142292e-01   8.2211843e-02   1.0393803e-02   1.1693726e-01   3.3875962e-02  -9.7245030e-03   2.9041160e-02   5.4388741e-02   2.5232383e-02   7.2202007e-02   8.0160896e-02   8.2740689e-02   1.4373518e-01   1.0679671e-01   2.6650794e-01   1.9751531e-01   1.4546466e-01   1.2928621e-01   3.0492550e-02   4.5643593e-03   0.0000000e+00   2.2544829e-01   1.2781197e-01   1.3450445e-01   1.2567464e-01  -1.4980697e-03  -1.0977022e-02   1.0204122e-01   2.6894478e-02   4.2881294e-02   1.0744313e-01   2.4494077e-02   1.2240271e-01   1.2174805e-02   9.0910148e-02   6.2660290e-02   8.4322046e-02  -1.5030089e-02   4.0173668e-02   2.6577592e-03   7.0461059e-02   1.3692837e-01   1.1224060e-01   2.3797607e-02  -1.5052924e-02   9.5865488e-02   6.2988302e-02   3.2837009e-02   4.3976605e-02   9.0022276e-02   6.9905764e-02   3.0274205e-01   8.7115874e-02   2.9547037e-02   1.2238268e-01   1.1631092e-01   1.3375492e-01   9.8033343e-02   6.6029647e-02   1.1847913e-01   3.4709630e-02   3.7247490e-01   1.8247864e-01   1.4345770e-01
   1.0201987e-01   1.7754142e-01   0.0000000e+00   7.6892821e-02  -6.4947223e-02  -1.7546842e-02  -1.1378194e-01   1.1845509e-01   0.0000000e+00   4.6288871e-02  -2.1792316e-02   1.0467129e-01   6.8081023e-02  -1.5000741e-01   8.8543293e-02   5.8110853e-02   1.1260834e-02   1.1459697e-02   3.4262869e-02  -7.8670587e-02   8.1662469e-04   6.3019411e-02  -9.7379288e-02   7.7170453e-02  -6.3769933e-04   8.2878506e-02  -1.4590327e-01  -4.0297711e-02  -5.1322833e-02  -1.5311316e-01  -7.7101719e-02   5.8445046e-03   8.2462172e-02   4.6754486e-02   1.4729719e-01   1.4274841e-01   6.7736850e-02   3.1430753e-01   1.9119018e-01   2.6527346e-02   3.7446112e-01   1.9449492e-01  -8.1665632e-02   2.7951875e-01  -2.9814497e-02   3.4011255e-01  -4.1900456e-02  -2.0201918e-02  -2.5097387e-02  -1.0457416e-01   0.0000000e+00  -7.2721177e-03   2.1902821e-01   8.8301362e-02   1.7818409e-01   5.2532426e-02  -3.2003984e-02  -2.9458334e-02  -1.5643606e-02  -6.3027496e-02   1.2165073e-01   2.1642908e-01   2.3491159e-01  -1.4786721e-01  -8.6896313e-02   3.2539464e-02  -1.2317438e-01   1.0397070e-02   8.9350751e-02   9.5443428e-02  -6.3990683e-02   8.9416569e-02   1.6286931e-02  -8.1251368e-02   0.0000000e+00  -7.8504308e-03   2.3374630e-01  -1.0671243e-01   2.4494623e-01   4.5337402e-02   4.7043686e-03  -1.4557810e-01  -1.2821505e-01   2.5544470e-02  -6.4332576e-02  -2.3970069e-02  -1.0789348e-01   6.3563707e-02   1.5666700e-01  -1.7900863e-01  -1.1020607e-01   1.5643496e-02   2.6824153e-01   7.1968086e-02   1.7117741e-01   1.7398753e-01   2.1353978e-01   2.6175167e-01   2.6104420e-01   7.0575343e-02   3.9600087e-02   2.2587601e-01   3.4734701e-01   1.4962721e-01   3.8234842e-01   6.9970552e-02   3.4044301e-01   3.1728875e-01   3.4174974e-01   3.4408436e-01   4.1531418e-02   1.0155149e-01   5.9979833e-02   1.0893918e-01   7.3734782e-02  -9.2607382e-02   1.1898163e-01  -9.1530566e-02
   7.1229462e-02   3.8692514e-02   0.0000000e+00   6.3211087e-02  -1.3998034e-01  -9.5487030e-02  -7.8380042e-02   8.2267415e-02   4.6288871e-02   0.0000000e+00   1.6448035e-01   8.4537006e-02   8.1205177e-02   7.2316096e-02   4.5625263e-02  -1.7672227e-03  -5.2407075e-02  -4.6232549e-02  -1.0334134e-01  -6.0425168e-02   1.5926796e-01   8.5026691e-02   1.9025472e-01   3.7914497e-02   1.1741141e-02   7.3992052e-02  -1.4421080e-01   2.7252225e-01   1.5734839e-01   1.0600479e-01   7.1643023e-02   3.8050497e-02   2.7337044e-01   1.3080099e-01  -1.3180966e-01   1.3994923e-01   6.8233852e-02  -4.3214450e-02   1.4097059e-02   1.8126165e-01   1.0816390e-01  -7.1553057e-02   1.6674831e-02   4.3764984e-02   1.2435046e-01   8.1733295e-02   7.5906838e-02   1.5729728e-01  -2.4009642e-02  -1.6509287e-01   0.0000000e+00   1.0033551e-01   2.0588957e-03   1.2911300e-01   7.4944176e-02   3.0158706e-02  -5.4701002e-02   8.0520112e-02   1.9795477e-02  -5.6972584e-02  -7.2410896e-02  -6.7608549e-02   1.8716596e-01  -4.9533045e-03  -1.3841881e-02  -4.3005907e-02   6.7068093e-02   6.3434286e-02   6.1161052e-02  -9.1105259e-02  -8.7274250e-02   3.7882312e-02  -5.3769672e-02   1.0746321e-01   0.0000000e+00   3.3981568e-02   1.0367147e-01   6.3544932e-02  -9.0131771e-02   3.1753680e-03  -1.3109864e-01   7.2787701e-02  -2.4379943e-02  -1.5336465e-01   2.2789735e-02   2.1282799e-02   4.9370658e-03  -1.0791190e-01   4.6504291e-02   5.3546890e-02  -2.1666730e-02  -9.1934642e-02   4.8147980e-02  -6.9706843e-02  -1.2160990e-01   2.9761016e-02  -3.6111292e-02  -1.6187054e-04  -4.6470361e-02   5.9692486e-02   2.7874844e-02  -5.1768450e-02  -6.3035155e-02   7.4229957e-03   4.8862793e-02   1.5387821e-01   7.6811133e-02   6.9100279e-02   1.5180306e-01   1.5272664e-01   8.3635970e-02   6.1460123e-02  -1.5260166e-02   3.8920390e-02  -6.9406154e-02   1.0209840e-01  -9.2886449e-02  -1.6746148e-02
   3.8815110e-01  -9.2788956e-02   0.0000000e+00   9.5250617e-02   1.8218271e-01   1.4512235e-01   4.3202933e-01   1.0343751e-01  -2.1792316e-02   1.6448035e-01   0.0000000e+00   1.3216960e-02   2.1969725e-01   1.4955741e-01   1.0904590e-01   5.3367682e-02   2.4983481e-01   1.1821467e-01   1.2570555e-01   1.0475074e-01   2.5932377e-01   1.2826896e-01   2.9262792e-01   8.3147083e-02   3.8095657e-02   5.4930662e-02   8.3700075e-02   2.8072123e-01   2.0648070e-01   2.3788031e-01   1.1354846e-01   2.2625868e-01   3.8512120e-01   2.6028816e-01   1.6258115e-01   1.9441629e-01   2.9840582e-01  -4.2743838e-02  -3.7803385e-02   5.7937352e-01   3.1388469e-01   1.0616800e-01   2.5613665e-01  -8.8605037e-03   1.4452297e-01  -4.1282497e-02   4.3420744e-01   1.7627076e-01  -3.4004171e-02  -3.6421152e-02   0.0000000e+00   3.8827004e-01   1.1744609e-01   1.8011133e-01   1.2399702e-01   1.1752826e-01   4.5393928e-02  -4.5728068e-02   1.4367025e-01  -4.1322982e-02  -1.9890301e-01  -2.2303987e-01  -7.5160680e-02   3.6916406e-01   1.5159613e-03   2.7973773e-01   8.2421201e-02   1.0908231e-01   2.3153123e-02  -8.0266269e-02   1.2475051e-01   2.0222382e-01   3.7556957e-01   1.2348147e-01   0.0000000e+00  -3.7888787e-02   2.2757444e-01   5.9788841e-02  -1.7082769e-01  -1.4551305e-01  -2.1151550e-01   1.4876613e-01   3.7641863e-02  -1.2384468e-01   1.2891436e-01  -2.5767536e-02   1.1460260e-01  -2.5460725e-01   6.8593794e-02   8.3437886e-02   6.1318262e-02  -1.7566654e-01   1.3057140e-01  -7.4561176e-02  -1.0903033e-02  -5.2679279e-02  -9.7502361e-02  -8.4089052e-02  -4.7058675e-02   2.0227834e-02   4.9003225e-02  -1.4276527e-01  -1.3259332e-01  -9.5950481e-02  -1.4404283e-01   1.5438725e-02  -6.9586560e-02  -2.2763975e-01  -3.1486071e-02   6.4385361e-02   1.9056957e-01   8.2690827e-02   5.8305500e-02  -2.3711492e-02   7.0871831e-02  -1.7190260e-02  -1.2339875e-01   5.5478451e-02
   2.4213410e-02  -6.1628355e-02   0.0000000e+00  -9.3860891e-02   1.1463683e-01   3.1434543e-02  -9.8794745e-02   8.0610888e-05   1.0467129e-01   8.4537006e-02   1.3216960e-02   0.0000000e+00   1.2179848e-01  -1.5464293e-01   1.0494155e-01   2.8069608e-02  -1.4719032e-02   1.8661014e-02  -7.3342494e-02   1.3982645e-01   9.1405153e-02   1.0598437e-01  -9.8235124e-02  -4.4015150e-02   4.3007783e-02  -1.1940466e-01   1.2765518e-01  -3.1732141e-02   1.4909996e-02  -4.8719791e-02   5.3221923e-02   4.1413948e-02   4.2563344e-02   8.7730552e-02   1.8878464e-01   1.5811419e-01   3.6981455e-04   1.4356357e-01   6.4018730e-02  -3.4066603e-02   1.1300108e-01   1.1559387e-01   2.6109667e-03   1.4015205e-01  -9.4314834e-02   1.4452502e-01   7.3481460e-02  -3.3382336e-02  -1.0564585e-02   1.5638929e-02   0.0000000e+00   7.3811626e-02   1.4041250e-01  -3.9180422e-02   9.8583335e-02   1.7718651e-02   1.2734133e-01   5.8264932e-02   2.8636000e-03  -3.1213682e-02   5.5371270e-02   3.7000428e-02   4.5073651e-02  -1.8249996e-02   1.0972667e-01   6.1334060e-02  -1.0812967e-01  -2.1919138e-02   5.0601095e-02   1.0514179e-01  -7.0724464e-02   2.8697643e-02   2.9811882e-02  -1.9899197e-01   0.0000000e+00  -6.1766825e-02   8.2224491e-04  -1.1760473e-01   1.2588973e-01  -8.1956855e-02   7.5904532e-02  -8.3267419e-02  -4.7785283e-02   1.0480979e-02  -6.1220342e-02  -1.6342795e-01  -1.7061495e-01   1.4783058e-02   1.3568583e-02  -1.7856712e-01   3.3003867e-02   7.0959667e-02   8.5219671e-03  -4.3381425e-04   4.9762106e-02   4.2633129e-02   9.1243961e-02   5.3359726e-02   6.0477536e-02   2.7313316e-02   5.3355211e-02   1.1359422e-01   5.2284432e-02   9.9449921e-02   4.7354720e-02  -4.3701744e-02  -1.1358493e-03   5.9394332e-02   8.3694270e-02   2.7362015e-02   4.1629396e-02   1.2592720e-01   1.1671709e-02   9.9821619e-02   5.5714863e-02  -4.6259184e-04  -2.2849894e-02  -1.7202269e-01
  -9.3496619e-02  -1.7574884e-01   0.0000000e+00   8.7105349e-02   2.6723587e-01   1.0081732e-01  -1.1042785e-01   1.6373454e-01   6.8081023e-02   8.1205177e-02   2.1969725e-01   1.2179848e-01   0.0000000e+00  -1.0445886e-02   4.1987232e-01   2.2384174e-01   3.4304777e-01   4.7065645e-01   1.8643640e-01   5.7107510e-01   6.1192664e-01   4.4058487e-01   1.6648977e-01   1.0769155e-01   3.5246900e-01  -1.8555841e-02   2.6972690e-01   1.7548379e-01   5.0465359e-01   3.3855405e-01   5.5421339e-01   8.6285356e-02   3.6129081e-01   4.0740069e-01   4.1339934e-01   4.2412223e-01   2.4135017e-01   2.7657333e-01   2.9601267e-01   2.5635873e-01   2.7177670e-01   3.4650902e-01   3.1717171e-01   2.3856296e-01   8.6555243e-02   2.3405050e-01   3.2100194e-01   3.2335081e-01   2.6622385e-01   2.0627932e-02   0.0000000e+00   4.6717878e-01   2.7619198e-01   9.2687723e-02   3.5235698e-01   5.0062729e-01   4.2629900e-01   1.0855883e-01   3.6945468e-01   1.4486551e-01   1.2888498e-01   8.4392374e-02  -9.8666966e-02   2.6215814e-01   4.0895647e-01   3.7736709e-01  -1.4555618e-01   7.9605465e-02  -4.6894411e-02   3.3173064e-01   7.0251882e-02   6.3860240e-02  -7.3938297e-02   4.4725870e-02   0.0000000e+00  -1.3706847e-01  -1.6310660e-01  -1.4392864e-01   1.7107915e-01  -1.9709144e-01   9.1410677e-02   6.1926491e-02   8.8740609e-02   2.1968039e-01  -9.3032812e-02   2.0498173e-03  -4.7490672e-02  -5.5681140e-02   1.8647200e-01  -1.4350338e-01   1.4747567e-02   1.6348255e-01   1.8382736e-02   7.7637080e-02   1.7917701e-01   9.2293644e-02   1.6842360e-01   3.5780209e-02   4.0248373e-02   7.0142478e-02   2.5800207e-01   2.2450205e-01  -9.3299423e-02   1.9995280e-01   1.5093480e-01   2.0745685e-02   5.9112786e-02   2.7614174e-02   2.5115728e-01   1.0452698e-01   5.7293856e-01   7.0140871e-02   2.8464101e-03   3.1745886e-01   2.8315144e-01  -3.2502559e-02  -9.4313501e-03  -8.0012602e-02
   4.2571858e-02   6.0048460e-02   0.0000000e+00   1.1355568e-01   1.7443203e-01   1.7150221e-01   2.9630849e-01   1.2325723e-01  -1.5000741e-01   7.2316096e-02   1.4955741e-01  -1.5464293e-01  -1.0445886e-02   0.0000000e+00  -8.9824866e-02  -3.7109427e-02   5.6486446e-02   4.4725985e-02   2.2445764e-03   9.3828933e-02  -4.0770727e-02   7.5553767e-02   3.1777139e-01   2.0009127e-02   9.6357234e-02   3.7245241e-01   1.1678681e-02   1.5457216e-01  -3.4019295e-02   1.6117834e-01   1.2059943e-01  -4.2511993e-02  -1.1097688e-01  -6.1565123e-02  -1.6831657e-01  -1.7301401e-01  -1.0524351e-02  -2.0618077e-01  -1.6245645e-01   1.8635062e-01  -6.7425416e-02  -1.8313571e-01   1.1829570e-01  -7.5402979e-02   1.4244212e-01  -1.8189728e-01   1.2135112e-01   5.2635484e-02   1.5800126e-01   3.7574652e-01   0.0000000e+00  -3.5312561e-02  -1.4710747e-01   5.2375524e-02  -1.1024850e-01  -6.8455702e-02  -2.0371978e-02   4.1594776e-02   7.2402359e-02   1.6466343e-01   1.5508644e-01   7.2381627e-02  -6.5214401e-02   1.1278107e-03  -1.4911522e-02  -1.4984569e-01   3.5826852e-01   2.1059527e-01   1.1608475e-01   5.1047693e-02   4.3497639e-01   2.5277535e-01   1.9680832e-01   1.8939498e-01   0.0000000e+00   2.8171807e-01   3.0995728e-02   4.0406025e-01  -8.0698056e-02   3.3772522e-01   1.3720571e-01   6.2674470e-01   5.5187168e-01   1.6477110e-01   4.1151198e-01   1.6940234e-01   3.9998885e-01   1.3994646e-01  -1.0719618e-01   4.4113028e-01   2.1468215e-01  -2.0055529e-01  -8.5881630e-02  -8.1210535e-02  -1.1784801e-01  -5.7821931e-04  -9.6462589e-02  -1.2526654e-01  -1.8279237e-01   3.3236948e-02   2.0290450e-02  -2.6069468e-01  -1.1052679e-01  -7.5243266e-02  -1.4839598e-01   2.3646136e-02  -1.1177569e-01  -9.8605886e-02  -6.5231909e-02  -1.5329997e-01  -5.6580087e-02   2.1446290e-02  -2.1745255e-03  -1.0043147e-01   3.1966883e-02   4.2204917e-01   2.3483905e-01   5.0977962e-01
  -2.9201650e-02   2.5253073e-02   0.0000000e+00   1.4724173e-01   1.3242485e-01   6.8982212e-02  -4.4815375e-02   1.0183086e-01   8.8543293e-02   4.5625263e-02   1.0904590e-01   1.0494155e-01   4.1987232e-01  -8.9824866e-02   0.0000000e+00   3.7181025e-01   2.0022889e-01   2.0488342e-01   1.4854452e-01   2.5495989e-01   3.4709805e-01   1.8848834e-01   4.1426665e-02   4.5045188e-02   1.5878379e-01  -8.4015249e-02   1.7760948e-01   3.0876531e-02   2.2726436e-01   1.4309250e-01   2.5894778e-01   4.0342452e-02   1.6284142e-01   3.4884508e-01   3.2568640e-01   3.7038797e-01   1.5832968e-01   2.4853889e-01   1.7494258e-01   1.2901403e-01   1.9893694e-01   3.7210658e-01   1.6793859e-01   2.5149277e-01   3.4146532e-03   2.0772455e-01   1.7881259e-01   3.1917780e-01   2.3644848e-01   2.0936092e-02   0.0000000e+00   3.0525388e-01   2.8927047e-01   6.9679587e-02   4.3549288e-01   6.0171188e-01   2.4466875e-01   2.0073364e-01   2.9844498e-01   7.0329861e-02   3.5079500e-02   3.9456240e-02  -6.3022691e-02   2.2252768e-01   4.1299463e-01   2.4767420e-01  -7.2461958e-02   7.1660017e-02   9.5093969e-02   8.2165269e-02   6.7632846e-03   5.6689216e-03  -4.3684527e-02   1.3499231e-02   0.0000000e+00  -7.9093078e-02  -8.2262331e-02  -4.9497548e-02   6.0383940e-02  -2.6204703e-01   1.7054731e-02   1.1957998e-02   1.7032432e-02   2.6471202e-02  -1.0061196e-01  -1.3810309e-02  -7.5974035e-02  -1.1084788e-01   1.0823903e-01  -9.9594424e-02   3.0188485e-02   4.8227070e-02   3.1074491e-02   1.3442452e-01   1.1610731e-01   1.5814201e-01   1.6274816e-01   8.7374010e-02   9.0261458e-02   1.0888197e-01   1.9781734e-01   1.5113660e-01  -6.4647044e-03   1.2753524e-01   9.7455431e-02   7.4540696e-02   4.3347488e-02   3.8549715e-02   1.4528225e-01  -1.1766334e-03   4.1971895e-01   1.6949072e-01   1.2642389e-01   2.3011984e-01   4.3172271e-01  -1.7324283e-02  -3.4968387e-02  -1.1815649e-01
  -3.5680177e-02   6.8253164e-03   0.0000000e+00   4.9207947e-02   8.0578630e-02  -3.8618476e-02   5.4059428e-02   9.7818525e-02   5.8110853e-02  -1.7672227e-03   5.3367682e-02   2.8069608e-02   2.2384174e-01  -3.7109427e-02   3.7181025e-01   0.0000000e+00   2.9792951e-02   1.6898877e-01   1.6001925e-01   1.0879150e-01   7.8111971e-02   9.6256410e-02  -1.2380933e-04   6.6740493e-02   1.6016590e-01   1.4089500e-02  -1.7723474e-02  -7.4505872e-02  -5.3744519e-03   9.1142959e-03   8.3284910e-02  -6.4175374e-02   1.0057932e-01   8.1080756e-02   1.3092953e-01   1.6488606e-01   5.4368827e-02   1.3828467e-01   1.1093692e-01   5.0001043e-02   1.2287283e-01   1.7913646e-01  -9.9268064e-03   2.9861661e-01   7.8798797e-02   1.6046755e-01   2.5256518e-02   2.2534925e-01   2.6073686e-01  -4.0411211e-02   0.0000000e+00   7.9076150e-02   2.2908720e-01   1.9516221e-01   5.7726646e-01   3.1973790e-01   7.5520560e-02   1.7498006e-01   1.7993208e-01   8.9440293e-02   1.8805246e-01   1.5050921e-01   2.6899368e-03   1.9253921e-01   1.0302487e-01   2.0037863e-01  -6.4657410e-03   1.1190551e-01   1.6383209e-01   1.7412700e-01   3.4441250e-02  -1.3650373e-02   2.8143436e-02  -2.8804136e-02   0.0000000e+00  -3.1648325e-03  -4.7286015e-02  -3.6199520e-02   9.4835927e-02  -3.9010550e-02   4.9818615e-02  -9.6410457e-02   4.9625450e-02   1.0790828e-01  -1.2768484e-01  -4.7702595e-02  -9.3607316e-02   6.1356683e-02  -1.6687200e-04  -1.2838060e-02  -3.0713010e-02   6.1507054e-02   1.1372690e-01   1.1078613e-01   1.6230051e-01   1.4807337e-01   1.7373124e-01   1.4370439e-01   5.5674738e-02   6.0115308e-02   4.8631663e-02   1.8365819e-01   9.5791789e-02   1.6577476e-01   2.2869810e-01   2.1337298e-01   1.2567955e-01   2.2521592e-01   2.4440313e-01   1.3916155e-01   2.2176690e-01   1.2406142e-01   1.8653771e-02   1.4946439e-01   2.1571412e-01   7.2012640e-03   2.6712688e-02   4.4837112e-02
   2.3693636e-02   3.4523312e-02   0.0000000e+00   6.5844432e-02   3.6012927e-01   1.3325911e-01   1.0289320e-01   4.8606737e-02   1.1260834e-02  -5.2407075e-02   2.4983481e-01  -1.4719032e-02   3.4304777e-01   5.6486446e-02   2.0022889e-01   2.9792951e-02   0.0000000e+00   5.0943343e-01   2.2834545e-01   4.4898776e-01   3.3760131e-01   3.9713968e-01   1.5989128e-01   1.6892454e-01   3.0379883e-01   3.0536486e-02   3.4732515e-01   2.0405491e-01   3.1350812e-01   1.6246378e-01   2.6031566e-01   1.7152808e-01   2.8500005e-01   1.7973316e-01   3.4029795e-01   2.4750988e-01   1.8316270e-01   1.8033442e-01   2.1793874e-01   1.6783133e-01   2.2183504e-01   2.1209718e-01   2.9825902e-01   1.0479507e-01  -4.1988757e-02   1.3162952e-01   4.9097407e-01   1.6784309e-01   1.5784866e-01   1.1711516e-01   0.0000000e+00   4.6615276e-01   1.1173831e-01   5.2509322e-02   1.3679026e-01   3.0323160e-01   3.7812259e-01  -5.0054740e-02   2.3547545e-01   1.3267384e-01   7.8749595e-02   7.8458094e-02  -3.2378668e-02   1.8845045e-01   2.1731039e-01   3.0393975e-01  -2.3041048e-01   8.5850656e-02  -2.1717441e-01   2.4281167e-01   1.5992210e-01  -1.7096775e-02   4.6047045e-02   1.4887339e-01   0.0000000e+00  -1.4518038e-01  -6.2482910e-02  -1.5725367e-01   1.7178562e-01  -2.6802247e-01   1.2636603e-01   2.0395697e-01   1.3612708e-01   1.9428326e-01  -5.0982791e-02  -3.0747291e-02  -4.5326072e-02  -1.0981511e-01   1.2318249e-01  -1.4457098e-01   8.7649854e-03   1.4439153e-01  -3.0295332e-02   2.1729133e-02   6.9065274e-02   1.2200633e-01  -3.6925743e-02   4.5593953e-02  -3.6167724e-02   2.0650187e-02   1.3237130e-01   1.2805395e-01  -1.6025813e-01   8.9748858e-02   4.5807136e-02  -1.4783012e-01  -1.4208073e-02  -8.9006357e-02   1.7460782e-02   5.2777097e-02   1.5024136e-01  -5.0666938e-02  -3.2740012e-02   2.3699538e-01   1.3327783e-01  -6.3995446e-02  -6.5059863e-02  -1.4049681e-01
  -3.7840418e-02  -3.7528291e-02   0.0000000e+00  -1.2886176e-02   4.9151224e-01   1.0063448e-01  -8.3256685e-02   1.2312622e-01   1.1459697e-02  -4.6232549e-02   1.1821467e-01   1.8661014e-02   4.7065645e-01   4.4725985e-02   2.0488342e-01   1.6898877e-01   5.0943343e-01   0.0000000e+00   1.9579956e-01   7.0343481e-01   3.2453910e-01   3.8502082e-01   7.0124522e-02   2.2616465e-01   4.5580621e-01   9.6825217e-02   3.6768927e-01   1.0097117e-01   2.0585925e-01   2.5410146e-02   3.2209586e-01   5.3661015e-02   1.2968975e-01   1.1873615e-01   3.9604725e-01   2.7858457e-01   1.4564522e-01   2.4712101e-01   3.4686794e-01   1.7455382e-01   2.2173234e-01   1.9536956e-01   2.7621142e-01   2.5431352e-01  -2.2224850e-02   2.1633319e-01   2.9533721e-01   1.2777170e-01   4.2068379e-01   1.9484656e-01   0.0000000e+00   3.2466917e-01   1.8062375e-01   8.2337089e-03   2.2060603e-01   1.8870288e-01   4.7717848e-01   6.7442250e-03   1.5766743e-01   3.0048525e-01   3.1227638e-01   2.4947907e-01  -4.8809417e-02   2.9094632e-02   2.0569286e-01   1.8234671e-01  -2.4726695e-01   1.3921160e-01  -1.3299736e-01   6.7084207e-01   2.7913287e-01  -1.3449914e-02  -5.4997853e-02   6.1247119e-02   0.0000000e+00  -9.7004707e-02  -2.0066536e-01  -1.5761259e-01   4.3564918e-01  -1.8310902e-01   3.3568683e-01   1.6082119e-01   2.0900369e-01   5.2631484e-01  -9.2160537e-03   6.0777748e-02  -4.7263850e-02   4.2903726e-02   2.7285797e-01  -2.0351275e-01  -6.1753467e-03   3.7352706e-01  -3.8302092e-04   1.5154054e-01   1.6141491e-01   8.3684221e-02   1.6841807e-01   3.7523262e-02   1.7217846e-02   1.7148765e-02   2.4927340e-01   2.5018192e-01  -3.3312442e-02   2.8691336e-01   1.6850626e-01  -2.9988151e-02   9.5946082e-02   9.3931613e-02   2.1023553e-01   3.2294334e-03   1.2629678e-01  -6.9544530e-02  -2.4322863e-02   3.0581784e-01   1.4087151e-01  -4.5431618e-02   9.3758762e-02  -1.3466008e-01
   1.1126728e-01   2.2706142e-02   0.0000000e+00   2.3515619e-01   2.2636636e-01   4.2605789e-02   1.7556038e-01   1.0608237e-01   3.4262869e-02  -1.0334134e-01   1.2570555e-01  -7.3342494e-02   1.8643640e-01   2.2445764e-03   1.4854452e-01   1.6001925e-01   2.2834545e-01   1.9579956e-01   0.0000000e+00   1.8555659e-01   2.0914391e-01   1.5823628e-01   6.1364954e-02   1.7204554e-01   1.5993743e-01   1.8593557e-02   1.4893995e-01   4.4512963e-02   1.2053284e-01   9.1054373e-02   1.1077885e-01   1.0902041e-01   2.0596885e-01   9.2617542e-02   3.1947735e-01   3.2596615e-01   2.1027723e-01   2.6889918e-01   2.9939402e-01   1.4670298e-01   1.9672235e-01   3.0221568e-01   3.4194658e-01   3.0234273e-01   9.9181587e-02   2.5404080e-01   1.8835982e-01   2.3717888e-01   2.4166569e-01   3.1901700e-02   0.0000000e+00   2.2592461e-01   3.8163961e-01   1.6740770e-01   3.0405242e-01   3.6326230e-01   2.2347869e-01   1.2959592e-01   4.8044980e-01   5.1892272e-02   1.0651711e-01   1.0215583e-01  -5.0475024e-02   1.9788375e-01   1.2100729e-01   3.4680957e-01   1.1237984e-02   2.5248939e-01   4.3243039e-02   1.3178166e-01   9.3104530e-02  -1.7689229e-02   1.0230466e-01   1.2173489e-01   0.0000000e+00   5.8769135e-02  -8.4423989e-02   3.6058099e-02   6.1198936e-02  -3.4190684e-02   5.7065966e-02   4.9825241e-02   1.5656038e-02   9.6727908e-02   1.0691059e-02   1.6440086e-01  -3.6020103e-02  -3.1452282e-02   1.8656076e-01   2.0328807e-02   1.3486820e-01   6.0038441e-02   4.3910029e-02   3.1704660e-01   3.2466371e-01   2.4640240e-01   1.7824529e-01   3.6446455e-01   2.0202867e-01   2.2582580e-01   2.5382871e-01   2.7224588e-01   4.9774358e-02   1.1365347e-01   2.0691653e-01   7.5021207e-02   9.4488641e-02   7.2396278e-02   1.8754609e-01   1.3566494e-01   1.8275150e-01   5.7670509e-02   5.1138483e-02   2.0768809e-01   1.3480897e-01   5.5727899e-02   1.2333604e-02   3.4463582e-02
  -1.3084763e-01  -1.2660168e-01   0.0000000e+00  -2.4370356e-02   5.3973142e-01   1.5447749e-01  -9.1088830e-02   2.5792024e-02  -7.8670587e-02  -6.0425168e-02   1.0475074e-01   1.3982645e-01   5.7107510e-01   9.3828933e-02   2.5495989e-01   1.0879150e-01   4.4898776e-01   7.0343481e-01   1.8555659e-01   0.0000000e+00   4.0594854e-01   5.8828480e-01   8.2528355e-02   2.1296257e-01   5.2398845e-01  -9.3252520e-03   7.3213101e-01   1.2865858e-01   2.7712411e-01   1.2075521e-01   5.9739426e-01   8.1466043e-02   1.4467062e-01   2.3362871e-01   6.1375316e-01   3.4622037e-01   2.5434293e-01   2.0837513e-01   3.5970858e-01   1.2941722e-01   1.5665351e-01   2.4385829e-01   4.6458242e-01   3.1871767e-01   9.7949495e-02   1.8524788e-01   3.9498730e-01   7.1564172e-02   4.4519232e-01   3.5825793e-01   0.0000000e+00   4.1511996e-01   2.6792068e-01  -1.1955874e-01   2.3253401e-01   2.5350920e-01   6.6343585e-01   8.4709946e-02   2.4580489e-01   4.3127605e-01   4.3520397e-01   2.9880333e-01  -2.2489147e-01   3.4734644e-03   3.7517987e-01   1.9624196e-01  -1.7677399e-01   2.5712938e-01  -1.8903629e-01   6.2157797e-01   3.3116936e-01  -7.2669441e-02  -3.9158400e-03   1.3662529e-01   0.0000000e+00  -1.1222167e-01  -2.3843588e-01  -8.7560525e-02   3.2387324e-01  -1.2392246e-01   4.6648174e-01   2.9792865e-01   4.0125755e-01   6.5112838e-01   6.6660331e-02   2.7216984e-01   1.1432474e-01   6.5681267e-02   3.0425348e-01  -3.0821731e-02   1.5805559e-01   3.0662662e-01  -9.4817325e-02   1.6789531e-01   1.5338309e-01   8.6265119e-02   1.7580598e-01   8.7032387e-02   2.5125346e-02   8.6334944e-02   4.9006992e-01   2.9732380e-01  -1.2021040e-01   3.3218592e-01   5.6131850e-02  -1.4478042e-01   2.3296611e-03   1.9415450e-02   1.4997261e-01  -1.0136283e-01   1.7646089e-01  -4.5055974e-02  -1.7134773e-02   2.7855008e-01   2.2937998e-01  -3.3165440e-04   9.0801745e-02  -2.5381622e-02
  -3.4184921e-02  -1.1370961e-01   0.0000000e+00   1.3347150e-01   9.5169076e-02  -4.3475842e-02  -6.6790352e-02   1.9708409e-02   8.1662469e-04   1.5926796e-01   2.5932377e-01   9.1405153e-02   6.1192664e-01  -4.0770727e-02   3.4709805e-01   7.8111971e-02   3.3760131e-01   3.2453910e-01   2.0914391e-01   4.0594854e-01   0.0000000e+00   4.9449882e-01   3.9212111e-01   2.0210016e-01   2.3287261e-01  -1.0598130e-01   2.1590671e-01   3.3744561e-01   6.0431812e-01   3.4806011e-01   2.9812926e-01   2.4340064e-01   4.2182091e-01   3.3398700e-01   3.9360076e-01   6.8951884e-01   3.5461217e-01   3.0885334e-01   3.0763828e-01   3.6935459e-01   2.9739326e-01   4.1773269e-01   3.5196468e-01   1.5332593e-01   1.3035167e-01   3.0886859e-01   4.7971109e-01   2.5077176e-01   1.3067977e-01  -1.4509252e-01   0.0000000e+00   4.5944275e-01   3.5830877e-01   2.2578548e-02   2.1033827e-01   3.1428410e-01   3.6252592e-01   1.5905341e-02   3.4068548e-01   6.6752998e-02  -7.3153625e-02  -1.2514119e-01  -3.2474401e-02   2.0876160e-01   2.6338102e-01   2.9736217e-01  -1.4109424e-01  -1.7568119e-02  -4.2069795e-02   5.5910025e-02  -9.1990880e-03  -1.1350100e-01  -1.0081816e-01   1.1076028e-02   0.0000000e+00  -1.4047084e-01  -5.8768006e-02  -1.2940804e-01  -7.1900558e-02  -3.2060200e-01  -1.5828492e-01  -4.1895111e-03  -1.0961445e-01  -8.4520055e-02  -1.4361176e-01  -3.4741661e-02  -1.1046920e-01  -3.0499050e-01   1.1713174e-01  -1.3866068e-01   2.7182453e-02   1.4167091e-02   2.0945292e-02   8.7740024e-02   1.0246065e-01   9.2955049e-02   6.0063205e-02   7.9026852e-02   9.5999341e-02   1.1505939e-01   2.4392601e-01   1.2259706e-01  -1.5458054e-01   9.4518905e-02   7.1115923e-02  -5.5308303e-02  -1.1526981e-02  -1.2779352e-01   1.1588958e-01   6.0024609e-02   3.0684366e-01   5.2697830e-03  -5.0035366e-03   2.3184263e-01   1.4398143e-01  -1.5141208e-01  -1.2168472e-01  -1.4252688e-01
