   0.0000000e+00   0.0000000e+00   0.0000000e+00   9.2022511e-02   1.7319235e-02   1.1081114e-01   2.3151983e-01  -1.9526889e-03   5.4791605e-02   1.4644607e-01   1.3378562e-01   6.7367821e-02  -1.1939614e-01  -3.8444673e-02  -7.4611153e-02  -4.3676938e-02   0.0000000e+00  -5.5211479e-04   2.0939710e-01  -5.0687791e-02   6.0991772e-02  -5.3979162e-02   1.4955063e-01   7.6360056e-02  -1.5758322e-02  -3.2982333e-02  -1.5840112e-02   2.5327409e-03  -7.6185631e-02  -2.4598362e-02  -1.7569136e-01   1.1922065e-01  -1.3630509e-01   1.9706205e-02  -2.4785861e-02  -4.3054911e-02  -9.4720597e-02   9.3373954e-02   5.4763669e-02   4.2305013e-02   9.3941856e-02  -3.3191257e-02  -1.2279284e-01  -2.0548157e-02  -6.5729217e-02  -7.9376075e-03   7.3652653e-02  -3.2004850e-02  -1.5167284e-01  -1.0140138e-01  -1.1712267e-01  -9.8432217e-02  -6.4129298e-04   9.5710089e-02  -5.6707982e-02  -5.4402118e-02  -9.5951887e-02  -9.9894727e-02  -6.3390888e-02  -6.8135099e-02  -1.7333898e-01  -1.4146958e-01   6.5950657e-02   1.0092475e-01   2.4004350e-02  -1.8985328e-01  -4.6220843e-02   9.0697148e-02   2.0607852e-01  -2.0247673e-01   8.9695927e-02   0.0000000e+00   3.0133946e-01   1.3295767e-01  -4.2504322e-02   5.0896224e-02   2.2984589e-01   7.0527464e-02  -8.3345437e-02   5.9947892e-02  -1.4231530e-01  -2.4069088e-02  -5.0708226e-02  -2.2534968e-01  -1.7425936e-01  -3.4232155e-02   1.4070149e-02  -1.4721879e-01   3.9262099e-02   1.1264366e-01   1.6174691e-01  -1.1592835e-01   5.6421571e-02  -1.0112818e-01  -5.7737857e-02   4.4957565e-02   4.1967213e-02   4.0793843e-02   1.1623997e-01  -2.5964114e-02  -1.0466941e-01   6.1237080e-02   1.3890309e-01  -5.7711155e-02  -1.3160816e-01  -6.7284480e-02  -2.1218278e-02  -8.2153099e-02  -6.8195978e-02   8.0314887e-02  -2.2730868e-02   0.0000000e+00   1.8831648e-02  -2.8143277e-02   0.0000000e+00   7.2286038e-02  -8.3373418e-02  -2.9314939e-02
   0.0000000e+00   0.0000000e+00   0.0000000e+00   0.0000000e+00   0.0000000e+00   0.0000000e+00   0.0000000e+00   0.0000000e+00   0.0000000e+00   0.0000000e+00   0.0000000e+00   0.0000000e+00   0.0000000e+00   0.0000000e+00   0.0000000e+00   0.0000000e+00   0.0000000e+00   0.0000000e+00   0.0000000e+00   0.0000000e+00   0.0000000e+00   0.0000000e+00   0.0000000e+00   0.0000000e+00   0.0000000e+00   0.0000000e+00   0.0000000e+00   0.0000000e+00   0.0000000e+00   0.0000000e+00   0.0000000e+00   0.0000000e+00   0.0000000e+00   0.0000000e+00   0.0000000e+00   0.0000000e+00   0.0000000e+00   0.0000000e+00   0.0000000e+00   0.0000000e+00   0.0000000e+00   0.0000000e+00   0.0000000e+00   0.0000000e+00   0.0000000e+00   0.0000000e+00   0.0000000e+00   0.0000000e+00   0.0000000e+00   0.0000000e+00   0.0000000e+00   0.0000000e+00   0.0000000e+00   0.0000000e+00   0.0000000e+00   0.0000000e+00   0.0000000e+00   0.0000000e+00   0.0000000e+00   0.0000000e+00   0.0000000e+00   0.0000000e+00   0.0000000e+00   0.0000000e+00   0.0000000e+00   0.0000000e+00   0.0000000e+00   0.0000000e+00   0.0000000e+00   0.0000000e+00   0.0000000e+00   0.0000000e+00   0.0000000e+00   0.0000000e+00   0.0000000e+00   0.0000000e+00   0.0000000e+00   0.0000000e+00   0.0000000e+00   0.0000000e+00   0.0000000e+00   0.0000000e+00   0.0000000e+00   0.0000000e+00   0.0000000e+00   0.0000000e+00   0.0000000e+00   0.0000000e+00   0.0000000e+00   0.0000000e+00   0.0000000e+00   0.0000000e+00   0.0000000e+00   0.0000000e+00   0.0000000e+00   0.0000000e+00   0.0000000e+00   0.0000000e+00   0.0000000e+00   0.0000000e+00   0.0000000e+00   0.0000000e+00   0.0000000e+00   0.0000000e+00   0.0000000e+00   0.0000000e+00   0.0000000e+00   0.0000000e+00   0.0000000e+00   0.0000000e+00   0.0000000e+00   0.0000000e+00   0.0000000e+00   0.0000000e+00   0.0000000e+00   0.0000000e+00   0.0000000e+00   0.0000000e+00
   0.0000000e+00   0.0000000e+00   0.0000000e+00   0.0000000e+00   0.0000000e+00   0.0000000e+00   0.0000000e+00   0.0000000e+00   0.0000000e+00   0.0000000e+00   0.0000000e+00   0.0000000e+00   0.0000000e+00   0.0000000e+00   0.0000000e+00   0.0000000e+00   0.0000000e+00   0.0000000e+00   0.0000000e+00   0.0000000e+00   0.0000000e+00   0.0000000e+00   0.0000000e+00   0.0000000e+00   0.0000000e+00   0.0000000e+00   0.0000000e+00   0.0000000e+00   0.0000000e+00   0.0000000e+00   0.0000000e+00   0.0000000e+00   0.0000000e+00   0.0000000e+00   0.0000000e+00   0.0000000e+00   0.0000000e+00   0.0000000e+00   0.0000000e+00   0.0000000e+00   0.0000000e+00   0.0000000e+00   0.0000000e+00   0.0000000e+00   0.0000000e+00   0.0000000e+00   0.0000000e+00   0.0000000e+00   0.0000000e+00   0.0000000e+00   0.0000000e+00   0.0000000e+00   0.0000000e+00   0.0000000e+00   0.0000000e+00   0.0000000e+00   0.0000000e+00   0.0000000e+00   0.0000000e+00   0.0000000e+00   0.0000000e+00   0.0000000e+00   0.0000000e+00   0.0000000e+00   0.0000000e+00   0.0000000e+00   0.0000000e+00   0.0000000e+00   0.0000000e+00   0.0000000e+00   0.0000000e+00   0.0000000e+00   0.0000000e+00   0.0000000e+00   0.0000000e+00   0.0000000e+00   0.0000000e+00   0.0000000e+00   0.0000000e+00   0.0000000e+00   0.0000000e+00   0.0000000e+00   0.0000000e+00   0.0000000e+00   0.0000000e+00   0.0000000e+00   0.0000000e+00   0.0000000e+00   0.0000000e+00   0.0000000e+00   0.0000000e+00   0.0000000e+00   0.0000000e+00   0.0000000e+00   0.0000000e+00   0.0000000e+00   0.0000000e+00   0.0000000e+00   0.0000000e+00   0.0000000e+00   0.0000000e+00   0.0000000e+00   0.0000000e+00   0.0000000e+00   0.0000000e+00   0.0000000e+00   0.0000000e+00   0.0000000e+00   0.0000000e+00   0.0000000e+00   0.0000000e+00   0.0000000e+00   0.0000000e+00   0.0000000e+00   0.0000000e+00   0.0000000e+00   0.0000000e+00   0.0000000e+00
   9.2022511e-02   0.0000000e+00   0.0000000e+00   0.0000000e+00   3.6453126e-02   1.0240534e-01   1.5143393e-01  -3.4881043e-02  -8.2885791e-02   1.9586239e-01   2.0916982e-01  -1.1553486e-02  -3.1486917e-02   1.7573954e-01   1.2188863e-01   1.3223742e-01   0.0000000e+00   4.7812400e-02   1.0385722e-01   6.1578188e-02   2.2581310e-01   1.2404025e-01   2.3753419e-01   2.1063443e-01   9.6128418e-02   1.2818531e-01   8.9179092e-02   1.6761324e-01   1.0789169e-02   1.1476580e-01   7.2775220e-02   1.3959225e-01  -4.6222885e-02   7.0051955e-02   1.3870333e-01   5.4693393e-02   8.7975835e-02   1.7611311e-01   1.6093275e-02   1.3293124e-01   1.1950556e-01   3.3986299e-02   2.6318859e-02   3.9591419e-02   1.0999899e-01   1.3686851e-01   1.6870353e-01   1.0580289e-01   6.8957365e-02  -3.1095721e-02   4.6005580e-02  -1.3898862e-02   9.9910240e-02   1.6143632e-01   2.5238917e-02   5.6799437e-02   1.5949676e-01   1.7881190e-02   1.9730506e-01   2.5348128e-02  -1.9240356e-02  -3.5559618e-02   9.9458203e-02   1.5950148e-01  -1.6345083e-02  -6.6958030e-02  -5.1329635e-02   1.7198022e-01   3.6675243e-02  -5.5501722e-02  -7.4773288e-02   0.0000000e+00   1.2378650e-01   3.0467371e-02  -8.9658548e-02   7.0150324e-02  -7.1648721e-02  -1.8983592e-01  -8.3661240e-02   1.0234855e-01  -7.8973256e-02   3.0179991e-02   2.5357586e-02  -5.9637774e-02   4.2308641e-02   5.0962997e-02   2.5689726e-02  -1.0467674e-02  -8.2375381e-02   2.1230575e-01   1.6592540e-02  -1.1375791e-01   1.1613682e-01  -4.3823102e-02   2.7017657e-02   6.6400501e-02  -5.8170064e-02   1.3044324e-01   8.2643039e-02   2.7888006e-02  -4.7272775e-02   5.1300761e-02  -4.7265487e-02  -2.6877779e-02   5.2121838e-02   5.0974126e-02  -8.0009659e-02   1.4488744e-02  -1.8331888e-02  -2.5403570e-02   3.4496328e-02   0.0000000e+00   2.7066990e-02   6.7096094e-02   0.0000000e+00   5.4082897e-03   1.1622630e-01   9.5743467e-02
   1.7319235e-02   0.0000000e+00   0.0000000e+00   3.6453126e-02   0.0000000e+00   3.2619920e-01   2.8892646e-01  -4.1482748e-02  -9.4210380e-03   2.4308993e-01   1.0745180e-01   3.6886975e-02   4.1344549e-04   9.1616048e-02   1.2988862e-01   1.7766339e-01   0.0000000e+00   3.1257932e-01   3.0139918e-01   2.3863563e-01   1.4141096e-01   2.6235758e-01   6.8092701e-02   8.8599075e-02   2.0895597e-01   7.1159286e-02   5.5190268e-01   2.3064921e-01   1.9513393e-01   2.2826917e-01   2.6291222e-01   1.7522944e-01   4.3610859e-01   3.1035792e-01   2.6318715e-01   2.4311638e-01   1.6322352e-01   1.9397631e-01   8.4081302e-02   1.5233193e-01   1.9699421e-01   1.8634457e-01   3.5257530e-01   1.4430947e-01   2.3466489e-01   2.2007047e-01   5.1892692e-01   1.5576879e-01   1.4213338e-01   4.3430491e-01   1.4341937e-01   2.3907859e-01   8.7190201e-02   2.6022023e-01   2.0160994e-01   3.2317612e-01   4.5134004e-01   8.7936086e-02   2.3321958e-01  -2.3470226e-02   4.1554657e-02   1.3671645e-02   6.9703920e-03   4.6800485e-02  -1.1075581e-01   2.7225137e-01  -4.4019546e-02  -4.2655578e-02  -1.2588145e-01   3.8127815e-01  -1.9521939e-01   0.0000000e+00   2.1362085e-01   2.7806658e-01  -8.6392903e-02  -1.6419219e-01  -2.2825594e-02   7.6161802e-02   1.3221995e-01  -1.4123565e-01   3.0625466e-01  -2.2584681e-02   2.8001889e-01   1.1415858e-01   3.7303247e-01   1.9180329e-01   5.1794864e-02   6.5689288e-02   2.8592521e-01  -4.2416496e-02  -1.3792305e-01   2.4041599e-01   8.8537069e-03   1.9000147e-01   1.8138844e-01   6.4416569e-02  -4.4875902e-02  -2.0736995e-03  -7.4962338e-02  -9.9230240e-02   7.1342634e-02   1.6029724e-01   2.4474270e-02  -3.0545728e-02   2.1996385e-01   1.4612444e-02   6.2937936e-03   1.3935884e-01   1.4403151e-01  -1.0242155e-02   2.9716619e-02   0.0000000e+00  -2.7586139e-02   3.0619542e-01   0.0000000e+00  -9.0693045e-02  -3.7290676e-02  -5.9308004e-02
   1.1081114e-01   0.0000000e+00   0.0000000e+00   1.0240534e-01   3.2619920e-01   0.0000000e+00   9.8151038e-02  -4.8832874e-02   9.9830304e-03   2.0451983e-02  -1.0097602e-01   1.3736563e-01  -6.3732125e-02  -3.4002861e-02  -2.9833961e-03   7.9953793e-02   0.0000000e+00   4.2540723e-01   9.4305691e-02   7.4060297e-02  -1.6304942e-02   9.2710328e-03  -7.1138244e-02  -8.6572144e-02  -5.7900305e-02   3.2798523e-03   2.0095508e-01   7.4465580e-02   6.4576722e-02   4.5131386e-02   5.9023369e-02   3.3827907e-02   1.8455253e-01   9.6785383e-02   6.5794615e-02  -3.3990551e-02   9.0636465e-02   8.1349866e-03  -1.2419307e-01  -2.9981292e-02   4.7824886e-02   7.9558960e-03   1.6957613e-01   1.9104624e-02  -1.3089643e-02   2.7846899e-02   1.1631632e-01  -6.4332603e-02  -9.7059949e-02   7.8265652e-02   1.8038738e-01   1.5998502e-01   6.0445470e-02   1.0446701e-01  -2.2374303e-02   6.0261469e-02   1.5348181e-01   1.0206076e-01   5.4522756e-02  -4.4968114e-02   1.9932336e-02   3.8997418e-02   3.6407786e-02  -1.2963054e-01   6.8859044e-02   4.5013067e-02  -5.9555439e-03  -3.2130008e-02   2.4295626e-02   1.8392749e-01  -1.9482615e-02   0.0000000e+00   6.1556284e-02   3.6564139e-01  -5.2217584e-02  -6.0251438e-02   5.6817596e-02   8.5894908e-02   1.5637880e-01  -6.2829210e-03   1.5222666e-01   1.0601045e-01   1.6375994e-01   9.6173177e-02   6.7506711e-02   8.2763961e-02   9.7446381e-02   5.0929000e-02   1.7213272e-01  -6.7206271e-02  -1.1406640e-02   1.8926655e-01   3.7492478e-02   8.7531419e-02   7.3615171e-02   7.6895114e-02   1.1175755e-01   7.5307235e-02   2.1949380e-02   1.8632746e-02   2.0934871e-02   1.8416740e-01   1.4201794e-01   4.8894127e-02  -5.8307985e-03  -1.0710677e-02  -2.6829086e-02  -8.6117685e-03  -2.1605559e-02   2.6899634e-02   1.2620134e-04   0.0000000e+00   2.2867202e-02   1.2580297e-01   0.0000000e+00   5.5178926e-02   4.2891795e-02  -1.3542772e-02
   2.3151983e-01   0.0000000e+00   0.0000000e+00   1.5143393e-01   2.8892646e-01   9.8151038e-02   0.0000000e+00  -5.6855897e-02  -1.5014267e-01   2.1318066e-01   2.6037527e-01   3.4257139e-03   2.2629839e-02   2.3367231e-02   1.2262043e-01   1.0690924e-01   0.0000000e+00   1.4423444e-01   2.5608308e-01   1.7689914e-01   3.7495132e-01   2.2508648e-01   2.2661874e-01   1.9081402e-01   3.0599497e-01   1.0409438e-01   3.0144995e-01   2.0931660e-01   1.5138644e-01   1.5633620e-01   3.7988992e-01   3.6456364e-01   1.2978645e-01   4.5886804e-01   1.2438390e-01   2.1209673e-01  -5.5354821e-02   1.3676150e-01  -1.2397786e-01   2.4548768e-01   5.1322874e-02   1.5579948e-01   1.5133241e-01   1.1117623e-01   1.4334337e-01   3.0149801e-01   4.3629222e-01   1.9893460e-01   2.5504142e-01   2.4478852e-01   2.4348650e-01  -3.6816709e-02   2.2669731e-02   2.9335983e-01   1.1843734e-01   2.9205173e-01   3.0556499e-01   8.9862378e-02   2.8272775e-01   1.1320026e-02  -8.4966747e-02  -7.5190060e-02   1.5889800e-02   4.5735683e-01  -1.9839157e-01   2.8325148e-01  -5.2663125e-02   2.8937812e-01   1.4426377e-01   1.4683473e-01  -2.6572583e-01   0.0000000e+00   2.0544696e-01   3.0082897e-01  -4.4281941e-02   7.7972930e-02  -3.5174986e-02  -1.0076908e-01  -5.1408145e-02  -6.5114047e-02   4.8007106e-02  -1.9423905e-01   1.7883528e-01  -5.5594439e-02   3.5864045e-01   1.3651202e-01   2.2085420e-01   1.8537915e-02   3.1637173e-01   1.7276074e-01  -8.0769278e-02  -3.9488442e-02   8.2834786e-03   2.8424562e-01   1.1002479e-01   3.4045891e-02  -2.1979340e-01  -1.2477619e-01  -1.1622684e-01  -1.2037414e-01  -2.4112498e-01  -3.8076895e-02  -9.2688712e-02  -1.2237142e-01   1.7677204e-01   1.2692798e-01   3.3414094e-02   2.1663085e-01   1.2864420e-01   6.6181155e-02   9.6650131e-02   0.0000000e+00   7.1789300e-02   1.5342520e-01   0.0000000e+00  -7.9383090e-02  -1.1828099e-02   5.2060445e-02
  -1.9526889e-03   0.0000000e+00   0.0000000e+00  -3.4881043e-02  -4.1482748e-02  -4.8832874e-02  -5.6855897e-02   0.0000000e+00   1.0857899e-01  -1.1567207e-01  -1.6562098e-02  -1.5199696e-01   9.1165352e-02  -3.3924531e-02   5.9146933e-02   3.5619188e-02   0.0000000e+00  -1.4705987e-03   1.4710651e-02   3.2492281e-02  -2.9973553e-02  -5.0731391e-02   3.6223815e-02  -3.3580856e-02  -8.1432506e-02  -9.4031836e-02  -4.2874514e-02  -1.2463567e-02   6.5811478e-02  -3.4645323e-02  -3.1767547e-02   3.2943885e-03  -3.0492208e-02  -6.1455446e-03  -4.8345582e-02  -3.4106081e-02  -1.0035392e-01  -2.4902595e-02  -7.9033870e-03   3.0307272e-02  -1.1191753e-02  -2.0526635e-02  -1.7757551e-02   6.5146311e-02  -1.3426968e-01   3.7526751e-02  -1.6567112e-02   1.0638877e-01  -1.7999125e-02  -3.1304814e-02  -6.7052636e-02  -1.4280157e-01  -1.3953505e-02   1.7355614e-02   9.3630330e-03   2.4170529e-02  -9.1486650e-02  -6.3782458e-03  -5.4701290e-02  -1.2287788e-01  -3.1079351e-02  -9.4541203e-03  -6.6324820e-02   5.3477142e-02   2.6590952e-02  -5.9683313e-02   1.0298224e-02  -3.6759215e-02  -4.4208912e-03  -2.6204760e-02   1.3751881e-01   0.0000000e+00  -1.6531968e-02  -1.3603186e-02   3.4270409e-04   1.6562854e-02   1.0774472e-01   1.1820376e-01   2.6745682e-03  -4.4024631e-02  -7.0936350e-03  -3.4421076e-02  -2.8891458e-03   3.2706526e-02  -4.7817501e-02   3.8454683e-02   4.9163568e-02  -4.3380377e-02   6.6743654e-02   2.3959016e-02   7.2570628e-02  -2.5195348e-02   1.8918996e-02  -3.1043614e-02   5.0671855e-03   8.5511348e-03   1.8236945e-02   4.9704621e-02   5.6128479e-02   5.5466690e-02   1.1011229e-02   4.6361768e-02   4.0664323e-02  -9.9474429e-02  -9.4731895e-02  -4.8218548e-02   9.7230055e-03  -1.1090801e-01  -5.4588668e-02   1.2710367e-02  -6.8949261e-03   0.0000000e+00  -1.7050071e-02  -2.3200159e-02   0.0000000e+00   4.4614738e-01  -1.4005471e-01  -3.1097323e-02
   5.4791605e-02   0.0000000e+00   0.0000000e+00  -8.2885791e-02  -9.4210380e-03   9.9830304e-03  -1.5014267e-01   1.0857899e-01   0.0000000e+00  -9.2409906e-02  -1.6212812e-02   4.0101668e-02  -4.4845946e-02  -8.8400164e-02  -3.3238351e-02   1.3015604e-01   0.0000000e+00  -5.1005681e-02   1.8044550e-01  -2.5437651e-01  -1.6336729e-01  -1.8620996e-01  -1.1333682e-01  -1.2730685e-01  -1.6266581e-01  -1.8430516e-01  -1.0832763e-01  -1.0445384e-01  -7.5294010e-02   3.5253481e-02  -1.6046151e-01  -5.5134701e-02   1.2686742e-01  -3.6825735e-02   1.3098573e-02   8.4904660e-02   2.4136604e-01   5.9870585e-02   6.2198031e-02   8.9882186e-03   2.1617332e-02  -1.3540529e-02   1.3923522e-01   1.5452573e-01   2.0915818e-02   1.4940496e-01  -8.8229089e-02   2.2948015e-02  -7.8460835e-02  -6.0174168e-02  -1.4420884e-01   1.0169819e-01   9.1233114e-02   5.9035446e-02   9.4468048e-02  -9.1777196e-03  -9.5819116e-02   1.4413983e-02   7.1144957e-02  -1.5540780e-01   2.5985118e-02   4.4420990e-02  -1.8320258e-01  -4.8746402e-02   3.4190290e-01   3.1165001e-02   3.0641056e-01  -1.2607649e-02   8.7357951e-02  -1.2611177e-01   6.4328447e-02   0.0000000e+00   1.2526350e-01  -1.4255318e-02  -2.6497041e-02   5.2172655e-02   1.8559505e-01   1.9660719e-01   7.0459707e-02   4.7697526e-02  -7.0282884e-02  -4.1495316e-03  -1.2645836e-01  -6.8580758e-02  -2.9468028e-02  -1.2148188e-02  -1.2303136e-02   4.1234588e-02  -1.7193516e-02   1.6650900e-02   3.2114713e-01   3.3328896e-02   1.6039321e-01   6.9074517e-02   2.4450538e-01   6.0464714e-02   3.9501625e-01   3.0350011e-01   3.1759464e-01   1.8628642e-01   9.0071948e-02   1.4243010e-01   3.0994472e-01  -2.1374607e-02   7.7795919e-02  -8.4753260e-02   7.9683804e-02   3.5773396e-02   1.4853677e-01   2.5598146e-01   2.9654806e-01   0.0000000e+00   1.2024063e-02   6.8239829e-02   0.0000000e+00   1.0457134e-01   3.8714254e-02  -1.7098768e-01
   1.4644607e-01   0.0000000e+00   0.0000000e+00   1.9586239e-01   2.4308993e-01   2.0451983e-02   2.1318066e-01  -1.1567207e-01  -9.2409906e-02   0.0000000e+00   5.2677499e-01   1.4129256e-01   9.7786366e-02   8.1487535e-02   1.5223947e-01   1.1900451e-01   0.0000000e+00   1.5053518e-01   3.8589547e-01   1.6758628e-01   3.6385827e-01   5.8358272e-01   2.5094619e-01   3.8762826e-01   6.8150453e-01   2.1629000e-01   4.5783260e-01   5.4257840e-01   1.9747037e-01   5.0682471e-01   1.6182952e-01   5.5993665e-01   3.4147455e-01   3.8818276e-01   4.1986128e-01   7.3256940e-01   3.0730553e-01   4.6649183e-01   1.7840127e-01   5.0421646e-01   4.7550148e-01   2.1639930e-01   2.5111738e-01   1.2484604e-01   5.5868992e-01   3.4816749e-01   6.2573972e-01   3.8046232e-01   1.3581530e-01   1.9422728e-01   9.5412531e-02   1.7229181e-01   3.1887087e-01   2.2301863e-01   1.5552308e-01   2.3617296e-01   4.0465889e-01   1.0451726e-01   3.5824495e-01  -4.7776153e-02  -7.1354759e-02  -8.3368647e-02   3.2659239e-01   2.1810154e-01  -1.3600838e-02   2.8661906e-01   3.3095736e-02   4.0557757e-02  -1.4098251e-01   8.6163379e-03  -5.9789634e-02   0.0000000e+00   2.9603515e-01  -8.3513782e-02  -1.2690418e-01  -4.1397320e-02  -1.0325032e-01  -2.0621286e-01  -1.9516521e-01  -1.2281438e-01  -2.9846003e-02  -1.8828931e-01   1.0168969e-01  -1.0192386e-01   2.2530171e-01   4.0942538e-02  -6.0402261e-02  -1.1061724e-01  -1.3979283e-01   1.2946121e-01  -1.4141743e-01  -9.3539922e-02   1.2507784e-02   6.0304860e-02   4.3124030e-02   4.8920507e-03  -1.8222572e-01   7.8793834e-02  -6.9970771e-02  -1.1642292e-01  -1.3963341e-01   6.0354125e-02  -1.3962394e-01  -1.4197560e-01   3.1324069e-01   7.9943043e-02  -1.1114846e-02   1.5439231e-01   1.3104396e-01   1.0975355e-01   1.8475881e-01   0.0000000e+00  -7.9594541e-03   2.2384539e-01   0.0000000e+00  -7.6118761e-02  -9.1760313e-02  -1.2969940e-01
   1.3378562e-01   0.0000000e+00   0.0000000e+00   2.0916982e-01   1.0745180e-01  -1.0097602e-01   2.6037527e-01  -1.6562098e-02  -1.6212812e-02   5.2677499e-01   0.0000000e+00  -7.0134226e-02   7.0348647e-02   1.1921274e-01   1.2519157e-01   1.1591771e-01   0.0000000e+00   3.5688798e-02   2.4747033e-01   1.2984144e-01   3.7504591e-01   3.9220425e-01   2.7340286e-01   3.7962489e-01   4.8600890e-01   2.2010807e-01   1.9574528e-01   3.7532149e-01   1.5490618e-01   2.6287220e-01   1.9806818e-01   4.0404036e-01   9.9183525e-02   3.1107180e-01   3.0717620e-01   4.9946696e-01   1.0964858e-01   4.4818201e-01   1.0713605e-01   5.8404803e-01   3.4592017e-01   2.2453045e-01   8.0483089e-02   1.6813873e-01   3.1315101e-01   3.2082500e-01   4.2754150e-01   3.6411965e-01   2.1998168e-01   1.2219751e-01   5.4342331e-02  -5.1354168e-02   1.8951304e-01   2.0473996e-01   1.5522173e-01   1.2657063e-01   2.2190808e-01   8.5665309e-02   2.7457468e-01   3.4876774e-02  -6.6157522e-02  -4.7138119e-02   2.1896092e-01   3.2125958e-01  -8.1732489e-02   1.3281651e-01   9.2952920e-03   2.1890183e-01   2.9193129e-03  -3.7682620e-02  -7.6709637e-02   0.0000000e+00   1.2383241e-01  -6.2623290e-02  -6.1089037e-02   6.7010982e-02  -6.4688533e-02  -1.6222039e-01  -1.4378853e-01  -3.9655984e-02  -2.6404783e-02  -1.8264685e-01   4.4664433e-02  -5.1065683e-02   7.8263948e-02   1.3182559e-01   4.2165967e-02  -2.5012796e-02  -9.9568086e-02   2.2260157e-01  -9.0524684e-02  -1.5680521e-01   4.0140158e-02   4.9128958e-02   7.9622815e-02   9.4356587e-02  -1.2915023e-01   5.4357618e-02  -2.5398572e-02  -8.7515437e-03  -9.0560681e-02  -3.0723428e-02  -1.3569213e-01  -1.0483572e-01   2.0083909e-01   1.2707571e-01   1.0576518e-01   1.4216621e-01   1.4500847e-01   1.0938799e-01   1.4762683e-01   0.0000000e+00   6.9292432e-02   1.4539476e-01   0.0000000e+00  -4.4767321e-03  -3.7126354e-02  -3.9991298e-02
   6.7367821e-02   0.0000000e+00   0.0000000e+00  -1.1553486e-02   3.6886975e-02   1.3736563e-01   3.4257139e-03  -1.5199696e-01   4.0101668e-02   1.4129256e-01  -7.0134226e-02   0.0000000e+00   1.1544032e-02   8.1806026e-02  -5.6828745e-03   1.2591166e-02   0.0000000e+00  -1.4197243e-02   9.9801370e-02  -9.2348982e-02  -6.4922316e-02   1.3192268e-02  -1.5621728e-01  -9.0633714e-02   2.0585999e-02  -8.0160125e-02  -7.3822421e-03  -1.6201658e-02  -9.6374689e-02   5.8137254e-02  -5.0530435e-02  -4.3505272e-02   1.0660662e-01  -3.4437549e-02  -1.7774848e-02  -6.3830599e-02   3.3188020e-02  -3.0893553e-02  -4.5003157e-03  -1.4124662e-01   8.1520005e-03  -3.6812329e-02   1.4433954e-01   3.2591658e-02   1.6674440e-01  -5.9709292e-02  -3.3639852e-03  -8.2779804e-02  -1.0858636e-02   5.9432086e-02   1.0081679e-01   9.2796084e-02   1.8467195e-02  -3.5547260e-02   2.6161597e-04   2.7760779e-02   4.4564298e-02   7.7165483e-02  -4.9051905e-02  -4.3006366e-02   1.3740723e-01   9.6566796e-02  -3.1123146e-02  -3.2138079e-02   7.3592662e-02   5.4857978e-02   1.0966591e-01  -4.0904043e-02  -7.6994161e-02   2.4671957e-02  -5.9777138e-02   0.0000000e+00   1.6005715e-01   8.2768479e-02  -6.4098632e-02  -1.8880619e-02  -1.1669270e-01  -4.1297589e-02  -1.5109418e-02  -7.0737316e-02   1.1274533e-01   1.0432247e-01   2.0328780e-02   8.3864543e-02   9.9806320e-02  -1.4598056e-01  -1.4157557e-01   2.2349467e-02  -6.4056453e-02  -3.4983266e-02   5.0341154e-02   1.4366535e-01   1.5390361e-03   3.5542970e-02   1.2848068e-02  -4.2900360e-02   4.4441786e-02   1.0480154e-01   3.4551927e-02  -7.9544988e-02   7.3310114e-03   1.2021613e-02   6.1406548e-02   1.0422485e-01   4.9912051e-02  -2.3964174e-02  -3.2969084e-02   9.9260895e-02  -1.1442317e-03  -6.8874260e-02  -2.5468488e-02   0.0000000e+00  -6.2687630e-02  -1.7327863e-03   0.0000000e+00  -4.2406185e-02   1.1617212e-01  -7.6694571e-02
  -1.1939614e-01   0.0000000e+00   0.0000000e+00  -3.1486917e-02   4.1344549e-04  -6.3732125e-02   2.2629839e-02   9.1165352e-02  -4.4845946e-02   9.7786366e-02   7.0348647e-02   1.1544032e-02   0.0000000e+00   2.2689895e-01   5.4032951e-02   2.8361749e-02   0.0000000e+00   3.7218705e-02   3.1471976e-02   3.3489587e-01   1.1221611e-01   1.6244848e-01   1.2114143e-01  -1.3181645e-02   1.7804681e-01   1.0619619e-01   5.4796115e-02   8.9202734e-02   1.1927960e-01   9.6632926e-02   1.4448611e-01   3.6090317e-03   6.5474491e-02   5.9850540e-02   1.4786273e-01   1.0276997e-01   2.6886379e-02   1.1339251e-01   1.3119381e-01   9.5563571e-02   1.0747460e-01   1.3302566e-01   8.1464931e-02   1.1494796e-03   6.0938427e-02   5.8425209e-02   3.5937024e-02   6.5892958e-02   1.0234213e-01   1.1480399e-01   8.4321420e-02   5.1382621e-02   3.4482729e-02   2.0804068e-02   1.2036895e-01   9.4007513e-02   1.7499544e-01   2.2858560e-02   1.2296105e-01   3.9966810e-02   1.1200831e-01  -3.5201689e-02   1.2910856e-01   6.0555456e-02  -9.3691600e-02   1.1683784e-01  -8.0042743e-02  -4.5175746e-02  -1.3323266e-01   1.3174951e-01   1.0591773e-01   0.0000000e+00   1.9310923e-02  -3.0599957e-03  -7.6234907e-02  -1.3191582e-01  -3.2991465e-02   6.2854667e-02   4.3392220e-02  -1.1424220e-01   1.7275818e-02  -9.2127143e-03   2.4494100e-02   8.5002175e-02   9.0965920e-02   1.5961014e-02  -7.9722902e-02   6.2882367e-03   3.9876449e-02  -7.1025917e-02  -1.3553180e-01   8.5698595e-02  -1.2712475e-01   1.1939200e-01  -3.3154848e-02  -6.5082838e-02   1.0881892e-03  -4.0960336e-02  -8.6904641e-02   6.1278526e-02   1.6124878e-02   7.2570757e-02  -6.7997780e-02   3.7270161e-02   2.2035401e-01   4.1108898e-02   2.6794920e-02   4.0612082e-02   3.3179616e-01   4.5577058e-02  -1.0434322e-02   0.0000000e+00  -1.2566685e-01   8.8129510e-02   0.0000000e+00   1.6124580e-02  -5.3590642e-02   2.3396738e-02
  -3.8444673e-02   0.0000000e+00   0.0000000e+00   1.7573954e-01   9.1616048e-02  -3.4002861e-02   2.3367231e-02  -3.3924531e-02  -8.8400164e-02   8.1487535e-02   1.1921274e-01   8.1806026e-02   2.2689895e-01   0.0000000e+00  -3.3667368e-02  -4.6401687e-03   0.0000000e+00   3.0819991e-02   2.6938180e-02   3.2805480e-01   1.7432452e-01   2.7780225e-01   1.7633456e-01   9.8311409e-02   1.2770080e-01   3.3336361e-01   8.2857761e-02   7.5116334e-02  -1.0731146e-01  -5.8119490e-02   1.7383343e-01  -6.1749257e-02  -4.8185649e-02   2.5410062e-02   2.5913865e-01  -1.3243393e-02  -6.5301608e-02   1.0941678e-01   1.4235879e-01   4.2381006e-02   8.9425495e-02   1.3118867e-01   1.1433678e-02   5.0343109e-02   1.0390214e-01  -2.0054758e-02   2.4713786e-02   3.8176008e-02   1.9951945e-01   1.3492504e-01   3.2937316e-02  -5.0590557e-02   3.0335067e-02   1.7511794e-01   2.2503697e-03  -9.4430773e-03   3.9414239e-01   1.5456629e-03  -6.3741650e-03   7.0607507e-02   3.4378570e-01   2.3571416e-01   1.9470380e-01  -8.8969577e-04  -1.4621453e-01  -6.1421455e-03  -1.0346912e-01   2.2078061e-01  -7.8141751e-02   7.8038037e-02   1.0468065e-01   0.0000000e+00  -5.8849490e-04  -1.4521471e-02  -1.6509064e-01  -2.3019767e-02  -7.3351403e-02   1.4502554e-02   1.1131009e-01   5.9011451e-04   8.4208504e-02   1.6624509e-01   2.4267191e-01   7.4850876e-02   1.0870639e-01   5.4284754e-02  -9.2999666e-02   1.3004650e-01   1.5230413e-03   3.6276993e-02  -1.6889113e-01   1.8465532e-01   4.6349950e-02   1.2576526e-01  -1.8346673e-02  -8.7791325e-03  -5.6776213e-02  -1.0585456e-02  -3.4056805e-02   8.5692386e-03   7.0304603e-02   5.1859232e-02  -1.3823554e-01   4.8251685e-02   3.5075151e-01   1.2008500e-01  -3.2993492e-02   1.9507687e-01   1.6161266e-01  -2.6342148e-02  -9.4973182e-02   0.0000000e+00  -5.5893226e-02  -8.2978286e-03   0.0000000e+00  -3.6666831e-02   7.3232578e-02   3.6542639e-01
  -7.4611153e-02   0.0000000e+00   0.0000000e+00   1.2188863e-01   1.2988862e-01  -2.9833961e-03   1.2262043e-01   5.9146933e-02  -3.3238351e-02   1.5223947e-01   1.2519157e-01  -5.6828745e-03   5.4032951e-02  -3.3667368e-02   0.0000000e+00   2.6037187e-01   0.0000000e+00   1.2492243e-01   2.1865490e-01   1.5581021e-01   1.8572932e-01   1.0507643e-01   5.7094789e-02   5.3188679e-02   1.1601084e-01   1.5997290e-02   1.6461471e-01   1.0721559e-01   2.8155683e-01   2.5714661e-01   2.5411845e-01   1.1282241e-01   1.6442510e-01   2.7127097e-01   9.1561108e-02   1.5865915e-01   3.1832978e-02   1.2760146e-01   3.6783450e-02   1.5091622e-01   7.7695295e-02   1.4098687e-01   1.4673248e-01   7.3919525e-02   6.9009959e-02   2.6475164e-01   2.0810332e-01   2.4443102e-01   1.5582647e-01   1.6649168e-01   1.7380117e-01   9.5770598e-04   3.6166708e-02   6.5295705e-02   1.7736078e-01   4.1010372e-01   1.6246591e-01   1.5179858e-01   2.4754717e-01   4.8046668e-02  -9.8892877e-02  -7.8737584e-02   4.5460095e-03   1.3191910e-01  -2.7180814e-02   2.2527583e-01   3.5384568e-02  -6.4801747e-02  -3.0963604e-02   2.0862697e-01  -3.0124907e-02   0.0000000e+00   5.8511849e-02  -7.7188904e-02   1.5437629e-02  -9.1009351e-02  -7.4290217e-02  -6.0015623e-02  -2.9003369e-02  -1.1165961e-01   7.4336000e-02  -1.0578482e-01   1.8397953e-02   8.2101095e-02   2.4505110e-01   2.3683932e-02   3.9112190e-02  -3.6215294e-02   2.1187769e-02   2.6249386e-02   8.4390645e-04   5.4793527e-02  -1.9487079e-02   1.8148995e-01   1.4089515e-01  -5.2375033e-02  -1.2083344e-01  -6.8047526e-02  -8.1696944e-02  -3.5142014e-02   1.3539606e-02  -1.0161205e-01  -5.7727152e-02  -3.6194365e-03   1.3400086e-01  -1.5880494e-02   2.9987908e-02   7.9462137e-02   2.9262183e-02   3.7232133e-02   1.3345470e-01   0.0000000e+00  -1.9062547e-02   2.7567741e-01   0.0000000e+00  -2.2954899e-03  -5.7964789e-02  -9.6091703e-02
  -4.3676938e-02   0.0000000e+00   0.0000000e+00   1.3223742e-01   1.7766339e-01   7.9953793e-02   1.0690924e-01   3.5619188e-02   1.3015604e-01   1.1900451e-01   1.1591771e-01   1.2591166e-02   2.8361749e-02  -4.6401687e-03   2.6037187e-01   0.0000000e+00   0.0000000e+00   1.6290951e-01   3.8456270e-01   6.2182914e-02   3.5147081e-02   8.6652564e-02   5.4556790e-03  -5.0703878e-03   4.3123819e-02  -3.5654219e-02   1.7268462e-01   5.0540469e-02   1.5526808e-01   1.8760707e-01   1.1431828e-01   4.4588858e-02   1.6265682e-01   1.2213235e-01   2.1580758e-01   2.5172102e-01   1.7225717e-01   2.2913933e-01   1.3027053e-01   6.8966262e-02   1.6182200e-01   2.5849892e-01   2.5833416e-01   3.1365870e-01   1.2842974e-01   3.2008437e-01   1.4892366e-01   2.2942625e-01   1.0347492e-01   1.4916003e-01  -4.5784070e-02   1.0717493e-01   1.9820698e-01   2.4933930e-01   5.0926254e-01   4.0869945e-01   2.2448029e-01   6.3671037e-02   3.2423056e-01  -3.5589566e-02   8.3262479e-02   7.3511843e-02   1.9112753e-02   4.1553635e-02   5.7806369e-02   2.0840395e-01   7.5416566e-02  -8.6516407e-03  -1.0932031e-01   1.6128239e-01   2.8195209e-02   0.0000000e+00   8.1504681e-02   2.6923476e-02  -4.8061009e-02  -9.4257123e-02   2.2227546e-02   1.1795289e-01   7.0437271e-02  -1.0378045e-01   8.7524985e-02  -5.0694495e-03  -3.0344864e-03   1.0989460e-01   2.1405878e-01   1.1425162e-01  -1.2970904e-02   4.3420038e-02   4.0676245e-02  -4.3346323e-02  -3.3901340e-02   1.2932788e-01   3.3836615e-02   1.8971387e-01   2.7513804e-01   1.6624757e-01   7.6556570e-02   2.3728587e-01   9.9180957e-02   9.5412370e-02   1.2263404e-01   1.9379865e-01   7.6572358e-02   1.3998557e-02   3.4545691e-01  -2.0969739e-02   1.0676463e-01   1.7035612e-01   2.7597303e-01   2.1241277e-01   1.5474573e-01   0.0000000e+00   5.4817180e-02   3.2464083e-01   0.0000000e+00   8.7454358e-02   1.1264217e-02  -1.6946938e-01
   0.0000000e+00   0.0000000e+00   0.0000000e+00   0.0000000e+00   0.0000000e+00   0.0000000e+00   0.0000000e+00   0.0000000e+00   0.0000000e+00   0.0000000e+00   0.0000000e+00   0.0000000e+00   0.0000000e+00   0.0000000e+00   0.0000000e+00   0.0000000e+00   0.0000000e+00   0.0000000e+00   0.0000000e+00   0.0000000e+00   0.0000000e+00   0.0000000e+00   0.0000000e+00   0.0000000e+00   0.0000000e+00   0.0000000e+00   0.0000000e+00   0.0000000e+00   0.0000000e+00   0.0000000e+00   0.0000000e+00   0.0000000e+00   0.0000000e+00   0.0000000e+00   0.0000000e+00   0.0000000e+00   0.0000000e+00   0.0000000e+00   0.0000000e+00   0.0000000e+00   0.0000000e+00   0.0000000e+00   0.0000000e+00   0.0000000e+00   0.0000000e+00   0.0000000e+00   0.0000000e+00   0.0000000e+00   0.0000000e+00   0.0000000e+00   0.0000000e+00   0.0000000e+00   0.0000000e+00   0.0000000e+00   0.0000000e+00   0.0000000e+00   0.0000000e+00   0.0000000e+00   0.0000000e+00   0.0000000e+00   0.0000000e+00   0.0000000e+00   0.0000000e+00   0.0000000e+00   0.0000000e+00   0.0000000e+00   0.0000000e+00   0.0000000e+00   0.0000000e+00   0.0000000e+00   0.0000000e+00   0.0000000e+00   0.0000000e+00   0.0000000e+00   0.0000000e+00   0.0000000e+00   0.0000000e+00   0.0000000e+00   0.0000000e+00   0.0000000e+00   0.0000000e+00   0.0000000e+00   0.0000000e+00   0.0000000e+00   0.0000000e+00   0.0000000e+00   0.0000000e+00   0.0000000e+00   0.0000000e+00   0.0000000e+00   0.0000000e+00   0.0000000e+00   0.0000000e+00   0.0000000e+00   0.0000000e+00   0.0000000e+00   0.0000000e+00   0.0000000e+00   0.0000000e+00   0.0000000e+00   0.0000000e+00   0.0000000e+00   0.0000000e+00   0.0000000e+00   0.0000000e+00   0.0000000e+00   0.0000000e+00   0.0000000e+00   0.0000000e+00   0.0000000e+00   0.0000000e+00   0.0000000e+00   0.0000000e+00   0.0000000e+00   0.0000000e+00   0.0000000e+00   0.0000000e+00   0.0000000e+00
  -5.5211479e-04   0.0000000e+00   0.0000000e+00   4.7812400e-02   3.1257932e-01   4.2540723e-01   1.4423444e-01  -1.4705987e-03  -5.1005681e-02   1.5053518e-01   3.5688798e-02  -1.4197243e-02   3.7218705e-02   3.0819991e-02   1.2492243e-01   1.6290951e-01   0.0000000e+00   0.0000000e+00   2.4497861e-01   2.1707917e-01   6.9282645e-02   2.1306835e-01   6.9073864e-02  -1.4696284e-02   1.2067785e-01   6.7152707e-02   3.5430603e-01   1.6489940e-01   2.1242331e-01   1.8915162e-01   2.4782737e-01   2.8010620e-02   2.9664746e-01   2.9664184e-01   2.2872561e-01   1.6121756e-01   1.3363098e-01   1.3107240e-01   2.7494898e-02   1.2149775e-01   1.4225515e-01   2.1273000e-01   2.7220964e-01   1.5172996e-01   1.2369610e-01   1.6815364e-01   2.1209337e-01   1.9093569e-01   1.4498627e-01   2.6583484e-01   2.1321217e-01   1.8966573e-01   1.6680765e-01   1.4878922e-01   7.8669098e-02   2.2956908e-01   3.2805834e-01   1.0253145e-01   2.0130125e-01   3.3334677e-02   1.4666780e-01   9.9949365e-02   5.0595304e-02  -7.9671968e-02  -8.4521682e-02   2.7251316e-01  -7.6119375e-02  -8.4975645e-02  -1.8362399e-01   3.3716220e-01  -9.6458651e-03   0.0000000e+00   8.3365730e-02   2.0775130e-01  -1.1308784e-01  -2.2842567e-01  -5.9887821e-03   9.6676365e-02   2.1488910e-01  -9.4243678e-02   2.5937952e-01  -6.9075095e-02   2.0274452e-01   2.2731826e-01   2.5142716e-01   1.3866768e-01   3.6849458e-02   1.6716964e-01   1.8972477e-01  -1.2857929e-01  -1.4234699e-01   2.8873602e-01  -1.1051493e-01   2.0699753e-01   1.3398242e-01   1.4259357e-01   2.7295602e-02   4.8922825e-02  -2.2751433e-02   2.3954023e-02   7.9634781e-02   1.1971174e-01   4.5876185e-02   9.9732187e-02   2.0749445e-01  -3.1690578e-02   5.2808496e-02   1.3304419e-01   9.3504577e-02   6.3789009e-02  -1.7811406e-02   0.0000000e+00   2.6770014e-03   2.2908128e-01   0.0000000e+00   9.6767815e-03   1.9382288e-02  -8.0685138e-02
   2.0939710e-01   0.0000000e+00   0.0000000e+00   1.0385722e-01   3.0139918e-01   9.4305691e-02   2.5608308e-01   1.4710651e-02   1.8044550e-01   3.8589547e-01   2.4747033e-01   9.9801370e-02   3.1471976e-02   2.6938180e-02   2.1865490e-01   3.8456270e-01   0.0000000e+00   2.4497861e-01   0.0000000e+00   4.4442827e-02   1.6317955e-01   1.9411930e-01   1.0003891e-01   4.3533506e-02   1.5620034e-01   1.3094931e-02   3.2076792e-01   1.5350537e-01   2.4719448e-01   4.0761957e-01   1.7022434e-01   1.7376733e-01   3.3908287e-01   2.6714867e-01   3.2315811e-01   4.3974771e-01   2.7199810e-01   3.7713790e-01   2.2185239e-01   1.8456133e-01   2.8488593e-01   3.2296510e-01   4.4539080e-01   3.3342774e-01   2.3805097e-01   4.8660279e-01   3.2553129e-01   2.8395336e-01   1.6566373e-01   2.2960433e-01   5.7081274e-03   2.6280355e-01   2.9188808e-01   2.5512382e-01   2.9118339e-01   3.6376457e-01   3.1917451e-01   6.7629024e-02   4.7892157e-01  -1.1484890e-01   2.1069884e-02   1.3627799e-02   1.9610412e-02   1.7449486e-01   4.6248747e-02   4.5670930e-01   1.2882400e-01  -2.0153165e-02  -1.2594660e-01   1.7071714e-01  -7.0597982e-02   0.0000000e+00   4.3712079e-01   1.0472486e-01  -1.0932363e-01  -1.1537231e-01   1.8461113e-02   9.0809477e-02   7.8803340e-02  -1.2265271e-01   1.0157935e-01  -7.7097917e-02   8.4696409e-03   2.6806792e-02   3.3780162e-01   3.3557126e-02  -5.8785690e-02   1.1175270e-02   9.3524985e-02  -8.9686482e-03  -7.6503090e-03   1.7467970e-01   3.4561160e-02   3.1673017e-01   4.1382176e-01   1.2167862e-01   2.0677328e-02   2.3773239e-01   9.2696627e-02   1.4054481e-02   4.6125272e-02   1.9724649e-01   1.1407700e-01  -6.9821745e-02   4.0049601e-01  -6.2321966e-02   4.3465098e-02   2.3330693e-01   2.9943880e-01   3.9905076e-01   2.6989140e-01   0.0000000e+00  -4.4281175e-02   3.7361569e-01   0.0000000e+00   1.7275474e-02  -3.5539281e-02  -2.3014507e-01
  -5.0687791e-02   0.0000000e+00   0.0000000e+00   6.1578188e-02   2.3863563e-01   7.4060297e-02   1.7689914e-01   3.2492281e-02  -2.5437651e-01   1.6758628e-01   1.2984144e-01  -9.2348982e-02   3.3489587e-01   3.2805480e-01   1.5581021e-01   6.2182914e-02   0.0000000e+00   2.1707917e-01   4.4442827e-02   0.0000000e+00   3.0747134e-01   4.2245545e-01   1.7621403e-01   1.2294055e-01   2.8041339e-01   3.9674375e-01   3.8122021e-01   2.4900071e-01   3.5713652e-01   1.9186553e-01   3.5611202e-01   2.2682980e-02   1.3496746e-01   2.9580640e-01   4.2200807e-01   4.3326797e-02  -3.9088610e-03   2.3444894e-01   1.4911313e-01   2.5808208e-01   1.8405216e-01   1.7252685e-01   2.3979675e-02  -1.0433961e-02   7.5264900e-02   2.8413512e-02   1.9987013e-01   1.2162492e-01   1.7680735e-01   2.5250700e-01   2.1730764e-01   2.6662873e-03  -7.2306512e-02   1.1851840e-01   5.1839115e-02   1.4428683e-01   4.2750667e-01   9.0890497e-02   9.2215679e-02   2.4219647e-01   1.8471890e-01   9.1872168e-02   1.4684928e-01   6.2744545e-02  -2.2280057e-01   1.9402581e-01  -2.8426702e-01  -5.1270908e-02  -2.6690389e-01   5.3162006e-01   3.5708234e-02   0.0000000e+00  -4.5628507e-03   8.9022049e-02  -7.2088440e-02  -3.0783333e-01  -1.8060283e-03   6.8317014e-02   1.5039200e-01  -2.1987798e-01   1.9524344e-01  -8.6568072e-02   2.9306931e-01   2.4773469e-01   2.2792402e-01   1.5154541e-01  -5.9572017e-02   1.0347320e-01   2.4835464e-01  -1.0770080e-01  -4.3823140e-01   2.7481693e-01  -2.8637979e-01   1.7602747e-01   6.1479638e-03   3.6400514e-02  -2.4103415e-01  -1.5698490e-01  -3.2349435e-01  -7.9245430e-03   1.7458552e-02   1.6130595e-01  -1.5438092e-01   1.2475290e-01   2.7245028e-01   1.2241932e-01  -4.9064595e-02   1.1973276e-01   2.1775109e-01   1.7400470e-02  -1.2526060e-01   0.0000000e+00  -2.9298317e-02   6.7220158e-02   0.0000000e+00  -4.2699235e-02  -2.7361493e-02   2.3993143e-01
   6.0991772e-02   0.0000000e+00   0.0000000e+00   2.2581310e-01   1.4141096e-01  -1.6304942e-02   3.7495132e-01  -2.9973553e-02  -1.6336729e-01   3.6385827e-01   3.7504591e-01  -6.4922316e-02   1.1221611e-01   1.7432452e-01   1.8572932e-01   3.5147081e-02   0.0000000e+00   6.9282645e-02   1.6317955e-01   3.0747134e-01   0.0000000e+00   5.1011080e-01   4.2844843e-01   5.3664345e-01   4.7511303e-01   2.4245685e-01   3.3539108e-01   3.1899120e-01   1.7801060e-01   2.7360843e-01   4.4410872e-01   3.3763848e-01   3.4607083e-02   4.3013973e-01   2.9201182e-01   2.6330712e-01  -1.4536530e-02   2.9157596e-01  -8.6039581e-02   4.0101435e-01   1.5545745e-01   1.2234059e-01   5.3351857e-02   2.3319875e-02   2.3448829e-01   2.7448839e-01   4.1606109e-01   2.6621778e-01   2.0294811e-01   8.2886536e-02   2.8844491e-01  -5.4408814e-02   1.8846958e-01   1.6472552e-01   2.9097208e-02   1.7664414e-01   2.8880220e-01   1.4555912e-01   2.6219984e-01   2.0711736e-01   3.5568879e-02  -4.1128597e-02   1.3622080e-01   3.2239282e-01  -1.7694702e-01   9.7377254e-02  -9.9722493e-02   1.6669419e-01   2.7931530e-02   5.7751915e-02  -1.8153531e-01   0.0000000e+00   5.3991954e-02  -3.5084860e-03  -5.2766455e-02  -9.9166984e-03  -1.3531836e-01  -2.1170485e-01  -1.6993076e-01  -8.3778400e-02  -1.1589485e-02  -1.5807680e-01   2.3414368e-01  -1.1898137e-02   1.8923575e-01   1.4014307e-01   5.8018563e-02  -3.2514026e-02  -3.1170329e-02   2.3756629e-01  -1.4874270e-01  -1.4371574e-01   2.4108194e-02   6.7760361e-02  -7.6755756e-02   2.3829706e-02  -3.0330185e-01  -7.9061369e-02  -8.9048482e-02  -4.5661483e-02  -2.7993719e-01  -3.9931001e-02  -2.3071730e-01   1.5899745e-02   2.3708570e-01   8.6722926e-02  -4.3865333e-02   9.4855732e-02   4.3255251e-02  -4.8127737e-02   6.3233065e-02   0.0000000e+00  -2.1811507e-02   9.5748532e-02   0.0000000e+00  -1.0577158e-01  -6.2410381e-02   1.4654849e-01
