   0.0000000e+00  -2.9795863e-02   1.0452369e-01   4.8011978e-02   2.7269242e-02   1.4150487e-01   4.4342208e-01   4.1625610e-02   8.1994830e-02   8.1551275e-02   2.4131913e-01   2.6087033e-03  -9.4692173e-02   1.3941774e-01  -1.1660480e-01   6.0654005e-02  -3.8516078e-02  -1.4512404e-01   1.3521033e-01  -1.2684171e-01  -2.0409584e-01  -1.1608444e-01  -1.7779555e-02  -5.3648412e-02  -2.3310504e-01  -2.0174160e-01  -1.4879194e-01   3.6683387e-03  -1.1403756e-01  -1.1540284e-01   8.9161882e-02   2.0223662e-01  -2.4320857e-01  -1.1606866e-01  -3.4834666e-01  -1.7847919e-01  -7.1163307e-02  -1.7554385e-03  -3.1549798e-01   7.8659467e-03   9.1923256e-02  -1.0351796e-01  -6.2884757e-02  -3.8111674e-02  -1.2214827e-01  -3.3242800e-02  -1.9991576e-02  -4.5645617e-02  -1.3778260e-01  -3.7444809e-02   6.1379027e-02  -1.8005997e-01  -3.6105975e-02  -9.8149002e-03  -8.0187832e-02  -2.3289707e-01  -1.5874348e-01  -5.6471389e-02   8.8444861e-02  -2.1035704e-01  -1.8664398e-01  -3.3909572e-02  -1.8484974e-01   2.8476888e-01  -6.8616219e-02   2.0228704e-01  -4.9405992e-02   2.9511886e-01   7.8089096e-02  -1.7576994e-01  -1.1192822e-01   1.6943796e-01   9.0989371e-01   4.8131630e-01   2.4814559e-01   2.0401267e-01   1.1052100e-01   2.1494022e-01  -5.1418675e-02  -3.9206757e-02  -1.4359311e-01  -1.3184218e-01   8.6851007e-02  -1.5266400e-01  -9.0420780e-02  -6.7876620e-02  -6.4793068e-03   6.5493991e-02   1.6867876e-01   1.5205319e-01   2.7406249e-02  -1.9841740e-01  -2.8019156e-01  -1.5177415e-01   2.7873639e-02  -9.2644162e-02  -2.3694844e-01  -8.3882205e-02  -1.0234585e-01  -1.4671800e-01  -1.1559635e-01  -2.3166786e-01  -7.6612787e-02  -1.5891163e-01  -2.5663270e-02   5.2346597e-02  -4.1863705e-02  -9.0989567e-02   7.2383321e-02  -1.2454967e-03  -4.1321172e-02   1.5841829e-02   5.1868004e-02  -1.1874553e-01  -1.2796346e-01   1.0426228e-01   1.5480030e-01   1.7583935e-01
  -2.9795863e-02   0.0000000e+00  -1.6160041e-02  -1.3693525e-01   3.5449906e-02   2.1737001e-02   1.3677890e-02   6.6394357e-02   6.1195361e-02  -7.3679129e-02   2.0098794e-02  -7.5921710e-02  -2.8853515e-02   5.1836849e-03  -5.9609005e-02   3.3023828e-02  -2.5836544e-02   1.1940165e-02  -7.1105837e-02   1.2036608e-01  -1.5963710e-02  -1.9393349e-02   3.3896743e-02   5.8412287e-02  -3.0069933e-03  -6.3932971e-02  -4.2357531e-03   2.0020724e-02   1.1583318e-01   7.2383298e-02   7.8176175e-02   1.4364983e-01  -2.6320064e-02   2.0148290e-02   8.3280880e-03  -5.6921417e-02  -1.2243480e-01   3.8284041e-02   7.2240392e-02   9.9814395e-02   4.7961925e-02  -1.1358790e-02   4.8150098e-02  -6.1921586e-02  -6.2589042e-02   2.0550408e-02  -2.9268329e-02   6.6397458e-02  -6.0616991e-02   3.4690423e-02   8.3445366e-02   1.2347352e-02   3.5856386e-02   6.4356906e-02  -5.8610942e-02   3.8326584e-02  -8.2805620e-02  -7.9548692e-03  -1.2162794e-01  -7.1025349e-03  -8.6009782e-02  -6.0351109e-02  -2.6395114e-02  -6.6729586e-02  -2.9048660e-02  -4.3390982e-02   1.3795044e-02   1.2476898e-01   8.9373653e-02  -3.2370880e-02   4.0960026e-02   9.6121310e-02  -2.3649574e-02  -1.5530471e-01   2.4577936e-02   1.2467128e-01   8.8321926e-03   3.4066445e-02  -6.9991436e-02  -2.9427546e-02  -5.8607191e-02  -1.2333415e-02  -2.2154126e-02  -3.4206168e-02  -2.8052031e-02   1.3027534e-01   1.3275908e-01  -4.0575037e-03   1.7844105e-01   4.0288416e-02   6.7262676e-02  -3.4959719e-02  -3.0034427e-02   2.7941063e-02  -8.3074091e-02   7.0191210e-02  -4.9876392e-02   3.5935968e-02   5.0213466e-02   2.8910922e-02  -2.9699964e-02  -1.9712874e-02   7.7402657e-02   2.0859680e-03  -1.6515252e-02  -2.2527755e-02  -3.6075051e-02   5.2304429e-03   7.0039850e-02   7.0860497e-02   7.9214174e-02  -7.7555425e-02  -3.9468159e-02  -1.3800488e-01  -2.0095842e-01   3.4199152e-02  -5.3327851e-03   1.0402260e-01
   1.0452369e-01  -1.6160041e-02   0.0000000e+00  -6.8152139e-02   1.2015265e-01   3.9658441e-02   2.0019841e-01   1.6750199e-02   2.8532306e-02   6.9686597e-02   3.4389977e-01  -5.2360041e-02  -1.5137447e-02   7.4997708e-02  -5.1080119e-02   8.2332614e-02   1.9547867e-02   9.0916805e-03  -1.4629443e-01   1.4537839e-01  -1.8560814e-02   9.5260392e-03   1.0901931e-02  -8.2856355e-02  -6.4127031e-03  -5.3600159e-02   1.0273244e-01   1.6455483e-01  -4.6605467e-02   4.3080212e-02   1.7270556e-01  -2.0908415e-02  -6.9732072e-02   1.6639741e-02  -7.8196232e-03  -4.0051507e-02   5.8839506e-02  -1.4773919e-02  -1.2707988e-01  -2.0196627e-02   5.3238234e-02  -2.7351281e-02  -1.7175001e-02  -3.5585668e-03  -7.6944213e-02  -8.1153975e-02   2.0526544e-02   1.2119747e-02   6.5118896e-03   9.3254661e-02   2.3963148e-01  -5.4154495e-02  -1.5750857e-02  -6.5138345e-02   9.4544560e-02  -6.1384565e-02  -5.8814586e-02   6.1922664e-02  -8.8438365e-02  -6.8783252e-02  -2.6184193e-02   8.1846219e-03  -1.4637389e-01   1.4672542e-01   7.3448628e-02   2.4390358e-01   8.6384292e-02   2.8029507e-01   1.7521568e-01  -1.9424132e-02  -1.2990825e-02   8.0562087e-02   5.8623228e-02   2.6407789e-01   1.6773577e-01   1.7316580e-01   7.5489621e-02   1.1017951e-01   4.8057590e-02   3.1484343e-02   1.4425486e-02  -1.7840144e-02   1.2886799e-01   6.0238042e-02   6.7193719e-03   1.1139380e-01   1.7263387e-01   8.6186893e-02   1.4397798e-01   1.7806685e-01  -1.1335006e-02  -3.1982120e-02  -5.3100072e-02  -9.2945917e-03  -1.8367251e-01   1.2616156e-02   2.2498763e-02  -2.4709357e-02   1.1209525e-02   1.0572397e-01   2.7237482e-02  -8.5537316e-02   6.3215676e-02  -7.9559910e-02  -1.2881936e-02   5.1346544e-02  -5.6325030e-02   8.5131951e-03   2.4633696e-02   1.0161323e-01   1.1569605e-01   9.5501665e-02   6.0875073e-02  -1.3296159e-02   1.3107766e-01   2.9469305e-02   7.7433480e-02   1.2908130e-01
   4.8011978e-02  -1.3693525e-01  -6.8152139e-02   0.0000000e+00  -1.3355176e-01  -3.3024236e-02   1.3171175e-01   8.8053061e-02   8.6509020e-04   8.0611574e-02  -7.4181012e-02   1.7511480e-02   2.5728788e-02   5.2894889e-02  -5.1830565e-02  -1.6673361e-02   1.6059837e-01  -2.5781590e-02   7.3652149e-02   9.5809122e-03   7.7571948e-02  -1.8238371e-02   3.4219998e-02   1.1672703e-01  -6.7001110e-02   3.6649208e-02  -9.1534241e-02  -7.5003206e-02  -8.1885873e-02  -1.4547101e-01  -2.1180859e-02  -6.2943164e-03  -2.8294772e-02  -5.2703892e-02  -6.1092201e-02  -7.5690996e-03   2.2299439e-02   9.8173739e-02  -4.7402039e-02   8.4967610e-02   4.3519600e-02  -1.0294457e-02  -2.9416164e-02   1.2394149e-03  -5.1472014e-02  -2.8922480e-03   7.5767121e-04   4.0244219e-03  -9.3944699e-02  -1.8351193e-01  -7.2021667e-02  -9.8254994e-02  -1.2334534e-03  -1.4484621e-02  -5.0892053e-02  -8.4672950e-02  -9.3434781e-02  -7.0826522e-02  -9.8570789e-02  -3.5440744e-02  -5.0759037e-02  -5.2996324e-02  -3.6191477e-02   6.9578315e-02  -6.1237214e-02   4.7441423e-02  -1.7985240e-02  -1.7471867e-01  -4.8930537e-02  -1.1923131e-01  -5.3496359e-02  -8.1073841e-02   1.6855414e-02   7.0455009e-02  -1.7764909e-03  -9.8031255e-04  -1.1734538e-02  -3.4244765e-02  -1.6456692e-01  -3.0860149e-03  -1.2157935e-01  -7.4709157e-02  -7.7194384e-02  -9.8780656e-02  -8.4233368e-02  -7.0274831e-02  -3.5894498e-02  -1.2222932e-01  -4.9499009e-02   3.5305412e-02   4.0262819e-02  -1.0344935e-01  -8.9901865e-03  -2.0813914e-01   1.9437134e-01   5.9471896e-02  -1.4541413e-01   1.6511458e-02  -8.1405874e-02  -4.9568235e-02  -1.6802601e-01  -3.7679413e-02  -4.0418356e-02  -5.9540734e-02  -7.5056629e-02  -1.5353133e-01  -5.2343482e-02  -8.7018239e-02  -7.5855785e-02  -1.3869515e-01  -2.9113784e-02   9.2102104e-02   1.3817138e-01   2.1302881e-03   3.4590453e-02  -3.5684489e-02  -2.4756023e-02   5.9864381e-02
   2.7269242e-02   3.5449906e-02   1.2015265e-01  -1.3355176e-01   0.0000000e+00   2.2387448e-01   1.5511610e-01  -2.0758289e-02   3.2887762e-02   1.4505452e-02   2.0401657e-01  -4.3174819e-02   1.3054764e-01   7.3289431e-02   5.2340869e-02   8.6945597e-02   7.2936799e-02   1.6048279e-01  -5.0060479e-02   1.1767135e-01  -8.6419547e-03   8.5760239e-02  -1.1238853e-01  -4.7963316e-02   2.0676486e-01   9.3490688e-02   4.6587327e-01   4.6609411e-01   1.2342232e-01   3.3000456e-01   8.8073756e-02   2.8585453e-01   1.3836636e-01   1.2405051e-01   1.3976322e-01   6.8017053e-02   7.6865677e-02   5.7766579e-03   1.4201947e-01   1.3330881e-01   5.1361002e-02   1.2235181e-01   9.9143853e-02   1.1114978e-01  -1.6286836e-01   4.4647095e-02   2.1082304e-01   6.1190068e-02   1.4900072e-01   4.3552887e-01   1.6773068e-01   1.4564094e-01   1.6806961e-01   9.2545527e-02   8.6977476e-02   1.2434507e-01   1.6602799e-01   1.1738329e-01  -7.9057091e-02   9.3212408e-02   9.0219625e-02   1.8294715e-01  -5.8957605e-02   4.8845703e-03   5.1679375e-02   1.8718863e-01   1.4198895e-01   2.3550163e-01   1.1433246e-01   3.1880713e-01   1.3687839e-02   2.0589539e-01   8.6680571e-02   7.0981233e-02   2.4853211e-02   6.8175968e-02  -4.2538704e-02   9.3579752e-02   4.7000847e-01   3.7801962e-02   3.8846864e-01   2.5079594e-01   2.3235757e-01   1.5630084e-01   3.4498667e-01   1.6983031e-01   1.4313527e-01   2.2884180e-01   2.8554167e-01  -4.2299593e-02  -5.8882109e-02   2.3934516e-01   6.4184613e-02   2.4844072e-01   5.1538737e-02   1.1425645e-01   4.4677274e-02   1.4024239e-01   9.6757587e-02   1.3864073e-02   2.3431316e-01   4.4423635e-02   1.9887891e-01   1.6636045e-01   6.1626109e-02   6.2585831e-03   4.0370515e-02   2.5327478e-01   7.8418262e-02   2.1573199e-01   3.1437924e-02  -2.9408521e-02  -4.1763378e-02   1.2270712e-01   9.8963656e-02   1.2724935e-01  -3.2788849e-02  -1.1361815e-02
   1.4150487e-01   2.1737001e-02   3.9658441e-02  -3.3024236e-02   2.2387448e-01   0.0000000e+00  -5.0056718e-02   1.9707859e-02   1.4471132e-02  -1.6768783e-02   6.4310340e-02   1.7422019e-02   3.9144284e-02  -1.3361262e-03  -6.6556004e-02   9.5545977e-02  -5.5444679e-02   6.5987080e-02   7.2644112e-02  -6.2274701e-02  -4.2196502e-02   5.2009068e-02  -1.5828819e-01  -5.4120168e-02   8.9646220e-02   1.0350400e-01   1.6000441e-01   1.0581339e-01   9.0113202e-02   1.8666980e-01  -2.1340340e-02   2.0884602e-01   1.1857578e-01   3.4659102e-02  -4.6253696e-03   6.9124168e-02  -3.0153897e-02  -1.0361140e-01   6.1029860e-02   2.3237123e-02   6.0460230e-02   1.8792595e-01   4.6273710e-02   1.4757557e-01  -1.5680609e-03   1.9830189e-01  -4.7529540e-02   8.4930232e-02   3.9874481e-02   1.4845469e-01  -1.0543839e-02   1.1335348e-01   1.4764703e-01   6.5358767e-02  -2.0984434e-02   8.1001288e-02   1.8325791e-01   8.3688671e-02  -5.5359420e-03  -5.9335892e-03   1.9404712e-01   1.7373185e-01   9.2580741e-02  -1.2757918e-02  -1.5311240e-02   1.4669129e-01   1.2249076e-02   1.2096284e-01  -4.9161293e-04   2.1452608e-01  -4.4953926e-02   8.8555382e-02   1.4427022e-01   6.4077848e-02   1.0617756e-02  -8.2095010e-02  -1.3455891e-01   1.8819695e-02   1.6430886e-01   1.5500074e-02   1.7957020e-01   7.3596863e-02  -4.1446061e-03   5.9474140e-02   1.7520423e-01   7.5768594e-02   4.6717224e-03   7.4481765e-02   5.8577568e-02  -9.8264555e-02  -2.0898553e-01   2.1872978e-01   3.3651548e-02   5.8626980e-02  -3.6051618e-03   5.9696042e-02   3.8595950e-02   8.9587506e-02   1.0187361e-02  -1.0113826e-02   1.4505571e-01   1.3045530e-01   1.4183334e-01   1.5739342e-01   8.9261621e-02  -5.0513537e-02   7.9924700e-03   1.9529199e-01   7.8009970e-02   9.9276997e-02  -1.1736701e-02  -4.2356076e-02  -9.5627130e-02   1.1421299e-01   4.8492516e-02  -6.1608243e-02  -8.0624656e-02  -1.2889585e-01
   4.4342208e-01   1.3677890e-02   2.0019841e-01   1.3171175e-01   1.5511610e-01  -5.0056718e-02   0.0000000e+00   1.5965367e-01   1.1192896e-01   1.5874213e-02   4.0083975e-01  -8.6063958e-02   3.5567291e-02   2.4289902e-01  -6.1504585e-03   7.5955553e-02   5.0559959e-02   1.4747975e-02   1.4847730e-01   1.2391943e-01  -1.8642270e-02  -4.3790793e-02   1.2748108e-01   8.2179824e-02  -1.3139565e-01  -1.7538617e-01  -1.5932875e-03   1.3823650e-01  -9.5730253e-02  -5.3947649e-02   1.8575285e-01   6.0129509e-02  -1.9455584e-01  -9.6557313e-02  -1.2967237e-01  -7.5605086e-02   1.6138854e-01   2.7993429e-01  -1.4816222e-01   2.2446021e-01   1.8760814e-01  -1.0683900e-02   2.0503617e-02   5.6685427e-02  -2.2026765e-01  -6.7634173e-02   1.5810611e-01   2.1996368e-03  -1.2035892e-01  -1.9859955e-02   1.1349374e-01  -1.7377986e-01   8.2251664e-02  -3.5213559e-02   5.4632190e-02  -1.9990304e-01  -1.7214798e-01  -6.0387131e-02   1.8529132e-01  -1.8295950e-01  -2.2264960e-01  -1.2755975e-01  -1.8796234e-01   4.3776791e-01  -1.3722744e-01   3.8594328e-01   2.6247564e-02   2.1927665e-01   1.6146042e-01  -1.3418639e-01  -4.4384994e-02   1.3249604e-01   4.0012479e-01   4.9013250e-01   2.4177522e-01   3.2906087e-01   2.3990984e-01   2.7858073e-01  -1.9472386e-02  -5.9161458e-03  -1.5181271e-01  -1.2449331e-01   1.0341923e-01  -7.1496364e-02  -4.0830617e-02   3.8062204e-02   1.7000344e-01   2.1070270e-02   2.5512066e-01   3.1638791e-01   2.5363550e-01  -1.9788444e-01  -3.7275008e-02  -7.6559016e-02   1.0122255e-01   9.4166452e-02  -1.8293581e-01   3.2696953e-02  -7.4554331e-03   3.5012754e-02  -4.3314180e-02  -1.5568739e-01   6.3480162e-02  -1.5841361e-01   5.9790470e-03   7.8656313e-02  -7.4497252e-02  -1.4842655e-01   2.9857182e-02   8.5486381e-02   1.9869057e-01   9.4541804e-02   1.6559189e-01  -7.2561755e-02   3.1384874e-04   1.6111536e-01   1.6898931e-01   2.7200881e-01
   4.1625610e-02   6.6394357e-02   1.6750199e-02   8.8053061e-02  -2.0758289e-02   1.9707859e-02   1.5965367e-01   0.0000000e+00   2.4029752e-01  -5.3019292e-02   6.3070792e-02  -5.0118409e-02   1.3224436e-01   1.9754999e-01   3.7361392e-02   1.1525596e-01   5.2853344e-02  -3.6730982e-02   6.8456971e-02   1.3060500e-01   3.0995000e-03  -5.3123241e-02   1.7538000e-01   8.3033835e-02   8.1933980e-02   9.7417962e-02  -3.3259111e-02   1.2626126e-02   6.7996871e-02   3.3268458e-02   4.9744699e-02   5.8901102e-02   8.6494533e-03  -1.7259760e-02   3.7264206e-02   1.2922041e-01   6.8905260e-02   1.7807800e-01   1.8900916e-01   1.8430381e-01   1.3912931e-01   9.9170759e-02   1.7623769e-02   1.5101794e-01  -1.4746033e-02   4.0039611e-02   6.3997799e-02   1.1995557e-01  -1.1104020e-01  -5.7426813e-03   8.3258860e-03  -5.2269390e-03   6.4007059e-02   4.2852996e-02   3.4108460e-02   3.2130126e-03   3.8846357e-02  -4.9399729e-02  -7.4748941e-02   3.5257748e-02   6.3171662e-03  -7.1669138e-04   1.8005921e-01   9.3242028e-02   2.2464129e-02   9.4730349e-02   3.9143890e-02   3.4097931e-02   2.1943264e-01   1.0848147e-02   1.0276389e-01  -6.6694141e-02   4.6982292e-03  -6.8053253e-02  -1.5902533e-02   6.6732284e-02   2.0544928e-01   2.6607010e-01  -4.9086880e-02   5.5479396e-02  -1.0682828e-02  -4.8989189e-02  -1.8194536e-03  -4.1389881e-02   3.6433904e-02   1.1382419e-01   1.1777428e-01  -4.7350836e-02   5.7545638e-02   5.0521100e-02   7.1993053e-02   5.7456390e-02   1.0235622e-01   1.3051371e-02   1.0455989e-01   6.5490762e-02   2.3220501e-02   1.2000661e-01   1.6607908e-01   7.1129273e-02   1.0323795e-01   1.4590501e-02   1.7893120e-01   1.0701261e-02   1.3715523e-01   3.4374380e-02  -7.0156948e-02  -3.5657713e-03   1.3693604e-01   9.3629662e-02   1.1003468e-01   5.3412419e-03   7.6539934e-02  -6.7417875e-02  -8.5884728e-03   6.1661025e-02   7.3378024e-02   9.7971102e-02
   8.1994830e-02   6.1195361e-02   2.8532306e-02   8.6509020e-04   3.2887762e-02   1.4471132e-02   1.1192896e-01   2.4029752e-01   0.0000000e+00  -4.4589413e-02   5.6101368e-02  -1.2744506e-01  -1.6611976e-02   9.8253823e-02   5.1778622e-02   6.2323802e-02   5.5889644e-02   2.9829678e-02   1.1671469e-01   6.5819744e-02  -4.3238236e-02   7.5684953e-02   2.8588348e-02   2.6631993e-02  -4.6421978e-02  -6.5682667e-02   5.5615534e-03  -3.9256858e-02   1.7357265e-01   3.1901990e-02   4.8070725e-02   6.4105389e-02   1.1804247e-01   6.4495064e-02   5.0667313e-02   6.4162525e-02   1.8162272e-02   1.9969671e-01   8.8019444e-02   9.7311681e-02   1.9432513e-01   6.8851692e-02   6.5176568e-02   1.2259098e-01   6.0730577e-03   1.0361408e-01  -2.1356666e-02   1.8601632e-01   1.0927965e-01   1.4109417e-02   5.9187509e-02   1.2079745e-01   4.5186548e-02   3.2343958e-02   7.8611892e-02   2.0641986e-02   2.1670813e-02   1.3587111e-01   1.0036514e-01  -1.0693803e-01  -8.5786124e-02  -2.1264938e-02   1.2094436e-01   1.3748545e-01   7.6709208e-02   6.2209000e-03   1.3432125e-01   1.2311186e-01   1.9513203e-01  -1.5060699e-02   1.3495923e-01   1.1703397e-02   8.3584107e-02  -8.7356085e-02   7.3308161e-02   4.4968668e-02   2.1196601e-01   2.1839525e-01  -8.9400675e-02  -6.2518992e-02  -1.3985467e-01   7.0115939e-03  -5.3594039e-02  -1.1713829e-01   4.2237107e-02   1.1359476e-01   1.3395866e-01   1.9407539e-03   1.5402551e-01   5.8203699e-02   2.1886430e-01   7.6833484e-02   9.1969516e-02   2.6826873e-02   1.4412138e-01   7.0911006e-02   5.9192543e-04   1.7680877e-01   3.0149820e-01   1.6778340e-01   5.7982607e-02   1.5939255e-01   6.3178029e-02   5.2189735e-03   1.9432571e-01   2.0579812e-01   1.9057515e-01   8.9233045e-02   2.7213379e-01   1.6438124e-01   2.7211742e-01   1.5289427e-01   1.4895782e-01   1.1595999e-01   1.3214559e-01   1.1378391e-01   1.6486809e-03   1.9582958e-02
   8.1551275e-02  -7.3679129e-02   6.9686597e-02   8.0611574e-02   1.4505452e-02  -1.6768783e-02   1.5874213e-02  -5.3019292e-02  -4.4589413e-02   0.0000000e+00   6.7203114e-02   2.7718081e-01   2.5143010e-02   8.6817633e-02   6.1591084e-02   4.0780259e-02   1.1338529e-01  -3.4454327e-02  -8.5397479e-02   5.9155949e-02   1.4204251e-01   6.0212081e-02   5.0178830e-02   1.3405552e-02   4.7987558e-02  -2.0796551e-02   3.5640063e-02  -8.1319099e-02  -2.6185141e-02  -1.4482843e-01   2.5000010e-02  -8.3309552e-02   7.0988807e-03  -1.1087143e-02  -5.8260079e-02   2.3999877e-02   1.1387335e-01  -1.8929444e-02  -2.0630218e-01   2.9019548e-02  -1.2866431e-02  -1.8138329e-01  -1.7404764e-02  -8.3341311e-02  -3.6918587e-02  -2.3950544e-02   1.3922603e-01   1.4170939e-02  -1.2749950e-01  -9.7670050e-02   3.0124149e-02  -1.6279529e-03  -8.0179580e-02   6.4698672e-02   1.4556594e-01  -7.6813866e-03  -1.8025025e-02   3.5330873e-03  -6.3342159e-02   1.4536923e-02  -7.4974282e-02  -8.1469739e-02  -1.0076067e-01  -3.3532474e-02  -9.3903870e-02  -2.7354183e-02  -5.5517299e-02  -1.2454956e-02  -9.7371889e-02  -1.0593145e-01  -1.7576510e-01  -8.4072882e-02   2.1524422e-02   9.2240324e-02   8.5467258e-02  -1.0797594e-02  -1.1751622e-01  -6.3147086e-02  -9.4485721e-02  -7.9659668e-02  -1.3441531e-01  -1.1846859e-01  -7.6490138e-03  -9.7608882e-02  -9.1483844e-03  -1.8117030e-01  -1.1172224e-01  -8.3701168e-03  -1.5668308e-01  -6.7663968e-03  -9.5844703e-02  -9.6785121e-03  -1.5342299e-01  -2.0768331e-01  -5.8805137e-02  -1.2323826e-01  -1.8032254e-01  -1.9238423e-02  -5.3259479e-02  -6.1850098e-02  -2.5130231e-01  -1.2964592e-01  -1.0485205e-01  -3.8363214e-02  -1.1266856e-02   3.7620373e-02  -9.9653939e-02  -1.6090755e-02  -5.7286219e-03   1.3827738e-02  -4.5180823e-02   2.4415584e-01   1.6666365e-01   5.0057056e-02   1.0562928e-01  -2.0985413e-02  -5.5980193e-03  -2.2290965e-02
   2.4131913e-01   2.0098794e-02   3.4389977e-01  -7.4181012e-02   2.0401657e-01   6.4310340e-02   4.0083975e-01   6.3070792e-02   5.6101368e-02   6.7203114e-02   0.0000000e+00  -1.1065176e-01   1.9218890e-01   2.6533434e-01   5.6132902e-02   2.1750552e-01   3.9869990e-02   1.4678359e-01   7.4746505e-03   3.0752887e-01   1.7579114e-01   9.4788424e-02   1.0699062e-01   4.3640350e-02   2.4766927e-01   1.1509145e-01   2.2252390e-01   2.7630819e-01   1.9739462e-01   1.4539012e-01   2.9729343e-01   2.8653887e-01   3.8511153e-02   1.0571433e-01   8.1559602e-02   1.2902321e-01   1.9045640e-01   2.6869026e-01   4.5832464e-02   5.1223337e-01   3.8465378e-01   1.1697394e-01   2.9130195e-01   1.4250990e-01  -7.0023073e-02   1.7826231e-01   1.1373985e-01   2.5486978e-01   4.2923116e-02   2.0378710e-01   2.4739028e-01   3.9524849e-02   1.1748643e-01   1.3184959e-01   1.4526370e-01   9.9356372e-02   1.4034280e-01   2.3253747e-03   1.5351331e-01   7.8780000e-02   5.5708701e-03   2.3752503e-02  -8.4105124e-02   3.4666445e-01  -2.5750719e-02   4.2468555e-01   3.3400604e-02   2.6535125e-01   1.2303169e-01   1.6359801e-01  -6.6903564e-02   7.4738620e-02   2.3928346e-01   2.0404130e-01   1.9779206e-01   1.4548471e-01  -4.5710101e-02   7.0838377e-02   1.2952985e-01   1.1734282e-02   3.6412130e-02  -8.0468229e-03   2.1014701e-01   5.6553762e-02   1.9175545e-01   2.2403462e-01   3.1493564e-01  -1.9771490e-02   2.3645137e-01   2.4084807e-01   4.6481480e-02   1.1299067e-01  -4.7600116e-03   4.8374388e-02   1.9301124e-02   5.5676772e-02   1.0231666e-02   4.0729135e-02   4.3491726e-02   6.1587542e-02   1.3952287e-02  -2.8845348e-02   1.5257604e-01   6.3540280e-02   1.2149058e-01   5.0675562e-02  -7.5815398e-02   1.8277409e-01   3.6564816e-02   4.0318875e-01   3.3147995e-01   3.3985929e-02   1.2753743e-02  -5.0623033e-03   9.5578790e-02   3.4171309e-02   2.8091228e-02   5.3657388e-03
   2.6087033e-03  -7.5921710e-02  -5.2360041e-02   1.7511480e-02  -4.3174819e-02   1.7422019e-02  -8.6063958e-02  -5.0118409e-02  -1.2744506e-01   2.7718081e-01  -1.1065176e-01   0.0000000e+00  -3.5614559e-02   3.6766369e-03   1.7125479e-01  -1.1143533e-02   7.6118063e-02   8.9189238e-03  -4.5941645e-02  -1.6004628e-01  -1.5867067e-02  -1.1128477e-02  -2.9639606e-02  -8.4896562e-02  -5.0374107e-02  -2.4513145e-02  -1.3451239e-01  -1.6358672e-01  -6.3839290e-02  -1.5134151e-01  -1.6757346e-01  -1.4021470e-01   5.6888709e-02  -1.9803378e-02  -6.2966324e-02   1.1935192e-02  -1.2756729e-01  -1.7864512e-01  -1.4661688e-01  -1.2125566e-01  -1.3767384e-01  -1.6777094e-01   5.1162022e-02   3.1095981e-02   3.7833193e-02   4.3881375e-02   1.1455382e-01   1.3582871e-02  -2.5940960e-02  -1.8209304e-01  -1.7697608e-01  -5.4518173e-02  -8.3446214e-03   1.4414199e-01   1.2712796e-01   8.8702187e-02   4.6960970e-02   5.2274357e-02  -1.7376895e-02  -4.0472461e-02   1.4347948e-02  -5.4649583e-03   7.0872256e-05  -7.4282014e-02  -2.7566595e-03  -2.4231839e-02   3.9272113e-02  -5.4815391e-02  -3.8626504e-02  -1.8193160e-02  -2.2650304e-02  -2.3524934e-02  -1.0437905e-01   1.6468832e-01  -5.8607957e-02  -2.6245572e-02  -1.2772967e-01  -1.2384099e-01  -7.2285494e-02  -3.1426037e-03  -1.4487220e-01  -9.0053072e-02  -9.5118702e-02  -1.0629376e-01  -4.2578290e-02  -3.1635405e-01  -3.4210923e-01  -8.5969569e-03  -2.1830386e-01  -7.0818021e-02  -8.3040927e-02  -1.2240635e-02  -4.3642970e-02  -6.3177211e-02   1.5409123e-02  -1.0420553e-02   5.8627998e-02   8.5003973e-03  -2.3490293e-03   2.3179092e-02  -1.8339501e-01  -2.6829399e-02  -6.2479189e-02   1.3564768e-02   2.4294186e-02   3.8740351e-02  -2.0036099e-02   5.9279033e-02  -5.5602856e-03  -1.0155076e-01  -1.1526076e-01   1.1110899e-01   1.7392520e-01   8.7838602e-02   5.5393673e-02  -9.4962325e-02  -6.9547068e-03  -4.1529619e-02
  -9.4692173e-02  -2.8853515e-02  -1.5137447e-02   2.5728788e-02   1.3054764e-01   3.9144284e-02   3.5567291e-02   1.3224436e-01  -1.6611976e-02   2.5143010e-02   1.9218890e-01  -3.5614559e-02   0.0000000e+00   2.2007034e-01   2.8253340e-01   3.0094996e-01   5.6119231e-02   6.2411844e-02   1.2679137e-01   4.3176512e-01   2.6300538e-01   9.2343247e-02   1.3372116e-01   8.6391581e-02   3.6154354e-01   3.3468947e-01   2.2002992e-01   1.2969877e-01   2.1654993e-01   3.3215967e-01   2.2792803e-01   1.7817109e-01   1.9206206e-01   2.5116409e-01   3.2723927e-01   1.9993537e-01   9.1605261e-02   2.3602600e-01   1.3584132e-01   2.9836529e-01   6.3579143e-02   1.5765956e-01   3.4688797e-01   1.8838353e-01  -4.8612837e-03   1.8556857e-01   8.8804834e-02   4.6002359e-01   5.2466988e-02   3.2900579e-02   2.8963172e-01   1.8456294e-01   1.5108262e-01   3.0964041e-01   2.3166499e-01   3.1238957e-01   3.9108138e-01   9.0328326e-02   5.3512398e-02   3.3737388e-01   2.5511919e-01   1.6667289e-01   1.9539423e-01   2.3951669e-01   1.3534302e-01   1.7662764e-01   2.1782636e-01  -8.6117016e-02   1.0576445e-01   3.0372781e-01   1.1795103e-01  -5.2025524e-02  -1.3513876e-01  -2.7875073e-02  -9.5234670e-02   1.1418219e-01  -3.5673613e-02  -4.4622315e-02   1.9749237e-01   2.0720532e-01   9.9502008e-02   4.8521315e-02   1.3049552e-01   1.4195021e-01   2.0160205e-01   5.8026350e-02   1.8386324e-01  -8.4043687e-02  -7.4430862e-02   1.3562606e-01  -8.6253387e-02   2.6611211e-01   1.1910079e-01   6.0327804e-02   1.9951494e-01   9.2928234e-02   1.3741800e-01   1.4789636e-01   1.1089382e-01   4.4628382e-02   3.3663789e-02   1.1742293e-01   1.3654637e-01   3.0205475e-01   3.0923872e-01   9.5270422e-02  -1.4576474e-02   2.2015450e-01   1.2400803e-01   2.8870662e-01   3.2408145e-01  -9.4785060e-02  -4.7077385e-02   1.1511389e-01   1.8146798e-01   5.4153269e-02   5.1239551e-02   4.8772778e-02
   1.3941774e-01   5.1836849e-03   7.4997708e-02   5.2894889e-02   7.3289431e-02  -1.3361262e-03   2.4289902e-01   1.9754999e-01   9.8253823e-02   8.6817633e-02   2.6533434e-01   3.6766369e-03   2.2007034e-01   0.0000000e+00   8.0516433e-02   1.9164024e-01   2.8275256e-02   2.8116130e-02   1.0085259e-01   1.2800644e-01   7.8993612e-02   2.7114385e-01   1.7448671e-01   5.6599182e-02   2.2093281e-01   1.1968687e-01   1.0812918e-01   8.9131993e-02   7.3992151e-02  -1.6648674e-02   1.1731245e-01   1.0666233e-01   7.4673059e-02  -3.8209227e-02  -8.9607316e-03   1.5565326e-01   1.4236066e-01   2.2467937e-01   2.2385896e-02   3.2203159e-01   2.4032989e-01   3.0644222e-02   1.3632541e-01   1.4846243e-01   1.2897367e-02   1.1367361e-01   1.0204323e-01   1.2860801e-01  -3.6870117e-02   1.3134717e-02   1.1939450e-01   2.5373657e-02   9.8110034e-02   2.6035347e-02   5.4464517e-02  -3.6166878e-02   2.4753857e-01  -2.2562143e-02   4.9914089e-02   1.2528293e-02   3.5240731e-02   9.8269995e-02   1.5811419e-01   1.8898889e-01  -5.1891025e-02   1.1724086e-01  -1.8341218e-02   8.6159700e-02   2.4538175e-01   6.6148934e-02   1.6947177e-01   1.0540264e-01   1.0379339e-01   7.9413448e-02   1.0574349e-01   1.3095922e-01   1.3806938e-01   1.7182653e-01   1.1948001e-01   1.5461530e-01  -5.3496115e-02   1.3286511e-01   2.6210449e-01  -1.0349551e-01   1.1398780e-01   4.2001523e-02   9.0987604e-02   1.5045691e-01   1.2483676e-01   1.2314146e-01   6.9644752e-02   1.7354017e-01   1.1871617e-01   1.1121753e-01   1.0218205e-01   6.9975687e-02  -1.9156607e-02   1.3084789e-01   9.9591167e-02   5.2721595e-02  -1.5068230e-02  -1.8488588e-03   1.3222575e-01   2.2187371e-02   2.7232451e-01   6.8366740e-02   2.8860848e-02   8.0563558e-02   1.8752837e-01   2.2820493e-01   1.2557022e-01   8.7413243e-02   1.1046203e-01  -2.6731539e-02   3.5129617e-02   1.7956952e-01   4.4949060e-02   1.7812950e-01
  -1.1660480e-01  -5.9609005e-02  -5.1080119e-02  -5.1830565e-02   5.2340869e-02  -6.6556004e-02  -6.1504585e-03   3.7361392e-02   5.1778622e-02   6.1591084e-02   5.6132902e-02   1.7125479e-01   2.8253340e-01   8.0516433e-02   0.0000000e+00   3.9295406e-01   2.1081808e-01  -1.3144912e-02   1.1929116e-01   3.5479004e-01   2.5454769e-01   7.7420588e-02   1.5139098e-01   1.1457901e-01   1.1045605e-01   9.2104486e-02   1.4497862e-01  -6.2936821e-02   3.1916774e-01   1.9682194e-01   1.1376188e-01  -3.1058221e-02   1.9237527e-01   4.4410765e-01   3.7854808e-01   2.3313601e-01   2.6278753e-01   2.9641126e-01   1.3726534e-01   2.6547709e-01   1.4276367e-01   2.9816425e-02   2.2442721e-01   1.6662378e-01  -4.8655894e-03   1.6232640e-01   2.6475195e-01   2.2911621e-01   9.6778605e-02  -8.9188690e-02   9.2703165e-03   1.9773902e-01   1.4143229e-01   1.4194636e-01   4.4552085e-01   5.0582501e-01   4.1584173e-02   1.2297479e-01   9.9971652e-02   2.6005343e-03  -7.9507090e-02  -1.2558724e-01  -3.6079982e-02   1.8016549e-01   1.2433607e-01   3.4304642e-02   1.3629373e-01  -1.7398716e-01  -7.1881244e-02   4.4686085e-02   2.9711256e-02  -1.4044551e-01  -1.4349083e-01  -5.7188997e-02  -1.4396367e-01  -3.9623680e-02   6.4438330e-03  -1.1893585e-01  -1.0772618e-01  -9.3922764e-02  -1.4710505e-01  -1.0598734e-01  -6.9916422e-02  -5.1293651e-02  -9.7811571e-02  -2.2183587e-01  -1.2678760e-01  -1.7090265e-01  -2.2341498e-01  -2.8833127e-02   7.7698720e-02   1.4399210e-02   1.1311778e-02  -6.0189439e-02   2.8429569e-02   4.8389559e-02   6.8997944e-02   1.4232174e-01   1.1024997e-01   7.3843106e-02  -1.2301717e-01   3.6306658e-02  -1.3531484e-01  -5.0085154e-02   2.0338922e-02   1.4116527e-01   1.1855832e-01   1.2570111e-01  -4.6013624e-02   1.8428329e-01   2.3312117e-01   4.6600714e-02   1.4533053e-01   6.9400243e-02   5.2030782e-02   4.6290419e-02   9.7152545e-04  -2.1733612e-02
   6.0654005e-02   3.3023828e-02   8.2332614e-02  -1.6673361e-02   8.6945597e-02   9.5545977e-02   7.5955553e-02   1.1525596e-01   6.2323802e-02   4.0780259e-02   2.1750552e-01  -1.1143533e-02   3.0094996e-01   1.9164024e-01   3.9295406e-01   0.0000000e+00   1.3221110e-01   1.6848925e-02   1.4366751e-01   3.1771964e-01   2.3438701e-01   7.3205864e-02   1.0123841e-01   8.6094642e-02   2.1332851e-01   1.5470822e-01   1.6943690e-01   1.6530405e-03   2.8215066e-01   1.9031444e-01   1.5826210e-01   1.5691949e-01   2.1556557e-01   3.2454012e-01   2.2438426e-01   2.1175460e-01   1.2590187e-01   2.8203005e-01   1.0248969e-01   3.3301713e-01   2.2617154e-01   2.0745066e-01   2.5604788e-01   2.1928834e-01   2.9949628e-02   2.3150701e-01   1.8233313e-01   3.9689398e-01   7.9329889e-02  -1.8784506e-02   1.1926618e-01   2.2237277e-01   1.4771393e-01   2.1828866e-01   3.9512300e-01   3.6319031e-01   1.5517764e-01   1.3376489e-01   1.0670963e-01   1.9655105e-02  -2.0270671e-02  -3.5389961e-02  -1.3941705e-03   2.2384697e-01   8.2261917e-02   1.0749852e-01   1.7522788e-01   2.7140521e-02  -3.4916617e-02   1.5346007e-01   4.9894426e-02  -8.8752241e-03   3.6562674e-02   3.2705979e-02  -7.4397725e-02   2.4904578e-02  -1.1137704e-01  -7.7671186e-02   1.4313875e-02  -2.8070656e-02  -7.8958700e-02  -1.1169000e-01  -1.6134760e-02  -3.6552412e-02   1.2768971e-02  -1.1427133e-01  -3.8864077e-02  -1.3479593e-01  -1.3859914e-01   2.6124267e-02  -3.9345994e-02   1.3732464e-01   7.7181350e-04  -7.1627147e-02   8.7509279e-02   1.6049360e-01   7.7419546e-02   1.9366502e-01   5.7429525e-02   9.3905738e-02  -4.7526991e-02   4.8279766e-02  -6.3302176e-02   8.2590407e-02   1.3254537e-01   1.1693528e-01   6.4924617e-02   2.5887436e-01   1.1457679e-01   3.4580100e-01   2.7178716e-01  -5.9513279e-02   1.9945745e-04  -7.9428162e-03  -2.6222019e-02   4.9421393e-02  -4.1009428e-02  -4.1834431e-02
  -3.8516078e-02  -2.5836544e-02   1.9547867e-02   1.6059837e-01   7.2936799e-02  -5.5444679e-02   5.0559959e-02   5.2853344e-02   5.5889644e-02   1.1338529e-01   3.9869990e-02   7.6118063e-02   5.6119231e-02   2.8275256e-02   2.1081808e-01   1.3221110e-01   0.0000000e+00   1.4472654e-01  -4.8353355e-02   2.2097166e-01   1.7649368e-01   1.9048780e-02   1.3246849e-01   1.4412808e-01   5.6131380e-02   8.1169875e-02   5.7080068e-03  -3.7854750e-02  -2.4708295e-02   1.8112524e-02   1.2256569e-01  -1.3229386e-01  -1.4613695e-02   1.5362425e-01   8.8033916e-02   1.9296721e-02   7.4270115e-02   1.6550696e-01  -7.4439900e-02   2.3413210e-01   5.6599906e-02  -5.1607770e-02   9.4788449e-02  -2.6850685e-03  -1.0069171e-01  -2.7077879e-02   2.6872849e-01   1.2729929e-01   1.4191410e-01  -3.0576872e-02  -2.0424637e-02  -5.8063695e-02   4.5984022e-02   1.5584209e-01   1.4026979e-01   1.9490278e-01  -2.7292404e-02   3.9904295e-02  -2.5069895e-02   1.4417749e-02  -1.0289533e-01  -1.3229569e-01  -9.5359745e-02   2.4207136e-02  -6.6311592e-02  -3.2738140e-02   2.4860795e-02  -1.0775228e-01  -4.7966291e-02   2.2409618e-02  -1.1152212e-01   4.7948551e-02  -1.1265898e-01  -4.3800508e-02  -6.3143462e-02   1.0716380e-01  -1.0491619e-01  -1.2135336e-01  -9.9035539e-02  -4.9638051e-02  -1.6624640e-01  -1.5301070e-01   1.7235136e-02   4.3118723e-03  -1.0376859e-01  -1.4023777e-01  -7.2801792e-02  -1.4134284e-01  -1.6286094e-01   1.4768347e-01   1.1502590e-01  -7.1920233e-02  -9.6109091e-02  -2.1692973e-01   5.3951133e-03  -4.5237840e-02  -1.9063046e-01   2.4768055e-02  -2.2819103e-02   1.3820714e-02  -3.1854321e-01  -1.6866985e-01  -1.0979015e-01  -4.4326773e-02  -1.0002740e-01   3.9166960e-02   2.3380184e-03   7.7142714e-03  -5.3049215e-02   2.1333521e-02   1.6690670e-02   7.9729866e-02   1.7884039e-01  -1.0096114e-01  -3.7961387e-02  -6.6536979e-02  -3.2213380e-03   6.6843610e-03
  -1.4512404e-01   1.1940165e-02   9.0916805e-03  -2.5781590e-02   1.6048279e-01   6.5987080e-02   1.4747975e-02  -3.6730982e-02   2.9829678e-02  -3.4454327e-02   1.4678359e-01   8.9189238e-03   6.2411844e-02   2.8116130e-02  -1.3144912e-02   1.6848925e-02   1.4472654e-01   0.0000000e+00  -3.1451484e-02   1.5002702e-01   1.3244537e-02   6.0371811e-02  -1.9990444e-02  -2.1804219e-02   1.5703132e-01   5.6222960e-02   1.6943325e-01   1.8386498e-01   8.6043517e-02   7.8765073e-02   1.5455798e-01   9.3970062e-02  -1.3348470e-02  -4.2213494e-02   9.2448201e-02  -9.0593563e-02   2.6683135e-02   6.9367909e-03   1.0068924e-01   1.6147471e-01   1.1706486e-02   3.4451328e-02   1.1176365e-01  -8.8145767e-02  -1.0812877e-01   3.8609021e-04   1.8833220e-01   7.8457380e-02   1.3944505e-01   2.0058854e-01   8.9844469e-02  -6.8345593e-02   6.2266647e-02   2.6706002e-02  -1.2836228e-02   7.2756408e-02  -4.1692412e-03   7.5479541e-02   2.9361803e-02   1.9459567e-01   9.2431374e-02   4.1912611e-02  -1.2417395e-01  -1.2562929e-01  -7.1046998e-02   1.7918253e-02   1.0571613e-01   5.9803884e-02   1.0256359e-02   2.3866535e-01   1.7844804e-02   1.1670135e-01  -4.9294321e-02  -4.2420756e-02   4.3609919e-02   2.0779297e-01  -7.4866935e-02  -1.2493752e-01   1.5801286e-01   6.9327821e-02   1.3510015e-01   1.5123471e-01   1.1589468e-01   2.3221139e-01   1.8803627e-01   2.5289541e-01   1.7596424e-01   1.3420120e-01   1.4775674e-01   1.4538191e-01   4.5517011e-02   2.8863167e-03  -4.6941854e-02   1.4099826e-02  -5.5519570e-02   2.2257918e-02  -8.6428390e-03  -9.2913514e-02  -5.3622655e-02  -3.8073441e-02  -4.3165754e-02  -7.9212215e-02   1.3621486e-01   9.6919174e-02  -2.5242875e-02   5.4870966e-02   5.0302800e-02   3.3851166e-02  -8.2423659e-02   9.5387636e-02   9.7560227e-02   7.5074897e-02   8.8570689e-02   3.3441177e-02   1.3838274e-01   6.9718269e-02   3.7991851e-02   8.3519798e-02
   1.3521033e-01  -7.1105837e-02  -1.4629443e-01   7.3652149e-02  -5.0060479e-02   7.2644112e-02   1.4847730e-01   6.8456971e-02   1.1671469e-01  -8.5397479e-02   7.4746505e-03  -4.5941645e-02   1.2679137e-01   1.0085259e-01   1.1929116e-01   1.4366751e-01  -4.8353355e-02  -3.1451484e-02   0.0000000e+00  -2.6546666e-02   6.9332038e-02  -1.9297724e-02   1.8636545e-02   1.1746157e-01  -4.3901508e-02   3.8260830e-02  -7.1710115e-03  -4.4968296e-02   1.0140401e-01   3.5730880e-02   4.8544659e-02   1.0280787e-01   1.0043800e-02  -2.2624349e-02   1.8841859e-03   1.1894668e-01   8.8644433e-02   1.6153124e-01   1.6181093e-01   1.4467654e-01   1.2624979e-01   1.5966403e-01   1.3837153e-01   1.7257095e-01  -6.4573297e-02   9.7761946e-02   1.1064514e-01   1.4611987e-01   3.1827757e-02  -3.1985617e-02   7.8393232e-04   5.6495807e-02   7.9861435e-02   3.5641281e-02   4.8169243e-06   6.5135677e-02   8.3453241e-02   2.0128422e-02   4.9258475e-01   2.9025539e-02   1.7881427e-02   5.2693176e-02   1.0167369e-01   1.5354038e-01   2.9243507e-02   1.0561542e-02   5.4757549e-02  -8.2718841e-02  -9.5881964e-02  -3.7555195e-03  -4.5778973e-03   4.7789467e-02   7.5062304e-02  -5.9244906e-02   5.4911923e-03   2.9296251e-02  -3.5362402e-02   3.8877717e-02  -3.1678515e-03   1.4109382e-02  -8.0863778e-02  -4.8754583e-02   2.6814398e-02  -5.1600614e-02   5.4081478e-02  -5.8852416e-02  -6.2452145e-02  -9.3030169e-02  -3.9242217e-02   2.8092401e-02   8.9161320e-02   2.9042638e-02  -9.2730433e-03  -2.3542522e-02   4.2556852e-01   7.3305940e-02  -1.4755862e-02   1.2502055e-01   6.6642034e-02  -3.2357523e-02  -4.2167851e-02   5.9314572e-02  -1.0301328e-01   9.0277035e-02   1.5662870e-01   1.4380436e-01   2.1115132e-02   8.1195148e-02   7.0733686e-02   1.0702050e-01   1.7813479e-01  -5.7091113e-04   1.0278381e-01  -3.0040444e-02  -5.0130471e-02   5.0565656e-02   8.4548051e-02   1.1120010e-02
  -1.2684171e-01   1.2036608e-01   1.4537839e-01   9.5809122e-03   1.1767135e-01  -6.2274701e-02   1.2391943e-01   1.3060500e-01   6.5819744e-02   5.9155949e-02   3.0752887e-01  -1.6004628e-01   4.3176512e-01   1.2800644e-01   3.5479004e-01   3.1771964e-01   2.2097166e-01   1.5002702e-01  -2.6546666e-02   0.0000000e+00   4.8092267e-01   2.0845678e-01   3.0544233e-01   2.5731948e-01   3.6887699e-01   2.0397183e-01   3.8239440e-01   2.4032691e-01   3.2356680e-01   3.1228360e-01   5.4350416e-01   1.3691411e-01   4.0294394e-02   3.7492552e-01   4.4194015e-01   5.9381894e-02   2.8572877e-01   4.7797543e-01   1.1270120e-01   4.8911558e-01   2.4742396e-01   5.7467188e-02   2.9533122e-01   3.2017602e-02  -9.1997681e-02   3.3933620e-02   2.1056067e-01   4.0045477e-01   1.0001480e-01   8.9271887e-02   4.2193650e-01   1.0304003e-01   7.7393817e-02   9.4125579e-02   2.4853910e-01   3.1755986e-01  -4.4196863e-03   3.4131989e-02  -1.2003604e-02   2.3381340e-01   1.7960644e-02  -5.1005103e-02  -1.3871418e-01   2.8567899e-01  -2.5048135e-02   1.4017588e-01   1.6294257e-01  -9.8986159e-02  -6.8511882e-02   1.6147012e-01  -8.0354667e-02  -5.2331244e-02  -1.0863304e-01  -1.0952404e-01  -6.5592529e-02   1.3451556e-01  -7.2600276e-02  -1.0869258e-01   2.0631548e-02   6.3727387e-02  -2.8267070e-02  -8.8807738e-02   1.8303901e-01   1.9263484e-01  -9.7343406e-03   7.3343506e-02   3.2710476e-01  -9.0535188e-02  -3.3275080e-02   2.0935506e-01   9.4615133e-02  -2.1774592e-02  -5.3387187e-02  -1.2682452e-01  -9.0841996e-02   2.0597698e-02  -3.9219094e-02   2.2676923e-02  -4.8208763e-02  -1.2097751e-02  -1.6126498e-01  -1.7776070e-01  -6.6229666e-02   4.5554035e-02  -8.1112424e-02   1.8437686e-03   2.2107168e-02   4.4845207e-02  -1.1284632e-01   2.9875781e-01   4.7555220e-01  -8.1580070e-03  -1.9339299e-03  -1.2720399e-01   2.3982948e-02   4.5713988e-02   6.1211678e-02   1.4268796e-01
  -2.0409584e-01  -1.5963710e-02  -1.8560814e-02   7.7571948e-02  -8.6419547e-03  -4.2196502e-02  -1.8642270e-02   3.0995000e-03  -4.3238236e-02   1.4204251e-01   1.7579114e-01  -1.5867067e-02   2.6300538e-01   7.8993612e-02   2.5454769e-01   2.3438701e-01   1.7649368e-01   1.3244537e-02   6.9332038e-02   4.8092267e-01   0.0000000e+00   3.5759345e-01   2.2193850e-01   2.7999482e-01   4.5342418e-01   3.5873919e-01   2.4479999e-01   2.7940124e-02   3.3434445e-01   1.5467156e-01   2.0301818e-01   1.4292770e-02   2.1217808e-01   3.4560230e-01   3.4805344e-01   2.9465894e-01   3.2055840e-01   3.8424207e-01   1.0288659e-01   4.2208383e-01   2.2999101e-01   1.1200160e-01   2.6070025e-01   2.1526442e-01   1.6900153e-01   1.8794686e-01   1.0003432e-01   2.1870370e-01   1.1519504e-01  -6.4857126e-02   2.6247092e-02   3.0802931e-01   1.1979262e-01   1.6245472e-01   2.7616213e-01   3.1822525e-01   1.3247896e-01   6.0301448e-02   5.2104526e-02   1.8608556e-01   1.0811039e-01   3.5588123e-02   2.7642972e-02   1.7506186e-01  -6.2851075e-03   9.2909084e-02   4.8405308e-02  -2.2222163e-01  -1.9976416e-01   1.5918007e-01  -7.7636887e-02  -1.8099419e-01  -1.6852646e-01  -1.0756058e-01  -7.0402786e-02  -8.7426011e-02  -1.6019465e-01  -1.1856072e-01  -6.9738248e-02  -4.5982798e-02  -3.6566211e-02  -9.3731486e-02  -9.4971774e-05   1.0287304e-01  -4.0157913e-03  -4.2711556e-02   2.0470564e-02  -1.1264323e-01  -1.9483340e-01   2.2853288e-02   1.6086507e-02   8.0263882e-02   3.1905500e-02  -9.2459121e-02   6.9526989e-02   2.4936046e-02   8.0511115e-02   1.4616939e-01  -1.3705338e-02   3.4664406e-02  -9.0908198e-02  -4.8432516e-02  -1.1000997e-01   1.4066634e-01  -5.1688586e-02  -3.7365766e-02   3.1078011e-03   8.8163181e-02  -1.1481566e-01   1.8265562e-01   2.3723502e-01   2.9727619e-02   2.5483554e-04   7.7912799e-03   3.8819860e-02  -5.6789922e-02  -1.1775051e-01  -1.6880490e-01
