   0.0000000e+00   0.0000000e+00   1.3415662e-01   2.4919616e-01   1.5147646e-01   9.3686732e-02   6.8751330e-02   9.8812307e-02   1.4433063e-01   0.0000000e+00  -1.2401213e-01   0.0000000e+00  -7.4557278e-03   1.7204306e-01   1.9980305e-01   1.0728018e-01  -5.7186592e-02   9.1517741e-02   1.3457321e-02  -2.9491879e-02   8.2862408e-03  -4.6011906e-03   1.4567612e-01  -1.9330039e-02   5.8087335e-02   7.7769082e-02   3.1430349e-02  -3.0628097e-02  -2.8452113e-02   8.5554150e-02  -4.9901267e-02   2.6800796e-01   4.3313116e-02   4.5902598e-02   7.4182132e-02   1.2491797e-01   1.6622306e-01  -2.6081065e-03   6.7649497e-02   1.0681986e-01   2.8143877e-02   1.5045525e-01   1.1946595e-02   1.0836449e-01   3.1832770e-02   1.6035968e-01   1.1354884e-01   5.5314752e-02  -3.0296905e-02   1.7785064e-02   2.5191965e-02   5.1413519e-02   2.5352233e-01   1.1303963e-01   1.3161439e-01   8.5017576e-02   1.4724115e-01  -1.6882960e-01   2.1735813e-02   1.5154976e-01   9.0117853e-02   7.7143205e-02   1.2194071e-01   8.5760108e-03   3.8616761e-02   2.1887788e-02   6.9209690e-03   1.7242651e-01   1.1539458e-01   8.8609865e-02   1.7619950e-01  -2.4365629e-02   3.0035883e-01  -2.1171559e-02   7.0626439e-01   2.1573580e-01   1.8372466e-01   3.8758516e-01   1.2253480e-01   1.9771380e-02   3.1860705e-02   1.4362285e-01   5.2073951e-02  -7.1644092e-03   5.1299456e-02   1.6795510e-01   1.4145868e-02   9.8897869e-02   1.7076100e-01   1.2043857e-01   4.5557005e-02   1.1419298e-01   1.5572702e-01   8.9850332e-02   1.3607780e-02   1.8104496e-01   1.7261269e-01   3.7122311e-02   1.2812691e-01   1.1425527e-01   2.1819836e-01   2.0331660e-01   1.4643788e-01   3.3434243e-02   1.6234641e-01  -1.0254188e-01   2.2494627e-02   7.5098140e-02   9.2524578e-02   8.6518436e-02  -1.7186685e-01   0.0000000e+00   0.0000000e+00   2.2996991e-01   0.0000000e+00   2.7477968e-01   7.1146326e-02   2.2574883e-01
   0.0000000e+00   0.0000000e+00   0.0000000e+00   0.0000000e+00   0.0000000e+00   0.0000000e+00   0.0000000e+00   0.0000000e+00   0.0000000e+00   0.0000000e+00   0.0000000e+00   0.0000000e+00   0.0000000e+00   0.0000000e+00   0.0000000e+00   0.0000000e+00   0.0000000e+00   0.0000000e+00   0.0000000e+00   0.0000000e+00   0.0000000e+00   0.0000000e+00   0.0000000e+00   0.0000000e+00   0.0000000e+00   0.0000000e+00   0.0000000e+00   0.0000000e+00   0.0000000e+00   0.0000000e+00   0.0000000e+00   0.0000000e+00   0.0000000e+00   0.0000000e+00   0.0000000e+00   0.0000000e+00   0.0000000e+00   0.0000000e+00   0.0000000e+00   0.0000000e+00   0.0000000e+00   0.0000000e+00   0.0000000e+00   0.0000000e+00   0.0000000e+00   0.0000000e+00   0.0000000e+00   0.0000000e+00   0.0000000e+00   0.0000000e+00   0.0000000e+00   0.0000000e+00   0.0000000e+00   0.0000000e+00   0.0000000e+00   0.0000000e+00   0.0000000e+00   0.0000000e+00   0.0000000e+00   0.0000000e+00   0.0000000e+00   0.0000000e+00   0.0000000e+00   0.0000000e+00   0.0000000e+00   0.0000000e+00   0.0000000e+00   0.0000000e+00   0.0000000e+00   0.0000000e+00   0.0000000e+00   0.0000000e+00   0.0000000e+00   0.0000000e+00   0.0000000e+00   0.0000000e+00   0.0000000e+00   0.0000000e+00   0.0000000e+00   0.0000000e+00   0.0000000e+00   0.0000000e+00   0.0000000e+00   0.0000000e+00   0.0000000e+00   0.0000000e+00   0.0000000e+00   0.0000000e+00   0.0000000e+00   0.0000000e+00   0.0000000e+00   0.0000000e+00   0.0000000e+00   0.0000000e+00   0.0000000e+00   0.0000000e+00   0.0000000e+00   0.0000000e+00   0.0000000e+00   0.0000000e+00   0.0000000e+00   0.0000000e+00   0.0000000e+00   0.0000000e+00   0.0000000e+00   0.0000000e+00   0.0000000e+00   0.0000000e+00   0.0000000e+00   0.0000000e+00   0.0000000e+00   0.0000000e+00   0.0000000e+00   0.0000000e+00   0.0000000e+00   0.0000000e+00   0.0000000e+00   0.0000000e+00
   1.3415662e-01   0.0000000e+00   0.0000000e+00   2.1244953e-02   8.2339799e-02   1.2080816e-01  -2.7085022e-02  -8.4433313e-02   1.7654018e-02   0.0000000e+00   3.1784136e-01   0.0000000e+00   1.1441339e-01  -5.9020669e-03   1.8164182e-01  -1.1524781e-01  -2.5227697e-02   2.4377940e-01   3.8570538e-01   1.1210516e-01   1.0338923e-01   3.4181602e-02  -4.1338886e-04  -5.7957962e-02   5.3386324e-02  -2.3443000e-02   4.8451067e-02   4.7066028e-02   1.4280668e-01   5.1445325e-02   3.2613793e-01  -1.0927945e-01   6.9229423e-02   3.0412930e-02   2.8122244e-02   6.8023547e-02   2.3226292e-01   7.7989108e-02   1.6272779e-02   1.2784565e-01   5.5849631e-02   7.3795477e-02   2.2033234e-01  -7.3134222e-02   1.7434759e-01  -4.2514269e-02   8.7887675e-02  -8.4128651e-02   5.1885362e-02   9.3590894e-03   1.3919853e-01   3.2095326e-01  -1.4452910e-02   6.9444888e-02   4.2475421e-02   7.0683441e-02   4.2077662e-02  -1.3182931e-01   1.5863489e-01   9.5335169e-02  -2.5443771e-02  -1.0207829e-01  -1.3884926e-01   2.9294968e-01   2.8309334e-02   2.8722884e-01   1.2072232e-01   1.6600930e-02  -1.2754319e-01  -9.4296194e-03   1.0124080e-03  -1.0494779e-01  -1.9947035e-01  -5.3739595e-02   2.8105157e-01  -6.3206819e-03  -7.3846311e-02   1.8759834e-01  -1.2044744e-02   5.8319657e-02  -4.2143073e-02   2.3217274e-01   1.0115567e-01   7.6548977e-02   3.8847448e-02   1.0536303e-01   1.8655444e-01   7.6996622e-02   1.0646561e-01   9.8357927e-02   3.5443123e-02  -4.1030305e-02   2.7580997e-01   1.0841556e-01   4.2810038e-02  -2.1244844e-01   1.4624670e-02  -6.3129155e-03   4.6466883e-02   4.6749966e-02   1.0544094e-01   9.7744135e-02  -4.3884636e-02  -4.8836867e-02  -9.4642443e-02  -4.3945075e-03   6.4314158e-02   8.8512168e-03   1.4433988e-01   9.8919386e-02  -8.7803703e-02   0.0000000e+00   0.0000000e+00  -2.8629003e-02   0.0000000e+00  -7.6240167e-02  -5.8508999e-02  -3.8301650e-03
   2.4919616e-01   0.0000000e+00   2.1244953e-02   0.0000000e+00   6.3987900e-02  -5.0125305e-02   7.7662661e-02   7.7723169e-02   5.1082040e-02   0.0000000e+00   1.1190822e-01   0.0000000e+00   1.0010560e-01   1.2119986e-01   1.4829641e-01   2.1976364e-01   1.6963090e-01   1.4195038e-01  -2.9791162e-02   3.1658642e-02   1.8850149e-01  -4.9280672e-03   2.5769405e-01   1.5477947e-01   3.5410070e-02  -3.1628514e-02  -4.1347723e-02   3.7144960e-02   1.1841555e-01   1.9286714e-01   6.3066916e-02   2.9490744e-02   1.3855004e-02   6.8310259e-02  -1.6394467e-02   4.9819692e-02   1.3936352e-01   6.1713416e-02   9.5847743e-02   2.3156439e-01   1.6071009e-01   7.8998854e-02   5.2411303e-02  -4.1186433e-02   7.6064856e-02   1.6445993e-02   1.8444099e-01   1.7688073e-01   1.7239261e-01  -4.3908301e-03  -2.2001630e-02   6.6527697e-02   3.8966930e-02   1.6482938e-01   8.7476864e-02   1.5655485e-01   2.9979592e-02   4.7566185e-02   4.7956887e-02   1.6903936e-01  -1.6205301e-02  -3.0485511e-02  -5.4240299e-02   1.6382440e-02  -7.8037745e-02   3.7595234e-02   2.5533183e-02   1.0155156e-01  -1.3551453e-02  -9.7986664e-02  -4.0194141e-02  -5.4890728e-02   6.1972946e-02   4.8073308e-03   1.6293533e-01   8.9983543e-02   8.5352421e-02  -5.7940544e-02  -5.2410011e-02   3.0642532e-02   5.1647017e-02   9.9989257e-04   8.6574703e-02  -3.4346861e-02  -5.8470443e-02   1.4151323e-02   6.2907158e-02   2.6422002e-02   9.9448845e-02   4.8158878e-02   5.3991289e-02  -1.5840171e-01   7.3474390e-03  -1.5474850e-01   9.5214052e-02   3.6843268e-02  -1.7526671e-02  -7.4221311e-02   8.9249696e-02   9.0855941e-02   5.5355880e-02   2.4149780e-02  -1.0788882e-01  -2.0539832e-03  -5.2952585e-02   1.1221273e-02   1.4709603e-02   4.2471662e-02   8.2026157e-03   1.0533947e-01  -4.2944332e-02   0.0000000e+00   0.0000000e+00   5.6072703e-02   0.0000000e+00   8.1159881e-02  -2.2538182e-02   4.9049614e-02
   1.5147646e-01   0.0000000e+00   8.2339799e-02   6.3987900e-02   0.0000000e+00   3.4655806e-01   2.6056378e-01  -2.6203897e-04  -7.3446695e-02   0.0000000e+00   2.5399562e-01   0.0000000e+00   1.8230382e-01   1.5813118e-01   2.1518950e-01   4.6534083e-02   2.8104904e-02   4.1740839e-01   2.8716249e-01   3.7794058e-01   1.8904601e-01   3.1783667e-01   8.6881179e-02   8.3926867e-02   3.4112916e-01   2.3413982e-01   6.1744399e-01   1.7434986e-01   3.3688388e-01   2.0438721e-01   3.3154465e-01   1.6951584e-01   7.7436076e-02   1.5977985e-01   2.2231044e-01   2.8863731e-01   1.6042665e-01   2.6576812e-01   2.4725923e-01   3.5871700e-01   3.3430467e-01   1.3507242e-01   3.4939229e-01   2.5151167e-01   3.7890326e-02   1.4087987e-01   6.9119526e-01   2.4314115e-01   2.2870632e-01   4.8923057e-01   2.3400849e-01   1.4567871e-01   8.5864428e-02   3.6073423e-01   3.1071253e-01   2.4969042e-01   4.3576531e-01   9.1592761e-03   1.4536453e-01   2.5490973e-01   3.5162498e-02   3.6727827e-02  -2.9740600e-02   3.1067456e-01   1.5436348e-01   4.2107077e-01   1.2858728e-01   5.7264864e-02  -7.9149909e-02   2.2569126e-01   1.3479581e-01  -1.6377646e-01   2.1438420e-01   1.2253960e-01   9.5077922e-02  -2.8843379e-02   3.8488793e-02   2.7706387e-02   3.0446371e-01  -3.3838025e-02   3.7872041e-01   2.8316715e-01   2.3356194e-01   2.7722924e-01   3.4941110e-01   3.1120080e-01   3.7775450e-01  -4.8019095e-02   2.9217407e-01   8.9287246e-02   3.2758449e-01   1.3193069e-01   4.4072213e-02   4.6203375e-02   2.2732678e-01   2.5156119e-03  -1.6589371e-02   1.2430125e-01   2.3380300e-01   5.6754789e-02   1.7323033e-01   5.0738583e-02  -7.1758333e-03   2.0850399e-01   8.7523953e-03   6.8835354e-02  -8.4118604e-02   2.5293477e-01   1.5706320e-01   1.4340781e-01   6.4660008e-02   0.0000000e+00   0.0000000e+00   3.1174879e-01   0.0000000e+00   1.1226510e-01   4.1970190e-03   6.2313046e-02
   9.3686732e-02   0.0000000e+00   1.2080816e-01  -5.0125305e-02   3.4655806e-01   0.0000000e+00   7.1261716e-02   7.9383398e-02   1.1621412e-01   0.0000000e+00   6.3062779e-02   0.0000000e+00  -2.1669231e-02   1.8840295e-01   5.1653453e-02   5.3258440e-02  -4.8362838e-02   1.0252738e-01   2.2212189e-01   7.2067550e-03  -9.3351564e-02   1.1076961e-01  -6.1127412e-02   4.3619779e-02   1.1865446e-01   2.4739500e-01   3.0144979e-01   1.3505278e-01  -6.5408053e-03  -2.5383702e-02   3.6962300e-02   2.6875122e-01   1.3633173e-01  -1.0096830e-02   1.7498163e-01  -3.4443352e-02  -2.6709033e-02   1.4682354e-01   8.0466113e-02   3.8728750e-02   8.4618074e-02  -3.2389483e-02   2.2829800e-02   3.2965291e-02  -6.3983881e-02   1.0119276e-01   4.8586886e-02   9.8278151e-02   1.0864088e-01   2.1609201e-01  -2.3452749e-02  -9.6084021e-02   4.1574422e-02   1.6140441e-01   1.2249143e-01   1.8872313e-02   2.8582897e-01   1.1207423e-02  -1.9650243e-02  -1.2727615e-02   2.0528543e-01   1.8834989e-01   2.5693642e-01   1.1202467e-01   8.8703283e-02   2.6637539e-01   6.8341645e-02  -9.0350234e-02  -1.9889360e-02   3.0829135e-01   1.8511778e-01   9.2005784e-03   3.9765558e-02   5.0431560e-02   1.2658975e-01   9.5572013e-02  -3.3688082e-02   2.0921265e-01   3.1161970e-01   9.7618183e-02   1.3575058e-01   1.7755930e-02   9.7845368e-02   1.7369241e-01   3.0589735e-01   2.1636277e-01   1.5945037e-01   4.7186152e-02   1.7787388e-01   2.9834893e-02   1.7408238e-01   3.6818865e-01   6.7681438e-02   3.3632088e-02   1.2130600e-01   2.8683453e-02   1.6863719e-02   7.6299613e-02   1.0426717e-01  -1.0461570e-02  -3.3439077e-03   5.5635354e-03   8.3385442e-02   1.1484854e-01   2.4054008e-01   6.6355376e-02  -5.7270492e-02   2.1259688e-01   1.6853626e-02   1.3043508e-01   4.1204768e-02   0.0000000e+00   0.0000000e+00   2.1918233e-01   0.0000000e+00   1.7786620e-01   1.7830824e-01   2.3031657e-01
   6.8751330e-02   0.0000000e+00  -2.7085022e-02   7.7662661e-02   2.6056378e-01   7.1261716e-02   0.0000000e+00   1.8851273e-02   1.4223809e-02   0.0000000e+00   4.3842326e-01   0.0000000e+00   1.2744070e-01   6.4488196e-02   9.0806183e-02   2.0790687e-01   9.0399770e-02   1.9781166e-01   2.6054588e-01   1.1062243e-01   1.6120470e-01   1.1527006e-01   4.4560039e-02   1.2242102e-02   1.9975449e-01   1.4057000e-01   2.9768458e-01   2.3558472e-01   3.6751717e-01   1.3854723e-01   2.5781431e-01   3.4434186e-01   6.5611595e-01   4.4515301e-01   4.3405408e-01   2.8430826e-01   3.4881032e-02   3.8622899e-01   5.4334352e-01   3.8371505e-01   2.9607352e-01   1.8017036e-01   3.6352965e-01   1.4393716e-01  -8.2081227e-02   6.9693697e-02   3.4924111e-01   9.9795093e-02   1.8121990e-01   3.1951025e-01   4.4511522e-02   2.1636998e-01  -6.0360531e-02   3.0297918e-01   2.3740634e-01   3.0547026e-01   4.5975839e-01   2.8703881e-02   3.5848156e-01   2.0615233e-02  -1.0780012e-01  -1.1558649e-01  -3.4415518e-02   3.0365388e-01   6.8455272e-02   3.7741246e-01  -5.1705073e-02   1.3292414e-01   6.3869515e-03   1.4108629e-01   1.5466583e-03   1.3249330e-02   4.8214801e-01   3.9744314e-01  -1.7680462e-01   8.4533389e-02  -1.3209099e-01  -5.3165781e-04   2.7361510e-01  -1.5529030e-01   9.9509055e-02   3.2219160e-02  -1.3945387e-02   6.5104573e-02   4.5474635e-01   1.5218096e-01   1.7873530e-01  -7.5912575e-02   2.5699033e-01   5.7273950e-02   1.8372794e-01   1.5217452e-01   8.6280979e-02   3.6408447e-03   2.3582105e-01   1.6764243e-02  -2.6917736e-01   2.2383116e-02   2.8041692e-01   1.4190074e-01  -4.7562708e-02   6.5657150e-02  -1.7202128e-01   1.3932215e-01   1.9709900e-01   1.2117910e-01   1.1381400e-01   2.7325265e-01   1.6223177e-01   5.9980647e-01   2.0951296e-01   0.0000000e+00   0.0000000e+00  -1.0439698e-02   0.0000000e+00   6.2684952e-02  -6.9647275e-02  -1.2565233e-01
   9.8812307e-02   0.0000000e+00  -8.4433313e-02   7.7723169e-02  -2.6203897e-04   7.9383398e-02   1.8851273e-02   0.0000000e+00   2.8037285e-01   0.0000000e+00  -2.1272327e-02   0.0000000e+00   1.9225007e-02   1.0894475e-01   4.1369618e-02   1.0217947e-01   4.1386054e-02   3.8534392e-03  -1.0432651e-02  -6.9931161e-02  -5.6346352e-03   4.7618122e-02   1.4709630e-01   2.2109992e-04   3.8197206e-02   9.7064362e-02  -4.2212565e-02   4.7733358e-02  -6.9511814e-02   3.1784111e-03  -1.0450082e-01   2.4234355e-01   9.0112452e-02  -6.5836094e-03   9.3483452e-02  -4.1124703e-02  -9.3356258e-02   8.0342231e-02   4.4762215e-02   1.0412978e-01   7.8479068e-02   4.0295584e-02  -9.2604131e-02   4.9513683e-02  -1.1863036e-01   5.3202901e-02  -2.8536215e-02   1.9734834e-01   7.4906205e-02  -1.9164298e-02  -6.1616835e-02  -4.3509822e-02   8.4819471e-02   6.7674338e-02   3.3440484e-02  -4.3038911e-02   7.0140250e-02   3.7992830e-02  -1.3004844e-01  -4.3282745e-02   1.6381606e-01   1.3105941e-01   2.0709409e-01  -1.6758835e-01   1.4989412e-02  -2.0892028e-02  -2.5777021e-02  -6.9645995e-02   1.6607504e-01   1.2381713e-01  -3.5947777e-02  -5.0896719e-02   7.1945867e-02   3.8926850e-02   6.2688596e-02   1.4142555e-01  -6.1475836e-02   1.8627776e-01   6.1308361e-02   5.1659914e-02  -1.6127434e-02  -8.8660754e-02  -7.3487791e-02  -1.9832352e-02   8.4265400e-02  -2.2090863e-03  -6.3954419e-02   2.2725541e-02   2.4270673e-02  -4.5860141e-02   3.8951746e-03   1.4441151e-01  -2.5479943e-03  -5.1033807e-02   8.1668937e-02   1.2426522e-01   1.7501438e-02   1.4348810e-03   1.8125178e-02   4.7543424e-02  -6.8348735e-02   1.3801356e-02   1.5376424e-02   8.9404581e-02   1.2309919e-01  -1.3026516e-02  -4.8169286e-02   6.0403164e-03  -4.0997061e-02   7.0143154e-03  -9.4374864e-02   0.0000000e+00   0.0000000e+00   4.5988587e-02   0.0000000e+00   4.0302365e-01   1.8161452e-01   2.6556471e-01
   1.4433063e-01   0.0000000e+00   1.7654018e-02   5.1082040e-02  -7.3446695e-02   1.1621412e-01   1.4223809e-02   2.8037285e-01   0.0000000e+00   0.0000000e+00  -6.9888607e-02   0.0000000e+00  -1.5791048e-01   5.8754781e-02   6.3325290e-02   1.0996207e-01   1.0629292e-01  -1.2303547e-01   1.0335390e-01  -2.4109815e-01  -1.3243073e-01  -9.7906657e-02   3.3820683e-02   1.3442910e-02   2.1639089e-02   2.1260649e-01  -4.6346133e-02   1.4551350e-01  -4.3657920e-03  -2.1873870e-02  -1.9450762e-01   2.3185545e-01   2.6362666e-01   3.8278713e-03   2.4253124e-01  -1.4896695e-01  -2.1400768e-01   2.2807305e-01   1.6719971e-01   1.5083844e-02   5.5204199e-02   2.8564793e-02  -1.5191479e-01   1.1410631e-01  -1.5682923e-01   8.3944502e-02  -1.4111052e-01   1.4222691e-01   1.4001775e-01  -3.6300492e-02  -4.6741796e-02  -1.4355938e-01   1.5151462e-01   1.6582249e-01   1.1532295e-01   7.8155468e-02   8.4546751e-02   7.8659027e-02   1.0487525e-01  -5.6502136e-02   1.0851460e-01   1.4360807e-01   2.6589987e-01  -7.5659233e-02   6.6549223e-02  -1.1652557e-04   1.0830713e-01  -1.1831930e-01   1.7198339e-01   1.8022398e-01   9.8570371e-02   2.3127180e-02   6.1548302e-02   1.7553810e-02   8.9611436e-02   2.0080345e-01  -1.4304589e-01   3.1521903e-01   1.9100257e-01   7.7693910e-02   5.1909911e-03  -1.4888206e-01  -1.1593181e-01  -1.7394196e-02   6.0920221e-03  -6.4469721e-02  -7.6493495e-02   1.0634663e-01   1.4414268e-02   7.3664468e-02  -8.3899038e-02   2.0280463e-01   9.1995983e-02   7.5669464e-02   2.5083519e-01   2.3871102e-01   2.3673418e-02   2.0469110e-01   2.1277567e-01   2.6525294e-01  -2.2390703e-01   1.2243971e-01   1.2050867e-01   1.2724895e-01   4.4037194e-01   5.5736801e-02   1.6128165e-01   2.9659584e-01   1.4780864e-01   2.3396045e-01   2.1028074e-01   0.0000000e+00   0.0000000e+00   2.9890297e-02   0.0000000e+00   2.9305966e-01   1.1812956e-01   7.6423029e-02
   0.0000000e+00   0.0000000e+00   0.0000000e+00   0.0000000e+00   0.0000000e+00   0.0000000e+00   0.0000000e+00   0.0000000e+00   0.0000000e+00   0.0000000e+00   0.0000000e+00   0.0000000e+00   0.0000000e+00   0.0000000e+00   0.0000000e+00   0.0000000e+00   0.0000000e+00   0.0000000e+00   0.0000000e+00   0.0000000e+00   0.0000000e+00   0.0000000e+00   0.0000000e+00   0.0000000e+00   0.0000000e+00   0.0000000e+00   0.0000000e+00   0.0000000e+00   0.0000000e+00   0.0000000e+00   0.0000000e+00   0.0000000e+00   0.0000000e+00   0.0000000e+00   0.0000000e+00   0.0000000e+00   0.0000000e+00   0.0000000e+00   0.0000000e+00   0.0000000e+00   0.0000000e+00   0.0000000e+00   0.0000000e+00   0.0000000e+00   0.0000000e+00   0.0000000e+00   0.0000000e+00   0.0000000e+00   0.0000000e+00   0.0000000e+00   0.0000000e+00   0.0000000e+00   0.0000000e+00   0.0000000e+00   0.0000000e+00   0.0000000e+00   0.0000000e+00   0.0000000e+00   0.0000000e+00   0.0000000e+00   0.0000000e+00   0.0000000e+00   0.0000000e+00   0.0000000e+00   0.0000000e+00   0.0000000e+00   0.0000000e+00   0.0000000e+00   0.0000000e+00   0.0000000e+00   0.0000000e+00   0.0000000e+00   0.0000000e+00   0.0000000e+00   0.0000000e+00   0.0000000e+00   0.0000000e+00   0.0000000e+00   0.0000000e+00   0.0000000e+00   0.0000000e+00   0.0000000e+00   0.0000000e+00   0.0000000e+00   0.0000000e+00   0.0000000e+00   0.0000000e+00   0.0000000e+00   0.0000000e+00   0.0000000e+00   0.0000000e+00   0.0000000e+00   0.0000000e+00   0.0000000e+00   0.0000000e+00   0.0000000e+00   0.0000000e+00   0.0000000e+00   0.0000000e+00   0.0000000e+00   0.0000000e+00   0.0000000e+00   0.0000000e+00   0.0000000e+00   0.0000000e+00   0.0000000e+00   0.0000000e+00   0.0000000e+00   0.0000000e+00   0.0000000e+00   0.0000000e+00   0.0000000e+00   0.0000000e+00   0.0000000e+00   0.0000000e+00   0.0000000e+00   0.0000000e+00   0.0000000e+00
  -1.2401213e-01   0.0000000e+00   3.1784136e-01   1.1190822e-01   2.5399562e-01   6.3062779e-02   4.3842326e-01  -2.1272327e-02  -6.9888607e-02   0.0000000e+00   0.0000000e+00   0.0000000e+00   2.1956281e-01  -7.3355545e-02   1.5416579e-01   1.0734633e-01   1.4784906e-01   3.9091550e-01   4.0112239e-01   2.3436235e-01   2.9457434e-01   1.6043390e-01   1.0123618e-01   1.1024115e-01   9.5470865e-02  -5.9228607e-02   1.7330564e-01   2.0986260e-01   5.0530039e-01   3.3859405e-01   4.8690242e-01   4.3709008e-02   2.2307585e-01   3.2908445e-01   1.7342345e-01   3.2360627e-01   2.7412280e-01   2.9456042e-01   3.5179933e-01   5.8974434e-01   3.6368841e-01   2.6848508e-01   4.1452729e-01   8.4227838e-02   1.3372624e-01  -4.1725820e-02   4.4146759e-01   2.2336657e-01   1.7857207e-01   1.9082388e-01   1.2718539e-01   4.6884396e-01  -5.2059654e-02   3.7834338e-01   1.8159216e-01   2.3385835e-01   2.0750279e-01   1.1371273e-01   3.0240295e-01   1.5552963e-01  -1.5823401e-01  -2.2609848e-01  -2.6813988e-01   3.9406310e-01   6.0056470e-02   3.8232952e-01   1.6951571e-01   1.8169395e-01  -1.2792396e-02  -3.9519886e-02  -9.9392004e-02  -8.3605576e-02  -3.8964158e-02   7.4363614e-02  -1.2726930e-01  -5.5221537e-03   1.5285890e-02  -1.6328484e-01  -1.4058642e-02  -2.2731753e-02   5.7748532e-02   2.0182583e-01   1.3421210e-01   6.2712808e-02   1.8427952e-01   4.2025293e-02   3.4734650e-01  -1.9258495e-02   1.8399143e-01   5.4485296e-02   3.0632818e-01  -1.1082910e-01   9.8768652e-02  -7.0439249e-02   3.0095511e-01  -7.7718958e-02  -1.5706711e-01   7.0107621e-02   1.9989937e-01   1.0925208e-01   1.1997560e-01   6.9360126e-02  -2.3600803e-01  -1.6425443e-03  -2.0707393e-01   1.6899518e-01   1.1666594e-01   8.2934738e-02   4.1419912e-02   3.4672128e-01   1.6473572e-01   0.0000000e+00   0.0000000e+00  -9.0448552e-02   0.0000000e+00  -8.3683932e-02  -1.2302718e-01  -9.4408268e-02
   0.0000000e+00   0.0000000e+00   0.0000000e+00   0.0000000e+00   0.0000000e+00   0.0000000e+00   0.0000000e+00   0.0000000e+00   0.0000000e+00   0.0000000e+00   0.0000000e+00   0.0000000e+00   0.0000000e+00   0.0000000e+00   0.0000000e+00   0.0000000e+00   0.0000000e+00   0.0000000e+00   0.0000000e+00   0.0000000e+00   0.0000000e+00   0.0000000e+00   0.0000000e+00   0.0000000e+00   0.0000000e+00   0.0000000e+00   0.0000000e+00   0.0000000e+00   0.0000000e+00   0.0000000e+00   0.0000000e+00   0.0000000e+00   0.0000000e+00   0.0000000e+00   0.0000000e+00   0.0000000e+00   0.0000000e+00   0.0000000e+00   0.0000000e+00   0.0000000e+00   0.0000000e+00   0.0000000e+00   0.0000000e+00   0.0000000e+00   0.0000000e+00   0.0000000e+00   0.0000000e+00   0.0000000e+00   0.0000000e+00   0.0000000e+00   0.0000000e+00   0.0000000e+00   0.0000000e+00   0.0000000e+00   0.0000000e+00   0.0000000e+00   0.0000000e+00   0.0000000e+00   0.0000000e+00   0.0000000e+00   0.0000000e+00   0.0000000e+00   0.0000000e+00   0.0000000e+00   0.0000000e+00   0.0000000e+00   0.0000000e+00   0.0000000e+00   0.0000000e+00   0.0000000e+00   0.0000000e+00   0.0000000e+00   0.0000000e+00   0.0000000e+00   0.0000000e+00   0.0000000e+00   0.0000000e+00   0.0000000e+00   0.0000000e+00   0.0000000e+00   0.0000000e+00   0.0000000e+00   0.0000000e+00   0.0000000e+00   0.0000000e+00   0.0000000e+00   0.0000000e+00   0.0000000e+00   0.0000000e+00   0.0000000e+00   0.0000000e+00   0.0000000e+00   0.0000000e+00   0.0000000e+00   0.0000000e+00   0.0000000e+00   0.0000000e+00   0.0000000e+00   0.0000000e+00   0.0000000e+00   0.0000000e+00   0.0000000e+00   0.0000000e+00   0.0000000e+00   0.0000000e+00   0.0000000e+00   0.0000000e+00   0.0000000e+00   0.0000000e+00   0.0000000e+00   0.0000000e+00   0.0000000e+00   0.0000000e+00   0.0000000e+00   0.0000000e+00   0.0000000e+00   0.0000000e+00   0.0000000e+00
  -7.4557278e-03   0.0000000e+00   1.1441339e-01   1.0010560e-01   1.8230382e-01  -2.1669231e-02   1.2744070e-01   1.9225007e-02  -1.5791048e-01   0.0000000e+00   2.1956281e-01   0.0000000e+00   0.0000000e+00   4.7965480e-02   1.7182479e-01   2.6849546e-01   3.2480853e-02   4.6369700e-01  -7.6898600e-03   6.3419039e-01   5.5071918e-01   3.3931694e-01   2.5938333e-01   1.6158613e-01   2.9743037e-01   1.9319577e-01   3.1402204e-01   1.0814174e-01   3.8265778e-01   4.2475432e-01   4.4882243e-01  -1.2486565e-02   9.2926454e-02   2.4905969e-01   1.3280793e-01   4.1568927e-01   2.7245260e-01   1.6589551e-01   2.3322323e-01   4.1355678e-01   2.7091871e-01   3.4589431e-01   4.4912053e-01   2.2481760e-01   2.1723642e-01   3.2740970e-01   2.0459320e-01   2.3613749e-01   2.7659379e-01   2.4106751e-01   3.7555360e-01   3.6180188e-01   1.4080394e-01   2.0060524e-03   1.9055297e-01   3.9838945e-01   3.4522149e-01   5.4023910e-02   1.8273695e-01   1.9887347e-01  -7.6336551e-02  -1.2323433e-01  -8.8885111e-02   3.0693405e-01   2.3519547e-01   8.4356631e-02   9.2987838e-02   5.9776032e-02  -6.7526232e-02   1.6190487e-01  -6.2793215e-03  -9.3178212e-02   2.7167985e-02   1.4033971e-02   5.0245375e-02  -3.4869577e-02   3.3208573e-02   2.2410326e-02   1.3987032e-01   6.3743217e-02   2.0172240e-01   2.5573171e-01   1.1375213e-01   3.1919703e-01   2.0167138e-01   2.2546934e-01   2.1381954e-01  -6.3539183e-02   3.0947589e-02  -7.2957319e-03   2.0929432e-01  -7.2439528e-02   4.9874893e-02   1.8832370e-01   3.8113462e-02   1.0949324e-01   8.2521139e-02   2.2337860e-01   8.9417463e-02   4.8543020e-02   2.5439127e-01   5.9655965e-02  -4.3079477e-02   1.0253692e-01  -2.5753319e-02   2.3049615e-01   4.0177897e-02   8.9017991e-02   4.3447694e-02   2.5084269e-02   1.2444332e-01   0.0000000e+00   0.0000000e+00   5.8161036e-02   0.0000000e+00  -2.9708714e-02  -5.6986626e-02  -2.6712952e-02
   1.7204306e-01   0.0000000e+00  -5.9020669e-03   1.2119986e-01   1.5813118e-01   1.8840295e-01   6.4488196e-02   1.0894475e-01   5.8754781e-02   0.0000000e+00  -7.3355545e-02   0.0000000e+00   4.7965480e-02   0.0000000e+00   8.4575752e-03   7.2711898e-02   6.5541549e-02   4.9411022e-02   2.8084170e-02   1.4689780e-01   1.5046790e-01   2.7877157e-01   2.3641339e-01   3.7023719e-02   3.0394334e-01   1.1474199e-01   1.4731910e-01   2.4075142e-01  -1.9461703e-02  -1.2771763e-02  -5.7344025e-02   1.5516694e-01   8.0025033e-02  -3.2209129e-02   6.8361850e-03  -8.3257813e-02  -1.9092464e-02   2.6520602e-02  -1.3762627e-04   3.6870860e-02   1.1884873e-01  -4.0450323e-02  -7.2892342e-02  -1.7678393e-02   1.7791949e-02   8.5979281e-02   3.4186931e-02   1.7227867e-01   1.1191543e-01   1.8986470e-01   5.0401615e-02  -4.3841099e-02   1.5306635e-01   1.7348466e-01  -8.8057035e-02   4.7538723e-02   2.2999071e-01   8.2240847e-02  -1.1546015e-01   2.1365445e-01   5.4065156e-01   2.9491000e-01   3.0069591e-01  -3.0732849e-02  -3.0474876e-03  -3.8693017e-03   1.4992843e-01   2.3529639e-01   1.7032776e-01   1.4181319e-01   1.7134429e-01   1.9345777e-01   2.5563471e-01   1.3104427e-01   1.0970412e-01   3.0801939e-01   5.1501950e-02   3.9273373e-02   1.5115868e-01   2.3354889e-01   9.1548603e-02   7.5816943e-02   3.8971927e-01   1.3149323e-01   1.0759052e-01   2.0405155e-02   8.7274036e-02   3.7301674e-01   1.7126923e-01   1.9087788e-01   1.2671958e-01   1.6425931e-01   7.5445499e-02   2.4661797e-02   7.5571872e-02   3.9834466e-02   9.5414881e-02  -3.4396742e-02   8.7308129e-02   1.2768504e-01   1.3370852e-01   1.2945282e-01   1.8218558e-02   6.7842489e-02   1.8868139e-01   1.9296089e-01   5.2057125e-02   1.5572019e-01   3.4937320e-02  -4.0733224e-03  -5.0751799e-02   0.0000000e+00   0.0000000e+00   2.5623146e-02   0.0000000e+00   2.0283121e-01   2.9237387e-01   4.6345487e-01
   1.9980305e-01   0.0000000e+00   1.8164182e-01   1.4829641e-01   2.1518950e-01   5.1653453e-02   9.0806183e-02   4.1369618e-02   6.3325290e-02   0.0000000e+00   1.5416579e-01   0.0000000e+00   1.7182479e-01   8.4575752e-03   0.0000000e+00   3.3035833e-01   5.7089629e-03   2.8323332e-01   1.0693934e-01   7.6957026e-03   1.2971768e-01   5.8480953e-02   1.0389121e-01   1.4085958e-01   2.1484428e-02  -8.0190276e-03   6.2853358e-02  -7.8322299e-02   1.6095037e-01   8.8986242e-02   8.3936805e-02  -1.5308117e-03   8.4316961e-02   1.9524150e-01   1.1041799e-01   2.7779636e-01   2.9235012e-01   1.2349383e-01   1.7384076e-01   3.2332193e-01   1.1209757e-01   3.2273826e-01   1.2949650e-01   2.4776083e-01   8.4818213e-02   2.2218034e-01   2.4035716e-01   2.3332748e-01   1.8290988e-01   2.2726383e-02   7.0528233e-02   1.9172588e-01   1.5824670e-01   2.5916230e-01   3.4072334e-01   4.6310963e-01   7.7987625e-02  -2.6738826e-02   2.5830095e-01   9.6452938e-02  -3.5506781e-02  -1.0954313e-01  -1.1116596e-01   1.8550288e-01   1.6248738e-01   1.9314579e-01   1.0866002e-01   1.1630594e-01   5.7278871e-02  -3.5169303e-02  -6.9585801e-02  -8.4161957e-02   1.5053745e-02  -1.2361382e-02   2.7128521e-01   1.9867235e-02   4.1778530e-02   1.2174202e-01   6.5503354e-03  -5.7787178e-02  -2.5127095e-02   9.6136078e-02   3.4850967e-02  -9.6208919e-02   4.1925346e-02   9.3469604e-02   1.0790636e-01  -9.2088368e-02   6.5464732e-02   6.7765989e-02   1.2801742e-01  -1.9516320e-02   2.0710333e-02   1.1942820e-01   2.1503157e-01   6.4433837e-02   1.5624689e-01   1.5077799e-01   9.9043379e-02   8.9049836e-02   1.5478957e-01   1.0762589e-01  -3.7866355e-02   4.2927803e-02  -4.3941672e-02   5.4987368e-02   5.2990213e-02   2.3538885e-02   1.8796549e-01   1.7823360e-01   1.8096313e-01   0.0000000e+00   0.0000000e+00   3.0701640e-01   0.0000000e+00   2.5451471e-03  -7.3956603e-02  -4.6198203e-02
   1.0728018e-01   0.0000000e+00  -1.1524781e-01   2.1976364e-01   4.6534083e-02   5.3258440e-02   2.0790687e-01   1.0217947e-01   1.0996207e-01   0.0000000e+00   1.0734633e-01   0.0000000e+00   2.6849546e-01   7.2711898e-02   3.3035833e-01   0.0000000e+00   2.4225365e-02   1.9382600e-01  -1.7880095e-02   1.0806994e-01   1.8632381e-01   8.3705966e-02   1.5471216e-01   1.2151288e-01   1.0748307e-01   4.0427145e-02   5.0679637e-02   1.0235427e-01   1.0326742e-01   5.8959566e-02  -1.0376412e-02   1.1239319e-01   1.9109631e-01   1.1771109e-01   8.0996679e-02   2.5099261e-01   2.6713234e-01   7.4876301e-02   2.2213785e-01   2.4386163e-01   1.9087223e-01   2.4009139e-01   1.2408424e-01   2.0889378e-01   5.8235072e-02   3.1774093e-01   1.7560350e-01   1.6740284e-01   1.4832863e-01   9.4315657e-02   1.3013982e-01   1.3284421e-01   2.3481223e-01   3.2040952e-01   4.7123982e-01   4.0672585e-01   1.1951394e-01   3.0932210e-02   1.4423550e-01   7.4741204e-02  -8.3748137e-02  -7.4536768e-02   3.9253678e-02   7.7396924e-02   4.6799147e-02   2.3859483e-02   1.4930829e-02   2.2958097e-01   9.8876258e-02  -3.1425774e-02  -4.0550161e-02  -1.1141165e-01   1.4799177e-01   1.9613062e-01   1.6944132e-03   9.0111342e-02   3.9072927e-02   1.6769874e-02   2.4503652e-02  -3.0767786e-02   2.5592020e-02   3.3558622e-02   1.8616370e-03  -4.8837629e-02   7.8542734e-02  -4.7397099e-02  -3.6001513e-02  -4.8919362e-02   7.9297928e-03   8.3698649e-02   2.4665381e-02  -1.9625758e-02   1.1270477e-01   8.9818436e-02   1.4680920e-01   2.1147139e-01   9.8626780e-02   2.2514394e-01   1.3001708e-01   1.9980289e-01   1.6507908e-01   1.7307475e-01   1.3140815e-02   6.9511147e-02   1.0493118e-01   1.3573197e-01   5.5267312e-02   1.4011150e-01   1.9674009e-01   1.8220782e-01   1.9344671e-01   0.0000000e+00   0.0000000e+00   1.4253845e-01   0.0000000e+00   1.5861466e-01  -4.8951499e-02  -4.6540060e-02
  -5.7186592e-02   0.0000000e+00  -2.5227697e-02   1.6963090e-01   2.8104904e-02  -4.8362838e-02   9.0399770e-02   4.1386054e-02   1.0629292e-01   0.0000000e+00   1.4784906e-01   0.0000000e+00   3.2480853e-02   6.5541549e-02   5.7089629e-03   2.4225365e-02   0.0000000e+00  -6.6433532e-02  -7.4849003e-03   3.3754898e-02   2.0777614e-01  -2.5262010e-02   2.8838903e-02   1.0777104e-01  -7.4918991e-03  -9.8714254e-02   8.9695331e-03  -5.6974530e-02   1.5646854e-01   1.4223264e-01   7.7395373e-02  -3.6269171e-02   3.1120750e-02   8.5034441e-02   8.0313915e-02   8.8959428e-02   4.9653396e-02   4.5765429e-02   2.6009096e-02   1.1964283e-01  -1.6863412e-02   8.1637796e-02   9.0678410e-02   3.5329277e-02  -6.6261599e-02  -4.0610907e-02   1.8776802e-01   2.2464627e-01   5.8764012e-02  -2.8185281e-02  -6.4205126e-03   2.8479589e-02   1.0255750e-04   1.2399412e-01   5.8558391e-02   1.2627764e-01   6.9246313e-02   2.8944820e-01   5.7697936e-02   9.1764780e-02  -3.0765246e-02  -4.4396364e-02  -1.3363152e-01   9.1264314e-02   2.1039087e-02  -2.9980293e-03   9.6092938e-02   5.0216248e-02   1.0166922e-01  -6.3685710e-02   9.0139525e-04   1.1186589e-01  -7.0299108e-02  -1.6145382e-01  -1.4134844e-01   1.0035258e-01   7.4354376e-03  -1.1872844e-01  -8.6177604e-02   4.5502916e-02  -1.7488281e-02  -9.0249329e-02   6.3295798e-02  -1.0940107e-01  -7.5290183e-02  -1.0818781e-01   6.9779326e-02   8.0427802e-02  -8.1341644e-02   1.1284290e-01   6.7542996e-02  -1.6841790e-01  -1.0739664e-01  -1.5056084e-02   9.9439346e-02   6.3027795e-02  -1.4088568e-02  -1.9585101e-02   1.0315388e-01   8.0334221e-02  -9.0089448e-02  -4.6834921e-02  -1.1900307e-01  -1.2791412e-01  -3.3837530e-02   1.1215124e-01   1.4353056e-01   7.9420554e-02  -1.3547380e-02   4.1373657e-02   1.3693596e-01   0.0000000e+00   0.0000000e+00   1.3188204e-02   0.0000000e+00  -4.5550870e-02  -1.1454551e-01  -4.2999057e-03
   9.1517741e-02   0.0000000e+00   2.4377940e-01   1.4195038e-01   4.1740839e-01   1.0252738e-01   1.9781166e-01   3.8534392e-03  -1.2303547e-01   0.0000000e+00   3.9091550e-01   0.0000000e+00   4.6369700e-01   4.9411022e-02   2.8323332e-01   1.9382600e-01  -6.6433532e-02   0.0000000e+00   2.7691984e-01   5.6890745e-01   2.7644693e-01   2.1610962e-01   2.1851228e-01  -5.0122505e-03   2.3879894e-01   7.7449530e-02   2.5989571e-01   1.7950590e-01   3.4989387e-01   2.8276348e-01   4.6730639e-01   5.9184440e-03   1.2202834e-02   1.2571607e-01   3.2101784e-02   2.8244571e-01   2.4291673e-01   1.6030144e-01   1.9752453e-01   4.4319572e-01   3.2270857e-01   2.3649086e-01   3.6568278e-01   1.0596027e-01   2.0571697e-01   1.6563887e-01   3.5412681e-01   1.8920736e-01   2.2620243e-01   2.4546403e-01   4.7243291e-01   4.3072816e-01   7.0449285e-02   2.7099447e-01   1.1336101e-01   2.3615779e-01   1.8783158e-01  -1.0598041e-01   1.5933702e-01   3.1252918e-01  -1.2896031e-01  -1.3018166e-01  -2.1120343e-01   3.9789333e-01   4.9384674e-02   2.9966797e-01   1.9648288e-01   1.8656567e-01  -5.4204863e-02   5.9231197e-02  -1.1986089e-01  -1.5074497e-01   6.8034546e-02   1.1834032e-01   1.6651688e-01  -7.3448137e-02   2.6173827e-02  -2.4457187e-02   3.6070663e-02  -3.8255813e-02   1.2642241e-01   3.7472083e-01   1.9890697e-01   1.3097582e-01   1.8911038e-01   1.7806708e-01   3.1061191e-01  -3.7513569e-02   1.8385472e-01   7.7958709e-03   2.5314285e-01  -8.2143455e-02   1.1788784e-01   8.2387457e-02   1.9129543e-01  -4.8861759e-02   2.2678645e-02   1.2899676e-01   6.8559300e-02   1.1931874e-01   2.0682572e-01   1.1682601e-01  -1.9335129e-01   7.0703681e-02  -1.8963169e-01   1.4894044e-01  -6.5076615e-02   2.8483706e-02   2.0921266e-01   1.0724779e-01   4.8883123e-02   0.0000000e+00   0.0000000e+00  -2.3047897e-02   0.0000000e+00  -7.8676248e-02  -6.7203176e-02   1.7923047e-02
   1.3457321e-02   0.0000000e+00   3.8570538e-01  -2.9791162e-02   2.8716249e-01   2.2212189e-01   2.6054588e-01  -1.0432651e-02   1.0335390e-01   0.0000000e+00   4.0112239e-01   0.0000000e+00  -7.6898600e-03   2.8084170e-02   1.0693934e-01  -1.7880095e-02  -7.4849003e-03   2.7691984e-01   0.0000000e+00   8.6434634e-02   5.8861840e-02   7.3769496e-02   8.3545590e-02  -9.5621570e-02   1.4376273e-01   1.0141106e-01   2.0594168e-01   2.4646998e-01   3.4259617e-01   1.3632673e-01   3.2056589e-01   1.3294875e-01   2.5650960e-01   1.4088032e-01   2.8669158e-01   6.1213504e-02   3.4037018e-02   3.7973855e-01   2.9640646e-01   3.1540664e-01   3.0567337e-01   1.1163760e-01   2.8432855e-01   7.3112455e-02  -3.0640235e-02  -3.0590141e-02   2.7237429e-01   1.3764458e-01   1.0378658e-01   8.0572769e-02   1.0115483e-01   2.4049694e-01  -9.3045519e-02   3.2668797e-01   2.6694215e-01   2.3197344e-01   1.9736430e-01   2.3528848e-03   3.1209601e-01   1.1744553e-01   7.4394671e-03  -1.0474156e-02  -4.5551454e-02   2.9782673e-01   1.0394467e-01   4.4060870e-01   1.7466953e-01   4.5490431e-02   9.7503801e-02   5.0917779e-02  -2.0753894e-02  -2.3979996e-01  -7.1133033e-02   9.2236552e-02  -1.5352412e-02   8.2468298e-02  -1.0783035e-01   5.3247310e-02   7.3009867e-02  -6.4335423e-03   8.3058942e-02   1.6537847e-01  -1.0703492e-02   7.4926529e-02   1.7182159e-01   1.0792259e-01   2.3083850e-01  -1.2770078e-02   2.0259042e-01   1.2932734e-01   2.6412053e-01   8.2272774e-02   1.7087488e-01  -6.2200918e-02   3.3319785e-01  -1.2723922e-01  -1.6557555e-01   1.2624156e-01   1.7260633e-01   9.9557714e-02  -1.0068589e-01   9.9504827e-02  -1.4303033e-01   1.4703405e-01  -1.2850935e-02   2.7877387e-02   5.4266517e-03   1.7378058e-01   1.9061942e-01   3.2745044e-01   6.7924287e-02   0.0000000e+00   0.0000000e+00   1.1275417e-01   0.0000000e+00   6.1377259e-02  -3.6364754e-02   1.3535474e-02
  -2.9491879e-02   0.0000000e+00   1.1210516e-01   3.1658642e-02   3.7794058e-01   7.2067550e-03   1.1062243e-01  -6.9931161e-02  -2.4109815e-01   0.0000000e+00   2.3436235e-01   0.0000000e+00   6.3419039e-01   1.4689780e-01   7.6957026e-03   1.0806994e-01   3.3754898e-02   5.6890745e-01   8.6434634e-02   0.0000000e+00   4.9984544e-01   5.2995149e-01   3.2874752e-01   1.6994529e-01   5.9751773e-01   3.3082044e-01   5.9552942e-01   2.6333584e-01   3.3462557e-01   4.0213755e-01   5.8587084e-01  -2.3439172e-02   2.8982094e-02   1.3631326e-01   9.9824028e-02   3.9561711e-01   2.3372535e-01   1.9237115e-01   2.0446187e-01   3.3379191e-01   2.7534623e-01   2.0299995e-01   5.4549051e-01   2.6207346e-01   3.3510498e-01   3.0038114e-01   2.7847985e-01   2.1255275e-01   2.3900077e-01   4.4690985e-01   5.2917970e-01   3.1657029e-01   1.3889898e-01   6.2125163e-02   4.6567751e-02   1.5972879e-01   3.4340511e-01   6.5982176e-02   1.4745181e-01   3.8586267e-01   1.1331237e-02   6.2018674e-03  -1.1768760e-01   3.6817028e-01   1.1120021e-01   1.7621358e-01   1.4383993e-01   1.0387045e-01  -1.5707557e-01   3.1974656e-01   6.6775810e-02  -6.1009163e-03   8.3412948e-02   1.4576566e-01   2.2164658e-02  -7.5683943e-02   8.6284041e-02  -3.6189648e-02   2.0750186e-01   1.1571178e-01   3.9585704e-01   4.4568923e-01   3.4963280e-01   6.4019697e-01   3.4292423e-01   3.0038649e-01   3.6636533e-01  -2.2629318e-02   1.5365050e-01  -7.5600014e-03   3.1317277e-01  -2.2118178e-02  -3.8139753e-02   2.3253832e-01   5.3163283e-02   3.9464919e-02   5.0256155e-02   1.3496087e-01   1.1432464e-01   9.5542049e-03   3.8224275e-01   1.4463857e-02  -5.3331307e-03   1.9789875e-01  -1.1758689e-01   2.7707677e-01   3.5764417e-02   1.5011903e-01   7.3286167e-02  -6.0697543e-03   5.6384272e-02   0.0000000e+00   0.0000000e+00   7.7708934e-03   0.0000000e+00  -1.0781875e-01   4.3228814e-02   5.8251771e-02
   8.2862408e-03   0.0000000e+00   1.0338923e-01   1.8850149e-01   1.8904601e-01  -9.3351564e-02   1.6120470e-01  -5.6346352e-03  -1.3243073e-01   0.0000000e+00   2.9457434e-01   0.0000000e+00   5.5071918e-01   1.5046790e-01   1.2971768e-01   1.8632381e-01   2.0777614e-01   2.7644693e-01   5.8861840e-02   4.9984544e-01   0.0000000e+00   4.2543853e-01   5.1599834e-01   3.5214602e-01   3.5586356e-01   1.6289791e-01   2.3609843e-01   6.1045691e-02   3.2590240e-01   4.0604993e-01   3.2975538e-01  -1.9771178e-02   7.6173072e-02   2.6604676e-01   8.5200214e-02   4.3985640e-01   3.3968604e-01   1.6015781e-01   2.6707251e-01   5.2477444e-01   2.9991720e-01   4.3212465e-01   4.1429853e-01   2.6730957e-01   3.3609722e-01   1.5642933e-01   3.1707983e-01   3.3747263e-01   2.1272114e-01   1.0621499e-01   1.4424584e-01   3.7170385e-01   1.9219812e-01   1.4252773e-01   1.4847455e-01   3.3041408e-01   3.5747153e-01   1.6288027e-01   2.8115951e-01   3.3086459e-01  -9.6287838e-02  -1.2582413e-01  -1.4855117e-01   1.2370955e-01   1.5674907e-01  -2.1621290e-02   4.2244116e-02   1.1907123e-01  -3.6216138e-02  -7.4597324e-02  -4.3476421e-02  -7.3856803e-02   1.6151222e-02  -6.0508438e-02   1.7047048e-03  -1.7180656e-02  -1.5048994e-02  -1.2835652e-01  -6.2206211e-02   1.5235267e-02   8.5900644e-02   1.7004194e-01   1.1371608e-01   9.4926065e-02   3.0980442e-02   7.2493957e-02   1.2894786e-02  -3.0937797e-02  -4.3367499e-03   3.0546261e-02   1.0773963e-01  -1.4179317e-01  -2.7224514e-02   7.6073022e-02   8.3814169e-02   1.3160942e-01   7.7710747e-04   7.7572207e-02   1.5575815e-01   9.2018203e-02   2.2306854e-01   2.3418946e-02  -1.3218686e-01   2.0575920e-01  -5.5304510e-02   2.6121807e-01   6.1607847e-02   5.5049870e-02  -3.5007250e-03  -1.6698998e-02   7.4590628e-02   0.0000000e+00   0.0000000e+00  -2.0948362e-02   0.0000000e+00  -2.3417352e-02  -1.9920224e-01  -9.7288306e-02
