   0.0000000e+00   1.6484806e-01   0.0000000e+00   6.2306691e-02   2.2266129e-02   1.6031337e-02   2.1480817e-01   1.6813898e-01   1.0618246e-01   1.8040799e-01   1.3639870e-01  -3.5795102e-02   5.7284455e-02  -2.1715558e-02   1.2405921e-01   9.0235443e-02   2.7750849e-02   1.5885776e-01   1.2430793e-01   5.4266888e-02  -3.5186863e-02  -9.5643723e-02   1.9361040e-02  -9.5065176e-02  -1.1034857e-01  -6.1616412e-02   2.7943488e-02   1.3237563e-01   1.8216980e-01   1.6291026e-01   9.7489011e-02   1.3426540e-02   5.5598174e-02   1.3561525e-01   1.0241141e-01   1.2050742e-01  -3.1613581e-02   1.1348777e-01   1.9624637e-01   1.8291371e-01   2.2226505e-01   1.2566748e-01   1.8165379e-01   2.4268140e-01   1.0977229e-01   5.9531940e-02   3.6151940e-02   1.6098147e-01   5.3081262e-02   2.8851911e-02   6.4534487e-02   2.4778863e-01   8.2952515e-02   6.7414327e-02   1.9111632e-01   8.6609476e-02  -1.0393015e-02   1.5565084e-01   8.2140737e-02  -9.4646046e-03  -7.9774408e-02  -6.8457602e-02  -5.8381356e-03   3.4591227e-01   7.4318672e-02   6.5600602e-02  -2.3607869e-02   1.3040398e-01   1.2174754e-01   6.9412075e-02   7.5617025e-02   6.7121399e-02   1.5174423e-01  -4.1117012e-02   6.1398265e-01   4.9345282e-02   2.2360254e-01   1.1124876e-01   9.3417822e-02   3.2286011e-02  -9.0303618e-02   1.0974443e-01  -1.1313317e-01  -2.1831398e-04   1.6777501e-02   6.9031807e-02   7.2439076e-02  -2.8674772e-02   2.9686933e-01   1.5514311e-01   1.1661261e-01   1.1742847e-01  -9.0438098e-02   1.3967044e-01   1.2747280e-01   1.9277014e-01   1.2027815e-01   1.3487340e-01   1.0931332e-01   9.1723963e-02   1.2410204e-01   1.0276272e-03   1.0775071e-01  -1.2920502e-02  -4.2837576e-02  -8.1351692e-03  -2.1463165e-02   7.7786500e-02  -1.0626852e-02   2.4560349e-01   1.8901310e-01   0.0000000e+00   2.9307844e-02   1.1948370e-01   1.3905377e-01   1.1930547e-01   3.4210918e-02   2.7492524e-02
   1.6484806e-01   0.0000000e+00   0.0000000e+00  -4.6625586e-02   2.5946497e-02   1.0180405e-01   1.7669825e-01   8.2741072e-02   8.2474430e-02   6.0518540e-03   9.2737788e-02  -1.9984622e-02   1.3848050e-01  -5.6821790e-03   5.4828347e-02   1.3451139e-01   3.0740443e-02   1.2384695e-01   1.0938633e-01   5.7290393e-02   7.5130347e-03  -3.4859680e-02  -1.7065866e-02  -8.8886979e-02  -3.0848971e-02  -4.1867526e-02   6.0556760e-03   1.3923508e-01   1.3509202e-01   1.3984758e-01   1.9634368e-01   3.0821960e-02   4.1301137e-02   7.4624841e-02   2.8703901e-02   1.2466719e-02   2.1778077e-02   3.9932369e-02   1.1376307e-01   1.1013812e-01   1.3638320e-01   6.2399200e-02   1.2622436e-01   7.9272213e-02   1.2533782e-01   7.2187873e-02   9.6166909e-02  -4.8259135e-03   1.4061603e-01   8.8024884e-02   1.5526006e-01   9.7558151e-02   8.2433772e-02   5.1627330e-02   9.0142897e-02  -4.0368042e-02  -6.9863627e-03   2.9333204e-02   1.9283237e-01   1.4874662e-02  -1.3338588e-01  -1.4831693e-01  -8.2386444e-02   6.9606312e-02   5.7205141e-02   7.3746646e-02   7.2352804e-02   2.4070875e-01   1.8878817e-01   2.9741968e-02   2.8257860e-02   4.1177731e-02   8.1649829e-02   1.9089226e-02   2.0091673e-01   2.1526638e-01   3.2581355e-01   1.5685129e-02  -5.5748513e-02   1.4805163e-01  -1.0752411e-02   1.0533726e-01   2.6017754e-03   5.6258652e-02  -2.4095328e-02   1.5801918e-01   1.4193521e-01   3.5679001e-02   1.8909759e-01   2.1822721e-01   2.0549268e-01  -1.0442502e-01   7.0987887e-03   6.0330443e-02   1.4038215e-01   1.5830197e-01   1.5125474e-01   8.7871069e-02  -2.3501491e-02   3.8418205e-02   7.5705502e-02  -5.0484043e-03   9.1778138e-02  -1.5095320e-01  -1.0371316e-01   5.0820737e-02  -8.9762044e-03  -8.8614048e-02  -7.3664606e-02   6.6673662e-02   1.3912702e-01   0.0000000e+00   1.1632141e-01   5.2071344e-02   4.8634792e-02   1.1815420e-01   1.9926323e-01   2.1012221e-01
   0.0000000e+00   0.0000000e+00   0.0000000e+00   0.0000000e+00   0.0000000e+00   0.0000000e+00   0.0000000e+00   0.0000000e+00   0.0000000e+00   0.0000000e+00   0.0000000e+00   0.0000000e+00   0.0000000e+00   0.0000000e+00   0.0000000e+00   0.0000000e+00   0.0000000e+00   0.0000000e+00   0.0000000e+00   0.0000000e+00   0.0000000e+00   0.0000000e+00   0.0000000e+00   0.0000000e+00   0.0000000e+00   0.0000000e+00   0.0000000e+00   0.0000000e+00   0.0000000e+00   0.0000000e+00   0.0000000e+00   0.0000000e+00   0.0000000e+00   0.0000000e+00   0.0000000e+00   0.0000000e+00   0.0000000e+00   0.0000000e+00   0.0000000e+00   0.0000000e+00   0.0000000e+00   0.0000000e+00   0.0000000e+00   0.0000000e+00   0.0000000e+00   0.0000000e+00   0.0000000e+00   0.0000000e+00   0.0000000e+00   0.0000000e+00   0.0000000e+00   0.0000000e+00   0.0000000e+00   0.0000000e+00   0.0000000e+00   0.0000000e+00   0.0000000e+00   0.0000000e+00   0.0000000e+00   0.0000000e+00   0.0000000e+00   0.0000000e+00   0.0000000e+00   0.0000000e+00   0.0000000e+00   0.0000000e+00   0.0000000e+00   0.0000000e+00   0.0000000e+00   0.0000000e+00   0.0000000e+00   0.0000000e+00   0.0000000e+00   0.0000000e+00   0.0000000e+00   0.0000000e+00   0.0000000e+00   0.0000000e+00   0.0000000e+00   0.0000000e+00   0.0000000e+00   0.0000000e+00   0.0000000e+00   0.0000000e+00   0.0000000e+00   0.0000000e+00   0.0000000e+00   0.0000000e+00   0.0000000e+00   0.0000000e+00   0.0000000e+00   0.0000000e+00   0.0000000e+00   0.0000000e+00   0.0000000e+00   0.0000000e+00   0.0000000e+00   0.0000000e+00   0.0000000e+00   0.0000000e+00   0.0000000e+00   0.0000000e+00   0.0000000e+00   0.0000000e+00   0.0000000e+00   0.0000000e+00   0.0000000e+00   0.0000000e+00   0.0000000e+00   0.0000000e+00   0.0000000e+00   0.0000000e+00   0.0000000e+00   0.0000000e+00   0.0000000e+00   0.0000000e+00   0.0000000e+00   0.0000000e+00
   6.2306691e-02  -4.6625586e-02   0.0000000e+00   0.0000000e+00   5.5380909e-02   1.0686775e-01  -1.7535240e-02   5.3461261e-02   2.4230119e-01   4.5721671e-02  -2.6563270e-02  -8.5344361e-02  -2.1723751e-02   1.5205450e-01   7.1346697e-02   1.0775849e-01   2.1842926e-01   1.3568540e-01   6.3348251e-02   1.0679981e-01   7.5417345e-02   1.3351271e-01   1.4237246e-01   3.1367688e-02   7.7351937e-02   1.7907818e-02   5.9999931e-02   9.4568649e-03  -2.5833071e-02  -1.1605726e-02   2.1651221e-02  -1.0273177e-01  -6.8082188e-02  -7.6893100e-02   6.8034636e-03  -5.3287290e-02  -1.4206923e-03  -6.5213785e-02  -6.8225006e-02   4.3230726e-02   6.6471681e-02  -2.0697463e-02  -8.9749593e-02   5.7465207e-02   3.4182644e-02  -4.0398904e-02   1.1540556e-01   2.2534994e-01  -4.8223090e-02  -8.2901113e-02  -4.0643186e-02  -1.2185945e-01   4.8143401e-03   2.3004716e-01   6.0895213e-02   1.3844938e-01  -8.5863947e-03   1.0780984e-01   1.1250008e-01   1.5757294e-01   5.0118531e-02   5.2049750e-02   8.0084487e-02  -2.4899454e-02   5.8242095e-02  -1.0586081e-02   5.0565137e-02   3.5457447e-02   2.2036496e-02  -6.4317416e-03   8.2433629e-02   3.5256013e-02  -1.0309245e-01  -9.2532329e-02   9.5104584e-02   1.5943463e-01   1.9049745e-02  -4.1669904e-02   6.9853468e-03   4.0428870e-03  -4.1364513e-03  -2.4025982e-02   3.7531623e-02  -4.7993948e-02  -3.1641108e-02  -7.8222954e-02   9.2045274e-02  -3.6081564e-02  -2.6760328e-02   2.9618731e-02   3.6501737e-04   8.0831806e-02   9.5233790e-02  -5.6025795e-02   5.6041821e-02  -5.4714634e-02  -7.1081474e-02   5.8921236e-02   9.6132297e-02   3.8517255e-02  -4.1963214e-02   1.1442952e-02  -1.8518716e-02   1.0558730e-01   1.8582901e-02   2.0731287e-03   7.4956492e-02   1.3399569e-01   2.3299596e-02   7.4912978e-03   5.9075619e-02   0.0000000e+00   4.1928181e-02   3.6955010e-02   2.7989549e-02   3.7187591e-02   4.9043806e-02   1.2099806e-02
   2.2266129e-02   2.5946497e-02   0.0000000e+00   5.5380909e-02   0.0000000e+00  -1.2230697e-02   1.6609568e-01   4.2588827e-03  -9.1959522e-02   5.2159462e-03   1.3634262e-01  -4.3669135e-03   1.8158134e-01   2.5689944e-02   5.0125639e-02   1.8616281e-01   2.3398078e-01   2.3243379e-01   7.9587274e-02   2.7408157e-01   2.4019856e-01   2.3155729e-01   3.0449142e-02   3.0619567e-02   3.1570425e-01   1.4941308e-01   4.9746084e-01   1.1139108e-01   1.7184524e-01   1.3236455e-01   1.5765141e-01   1.1874660e-01   2.7763588e-01   1.6145401e-01   1.4892766e-01   5.8889946e-02   2.5541706e-01   1.5450488e-01   1.4931794e-01   1.1236379e-01   1.6201512e-01   1.4108407e-01   2.8671533e-01   1.6513217e-01   1.1499525e-01   2.6339526e-01   4.7537639e-01   1.7529572e-01   8.1851759e-02   3.5898839e-01   2.0055148e-01   1.3811649e-01   2.5538672e-02   2.4292134e-01   1.6481881e-01   1.1682794e-01   4.1203516e-01   9.1186906e-02   2.0787993e-02   1.8055523e-01   5.4237558e-02   1.3263425e-01  -1.2717701e-01   1.2456829e-01  -6.0270541e-03   2.2183469e-01   7.8468581e-03   1.0424536e-01  -8.3112440e-02   2.2362080e-01   2.5283846e-02   2.3271088e-02   7.0197739e-02   2.7238686e-01  -3.9561410e-03  -1.9311097e-02   3.5547043e-02   1.0454279e-01   2.3648648e-01   6.5302874e-03   2.8886861e-01   3.5557795e-01   2.7613560e-01   1.8952074e-01   2.7137034e-01   2.3582980e-01   1.8493016e-01   1.1255039e-01   2.0417460e-01   1.1200607e-01   9.8985315e-02   3.2107599e-01  -1.0890932e-01   6.2721656e-02  -2.5148354e-02   4.4070192e-02  -2.3692262e-02   2.8508013e-02  -1.0819844e-01  -7.8079441e-02   8.8425979e-02   9.4454359e-03   3.6258229e-02   1.0444850e-01   1.2831535e-01   9.5225954e-02  -1.4294522e-02   1.6140835e-01   1.6002818e-03  -1.0652446e-01   1.7613507e-01   0.0000000e+00   5.8719613e-02   7.1608105e-02   6.3527506e-02   1.0280486e-01  -2.3276052e-04   1.2433885e-01
   1.6031337e-02   1.0180405e-01   0.0000000e+00   1.0686775e-01  -1.2230697e-02   0.0000000e+00   2.1777340e-02   8.7353018e-02   4.6248271e-02  -1.8256433e-02  -9.6787643e-03   3.5565892e-02  -1.5868183e-02   2.4706361e-01  -1.6310438e-02   4.5538030e-02   4.3568857e-02   1.1257847e-01   6.2599142e-02  -7.0888760e-02  -4.5629127e-02  -1.5499397e-02  -5.5290773e-03  -5.7514928e-02   1.7480040e-02   9.4602303e-02  -2.7067893e-02   2.9214258e-02  -7.2890268e-02  -7.2269610e-02  -3.5493589e-03  -5.3642792e-03   9.8921094e-03  -1.0951045e-01  -7.6489029e-02   6.5291501e-02   8.7028407e-03  -5.7870377e-02   5.6072210e-02  -4.8422709e-02   7.3165618e-02   1.7942761e-02  -6.3605478e-02   1.6121396e-02  -4.3318561e-02   1.0011913e-01   1.0030908e-01   2.9800848e-02  -2.1165013e-02   5.3711676e-02  -9.2343073e-03   3.6738167e-03   1.1548935e-01  -1.2865898e-02   3.6708490e-02  -8.3720017e-02   8.9802703e-02   1.0825863e-01   3.0071543e-02   8.6335534e-02   8.7324620e-02   1.2014985e-01   1.5692970e-01  -8.4270498e-02   3.3307737e-02   2.1772599e-02   5.7785022e-02   9.3842831e-05   4.0780807e-02   2.8413734e-02   4.0207691e-02   1.4009817e-01  -5.7745807e-02  -2.3516611e-02  -7.6874227e-02   1.8184946e-02   9.8772362e-02   8.0565690e-02   1.3460089e-01   1.0939471e-01  -7.7511330e-03   2.6684771e-02  -1.2966409e-02  -2.7079626e-02   4.8528283e-02  -9.1005536e-02  -1.6804030e-02   1.2623451e-01   1.7474653e-01  -6.6614824e-02  -1.0159990e-01   1.5496755e-01   1.3178341e-01   1.3867469e-02   1.3194674e-01   5.6057612e-02   9.2969782e-02   8.0233588e-02   1.2223171e-01   9.6118839e-02   6.4838741e-02   1.4767219e-01   1.9646621e-02   9.7922773e-02   1.2700369e-01   7.9576568e-03   3.1807318e-02   5.0430493e-03   2.8946289e-02   9.2018218e-02  -1.9016638e-03   0.0000000e+00  -1.2835382e-02   3.4775216e-02  -1.9218484e-02   1.1113839e-01   2.1888145e-02  -2.3178944e-02
   2.1480817e-01   1.7669825e-01   0.0000000e+00  -1.7535240e-02   1.6609568e-01   2.1777340e-02   0.0000000e+00   1.5128820e-01  -6.2600422e-02   1.1804258e-01   5.2581138e-01  -2.7111544e-02   3.7621251e-01  -1.7492175e-01   1.2917448e-01   2.2873586e-01   1.7399018e-01   2.3205898e-01   2.7669843e-01   3.9560223e-01   3.2069223e-01   1.3060511e-01   1.3926835e-01   1.9748574e-01   2.7909863e-01  -3.9599409e-02   2.4175250e-01   3.4531594e-01   3.1623464e-01   4.4701241e-01   2.0060671e-01   2.6800931e-01   4.3387730e-01   5.0810165e-01   5.3165065e-01   4.1682452e-01   4.3708410e-01   3.5078382e-01   3.0023773e-01   6.8395843e-01   3.1474623e-01   3.7464903e-01   5.2182226e-01   3.3531640e-01   5.3398912e-01   2.1263644e-01   1.8195561e-01   2.3384602e-01   3.0011437e-01   2.2781305e-01   2.1010521e-01   1.8839177e-01   2.3307224e-01   4.3275782e-01   2.0252043e-01   3.0185129e-01   1.6902558e-01   9.4264600e-02   2.4778745e-01  -4.9241119e-02  -2.3128888e-01  -1.9556568e-01  -1.7238671e-01   4.6273737e-01   4.3903978e-02   4.8132817e-01   2.0463721e-01   2.9587651e-01   2.0109493e-01   1.4981284e-01   1.5410039e-02  -2.7049832e-02   3.2111575e-01   2.8781840e-01   4.9121936e-02   2.1316139e-01   8.5795452e-02   3.8146585e-02  -4.1498631e-02   2.6728844e-02   3.3456001e-02   1.1434069e-01   5.9622431e-02   1.5492212e-01   2.2716960e-01   3.0937323e-01   3.1581992e-01   1.9526165e-02   2.4887336e-01   2.8221580e-01   3.8635617e-01   3.9041545e-02  -7.1295099e-02   3.2836720e-01   2.7764806e-01   1.8671344e-01   1.3428701e-01   1.1066304e-01   1.0640437e-01  -5.9063806e-03   2.5312272e-01  -7.2905733e-02   1.5609727e-01  -1.3796895e-01  -1.0938946e-02   1.6999817e-01  -1.6853489e-04   1.3698759e-01   1.2255334e-01   2.3349724e-01   3.8779897e-01   0.0000000e+00   6.2768492e-02   8.3932035e-02   8.0410490e-02   6.0169587e-02   3.1449927e-02   8.9349613e-02
   1.6813898e-01   8.2741072e-02   0.0000000e+00   5.3461261e-02   4.2588827e-03   8.7353018e-02   1.5128820e-01   0.0000000e+00   1.6426140e-01   3.9768415e-02   2.1120236e-01   4.6979279e-02   6.5802029e-02   2.1235889e-01  -8.3471626e-02  -1.1428057e-02   5.6001957e-02   3.3916167e-03   3.3951765e-02   1.4634707e-01   4.8781970e-02   9.4320139e-02   1.0487963e-01   2.0694875e-02   5.1260047e-02   1.4673067e-01   1.0496473e-02   2.2983260e-01   7.6039472e-02   7.3579112e-02   2.1323238e-02   2.4742869e-01   2.2863031e-01   1.5529725e-01   9.0880077e-02   1.3661664e-01   2.4752024e-02   6.6427325e-02   2.2940710e-01   1.5843511e-01   1.6840250e-01   1.3100782e-01  -1.3509669e-02   1.1459914e-01   8.3618020e-02   7.7015803e-02   2.0730613e-02   6.5138959e-02   8.7889287e-02   6.8712328e-02   1.2349655e-01   1.3371566e-01   1.7927750e-01   2.6006040e-02   1.9454780e-02  -1.4785991e-02   6.8240390e-02   9.6174435e-02   4.0531359e-02   5.7529392e-02   1.1229571e-01   8.5696288e-02   1.6516117e-01   1.1031410e-01   1.0181384e-01   1.3769985e-01   2.6291408e-01   1.0161854e-01   9.9904839e-02   8.9406443e-02   2.8050161e-02   4.0944027e-02   1.7333153e-01   1.2353370e-01   2.9028862e-02   7.9447230e-02   7.8703670e-02   2.1236528e-01   1.4520492e-01   1.9511619e-01  -2.4481580e-02   7.1392931e-02  -9.8629823e-03   6.2170502e-02   1.0859085e-01  -2.3235622e-02   2.5295822e-02   1.2341492e-01   1.4165363e-01   4.8514989e-02   1.8390836e-02   1.0758431e-01   2.0750126e-01   2.1293379e-03   2.2050268e-01   4.5501696e-02   1.0066930e-01   9.3548298e-02   1.2977689e-01   8.5952043e-02   9.9659235e-02   1.2976456e-01   6.2029497e-02   9.9113025e-02   5.4795853e-02   8.0186207e-02  -5.5858393e-02   6.1438373e-02   1.3569474e-02   6.6734717e-02   7.9985629e-02   0.0000000e+00  -1.2062770e-01  -6.5776578e-02  -4.4239280e-02   4.2999884e-01   3.8861744e-02  -6.0705186e-03
   1.0618246e-01   8.2474430e-02   0.0000000e+00   2.4230119e-01  -9.1959522e-02   4.6248271e-02  -6.2600422e-02   1.6426140e-01   0.0000000e+00  -1.0059827e-01  -1.3944241e-01  -2.2688744e-02  -1.1609351e-01   1.4517875e-01   1.3755708e-02   6.0531205e-02   5.4139448e-03  -1.4687594e-02   5.2131044e-02  -1.4183753e-01  -1.8169897e-01  -1.1673583e-01   8.3000380e-02  -8.4053426e-02  -1.5020743e-01  -1.1627463e-02  -2.9911074e-01  -4.4148393e-03  -1.3290455e-01  -8.3753009e-02  -1.3228283e-01  -1.5555410e-01  -2.1142289e-01  -2.0754724e-01  -2.1238472e-01  -4.7825022e-02  -2.1846240e-01  -9.8363059e-02  -5.0136870e-02  -2.6988071e-02   1.3809300e-01   2.5004509e-02  -2.3215719e-01  -6.0357515e-03  -2.3277551e-02  -7.2071294e-02  -1.4257171e-01   5.5592100e-02   1.0303942e-01  -1.2947596e-01  -3.7249521e-02  -2.1274729e-01  -2.0256677e-03  -3.7141942e-02   3.2288229e-02  -1.0905754e-01  -1.9814556e-01   2.1791697e-01   1.5114171e-01   4.0898907e-02   1.5444242e-03  -1.9797416e-02   2.8512721e-01  -7.8797148e-02   1.1950330e-01  -1.0368161e-01   1.5088394e-01   1.7467018e-02   2.7346748e-01  -1.9317963e-01   6.0784799e-02   4.0274999e-02  -5.7851044e-02  -2.1609371e-01   9.6830412e-02   1.2147404e-01   1.1913555e-01  -1.1206860e-01  -6.2850564e-02   1.0623181e-01  -2.1785080e-01  -1.8318718e-01  -1.4559118e-01  -2.2544056e-01  -3.0272634e-01  -2.6790479e-01   4.6052975e-02  -3.9296194e-02  -2.7227544e-02  -1.7745992e-03  -3.4556357e-02  -7.7062415e-02   3.1025894e-01  -1.0123859e-02   1.8657593e-01   1.2888772e-01   5.7498516e-02   1.5740315e-01   1.9785172e-01   3.5232821e-01  -1.1712549e-01   9.0017185e-02  -5.8859650e-02   6.7543757e-02   1.9750368e-02   6.9869056e-02   2.4999708e-01   6.8862256e-02   3.2646148e-02   2.2210122e-01   1.6459928e-01   0.0000000e+00   9.5174802e-02   7.8789631e-02   1.6139755e-02   1.6278160e-01   9.3931974e-02   4.5408763e-02
   1.8040799e-01   6.0518540e-03   0.0000000e+00   4.5721671e-02   5.2159462e-03  -1.8256433e-02   1.1804258e-01   3.9768415e-02  -1.0059827e-01   0.0000000e+00   1.4906525e-01   9.5367493e-02  -6.5403332e-02  -3.0993421e-02   3.3863926e-02  -5.1081603e-02  -4.8081381e-02  -3.0207591e-02  -3.3150887e-02   5.3311794e-03   5.2450914e-02   3.3302745e-02   4.8727033e-02   4.8718971e-02   5.7531909e-02  -5.8570373e-02   7.6841104e-02   1.3515177e-01   8.2657611e-03   6.2630004e-02   6.8603823e-02   9.7022774e-02   5.6525620e-02   1.2852068e-01   9.4766432e-02   1.2403364e-01   1.8977045e-01   7.7944733e-02   1.0677504e-01   1.2989157e-01   3.2847415e-02   5.4657855e-02   4.2453119e-02   1.2156360e-01   1.0855238e-01   1.3714645e-01   7.2021380e-02   7.5620062e-02   2.3994361e-02   7.7242850e-02  -2.7436702e-02   7.2327063e-02   5.1138165e-02   1.8304568e-02   4.8056811e-02   1.1622022e-01   1.3267480e-02  -1.0202647e-01   3.2228599e-02  -6.9304924e-02   1.4200391e-02  -3.0522931e-02  -8.0358113e-02   7.9462779e-02   1.6329267e-02   1.0757886e-01   1.5229747e-02  -1.8432208e-02   8.0912426e-03   3.1255275e-02   4.1680166e-03   3.9957875e-02   1.2296496e-01   1.7319715e-01   1.5829065e-01  -3.5896858e-02  -3.0335672e-03   8.7068285e-02   3.9245871e-03  -7.3499263e-02  -2.9091614e-02   6.2590820e-02  -6.4103358e-02  -4.6636560e-02   6.3371753e-02  -1.4089173e-01  -1.1067085e-02  -2.8850647e-02  -3.4954166e-02   1.5164935e-02  -4.4150936e-02   8.4293978e-02   9.4907642e-02   7.8812813e-02  -9.0500966e-03  -7.5795355e-03   1.0943759e-01   1.0779396e-03   3.0514721e-02  -4.8145389e-02   1.1145980e-01   8.5481159e-02   9.3739327e-02   6.7289455e-02   1.2101129e-02  -1.2526107e-02  -2.0010905e-02   7.5225217e-02   1.2992979e-02  -1.5612069e-01   5.0903041e-02   0.0000000e+00  -2.6128915e-02  -8.5356729e-03   2.6461902e-02  -1.7024939e-02  -1.1060858e-01  -1.1273445e-01
   1.3639870e-01   9.2737788e-02   0.0000000e+00  -2.6563270e-02   1.3634262e-01  -9.6787643e-03   5.2581138e-01   2.1120236e-01  -1.3944241e-01   1.4906525e-01   0.0000000e+00  -3.7458581e-02   1.9868180e-01  -1.2212989e-01   2.5105629e-02   1.1051707e-01   1.9258141e-01   1.7753318e-01   1.0368882e-01   3.7058099e-01   3.4129155e-01   2.6886138e-01   1.1748965e-01   2.2074198e-01   2.4392994e-01   2.5332249e-02   2.7624597e-01   3.4412252e-01   2.4966546e-01   3.2986950e-01   1.8531312e-01   4.1487334e-01   4.5825698e-01   5.4213934e-01   5.7313945e-01   4.6319573e-01   4.8723484e-01   3.3952022e-01   3.7746066e-01   6.5348215e-01   3.5829662e-01   3.1925256e-01   3.9284171e-01   3.3794855e-01   4.3085217e-01   2.2201048e-01   2.0462021e-01   2.2397265e-01   1.8579425e-01   2.2468048e-01   1.3490656e-01   3.0340829e-01   3.1090714e-01   3.2657839e-01   1.3877030e-01   1.8677732e-01   2.1834563e-01  -4.6378580e-02   1.9751031e-01  -7.3228608e-02  -1.1721709e-01  -2.9067454e-02  -1.3869055e-01   4.2739824e-01   1.2554624e-01   5.4278016e-01   1.5004746e-01   1.6083581e-01   9.4792695e-02   2.2350892e-01   1.0736028e-01  -1.5506122e-01   2.4760949e-01   2.9474227e-01   6.3069319e-02   8.6495513e-02   4.9782027e-02   1.9321925e-01   2.4343004e-02   2.7013207e-02   2.8036197e-02   1.4669156e-01   9.4581455e-03   1.9380267e-01   3.3698173e-01   2.4359857e-01   1.7887959e-01   1.4470944e-02   1.7313659e-01   1.9517956e-01   2.3897917e-01   4.7580400e-02  -2.5050256e-02   1.8271748e-01   2.1390204e-01   1.3614972e-01   1.9693619e-01   1.4156001e-01   9.9070070e-02   4.1125119e-02   4.2146473e-01   8.3455897e-02   1.8525274e-01  -8.7256901e-02   2.8213620e-03   9.8156809e-02  -5.5957300e-02   1.5804583e-01   1.2247133e-01   8.3450863e-02   2.5637767e-01   0.0000000e+00  -8.2630472e-02  -1.8475231e-02  -1.6115012e-02   3.4681087e-02  -3.5548920e-02  -3.9837824e-03
  -3.5795102e-02  -1.9984622e-02   0.0000000e+00  -8.5344361e-02  -4.3669135e-03   3.5565892e-02  -2.7111544e-02   4.6979279e-02  -2.2688744e-02   9.5367493e-02  -3.7458581e-02   0.0000000e+00  -5.2057163e-02   1.0865621e-01   2.1308909e-02   2.8282206e-03  -5.6911962e-02   7.9746075e-02  -8.1803982e-02  -2.8436204e-02   1.9977417e-02   5.2183195e-02  -3.8760868e-02   1.6782514e-02   5.1892048e-02   1.5924751e-01   2.7925507e-02  -4.0327728e-02   6.0716137e-02  -7.4523610e-04   2.6929245e-02   9.0662820e-02   6.2617907e-02  -4.9439863e-02  -5.1778505e-02   1.0116181e-01   6.5757552e-02   2.1325848e-01   1.4515300e-01  -6.0378282e-02  -2.7265925e-02   5.1173536e-02  -6.9363372e-02  -1.5819639e-02  -8.7776758e-02   1.2013300e-01   2.1321729e-02  -7.4570406e-03  -6.1440524e-02   1.1180340e-01   3.3377489e-02   7.7156393e-02   8.5660047e-02  -2.2835775e-02   7.6422199e-02  -9.5456102e-03   2.6125184e-02   1.5307325e-02  -4.5426131e-03   6.4909760e-02   1.7230088e-01   1.1993838e-01   1.5065101e-01  -8.4383287e-02   8.3676858e-02  -8.4465167e-02   5.2668837e-02  -6.4388596e-02  -8.8445551e-03   4.3664709e-02   7.8753806e-02   2.7229202e-03   2.7380908e-01   1.3895597e-01  -3.8990480e-02  -1.3062503e-02  -5.2349203e-02   1.1369383e-01   1.3791633e-01  -5.6505762e-02   1.7045888e-02   2.6386401e-02  -6.2415033e-03   2.1843058e-02   3.4446063e-02   8.5270915e-02   2.5253504e-02  -1.0837695e-02   9.0793102e-02  -1.0126817e-01  -9.5503881e-02   2.0757740e-01   8.3080536e-02  -3.5372944e-03  -5.9597104e-02  -5.1246358e-02  -2.3131793e-02   6.7288353e-02   1.0438737e-01   2.4222642e-02  -9.6587152e-03   1.2489642e-01   6.5208227e-02   1.8196355e-01   1.3589678e-01   4.3177869e-02   2.4577183e-02   9.6426506e-02   1.6793393e-03   3.4212869e-02   2.6819790e-02   0.0000000e+00   6.5489419e-02   4.8780820e-02   5.9610770e-02   3.1555396e-02  -9.5623668e-02  -7.2720181e-02
   5.7284455e-02   1.3848050e-01   0.0000000e+00  -2.1723751e-02   1.8158134e-01  -1.5868183e-02   3.7621251e-01   6.5802029e-02  -1.1609351e-01  -6.5403332e-02   1.9868180e-01  -5.2057163e-02   0.0000000e+00   2.5655856e-03   1.4597833e-01   1.9260724e-01   1.9434098e-01   2.6034263e-01   7.4560691e-02   6.2496007e-01   4.5828243e-01   2.0443953e-01   2.8786038e-01   2.0339040e-01   2.2557937e-01   5.1279803e-02   2.7584062e-01   1.2161711e-01   3.4711343e-01   5.0375497e-01   3.4162628e-01   5.5323054e-02   2.1348593e-01   3.4778005e-01   3.4679842e-01   1.3258212e-01   2.0781966e-01   1.7627751e-01   1.0575417e-01   3.1928289e-01   1.3738108e-01   2.0991981e-01   3.1484960e-01   1.6807696e-01   4.5339902e-01   6.5828509e-02   1.4112327e-01   1.8432061e-01   2.8574468e-01   1.3341034e-01   4.1712181e-01   1.2865441e-01   8.0872746e-02   2.9730973e-01   2.1033158e-01   3.4635052e-01   2.2010881e-01   5.8267500e-02   4.5307015e-02   3.6010384e-02  -5.9865337e-02  -7.8459450e-02  -1.3261470e-01   3.3510480e-01   7.6793485e-02   1.6905572e-01   3.1288689e-01   1.2828016e-01   9.6779639e-02   2.3946141e-01   8.4995304e-02  -3.1570101e-02   1.6740456e-01   1.4689691e-01   2.1812788e-02   1.7959631e-01   9.5494274e-02  -7.8397272e-02  -9.6267133e-02   1.2523372e-01   6.4540606e-02   1.8734814e-01   1.0685499e-01   2.9154842e-01   8.8016083e-02   3.3032766e-01   1.5917339e-01  -2.8470349e-03   6.3417768e-02   2.5746003e-01   2.0375423e-01  -2.2460557e-02  -8.6538894e-02   2.4256671e-02   2.8604090e-02   5.7592962e-02   4.3005123e-02  -5.4252683e-02  -4.2868882e-02  -2.5374011e-02   9.1756314e-02  -1.5703308e-01   3.0313380e-03  -1.2549981e-01   9.5863547e-03   4.5469561e-01  -3.8697371e-02   4.2594795e-02   1.2307654e-01   9.7541574e-02   3.1650334e-01   0.0000000e+00   4.1685938e-02   1.2880097e-01   1.3330148e-01   8.9207271e-02   6.9979439e-02   1.9436211e-01
  -2.1715558e-02  -5.6821790e-03   0.0000000e+00   1.5205450e-01   2.5689944e-02   2.4706361e-01  -1.7492175e-01   2.1235889e-01   1.4517875e-01  -3.0993421e-02  -1.2212989e-01   1.0865621e-01   2.5655856e-03   0.0000000e+00   3.4503972e-03   3.7925974e-02   3.4845805e-02   1.0056766e-01   1.9193830e-02   9.9189079e-02  -2.1786547e-02   2.5919437e-01   1.3945230e-01  -4.0853672e-02   8.3946476e-02   1.5785039e-01   1.1377506e-01   8.9776176e-02  -4.0815239e-02  -1.1029610e-01  -5.6924083e-02  -1.8442486e-02   1.5646261e-02  -1.4357503e-01  -1.4941958e-01   2.2694346e-02  -7.2220586e-02  -8.5026252e-02   4.3393447e-02  -1.8667997e-01   4.4904969e-02   1.0069763e-02  -1.7269552e-01   2.4307106e-02  -1.9650928e-01   9.6509712e-02   1.6870909e-03   1.0294469e-01   1.1202986e-02   1.3762257e-02   1.2157213e-01   5.6165623e-02   8.7245484e-03   7.0137771e-02   3.9208882e-02  -1.2033893e-01   2.7023209e-01   9.0379811e-02   2.5624260e-02   1.7188287e-01   2.5358590e-01   3.5220050e-01   3.0399864e-01  -1.0349031e-01   1.1763729e-01  -8.3361101e-02   1.4201997e-01  -7.2004150e-02  -4.1229959e-02   1.0214775e-01   1.6756160e-01   2.7079905e-01  -8.8434631e-02  -6.7230182e-02  -9.4511109e-03  -3.8730991e-02   3.7687709e-02   9.2390054e-02   3.0529683e-01   3.1082385e-01   1.9070947e-01   2.2039756e-01   2.7873582e-01   7.2292249e-02   1.0423007e-01  -9.1527627e-02  -7.7267110e-02   3.1161045e-01   6.3987441e-02  -1.3371839e-01  -1.8874303e-01   2.9101655e-01   1.2093996e-01   3.3811214e-04   6.8786306e-02  -1.8582270e-02   4.2068752e-02   5.6273093e-02   1.0039320e-01   1.0227899e-01   8.4784307e-03   1.8285687e-01  -4.4633789e-02   1.8633012e-01   3.3415796e-01   1.2124568e-01   5.4971626e-02   7.2635448e-02   2.2636787e-01   1.0445494e-01  -4.2979975e-02   0.0000000e+00   3.2746837e-03  -5.0369031e-02  -2.5737676e-02   3.0874846e-01   1.2111124e-01   3.6122415e-03
   1.2405921e-01   5.4828347e-02   0.0000000e+00   7.1346697e-02   5.0125639e-02  -1.6310438e-02   1.2917448e-01  -8.3471626e-02   1.3755708e-02   3.3863926e-02   2.5105629e-02   2.1308909e-02   1.4597833e-01   3.4503972e-03   0.0000000e+00   5.1073395e-01   8.5971443e-02   1.9810853e-01   2.5390816e-01   2.2720598e-01   1.5829110e-01   1.1452220e-01   1.1373406e-01   1.3145073e-01   1.0376902e-01   1.8516398e-02   1.3738570e-01   8.9896886e-02   1.8459034e-01   2.2774680e-01   1.1252295e-01   1.7643706e-03   5.5662622e-02   1.7514108e-01   2.1579428e-01   1.9817627e-01   1.8612524e-01   1.6503734e-01   1.5512596e-01   1.0049638e-01   1.6534609e-01   2.0182397e-01   2.3231516e-01   2.2557024e-01   1.2749012e-01   1.2581640e-01   1.8889206e-01   3.4367023e-01   1.2944572e-01   7.1069776e-02   2.1177598e-01   4.4454950e-02   1.2509003e-01   2.9832873e-01   4.5400825e-01   3.7794969e-01   2.0182211e-01   7.3336198e-02   2.2726469e-01  -2.4001564e-02  -9.6887953e-02  -3.2662127e-02  -4.6795462e-02   2.3269938e-01   2.9723526e-02   1.5948713e-01  -3.9231145e-02  -1.0757345e-01  -9.5853638e-02   6.4287882e-02   8.4904804e-02  -1.0363710e-01  -1.3493156e-01  -1.1044524e-01   3.8243391e-02  -1.3488693e-01   4.6618326e-02  -3.2990025e-02  -5.9242299e-02  -5.8966714e-02   1.8182137e-02   4.4745666e-02   5.9601664e-03   2.2831457e-02   9.3843440e-02   2.2258665e-01   3.7310238e-02  -1.2476597e-01   8.3940177e-02   1.1210723e-04   3.9041439e-03   8.4343116e-02  -7.7995669e-02   1.1331823e-01   6.4479384e-02   9.9528837e-02   1.5489367e-01   4.3918310e-02   7.2641465e-02   1.1108718e-02   1.7724805e-01  -5.7108689e-02   5.0365697e-02  -1.5841741e-02   1.0695458e-01   1.7635854e-01   6.0310513e-02   1.8488148e-01   1.8857410e-01   2.2940581e-02   2.1512054e-01   0.0000000e+00   3.9948587e-01   4.2493642e-01   4.1903669e-01  -4.4096308e-02  -1.5113021e-01  -7.9600914e-02
   9.0235443e-02   1.3451139e-01   0.0000000e+00   1.0775849e-01   1.8616281e-01   4.5538030e-02   2.2873586e-01  -1.1428057e-02   6.0531205e-02  -5.1081603e-02   1.1051707e-01   2.8282206e-03   1.9260724e-01   3.7925974e-02   5.1073395e-01   0.0000000e+00   1.4743668e-01   2.9973523e-01   4.4280730e-01   2.4669622e-01   2.2649674e-01   1.5761556e-01   2.0776896e-02   1.5175529e-01   2.2730836e-01   1.1996408e-01   2.3145432e-01   1.0081369e-01   2.4993264e-01   2.2337572e-01   1.2483410e-01   8.8561496e-02   1.5357621e-01   1.8422256e-01   2.1890907e-01   3.8840812e-01   3.4185553e-01   2.3703890e-01   2.8009789e-01   1.3036692e-01   2.8327697e-01   2.6705002e-01   3.1170509e-01   3.2796586e-01   1.6554271e-01   3.7074765e-01   2.0840424e-01   3.8691036e-01   2.2945770e-01   1.7141844e-01   2.4573169e-01   1.4023432e-01   3.0870493e-01   3.7999770e-01   6.3706583e-01   3.4639579e-01   3.7333940e-01   1.3864700e-01   4.5184158e-01   9.2743385e-02  -5.9801981e-02   5.8445568e-02  -7.2626011e-02   3.3707106e-01   4.8333854e-02   3.8157008e-01   3.2568087e-03   1.7784178e-02  -1.2687529e-02   1.8242485e-01   1.0834205e-01  -8.9473192e-02  -1.2044048e-01  -6.2766254e-02   2.0361258e-02  -8.9490263e-02   8.7399183e-02   2.9871455e-02   8.8748803e-02  -4.2795295e-02   1.1107637e-01   1.0123490e-01   2.4524358e-02   1.0417774e-01   2.1878231e-01   1.7004136e-01   4.4868739e-02  -5.7667666e-02   2.6694596e-01   4.0585375e-02   4.3505540e-02   1.9489290e-01  -1.5133467e-01   1.9336302e-01   1.4587457e-01   2.6047229e-01   2.5079919e-01   1.6349102e-01   9.2757255e-02   1.5101338e-01   2.5342043e-01   1.2979627e-01   2.4469501e-02   6.6054230e-02   2.2084751e-01   2.3400752e-01   1.1673729e-01   3.0143599e-01   1.1432936e-01   1.9954524e-01   3.8319317e-01   0.0000000e+00   3.0416049e-01   3.9440218e-01   2.7040344e-01   3.1179327e-02  -9.2709344e-02  -7.0055809e-02
   2.7750849e-02   3.0740443e-02   0.0000000e+00   2.1842926e-01   2.3398078e-01   4.3568857e-02   1.7399018e-01   5.6001957e-02   5.4139448e-03  -4.8081381e-02   1.9258141e-01  -5.6911962e-02   1.9434098e-01   3.4845805e-02   8.5971443e-02   1.4743668e-01   0.0000000e+00   3.7268856e-01   1.8369863e-02   3.2930580e-01   2.4728035e-01   2.0742711e-01   7.8950628e-02   8.6127314e-02   2.3739162e-01   1.6056238e-01   2.9294374e-01   9.3289043e-02   1.5370619e-01   1.3175928e-01   1.2651229e-01  -4.8905240e-03   2.2702971e-01   9.8956753e-02   2.0262101e-01   1.3363659e-01   1.7029740e-01   9.3801401e-02   8.4980882e-02   1.6059771e-01   1.0404981e-01   8.8473527e-02   2.2027873e-01   1.6999985e-01   1.9550801e-01   2.5078535e-01   2.4739347e-01   4.0499203e-01   2.3523490e-01   1.8801643e-01   1.6103555e-01   8.8206406e-02   7.1879058e-02   2.2333831e-01   1.3386055e-01   1.5376636e-01   2.1448834e-01   6.9541218e-02   6.2477893e-02   1.7747775e-01   7.4192355e-02   1.3204059e-01  -7.3035885e-02   2.5167212e-01   4.7361608e-02   2.1769657e-01   7.2760569e-02   3.9993991e-02  -3.9553960e-03   3.1681085e-01   6.6562853e-02  -8.5690255e-02  -3.3236827e-02   5.2695746e-02  -6.4273320e-02   3.1673300e-02   3.5725487e-02   6.8326725e-02   1.6084461e-01   5.1968984e-02   2.3977333e-01   2.6432847e-01   1.1800194e-01   3.0518008e-01   2.8742054e-01   2.1228184e-01   1.7948016e-01   3.8475530e-02   2.2984455e-01   4.8378985e-02   4.9199918e-02   2.1671282e-01  -1.3533719e-03   7.6632269e-02   9.9264906e-03  -2.9344155e-02   2.7711663e-02  -1.3553632e-02  -5.7636688e-02  -6.9882000e-02   1.7156906e-01   3.1932459e-02   6.2284100e-02   1.1917279e-01   1.2516396e-01   9.3799101e-02  -9.4205969e-03   1.8695946e-01   4.6987837e-02  -4.8205510e-03   1.5026997e-01   0.0000000e+00   4.1269295e-03   6.4538809e-02   7.6781135e-02  -4.0258134e-03   8.6629137e-02   1.3751239e-02
   1.5885776e-01   1.2384695e-01   0.0000000e+00   1.3568540e-01   2.3243379e-01   1.1257847e-01   2.3205898e-01   3.3916167e-03  -1.4687594e-02  -3.0207591e-02   1.7753318e-01   7.9746075e-02   2.6034263e-01   1.0056766e-01   1.9810853e-01   2.9973523e-01   3.7268856e-01   0.0000000e+00   2.2100566e-01   4.1725438e-01   2.0006308e-01   2.2578002e-01   4.7479505e-02   8.1553554e-02   2.9467176e-01   1.9427458e-01   3.9011197e-01   8.7201452e-02   2.8223787e-01   1.8928777e-01   3.0222022e-01  -7.6011872e-03   2.3213085e-01   8.0270125e-02   1.3991093e-01   1.8353333e-01   1.6108588e-01   1.8831781e-01   1.4458673e-01   1.5768864e-01   2.4884299e-01   2.6899379e-01   3.7124772e-01   2.6838200e-01   1.3182075e-01   3.0434074e-01   2.2888373e-01   3.5126175e-01   1.6742976e-01   2.9219341e-01   3.0278669e-01   1.2966485e-01   1.9751901e-01   2.2700569e-01   2.2584671e-01   2.7913399e-01   3.2149050e-01   1.4345744e-01   2.3435614e-01   2.1309446e-01   9.5393702e-02   1.7518651e-01  -1.2742239e-01   2.9782477e-01   4.1038305e-02   1.9973024e-01   1.0262506e-01   6.2280847e-02   4.5176011e-02   4.6879157e-01   7.5334212e-02  -5.3936847e-02   7.0509003e-02   5.2972155e-02   1.0043395e-01   1.3134830e-02   1.5520193e-01   1.6694054e-01   2.9704501e-01   4.3602282e-02   3.1195678e-01   2.6076424e-01   2.1199116e-01   4.3534810e-01   2.8022787e-01   2.5087772e-01   2.1154798e-01   4.8565917e-02   3.7392650e-01   1.3766265e-01   1.6671015e-01   3.6461688e-01  -4.6204478e-02   1.7374263e-01   1.3013830e-01   1.1440384e-01   1.1195173e-01   8.8667697e-02   4.6845154e-02   6.1465438e-02   1.2733204e-01   4.4179012e-02   2.2359562e-01   1.2086786e-01   1.7026998e-01   1.3019074e-01   3.8942895e-02   2.3116059e-01   8.3913278e-02   8.9950693e-02   2.8517266e-01   0.0000000e+00  -1.2023385e-02   1.3379614e-01   7.7176400e-02   1.6508819e-02   1.1268938e-01   3.1416197e-02
   1.2430793e-01   1.0938633e-01   0.0000000e+00   6.3348251e-02   7.9587274e-02   6.2599142e-02   2.7669843e-01   3.3951765e-02   5.2131044e-02  -3.3150887e-02   1.0368882e-01  -8.1803982e-02   7.4560691e-02   1.9193830e-02   2.5390816e-01   4.4280730e-01   1.8369863e-02   2.2100566e-01   0.0000000e+00   1.0128120e-01   8.9758021e-02   5.3791441e-02   4.2096706e-02   9.4877968e-02   1.1759402e-01  -2.5279902e-04   5.6570105e-02   1.0642090e-01   7.0134073e-02   1.0259288e-01  -1.6845032e-02   1.3282097e-01   6.8527888e-02   9.9250381e-02   1.4709295e-01   2.3458950e-01   1.5469652e-01   1.9023441e-01   2.0937646e-01   1.6907599e-01   3.3002346e-01   2.3325118e-01   2.8726065e-01   2.8445232e-01   9.6549944e-02   2.6579966e-01   4.5402595e-02   2.4591536e-01   1.1078453e-01   7.3789333e-02   5.3467652e-02   5.9276546e-02   2.8438674e-01   2.6349496e-01   2.8093334e-01   2.4541893e-01   1.5759236e-01   1.2916303e-01   5.3398443e-01   6.6449409e-02  -6.4135011e-02   4.2448412e-02  -5.6311972e-02   2.0087858e-01   1.9531749e-02   2.4629978e-01   8.0645213e-02   1.5722466e-01   1.3641264e-01   3.4561656e-02  -3.0434699e-02  -4.8085365e-02  -2.0547034e-02  -4.1683817e-02   3.8363187e-02   3.7822146e-02   1.4181962e-01   4.7549660e-02   4.7067086e-02  -3.6519267e-02   2.8735511e-03  -4.5237597e-02   5.0935553e-02  -2.3728384e-02   9.5900362e-02   7.3207677e-02   5.7040396e-02   8.2306132e-02   2.5140181e-01   1.5631030e-01   1.8290729e-01   1.1715060e-01  -5.0982175e-02   2.1458873e-01   4.3444016e-01   3.8816450e-01   2.4553237e-01   3.9282503e-01   1.7799115e-01   2.1846485e-01   1.5131812e-01   1.4569853e-01   9.5335778e-02   4.3737885e-02   6.9774374e-02   1.7454979e-01  -1.2504441e-02   1.3991120e-01   3.9760648e-02   1.6144675e-01   3.0347106e-01   0.0000000e+00   1.1717267e-01   1.1171782e-01   1.5741763e-01   1.0525531e-01   5.2160832e-02   4.0421744e-02
   5.4266888e-02   5.7290393e-02   0.0000000e+00   1.0679981e-01   2.7408157e-01  -7.0888760e-02   3.9560223e-01   1.4634707e-01  -1.4183753e-01   5.3311794e-03   3.7058099e-01  -2.8436204e-02   6.2496007e-01   9.9189079e-02   2.2720598e-01   2.4669622e-01   3.2930580e-01   4.1725438e-01   1.0128120e-01   0.0000000e+00   6.9517359e-01   5.9067876e-01   4.4941754e-01   4.3105526e-01   5.2165059e-01   1.7174939e-01   6.6283305e-01   3.9425534e-01   4.7753987e-01   6.2190568e-01   3.5171730e-01   2.1685892e-01   3.9102694e-01   4.8429570e-01   6.0568479e-01   2.2542568e-01   3.4256217e-01   3.4249204e-01   2.3138480e-01   4.1840271e-01   2.1417102e-01   3.4610828e-01   5.2230134e-01   2.4329914e-01   4.6794547e-01   2.0847190e-01   2.4906581e-01   4.5027093e-01   2.0123723e-01   1.6561575e-01   3.5028907e-01   2.4071667e-01   1.6703626e-01   5.5291632e-01   3.5722704e-01   3.8919990e-01   4.9715834e-01   1.1565872e-02   1.2671634e-01   6.9198588e-02   7.5560098e-02   1.1964248e-01  -1.5068963e-01   3.6576966e-01   5.7064659e-02   2.8046127e-01   1.4764583e-01   1.1394344e-01  -1.5047769e-01   3.9239854e-01   2.0829830e-01  -1.9526763e-01   1.1387800e-01   1.3962923e-01   3.4515016e-02   1.0031180e-01   3.6176215e-02   8.7043604e-02   6.6246797e-02   1.2744632e-01   2.6136914e-01   3.8548388e-01   3.7545952e-01   5.0161419e-01   3.2245195e-01   4.9115749e-01   1.8250804e-01   6.5172206e-02   1.2233901e-01   2.0986523e-01   2.8229628e-01   1.7780996e-01  -1.0528371e-01   7.4179485e-03   8.5475101e-02   2.0057256e-02   1.7637096e-01   2.5373339e-02   3.9652574e-03  -5.7967966e-02   3.2114561e-01  -1.0637405e-01   1.8550731e-01  -4.9939028e-02   7.7127564e-02   2.9665901e-01  -8.9825799e-02   1.8780537e-01   1.9122803e-01  -8.6675105e-03   2.9964993e-01   0.0000000e+00   3.7917306e-02   1.5593401e-01   1.5191667e-01   2.7578921e-02   1.5564382e-02   9.4492496e-02
  -3.5186863e-02   7.5130347e-03   0.0000000e+00   7.5417345e-02   2.4019856e-01  -4.5629127e-02   3.2069223e-01   4.8781970e-02  -1.8169897e-01   5.2450914e-02   3.4129155e-01   1.9977417e-02   4.5828243e-01  -2.1786547e-02   1.5829110e-01   2.2649674e-01   2.4728035e-01   2.0006308e-01   8.9758021e-02   6.9517359e-01   0.0000000e+00   5.5339966e-01   4.3909493e-01   6.0196988e-01   6.4070282e-01   8.9644605e-02   5.1970278e-01   2.3666430e-01   2.1394043e-01   4.3130818e-01   1.5881979e-01   1.0539937e-01   2.2775882e-01   4.2249491e-01   7.0175416e-01   2.3371636e-01   4.5687465e-01   3.9141545e-01   2.6126007e-01   4.4351473e-01   9.2671851e-02   3.3111506e-01   3.2732811e-01   1.7691487e-01   4.3965316e-01   1.8118924e-01   2.6471239e-01   2.9313923e-01   1.6275421e-01   1.1581630e-01   1.4275440e-01   1.3124479e-01   1.1698746e-01   4.8713188e-01   2.7931847e-01   4.6641385e-01   4.6573858e-01  -4.7992409e-02   8.4895280e-02   1.1282901e-01   4.6083150e-03   8.5149331e-02  -1.3930582e-01   2.5402959e-01  -8.0534902e-02   2.7457750e-01  -3.7103886e-03   6.1456094e-02  -9.8690808e-02   1.7342105e-01   7.1015225e-02  -1.6925731e-01   4.9181039e-02   1.5239218e-01  -2.0756097e-02   7.3271993e-02  -1.1092723e-01  -6.0772706e-02  -7.5726856e-02  -1.0727527e-02   1.3745852e-01   2.0859714e-01   2.3407090e-01   1.9790266e-01   2.1306245e-01   4.0718287e-01   1.1458299e-01   2.0112992e-02  -5.9322868e-03   1.2117786e-01   9.0247249e-02   1.2593855e-01  -1.3428460e-01   1.7908982e-03  -3.3717707e-02   5.6438101e-04   1.4106155e-01  -1.5637728e-02  -1.3513765e-01  -1.6348899e-01   3.2043346e-01  -5.2162809e-02   4.4083611e-02  -7.3604428e-03   9.1613361e-02   1.4908778e-01   2.9041535e-03   1.5522153e-01   1.7321359e-01  -7.9111899e-02   2.5317988e-01   0.0000000e+00   7.3171493e-02   1.0532025e-01   1.4328223e-01  -3.6677879e-02  -9.0888189e-02   3.3498377e-02
