   0.0000000e+00   2.1643124e-01   0.0000000e+00   3.8108849e-02   2.8353854e-01   7.8074679e-02   5.8002526e-01  -6.6977397e-02  -8.2194924e-02   6.7743251e-02   4.3677844e-01   1.0543103e-01   8.2477056e-02   7.1327608e-02   8.6570925e-02   4.9643822e-02   2.5901873e-01   2.0502259e-01   4.0826252e-01   1.1132844e-01   1.1685848e-01   6.6403934e-02   8.5190053e-02  -2.5138569e-02   9.9449113e-03   1.1371611e-01   4.2141450e-02   1.3860772e-01   2.1823168e-02   3.6735884e-02   6.4901998e-03   1.7122434e-01   2.2222812e-01   1.4025824e-01   1.1923206e-01   1.1014945e-01   1.5437048e-01   3.5748026e-02   1.2952838e-02   1.8693499e-01   1.8747185e-01   2.3720491e-02   1.6087204e-01   1.5704182e-01   1.3986796e-01   2.9111597e-02   2.1199024e-01   7.0734775e-02   1.3566908e-01  -1.0143914e-02   1.3459190e-01   9.3899197e-02   8.9255960e-02   1.7571476e-01  -3.3053451e-02   1.1000399e-01  -6.3251798e-02   4.5944474e-02   1.2679198e-01   2.9626019e-02  -2.5842178e-02  -3.2847961e-02   3.2071584e-02   2.2076730e-01  -2.5868996e-02   2.1812053e-01   3.9485582e-02   5.6566259e-02   9.1355316e-02   6.5435091e-02   9.8297246e-02   3.3105559e-02   7.5035582e-01   6.6651633e-01   1.7851243e-01   9.4560363e-02   8.9350166e-02  -2.0671017e-01   2.9630944e-02  -1.1100379e-03  -3.4505607e-03   3.5959188e-02   6.4223078e-02   5.3852569e-02  -4.6676744e-03  -2.9447305e-02   6.0563314e-02  -1.7977459e-03   5.9994941e-02  -4.4742105e-05   1.1814419e-01   1.6728631e-02   3.9793627e-02  -3.4068403e-03   3.0771819e-02   7.3173168e-02   9.0211217e-02   7.7800976e-02   1.3936033e-01   9.0941601e-02   9.9176447e-02   1.6141649e-01  -6.6428906e-02  -3.9562608e-02  -4.9099434e-02   1.2346828e-01   6.4386923e-02   8.8437404e-02  -2.0369357e-02   6.5680628e-03   7.7775723e-02  -1.1272540e-01  -8.9946662e-02  -2.1276043e-01   0.0000000e+00   4.1562463e-03   1.4438727e-02   9.7291768e-02
   2.1643124e-01   0.0000000e+00   0.0000000e+00   7.3047694e-02   1.0731372e-01   1.4835459e-01   2.0480661e-01  -4.9821754e-03  -2.7681758e-02  -8.2145106e-03   1.4137959e-01   9.5066855e-02  -2.8484287e-02  -9.4503467e-02   4.2148813e-03  -3.1572883e-02   1.5013320e-01   8.4419292e-02   9.8255352e-02   4.9469205e-02   4.4335589e-02   6.9563497e-02  -1.4547172e-01  -5.0564151e-02  -7.3103649e-02   9.9020811e-02   4.1736828e-03  -4.7068478e-02  -4.5306364e-02  -7.9821917e-03  -1.5871758e-02   1.2336599e-01   2.3890877e-02  -1.7177766e-02  -1.0672945e-02  -1.2718053e-01   9.8318316e-03  -1.0252980e-01  -1.4617161e-01   3.8539903e-02  -4.9505419e-02  -1.4979432e-01  -4.2224374e-03  -3.4227134e-02  -4.5132981e-02  -5.1516681e-02   1.9454598e-02   5.1582878e-02   4.2015731e-02   1.1503201e-01   4.2320927e-02  -1.5587445e-02  -4.0881186e-02   1.9200495e-01  -1.4537842e-01   1.1899067e-01  -3.3923331e-02   4.6086321e-02  -6.6732722e-02  -8.3133372e-03  -6.9109104e-02  -8.6258086e-02  -2.8903127e-02   1.2476317e-01  -5.2463800e-02   5.2686907e-02   1.0611643e-01   5.5123394e-02   8.1359966e-02  -1.0755295e-02  -2.4833220e-02   4.1724792e-02   2.2711704e-01   1.4033387e-01   1.3003143e-01   1.4739658e-01   1.1001578e-01  -8.9389176e-02  -2.2520317e-02   8.5121855e-02  -2.4160261e-02  -6.3767899e-02   5.4757747e-02   4.1026474e-02  -9.6288083e-03  -5.9668029e-02   1.0621983e-01   7.0542461e-02   4.0476318e-02   1.3429828e-01   1.5373516e-01  -2.6834435e-02   4.2644413e-02  -1.3919800e-01   5.6707398e-02  -3.0467552e-02   2.1526224e-02  -5.0451917e-02   2.3095420e-02   2.4934941e-02   4.3180921e-02  -2.7499665e-02  -1.2359793e-01   9.2805686e-03  -1.0242402e-01   6.7857625e-02  -9.2443903e-03   4.3377758e-02   3.3413361e-02  -5.5201714e-02   5.6620957e-02   1.9220041e-02  -5.7866986e-02  -1.1367235e-01   0.0000000e+00  -9.5984087e-02   9.7079996e-02   1.2752192e-01
   0.0000000e+00   0.0000000e+00   0.0000000e+00   0.0000000e+00   0.0000000e+00   0.0000000e+00   0.0000000e+00   0.0000000e+00   0.0000000e+00   0.0000000e+00   0.0000000e+00   0.0000000e+00   0.0000000e+00   0.0000000e+00   0.0000000e+00   0.0000000e+00   0.0000000e+00   0.0000000e+00   0.0000000e+00   0.0000000e+00   0.0000000e+00   0.0000000e+00   0.0000000e+00   0.0000000e+00   0.0000000e+00   0.0000000e+00   0.0000000e+00   0.0000000e+00   0.0000000e+00   0.0000000e+00   0.0000000e+00   0.0000000e+00   0.0000000e+00   0.0000000e+00   0.0000000e+00   0.0000000e+00   0.0000000e+00   0.0000000e+00   0.0000000e+00   0.0000000e+00   0.0000000e+00   0.0000000e+00   0.0000000e+00   0.0000000e+00   0.0000000e+00   0.0000000e+00   0.0000000e+00   0.0000000e+00   0.0000000e+00   0.0000000e+00   0.0000000e+00   0.0000000e+00   0.0000000e+00   0.0000000e+00   0.0000000e+00   0.0000000e+00   0.0000000e+00   0.0000000e+00   0.0000000e+00   0.0000000e+00   0.0000000e+00   0.0000000e+00   0.0000000e+00   0.0000000e+00   0.0000000e+00   0.0000000e+00   0.0000000e+00   0.0000000e+00   0.0000000e+00   0.0000000e+00   0.0000000e+00   0.0000000e+00   0.0000000e+00   0.0000000e+00   0.0000000e+00   0.0000000e+00   0.0000000e+00   0.0000000e+00   0.0000000e+00   0.0000000e+00   0.0000000e+00   0.0000000e+00   0.0000000e+00   0.0000000e+00   0.0000000e+00   0.0000000e+00   0.0000000e+00   0.0000000e+00   0.0000000e+00   0.0000000e+00   0.0000000e+00   0.0000000e+00   0.0000000e+00   0.0000000e+00   0.0000000e+00   0.0000000e+00   0.0000000e+00   0.0000000e+00   0.0000000e+00   0.0000000e+00   0.0000000e+00   0.0000000e+00   0.0000000e+00   0.0000000e+00   0.0000000e+00   0.0000000e+00   0.0000000e+00   0.0000000e+00   0.0000000e+00   0.0000000e+00   0.0000000e+00   0.0000000e+00   0.0000000e+00   0.0000000e+00   0.0000000e+00   0.0000000e+00   0.0000000e+00   0.0000000e+00
   3.8108849e-02   7.3047694e-02   0.0000000e+00   0.0000000e+00   5.5525859e-02   7.2130795e-02   1.2660843e-01   1.0272855e-02   6.3136037e-02   6.4993491e-02   1.5392004e-01  -1.0095787e-01   1.1977527e-01  -3.3130999e-02   8.7368964e-02   1.3522757e-01   1.2372998e-01   7.1838370e-02   7.0257180e-02   1.1623914e-01   1.2574910e-01   1.1103431e-01   5.8238296e-02   7.0061056e-02   3.3816168e-02   1.2441041e-01   1.2334969e-02  -3.0936759e-02   9.1065511e-02   9.2242905e-02  -3.0204472e-02   6.8438713e-02   1.1664649e-01   1.1883475e-01   6.0320437e-02  -2.9200230e-02   5.8754300e-02   2.2305781e-02  -3.7657789e-03   4.5981027e-02   7.7011324e-02  -7.4013398e-04   1.2417181e-01   3.5308212e-02   1.3440508e-01   1.0587169e-02   9.2428756e-02   9.9316737e-03   1.4369598e-01   2.4346072e-02   5.2367432e-02  -7.2879295e-03   8.7891949e-02   2.7545806e-01   1.1067685e-01   9.9314871e-03   5.4373300e-03   4.5421097e-02   1.6543808e-01   1.0344092e-01  -4.1971224e-02  -9.2043955e-02  -5.5779122e-03   1.6738576e-01  -2.6230672e-02  -1.6723355e-02  -3.8473131e-02   1.0255911e-01   6.5674930e-02  -3.4840219e-02  -1.1062399e-02  -6.7483800e-02   2.5629534e-02  -5.9689349e-02   1.5479627e-01   2.3857301e-01  -5.8562463e-02  -1.0294955e-01  -4.8977263e-02   5.0633979e-02  -2.1265738e-02  -6.7096253e-02  -5.5524944e-02  -3.0189064e-02  -1.3531099e-02  -9.1071897e-02   6.9151317e-02  -2.8879979e-02   1.6577502e-02   6.5476800e-02  -3.2033158e-03  -1.0278651e-01  -1.0219073e-02  -1.6917685e-01  -2.1274325e-02  -4.1565463e-02  -4.2475233e-02  -4.6534288e-02   3.2452172e-02   2.2224759e-03   7.4826431e-03  -5.2304564e-02  -1.4596550e-01  -2.2405728e-02   2.5272594e-02   1.9383005e-02   7.6112625e-02   1.4572468e-01   9.3727518e-02  -9.8219486e-03   3.7132057e-02   1.0815065e-01   5.8481841e-02  -4.3254622e-02   0.0000000e+00  -1.6815642e-03  -6.3454831e-03   1.1736301e-01
   2.8353854e-01   1.0731372e-01   0.0000000e+00   5.5525859e-02   0.0000000e+00   4.5826794e-01   1.4356475e-01  -2.6122710e-02   1.4747314e-02  -9.3290022e-02   2.8895616e-01   2.1622980e-01   3.2133042e-02   6.4788562e-02   1.1378113e-01   1.2979074e-01   4.6498395e-01   4.6741586e-01   3.3749132e-01   2.6427474e-01   5.8581856e-02   2.0520931e-01   2.1761523e-02  -7.4182403e-02   3.5120398e-02   2.1268231e-01   2.9255281e-01   1.5023998e-01   4.7095352e-03  -9.8621090e-03   1.7444901e-01   1.5823334e-01   2.8298947e-01   1.2692529e-01   2.8823555e-01   1.9423102e-01   1.6274510e-01   1.0587679e-01   9.1143623e-02   1.2688972e-01   2.0359769e-01   1.0845103e-01   2.6165958e-01   1.2497612e-01  -1.1306670e-01   1.7216692e-01   7.1855071e-01   2.8812998e-01   1.8472602e-01   1.5602515e-01   7.8330963e-02   1.3913850e-01   1.2480152e-01   2.8476507e-01   3.8804188e-02   1.9478615e-01   1.9088552e-01   3.5379643e-02   2.6053760e-01   2.0406930e-01   1.7479923e-01   1.9628125e-01   1.1748989e-01   1.7452663e-01  -1.5277909e-02   3.8375451e-01   1.3725164e-01  -9.0402516e-02  -1.0988257e-01   3.2261285e-01   7.2426090e-02   1.0738334e-01   3.4949882e-01   2.2543217e-01   2.1837188e-01  -2.8166965e-02   3.3306815e-03   8.1567488e-03   1.5413422e-01  -1.5455595e-02   1.9910454e-01   8.6898606e-02   1.9543854e-01   2.9360218e-01   1.1784940e-01   1.4484733e-01   3.0846974e-02   9.3326710e-02   8.6653841e-02   6.5827256e-02   1.1613136e-01   2.8610745e-01   2.5404788e-01   1.0529143e-01   1.9749307e-01   2.6423079e-02   2.3558579e-01   9.5103703e-02   1.2136202e-01   1.1021804e-01   2.1108254e-01   2.1223445e-01   7.2618348e-02   2.2608605e-01   9.0369583e-02   1.0841745e-01   1.1737852e-02   2.6607228e-01  -1.0431426e-01   1.3980913e-02   8.1732482e-03  -5.9728470e-03   5.6225897e-02   1.4693501e-01   0.0000000e+00  -7.3644336e-02  -8.0041228e-03  -1.5019356e-02
   7.8074679e-02   1.4835459e-01   0.0000000e+00   7.2130795e-02   4.5826794e-01   0.0000000e+00   1.1689461e-01   3.7743058e-02  -7.2942787e-02   5.0777431e-02   2.1504089e-01   1.0983719e-01   1.4333523e-02   2.8499149e-02  -3.5671848e-02   3.4424707e-02   3.2726805e-01   2.3070578e-01   1.1509772e-01   1.4902726e-01   3.8013436e-02   1.1420884e-01  -1.1459900e-01  -2.8594271e-02   2.6400778e-02   2.2283069e-01   2.6070779e-01   9.5656732e-02   7.9525606e-02   1.8268010e-02   1.0296793e-01   4.1530109e-02   2.7026731e-01   1.1178839e-01   1.4736924e-01  -4.0193372e-02  -4.9795162e-02  -7.5676717e-03  -8.0534106e-02   7.7086355e-02   1.2096817e-01  -2.7208872e-02   7.6499470e-02  -7.1827721e-02  -1.4670538e-01   3.4249433e-03   2.7474723e-01   1.3141374e-01   1.2834618e-01   2.7271587e-01   1.1846329e-01   2.4539046e-02  -5.7826644e-02   2.9396360e-01  -4.9754609e-03   1.1872147e-01   1.3292179e-01   3.2099806e-04   2.4836008e-02   1.6891111e-01   1.1450130e-01   7.6773241e-02   9.2714159e-02   1.0269713e-01  -1.1471887e-01   1.6059437e-01   1.3693315e-01  -4.9680745e-02  -2.6830005e-02   1.7541989e-01   7.3484173e-02   8.8317307e-02   2.6103471e-01   2.9324211e-03   3.1988176e-01   1.0420120e-01  -1.0645627e-01  -7.7282703e-02   1.8001406e-01   9.3593231e-02   2.6346086e-01   1.0548837e-01   2.2127595e-01   2.2217471e-01   1.0426686e-01   1.7284537e-02   8.6210361e-02   1.6285810e-01   1.1136542e-01   1.1593373e-01   1.0622247e-01   1.7613266e-01   1.5546085e-01   1.1696439e-02   1.2465953e-01  -8.9193509e-03   7.4997200e-03  -3.6583846e-02  -2.0299946e-02   2.3442760e-03   1.0285683e-01   3.2720782e-02  -9.9630783e-02   1.6461064e-01  -3.1862364e-02  -2.1283813e-02  -1.1279789e-02   1.1781389e-01  -5.7119544e-02  -9.3120934e-02  -1.9509103e-02   8.4937314e-02   1.3885409e-02   9.7378282e-02   0.0000000e+00  -4.4458770e-02   1.0266947e-01   8.7734877e-02
   5.8002526e-01   2.0480661e-01   0.0000000e+00   1.2660843e-01   1.4356475e-01   1.1689461e-01   0.0000000e+00  -3.6114754e-03  -6.8925605e-02   2.3039869e-01   3.3066147e-01   3.9904181e-02   1.5797798e-01  -1.1495340e-01   1.5528595e-01   1.5966519e-01   2.3318325e-01   2.6977523e-01   3.4804607e-01  -3.8335130e-03   2.3228373e-02  -2.8596286e-02  -6.2270685e-02  -1.6298045e-02   1.2420767e-02   2.7314983e-01   2.2125669e-02  -3.6079034e-02   1.4653897e-01   1.1764300e-01  -4.8960324e-03   2.1738972e-01   3.5232468e-01   1.9836757e-01   8.7160478e-02  -7.9413742e-02   6.2472923e-02  -1.4526475e-01  -2.0698331e-01   1.8893503e-01   4.7379223e-02  -4.1949467e-02   1.0551055e-01  -6.1689138e-02   2.4980387e-01  -1.1585518e-01   1.1205960e-01   1.6886553e-01   2.1697134e-01   1.5919041e-01   1.4392955e-01   1.2691541e-01   2.6222700e-02   2.3371669e-01   8.2427537e-02   1.2796143e-01  -4.9689306e-02   1.2500368e-01   8.6494467e-02   6.8948219e-03  -1.5521791e-01  -2.0137464e-01  -1.3133264e-01   3.4219008e-01  -1.4136927e-01   3.3959755e-01   1.3024261e-02   3.4969398e-01   2.8777131e-01  -7.5280357e-02   5.0189294e-02  -4.3268105e-03   4.6332208e-01   4.8985190e-01   1.0342471e-01   4.5081180e-01   3.8886767e-02  -3.9506741e-01  -4.6852262e-02   1.1990641e-01   2.9610947e-02   7.5813877e-02  -2.7812391e-02   3.6333521e-02   5.5414851e-02  -1.1884461e-01   2.7646162e-01   7.0847326e-02   1.7677902e-01   1.4130640e-01   2.6932790e-01  -1.7502230e-01  -1.2057228e-01  -1.2233818e-01   9.1947701e-02  -5.1394560e-02  -4.6218255e-02   2.1963270e-02   6.3378676e-02   4.5076107e-02   7.7128740e-02   3.1038784e-02  -2.2814167e-01  -1.2937751e-01  -3.0228710e-02   1.2045906e-01   1.7252297e-01   4.3736595e-02   3.0929221e-02   2.1567812e-02   3.0554976e-02   1.1445210e-02   4.3179923e-02  -2.2576772e-01   0.0000000e+00   1.5172543e-02   9.3570741e-02   2.8067483e-01
  -6.6977397e-02  -4.9821754e-03   0.0000000e+00   1.0272855e-02  -2.6122710e-02   3.7743058e-02  -3.6114754e-03   0.0000000e+00   1.9819950e-01   1.3119112e-01  -3.6864304e-03   1.1336972e-01   3.6637871e-02   7.0465771e-02  -2.8469242e-02   1.5328083e-01   1.7564826e-02  -3.0754248e-02   9.1987112e-02  -2.1279632e-02   8.7626483e-02   5.2950934e-02   6.7944568e-02  -8.4799874e-02  -2.8637147e-02  -1.0853982e-02  -9.0446045e-02   1.4013826e-01   6.1776293e-02  -3.3731917e-02  -2.2224825e-02   1.4506678e-01   9.3118007e-02   2.5719995e-02   8.4480916e-02   7.5157890e-02   1.2038075e-01   1.1885669e-01   1.1910507e-01   1.9940939e-01   1.2349180e-01   8.8073433e-02   9.6099719e-02   1.0978076e-01   1.0469339e-02   1.5230785e-01  -2.9481159e-02   1.9899889e-01   1.1929458e-01   8.8727080e-02   9.1493841e-02   1.0179184e-02   8.8886836e-02   1.9937122e-01   8.1806191e-02   9.5986492e-02  -8.8880568e-02   8.6022606e-02   5.0301098e-02  -1.0719124e-01   1.6817822e-02   6.2748952e-02   7.5582776e-02   6.4404196e-02  -1.7201839e-02   4.3094398e-02   1.5481690e-01  -5.6778167e-02   1.7724479e-01   8.1206180e-02  -2.1035071e-02   1.7753662e-01  -1.0193522e-01  -1.0423071e-01  -6.6573593e-02  -1.5591793e-02   1.2267259e-01   1.6133512e-01   1.7089926e-01  -4.5017948e-03  -7.3163232e-03  -6.2428935e-02   9.8173706e-02   2.7982830e-02  -8.4426277e-03  -3.8709255e-02   1.8045253e-02   7.9449354e-02   5.7679727e-02   8.4010667e-03   2.7412078e-02   8.5996385e-02   1.3616771e-01   1.1318902e-01   2.7980991e-01   2.0464617e-01   6.1939367e-02   1.0614563e-01   7.1175032e-02   1.7643902e-01  -1.0525141e-01   4.0181316e-02   1.4218572e-02   2.4477681e-02   1.7171486e-01   1.5355221e-01   1.5131601e-01   1.0667376e-01   2.1824005e-01   1.9244371e-01   1.6248703e-01   4.2360043e-03   2.1413846e-02  -4.6077059e-02   0.0000000e+00   4.2825494e-01   2.0168774e-01   1.3491045e-01
  -8.2194924e-02  -2.7681758e-02   0.0000000e+00   6.3136037e-02   1.4747314e-02  -7.2942787e-02  -6.8925605e-02   1.9819950e-01   0.0000000e+00   3.1374423e-02  -1.1243350e-01  -7.0755436e-02  -2.5892381e-02  -7.2698266e-02   1.1792251e-01   2.3301317e-01  -1.8548212e-02  -6.1908908e-02   7.0463857e-02  -1.7495747e-01  -8.2185079e-02   7.8459475e-02  -5.1886269e-03  -2.0412608e-01  -5.1865913e-02  -1.1745244e-01   3.7451787e-02   1.0459939e-01   8.2175124e-02  -2.4222329e-02   6.2264931e-02   4.5960244e-02   3.8778310e-03  -8.3917001e-02   2.3382434e-02   8.7084707e-02   4.9737777e-02   1.4294699e-01   1.4187958e-01   6.0984086e-02   1.7287561e-01  -6.8580752e-02   1.4751299e-01   1.7034248e-01  -1.1820519e-02   2.3287548e-01   1.4945200e-02   5.8468458e-02   1.6413719e-01  -4.5417250e-02  -2.4552331e-02   7.3188702e-03   1.6821586e-01  -2.1075494e-02   1.5560667e-01  -1.5838655e-03  -3.6226829e-03   6.8636896e-02   1.1481212e-01  -6.7636448e-02   1.3151863e-03   4.5433545e-02   1.2058491e-01   2.4376978e-01   3.5263744e-01  -4.3498944e-02   2.6701837e-01   1.1450641e-01   2.0635831e-01   2.5080123e-02  -2.0735943e-01  -5.4692618e-02  -8.7566156e-02  -1.3807423e-01  -2.5010331e-02   2.2930144e-02   3.4717777e-01   1.0230784e-01   9.4229438e-02   9.4603342e-02   3.6941608e-02  -6.8946581e-02  -7.4038578e-02  -3.1560281e-02   5.3629499e-02   7.1008827e-02   7.8076601e-02   3.1879579e-02   1.1737744e-01   1.2796276e-01   8.8099988e-02   3.0481800e-02   5.6604848e-02   8.0248568e-02   1.0469000e-01   1.7991579e-01   9.4031595e-02   3.2492891e-01   2.8648543e-01   2.4414710e-01  -5.9826804e-02   1.7252173e-01   1.6163182e-01   7.3171968e-02   1.9039688e-01   4.6007869e-02   1.4752723e-01   3.1133545e-01   1.5108000e-01   3.2701669e-01   4.5143996e-01   1.3735398e-02  -2.0810385e-02   4.8026040e-02   0.0000000e+00   1.7153576e-01   1.4156076e-01   5.7513831e-02
   6.7743251e-02  -8.2145106e-03   0.0000000e+00   6.4993491e-02  -9.3290022e-02   5.0777431e-02   2.3039869e-01   1.3119112e-01   3.1374423e-02   0.0000000e+00   3.2460472e-02   8.1613560e-02   2.0116335e-01   1.4770393e-02   9.2653470e-02   1.4099074e-01   1.0234030e-01   1.2240922e-01   9.9435825e-02   3.7595852e-02   8.5224515e-02   1.2852147e-02  -4.8137218e-02  -7.7671441e-02   6.1107642e-02   1.7433405e-01   7.1715407e-02   1.1020305e-01   2.5893004e-01   1.4953451e-01   1.1696537e-01   8.6644080e-02   1.6720714e-01   1.1926765e-01  -5.1266657e-02  -5.5261399e-02   6.9304520e-02  -2.5660739e-02  -9.6013514e-02   1.1812756e-01   1.1817884e-01  -7.2223475e-02   4.5862344e-02  -7.1714933e-02   2.0339580e-01   3.6847524e-02  -3.3859901e-02   6.7746384e-02   2.8156989e-01   9.8399619e-02   3.0251606e-01   2.2297586e-01   6.2363181e-03   8.9427701e-02   2.5107354e-01   8.9058345e-02   6.2456738e-02   9.5710100e-02   7.3619815e-02   4.0097427e-02  -1.2918999e-01  -6.2983398e-02  -2.2408595e-02   7.7425986e-02  -6.7424131e-02   1.7223369e-01   1.0124186e-01   3.2729972e-01   1.6419862e-01  -1.7427199e-05  -1.3793276e-02  -6.5719703e-02  -7.5982715e-02  -1.0729407e-01  -6.5406658e-02   1.8765499e-01  -1.2029435e-01  -1.0556899e-01   8.4472349e-02   5.1234834e-02   1.3565520e-01   9.5341661e-02  -5.3858050e-02  -1.6546717e-02  -4.6334865e-02  -7.3609383e-02   2.1914400e-01   1.2843911e-01   1.1057177e-01   3.9008054e-02   4.1118182e-02  -1.6365465e-02   1.5817998e-02   2.2352666e-02   3.7563208e-02  -2.9707208e-02  -2.6937561e-03   1.0581199e-02  -1.1995448e-01  -2.6778610e-02  -7.0486349e-02  -5.1935537e-02  -1.4329993e-01   4.3814631e-02   1.4686866e-01   1.3931070e-01  -1.0766331e-02   1.1270582e-03   7.3488599e-02   6.7203521e-02   7.4173532e-02   1.1724948e-01  -3.5351836e-02  -9.0821188e-02   0.0000000e+00   1.4257699e-01   2.5410914e-02   1.0017105e-01
   4.3677844e-01   1.4137959e-01   0.0000000e+00   1.5392004e-01   2.8895616e-01   2.1504089e-01   3.3066147e-01  -3.6864304e-03  -1.1243350e-01   3.2460472e-02   0.0000000e+00   9.2394703e-02   4.5421385e-01   6.7589536e-02   3.2895128e-01   2.6927154e-01   3.0700877e-01   3.5365203e-01   3.1075805e-01   4.4585890e-01   2.5254062e-01   1.8001790e-01   8.3407468e-02   9.5527062e-02   2.9370990e-01   3.7680653e-01   3.8798019e-01   1.4933131e-01   4.5406644e-01   4.5946590e-01   1.4712725e-01   3.8368393e-01   4.6026561e-01   5.5335341e-01   2.9522846e-01   1.5400008e-01   3.7134589e-01   9.8133149e-02   1.3976959e-01   5.3513503e-01   4.1381399e-01   1.9953351e-01   4.5864997e-01   6.9008467e-02   2.8482856e-01   1.1433201e-01   3.6146935e-01   2.0515914e-01   2.7379796e-01   2.3961133e-01   4.2783659e-02   3.4101713e-01   8.3114897e-02   2.3199123e-01   1.2318522e-01   3.3001989e-01   3.1664724e-01   8.9847097e-02   2.7896350e-01   1.4857144e-01  -2.4884957e-01  -1.3776689e-01  -8.0236665e-02   3.4970726e-01  -1.3738275e-02   2.8129816e-01  -5.2900873e-02   1.1962893e-01  -2.9303623e-02   9.3862489e-02   1.3452707e-01  -3.1802371e-02   4.3524284e-01   2.8425301e-01   2.8323993e-01   1.6628615e-01  -4.8327269e-02  -5.4745665e-02  -1.1903879e-01  -8.4514448e-03   2.6728163e-02   1.6387894e-01   3.0364366e-02   1.1740205e-01   2.0275956e-02   3.0266348e-01   3.1978543e-01  -1.4546656e-01   3.1258874e-01   1.1341981e-01   1.4092963e-01  -7.8271160e-02  -3.4472633e-02   1.5713507e-01   5.9005085e-02  -7.5088344e-02   2.4295389e-01  -3.6860745e-02  -7.0365564e-02  -5.0746556e-02   3.0029166e-01   1.9092339e-01  -3.4330958e-01  -1.1230473e-01  -1.4925553e-01   1.5722944e-01   1.9415622e-01  -1.4615129e-02   5.4191652e-02   1.5199125e-02   1.2322101e-01   2.3665198e-02   2.4729535e-02  -6.9049489e-02   0.0000000e+00  -2.0458218e-02  -1.2445898e-01   8.5507993e-02
   1.0543103e-01   9.5066855e-02   0.0000000e+00  -1.0095787e-01   2.1622980e-01   1.0983719e-01   3.9904181e-02   1.1336972e-01  -7.0755436e-02   8.1613560e-02   9.2394703e-02   0.0000000e+00   4.7868424e-02   6.2277359e-02   1.3907908e-01  -1.5356639e-02   1.0555431e-01   2.4757118e-01   3.0216226e-01   1.8658948e-01   4.6581160e-02   5.6107604e-02  -8.5017733e-02  -1.2112083e-01   6.6842723e-02   1.6100966e-01   2.4519507e-01   1.3641086e-01  -1.9858664e-02  -7.1358757e-03   2.5155731e-01   5.5083044e-02   1.8473448e-01   5.8290175e-02   1.8521451e-01   1.8657116e-01   1.2299286e-01   1.8066306e-01   1.5249637e-01   1.6469226e-01   7.9606069e-02   1.3033747e-01   1.4390812e-01   1.3875312e-01  -9.4737799e-02   2.1358323e-01   2.7286919e-01   3.1820558e-01   4.9168412e-02   2.8412878e-01  -4.2425010e-02   1.8302575e-01   1.7842087e-01   6.9873140e-02   4.4341511e-02   8.9389791e-02   2.4677088e-01  -3.5573120e-02   2.2071614e-01   1.5528053e-01   1.3634519e-01   1.6999990e-01   5.6252497e-02   6.5469515e-02  -8.8429612e-03   4.6852915e-01   2.1988143e-01   3.7800762e-02  -1.2870519e-01   3.1738142e-01   7.2685303e-02   1.9444342e-01   1.2435417e-01   2.6311331e-01  -7.8129007e-02  -7.2475002e-02   4.5767739e-02   3.8725048e-02   2.1244688e-01   2.3963820e-02   2.6189341e-01   1.6082415e-01   2.8043746e-01   3.1095605e-01   2.0816142e-01   2.5291855e-01   2.1063461e-01   2.4607675e-01   2.0150082e-01   3.0673547e-02   2.1142781e-01   2.8331787e-01   1.7689303e-01   1.0242250e-01   2.7052455e-01   6.3518029e-02   4.1123110e-01   1.4558199e-01   6.2900336e-02  -3.0711246e-02   2.8639152e-01   1.3974185e-01   2.4376975e-01   1.7865176e-01   8.6798419e-02  -5.2139656e-03  -8.6815026e-02   4.2707208e-02  -2.5249595e-02   1.8280178e-01   1.1200373e-01   6.0533494e-02   1.0426181e-01   8.6634862e-02   0.0000000e+00  -6.0384136e-02  -4.4808297e-03  -1.0222897e-02
   8.2477056e-02  -2.8484287e-02   0.0000000e+00   1.1977527e-01   3.2133042e-02   1.4333523e-02   1.5797798e-01   3.6637871e-02  -2.5892381e-02   2.0116335e-01   4.5421385e-01   4.7868424e-02   0.0000000e+00   1.8805059e-01   3.6239290e-01   2.5524259e-01   8.4473148e-02   2.6413870e-01   1.3411983e-01   6.1864367e-01   4.4712964e-01   1.8095724e-01   9.7846872e-02   1.5478892e-01   3.9631065e-01   4.7082249e-01   3.0401853e-01  -3.5399375e-02   5.8869767e-01   5.5857566e-01   2.0185232e-01   1.4165911e-01   1.8845206e-01   4.8175925e-01   1.1923414e-01   5.9265405e-02   3.1742994e-01   5.7922075e-02   4.4724886e-02   3.4174620e-01   2.0992588e-01   1.0633671e-01   3.5685525e-01   9.7102037e-03   5.1362869e-01   2.0632258e-01   1.3237336e-01   2.3099600e-01   3.5111544e-01   2.2046763e-01   1.6540875e-01   2.9144174e-01   1.6927801e-01   7.2215680e-02   2.9532290e-01   2.8813720e-01   2.8230265e-01   1.1870939e-01   2.6853795e-01   2.5317451e-01  -1.7761280e-01  -1.0908638e-01  -5.8643648e-02   3.3307008e-01   1.8738010e-02   1.2710327e-01  -6.2419554e-02   2.0712187e-01   6.0508771e-02   4.4000232e-02   1.4940096e-01  -4.7798813e-02  -9.8159187e-03   6.1216533e-03  -6.3228591e-02   1.8992800e-01  -8.2924291e-02   1.6855604e-02  -1.4754546e-01  -1.2886016e-02  -9.3507062e-03   9.8898156e-02   2.4523441e-03   1.5031042e-01  -8.8484885e-02   2.1030388e-01   2.6475615e-01  -1.1533822e-01   9.8878568e-02   1.3253446e-01   4.6827589e-02  -1.1621881e-01  -7.2117726e-02   1.9266442e-01  -1.9323955e-02  -1.2501998e-02   1.9289518e-01   1.0995336e-03  -1.1499638e-01   1.6944561e-02  -1.0775922e-02   1.2606517e-03  -2.3209753e-01   1.0023429e-02  -4.8203784e-02   1.3335676e-01   8.8927994e-02  -1.0347149e-01   8.0421128e-02  -1.7977138e-02   1.1579689e-01   1.0336759e-01   9.9988353e-03  -5.4786256e-02   0.0000000e+00  -9.5437862e-03  -2.0092654e-01   6.4328590e-02
   7.1327608e-02  -9.4503467e-02   0.0000000e+00  -3.3130999e-02   6.4788562e-02   2.8499149e-02  -1.1495340e-01   7.0465771e-02  -7.2698266e-02   1.4770393e-02   6.7589536e-02   6.2277359e-02   1.8805059e-01   0.0000000e+00   2.6332168e-02   8.1030033e-02  -4.0071062e-02  -4.4492939e-02   6.0207227e-02   3.0935400e-01   2.7289937e-01   2.1980725e-01   3.2080262e-01   9.1534880e-02   2.4739111e-01  -3.8046411e-03   1.8714188e-01   2.4416311e-01  -8.8103728e-02   8.5567530e-02   1.1481932e-01   7.3091339e-02   1.2343132e-01   3.1234676e-02   6.9687013e-02   1.7429806e-01   1.9793703e-01   1.5542265e-01   1.5007296e-01   6.2455808e-02   1.1578718e-01   7.6430971e-02   4.5684719e-02   5.7706556e-02   8.9404996e-03   1.5589108e-01   1.2441861e-01   5.8796471e-02  -1.0285094e-01  -2.3432924e-02   1.4405265e-01   5.2923163e-02   5.4866156e-02   7.2604178e-02   1.1126845e-01   8.2874321e-02   2.3161816e-01  -8.8095548e-02   5.8714635e-02   1.4587027e-01   1.8340592e-01   2.8604465e-01   4.6585826e-01  -1.3075292e-01  -3.1995940e-02   5.0891607e-02   7.6047796e-03  -6.5460833e-02  -1.2751163e-01   2.2209026e-01   3.0019722e-01   2.7603850e-01  -5.6895747e-02   2.9531604e-02  -5.6043941e-02  -1.6237050e-01  -8.7220576e-02   1.8918341e-01   2.4314503e-01  -8.2287855e-02   8.7084840e-02   8.6207225e-02   4.1032770e-01   1.8428551e-01  -4.0622545e-02   3.6787472e-02  -1.4790928e-01   1.5898875e-01  -1.3815525e-01  -5.4097660e-03  -1.6171802e-01   3.9653286e-01   2.1632931e-01   1.3122604e-01   6.0981465e-02   1.2350292e-01   1.9725397e-01  -1.9156286e-02   3.1254713e-02   1.1359854e-01  -9.2004541e-02   1.2343395e-01  -3.1214488e-02   1.7896614e-01   2.6680325e-01   1.6826895e-01  -9.1004794e-02  -4.7381201e-02  -5.0433320e-02   5.7295849e-02  -3.5442869e-02   6.3783765e-02   3.0884412e-02   7.6240692e-02   0.0000000e+00   2.2737669e-02  -7.1436700e-02   1.3924416e-01
   8.6570925e-02   4.2148813e-03   0.0000000e+00   8.7368964e-02   1.1378113e-01  -3.5671848e-02   1.5528595e-01  -2.8469242e-02   1.1792251e-01   9.2653470e-02   3.2895128e-01   1.3907908e-01   3.6239290e-01   2.6332168e-02   0.0000000e+00   4.4127910e-01  -2.0233055e-02   2.5880622e-01   2.3761155e-01   2.2669976e-01   1.3481730e-01   9.5110277e-02   1.1374134e-01   3.9681070e-02   2.1000553e-01   1.3742133e-01   1.9591887e-01  -4.5203105e-02   3.4645916e-01   3.0724749e-01   1.0895925e-01   8.7969703e-02   2.3360589e-01   5.0394699e-01   1.3817444e-01   2.8138908e-01   5.0929393e-01   1.9242279e-01   1.7952156e-01   1.9332905e-01   1.7459005e-01   1.7482760e-01   3.3717988e-01   2.0185226e-01   2.0538491e-01   3.1993825e-01   2.3450425e-01   3.6440307e-01   3.4635439e-01   1.1131077e-01  -1.0699196e-01   2.9487963e-01   3.0391326e-01   1.2430095e-01   3.4844032e-01   4.4169015e-01   2.8117111e-01   7.7301205e-02   2.4254187e-01   7.9106724e-02  -8.3755112e-02  -7.1734631e-03  -1.1759048e-01   3.7534487e-01   1.5066614e-01   3.1319540e-01  -1.6315842e-01   5.3009688e-02  -1.2879981e-01   9.5143403e-02  -4.3864428e-02   3.5281709e-02   5.9380972e-03   1.5881527e-01  -5.0317868e-02  -8.5181110e-02  -7.5685228e-02  -2.8754296e-02  -1.7314285e-01  -4.7067761e-02  -1.1090425e-01   1.0992005e-03  -4.4285893e-02  -1.2991705e-02  -5.8407464e-02   1.6646131e-01   8.5976374e-02  -1.5583660e-01   8.2086343e-02  -1.2754053e-01  -5.7457430e-02   4.7084264e-03  -1.0227276e-01   1.3736181e-01   8.2955199e-02  -5.5091176e-04   3.2693378e-01   5.6258168e-02  -1.3423754e-03   1.9305503e-02   3.1724881e-02   3.7521540e-02  -6.6898600e-02  -6.3288495e-02  -1.0970377e-02   8.5983917e-02   2.0052215e-01   8.5216474e-02   5.7325634e-02   2.3558963e-01   1.7158828e-01   1.8004710e-01   2.1760157e-01   1.5162216e-01   0.0000000e+00   4.8625353e-02  -2.3346535e-01  -1.1523429e-01
   4.9643822e-02  -3.1572883e-02   0.0000000e+00   1.3522757e-01   1.2979074e-01   3.4424707e-02   1.5966519e-01   1.5328083e-01   2.3301317e-01   1.4099074e-01   2.6927154e-01  -1.5356639e-02   2.5524259e-01   8.1030033e-02   4.4127910e-01   0.0000000e+00   1.0426454e-01   1.4262473e-01   2.5488554e-01   1.0690766e-01   1.8092721e-01   1.5647542e-01   6.6084204e-02  -2.1662803e-02   1.7820118e-01   3.1333369e-02   1.3116979e-01   1.6955731e-01   2.9045736e-01   2.2785322e-01   8.3115404e-02   1.8862910e-01   2.1400302e-01   2.6793412e-01   1.1407438e-01   2.1511743e-01   4.3504166e-01   2.6224505e-01   2.0441316e-01   3.3480564e-01   2.8893290e-01   1.3963537e-01   3.0143322e-01   1.1057110e-01   8.6620321e-02   3.0628988e-01   2.6934440e-01   2.5986527e-01   2.4553758e-01   1.1541384e-01  -2.1009301e-03   2.0380523e-01   2.3977418e-01   3.4152117e-01   7.0288803e-01   5.2739970e-01   1.6139641e-01   1.3737242e-01   2.0972811e-01   5.8421358e-02  -1.1425873e-01  -2.2152636e-02   1.4833251e-02   2.9640898e-01   1.2754527e-03   2.3331017e-01  -4.7247404e-02   1.1744519e-01   9.2904892e-02   2.3110536e-02  -7.0211223e-02  -7.5763403e-03  -8.3676517e-03  -3.7867957e-02   3.9283411e-02  -2.9895197e-03   3.5728407e-02  -2.3983931e-03   3.3245528e-03  -9.0716088e-05  -2.9197401e-02  -1.0799603e-02   2.6947290e-02  -3.0522146e-02  -5.1502441e-02   1.5334412e-01   7.2562717e-02  -2.9683406e-02   4.5598087e-02   2.2112388e-02  -7.8877237e-02   4.0099139e-02   1.4682198e-01   1.3924274e-01   2.4704255e-01   1.7423613e-01   2.4020183e-01   2.0375803e-01   1.5033068e-02   2.1409493e-01  -1.1430318e-02   2.3967144e-01  -1.2337703e-01   6.6007153e-02   2.0533288e-01   1.7490325e-01   1.8348021e-01   2.5169346e-01   1.7115968e-01   2.8181204e-01   2.2712960e-01   1.7677024e-01   8.9662724e-02   1.6378551e-01   0.0000000e+00   1.5605622e-01  -7.5710470e-02  -1.4979684e-03
   2.5901873e-01   1.5013320e-01   0.0000000e+00   1.2372998e-01   4.6498395e-01   3.2726805e-01   2.3318325e-01   1.7564826e-02  -1.8548212e-02   1.0234030e-01   3.0700877e-01   1.0555431e-01   8.4473148e-02  -4.0071062e-02  -2.0233055e-02   1.0426454e-01   0.0000000e+00   5.7973845e-01   2.3273219e-01   2.3651647e-01   3.5754567e-02   7.0587049e-02  -1.1937857e-01  -1.4784925e-01   2.6751137e-02   1.6655716e-01   2.6014445e-01   1.0378268e-01   1.7751222e-01   1.0946429e-01   1.7185276e-01   9.5276925e-02   2.8714807e-01   1.1885750e-01   1.5153164e-01   6.1108384e-02   5.1166395e-02   4.9682377e-02  -1.9936880e-03   1.5105489e-01   1.3953803e-01   6.3708044e-02   2.7192163e-01   4.0644872e-02  -1.0850666e-01   1.3455500e-01   3.3859964e-01   2.0505425e-01   3.2375517e-01   1.1026739e-01   1.5385013e-01   2.2906214e-01  -9.8736609e-03   2.4354882e-01   8.7055296e-02   1.9074077e-01   1.5664673e-01   1.5082698e-01   2.7316143e-01   1.1510661e-01  -6.5041517e-02  -3.0798891e-02   5.2556749e-02   2.7542462e-01  -3.4462374e-02   3.1706435e-01   2.3996693e-01   9.0693761e-03   6.5180455e-02   2.3885845e-01   8.9598016e-02  -1.1065027e-01   3.9252021e-01   1.5851843e-01   3.3361420e-01   1.3305327e-01   8.3666343e-03  -1.7136166e-01   1.0939815e-01   4.0892716e-02   2.0087107e-01   1.2097839e-01   5.1664424e-02   2.5368396e-01   3.9386020e-02   1.7162213e-01   2.1311400e-01   4.4929828e-02   1.4380305e-01   1.9676938e-01   2.0692742e-01   1.0446196e-01   1.9606120e-01   1.2814095e-01   1.6656376e-01   2.3206639e-02   1.8193126e-01   1.2535954e-01   5.3392510e-02   5.8950424e-02   1.6982492e-01   1.4208724e-01  -5.7243762e-02   1.2004334e-01   4.9043915e-02   7.1392257e-02   2.6303271e-02   1.3174017e-01  -4.3651649e-02   2.6097458e-02   2.2937862e-02  -5.0409859e-02  -6.3049597e-02   5.3003603e-03   0.0000000e+00  -4.6842058e-02   1.3491202e-02   1.5207019e-02
   2.0502259e-01   8.4419292e-02   0.0000000e+00   7.1838370e-02   4.6741586e-01   2.3070578e-01   2.6977523e-01  -3.0754248e-02  -6.1908908e-02   1.2240922e-01   3.5365203e-01   2.4757118e-01   2.6413870e-01  -4.4492939e-02   2.5880622e-01   1.4262473e-01   5.7973845e-01   0.0000000e+00   2.6322396e-01   4.0247899e-01   6.5721047e-02   5.7004891e-02  -6.0283356e-02  -1.4482155e-01   1.3707678e-01   3.3614630e-01   3.8057677e-01  -4.3719708e-02   2.3926344e-01   1.6352018e-01   2.1112017e-01   4.5561157e-02   2.9448227e-01   2.7933518e-01   1.5793437e-01   9.4330417e-02   1.3890441e-01   8.1872136e-03  -2.1463911e-02   1.5931521e-01   8.3703351e-02   8.1985314e-02   3.3196234e-01   8.2408799e-02   1.6924662e-02   2.3750075e-01   3.5373472e-01   3.9642200e-01   5.1945538e-01   2.6518972e-01   2.7169849e-01   3.4395330e-01   1.3560908e-01   2.1125427e-01   1.8377529e-01   3.0788527e-01   3.5895298e-01   1.3751937e-01   3.2582956e-01   2.4615650e-01  -5.5985432e-02  -3.7797247e-02  -1.2228269e-01   3.7541451e-01   2.0384675e-02   3.8906309e-01   1.3349548e-01   7.8462439e-02  -4.5720152e-03   3.8945760e-01  -3.6602682e-03  -6.7429451e-02   2.5757196e-01   2.0032863e-01   3.9339509e-03   1.0456687e-01  -5.0762625e-02  -1.4643327e-01   2.8383650e-02  -1.0123060e-04   2.0812873e-01   2.0124076e-01   3.4898960e-02   3.1925931e-01   1.4936082e-02   2.6854523e-01   3.0460962e-01  -1.7281482e-02   2.3184103e-01   8.0354768e-02   2.0002439e-01   1.0211804e-01   1.1448877e-01   1.0737207e-01   8.1745740e-02   4.7895890e-02   3.2679823e-01   6.9069886e-02  -4.3813039e-03   6.8748404e-02   2.1662017e-01   9.3740050e-02  -6.3844545e-02   1.1275942e-01   5.7460255e-02   1.2381393e-01   4.8141490e-02   1.1648786e-01   4.2993476e-03   1.9163224e-02  -5.6161183e-03  -2.8607550e-02  -3.8235619e-02  -2.8114643e-02   0.0000000e+00  -1.1434839e-01  -7.2462604e-02  -7.5521652e-02
   4.0826252e-01   9.8255352e-02   0.0000000e+00   7.0257180e-02   3.3749132e-01   1.1509772e-01   3.4804607e-01   9.1987112e-02   7.0463857e-02   9.9435825e-02   3.1075805e-01   3.0216226e-01   1.3411983e-01   6.0207227e-02   2.3761155e-01   2.5488554e-01   2.3273219e-01   2.6322396e-01   0.0000000e+00   1.5230972e-01   5.2089457e-02   1.1150532e-01   5.6537442e-02  -9.3801424e-02   6.2634235e-02   1.2070359e-01   2.7064728e-01   1.3735669e-01   1.0351370e-01   5.9748494e-02   8.2993556e-02   1.5163790e-01   3.0539522e-01   1.4552589e-01   2.3277688e-01   3.9560182e-01   3.1575229e-01   2.1847564e-01   2.6765167e-01   2.4741771e-01   2.4449851e-01   1.7704881e-01   3.9140297e-01   3.4189734e-01   4.1966883e-03   3.8576193e-01   3.8600485e-01   2.3966863e-01   1.7061058e-01   1.5952761e-01   7.3599190e-02   2.9921225e-01   3.2646573e-01   3.4809811e-01   2.5300169e-01   2.6847175e-01   2.1234592e-01   3.6908577e-02   6.2739652e-01   9.9023409e-02  -6.7966066e-03   1.0223502e-01   3.2217999e-02   3.6687152e-01  -4.3579600e-04   5.9504621e-01   9.9588417e-02   1.8572912e-01   8.3055074e-02   2.3079285e-01  -2.5100139e-02  -3.5178880e-02   2.2284333e-01   2.0277679e-01   1.9575219e-02   5.9712075e-02   5.8662551e-02  -2.3314640e-02   1.9413058e-01  -6.5491565e-02   1.2855524e-01   8.9962407e-02   1.1195438e-01   1.0575823e-01   4.5786696e-02   9.4685810e-02   1.3683497e-01   1.2300293e-01   2.1926681e-01   2.3317019e-02   1.8373395e-01   2.3546670e-01   1.2648113e-01   2.2494564e-01   4.8250005e-01   1.3966557e-01   2.6684918e-01   2.6242163e-01   2.2572530e-01   2.0217982e-01   1.2596248e-01   2.2464465e-01   3.5472447e-02   1.6726808e-01   2.2993550e-01   1.5865565e-01   7.7836573e-02   1.1531957e-01   1.1200205e-01   3.5807430e-01   1.5831300e-01   3.0117572e-02   4.2701485e-02   5.9777069e-02   0.0000000e+00   2.3143076e-02  -2.4024357e-02   3.4385436e-02
   1.1132844e-01   4.9469205e-02   0.0000000e+00   1.1623914e-01   2.6427474e-01   1.4902726e-01  -3.8335130e-03  -2.1279632e-02  -1.7495747e-01   3.7595852e-02   4.4585890e-01   1.8658948e-01   6.1864367e-01   3.0935400e-01   2.2669976e-01   1.0690766e-01   2.3651647e-01   4.0247899e-01   1.5230972e-01   0.0000000e+00   5.3258052e-01   2.8325452e-01   2.1065514e-01   2.3093591e-01   3.7625901e-01   6.3238367e-01   4.9771547e-01   1.5125469e-01   3.0151672e-01   4.8636220e-01   3.8392000e-01   8.0128580e-02   2.5198540e-01   3.2086124e-01   3.7177735e-01   1.4652874e-01   1.9931982e-01   2.5304304e-01   1.5493162e-01   3.6496335e-01   2.9312020e-01   2.5048180e-01   3.6277878e-01   9.2452783e-02   2.7941034e-01   2.9489608e-01   3.5476904e-01   3.0194758e-01   2.3574104e-01   2.3880578e-01   1.1626089e-01   2.5613040e-01   1.3014284e-01   1.8616471e-01   1.8484247e-01   2.7713609e-01   4.0918637e-01  -3.9526628e-02   2.8048316e-01   4.5583771e-01   1.0007024e-01   1.4876926e-01   2.2573748e-01   1.2622975e-01  -3.9492387e-02   2.0427231e-01   7.4046827e-02  -5.6982240e-02  -1.7273713e-01   3.7887345e-01   4.1588441e-01  -2.1002363e-02   7.2729108e-02   4.9756415e-02   2.3566763e-02   1.7960573e-02  -1.7055331e-01   1.6764512e-02   3.7164456e-02   4.6532103e-02   2.2334469e-01   2.2342112e-01   2.6212130e-01   5.5018377e-01  -1.8070328e-02   2.8855142e-01   1.6903379e-01   3.2168761e-02   8.7750573e-02   7.8540623e-02   8.4155874e-02   1.6453965e-01   1.0284403e-01   1.6309160e-01   2.6073060e-02  -2.3663440e-03   3.6121751e-01  -1.7174102e-02  -8.2550470e-02  -6.2309276e-02   1.0155980e-01   9.7812562e-02  -1.0211939e-01   1.9439215e-01  -5.9535487e-02   8.8387175e-02  -2.3999399e-02  -9.4163923e-02  -7.1512384e-02  -1.3186985e-01  -6.3190553e-02   7.3658180e-02  -5.0722885e-02   4.6501630e-02   0.0000000e+00  -1.2450612e-01  -9.7367577e-02  -3.1439004e-03
   1.1685848e-01   4.4335589e-02   0.0000000e+00   1.2574910e-01   5.8581856e-02   3.8013436e-02   2.3228373e-02   8.7626483e-02  -8.2185079e-02   8.5224515e-02   2.5254062e-01   4.6581160e-02   4.4712964e-01   2.7289937e-01   1.3481730e-01   1.8092721e-01   3.5754567e-02   6.5721047e-02   5.2089457e-02   5.3258052e-01   0.0000000e+00   4.1006953e-01   2.5103691e-01   3.6461042e-01   5.5654840e-01   3.5338219e-01   7.3167119e-02   1.4812004e-01   2.2846848e-01   3.8534931e-01   5.8906973e-02   1.8223304e-01   5.9808400e-02   1.8021134e-01   9.6604106e-02   4.4428007e-02   1.9280229e-01   1.4929940e-01   1.6129204e-02   2.9669931e-01   1.8878403e-01   1.4017363e-01   1.4854409e-01  -5.5420738e-03   4.1807823e-01   1.8507056e-01   1.4030015e-01   1.4525969e-01   9.1376427e-02   1.0449756e-01   2.1383688e-02  -9.6400123e-04   8.8050362e-02   1.2120343e-01   1.3708039e-01   3.0075828e-01   1.8263998e-01  -2.3027094e-02   7.7502879e-02   3.7284007e-01   3.8206549e-02   1.3290774e-01   1.8925036e-01  -2.1648632e-03  -7.1030623e-02  -5.8988395e-02  -5.3581546e-02   5.9171852e-02   9.5431786e-02  -5.6464977e-02   1.4046463e-01   4.1080919e-02   1.0368645e-02   6.4023985e-03   2.0483136e-02   6.2646406e-02  -2.8432976e-02  -4.6251961e-02   1.4360592e-02   4.2999091e-02   4.7548441e-02   1.5897297e-02   1.4447092e-01   1.1446942e-01  -6.4189397e-02  -2.5840098e-03  -2.5773079e-02   2.1555733e-02  -1.0609765e-01   1.2664962e-01  -5.1434595e-02  -4.5799538e-02   1.4212283e-01   4.1876937e-03  -1.7423382e-02   1.2653887e-01   1.6851257e-01   4.6344891e-03  -4.7301013e-02   8.4216324e-02  -1.6195647e-02   1.6209569e-01  -9.8169543e-02   1.4199571e-01  -7.9234979e-03  -3.2067102e-03  -2.4815158e-02  -6.4456928e-02  -2.3945978e-02  -1.9361309e-01  -5.2781818e-02   7.5166827e-02   3.6900428e-02  -1.3062367e-02   0.0000000e+00   8.5676380e-03  -3.2017077e-03   6.9209367e-02
