   0.0000000e+00   0.0000000e+00   0.0000000e+00   1.4120847e-01   1.0183929e-01  -2.4648093e-02   3.0030039e-01   1.2223706e-01   8.9867495e-02   7.8044315e-02   1.0612883e-01  -9.1102728e-02  -1.5377550e-01  -2.3529768e-02   4.4528529e-02   4.0057919e-02  -4.8110590e-03  -1.2454901e-01   1.4802940e-02  -4.3025726e-02  -1.4060616e-01  -6.2725741e-02  -1.9722291e-02  -4.4695193e-03   1.6182654e-02   8.4895056e-02  -8.4719776e-02   7.5561829e-02  -5.9607789e-02   3.5935473e-02  -4.7587385e-02  -2.3122324e-02  -3.4126465e-02  -4.0700782e-02  -7.8847079e-02  -1.1375525e-01  -7.1602368e-02  -4.6328362e-02   4.3822403e-02   6.4248331e-03   5.3139419e-02  -6.9675083e-02  -5.9087625e-02  -2.1174552e-02  -7.1357121e-02  -1.3001683e-01   4.9963349e-03   4.2427713e-02  -1.4903604e-01   1.7033046e-02   0.0000000e+00   1.1664994e-02  -3.1292305e-02   1.2323821e-01   1.2165021e-02  -3.3755133e-02  -1.1334402e-01  -4.4829009e-02  -9.9173267e-03   1.4626312e-01  -3.5334794e-02   3.6573324e-02  -7.1113826e-02  -7.1177640e-03  -7.8074600e-02  -3.7793455e-02   2.0015541e-01   3.5338215e-01   2.1332022e-01  -1.1940590e-01   1.2423050e-01   1.0926264e-01   2.2142380e-01  -7.6678594e-02   2.4522404e-01   3.5535062e-01   2.2569701e-01   2.4323630e-01   2.3065809e-02   2.5018100e-01   7.8725942e-03   6.3613384e-02   1.2281495e-01  -4.0552157e-03  -7.1616433e-02  -1.1362582e-01   3.2345383e-02   2.7798090e-01   9.7543858e-02   2.0056609e-01  -1.0440580e-01  -8.3735018e-02  -8.6471327e-04   2.9774336e-02   4.3481619e-02   7.6263448e-02  -1.0766723e-01  -3.8012131e-02  -1.5034657e-02   5.2013894e-02  -1.6529875e-01  -1.0316289e-02   4.9302067e-03  -4.3375264e-02  -6.6702401e-02  -1.1419870e-02   1.5561967e-01  -6.0734407e-02  -1.8138941e-02   6.8713775e-02   1.0545048e-01   1.7475303e-01   1.9796688e-01   3.4261764e-02   0.0000000e+00   9.5220527e-02   2.8617689e-01   2.9656157e-01
   0.0000000e+00   0.0000000e+00   0.0000000e+00   0.0000000e+00   0.0000000e+00   0.0000000e+00   0.0000000e+00   0.0000000e+00   0.0000000e+00   0.0000000e+00   0.0000000e+00   0.0000000e+00   0.0000000e+00   0.0000000e+00   0.0000000e+00   0.0000000e+00   0.0000000e+00   0.0000000e+00   0.0000000e+00   0.0000000e+00   0.0000000e+00   0.0000000e+00   0.0000000e+00   0.0000000e+00   0.0000000e+00   0.0000000e+00   0.0000000e+00   0.0000000e+00   0.0000000e+00   0.0000000e+00   0.0000000e+00   0.0000000e+00   0.0000000e+00   0.0000000e+00   0.0000000e+00   0.0000000e+00   0.0000000e+00   0.0000000e+00   0.0000000e+00   0.0000000e+00   0.0000000e+00   0.0000000e+00   0.0000000e+00   0.0000000e+00   0.0000000e+00   0.0000000e+00   0.0000000e+00   0.0000000e+00   0.0000000e+00   0.0000000e+00   0.0000000e+00   0.0000000e+00   0.0000000e+00   0.0000000e+00   0.0000000e+00   0.0000000e+00   0.0000000e+00   0.0000000e+00   0.0000000e+00   0.0000000e+00   0.0000000e+00   0.0000000e+00   0.0000000e+00   0.0000000e+00   0.0000000e+00   0.0000000e+00   0.0000000e+00   0.0000000e+00   0.0000000e+00   0.0000000e+00   0.0000000e+00   0.0000000e+00   0.0000000e+00   0.0000000e+00   0.0000000e+00   0.0000000e+00   0.0000000e+00   0.0000000e+00   0.0000000e+00   0.0000000e+00   0.0000000e+00   0.0000000e+00   0.0000000e+00   0.0000000e+00   0.0000000e+00   0.0000000e+00   0.0000000e+00   0.0000000e+00   0.0000000e+00   0.0000000e+00   0.0000000e+00   0.0000000e+00   0.0000000e+00   0.0000000e+00   0.0000000e+00   0.0000000e+00   0.0000000e+00   0.0000000e+00   0.0000000e+00   0.0000000e+00   0.0000000e+00   0.0000000e+00   0.0000000e+00   0.0000000e+00   0.0000000e+00   0.0000000e+00   0.0000000e+00   0.0000000e+00   0.0000000e+00   0.0000000e+00   0.0000000e+00   0.0000000e+00   0.0000000e+00   0.0000000e+00   0.0000000e+00   0.0000000e+00   0.0000000e+00   0.0000000e+00
   0.0000000e+00   0.0000000e+00   0.0000000e+00   0.0000000e+00   0.0000000e+00   0.0000000e+00   0.0000000e+00   0.0000000e+00   0.0000000e+00   0.0000000e+00   0.0000000e+00   0.0000000e+00   0.0000000e+00   0.0000000e+00   0.0000000e+00   0.0000000e+00   0.0000000e+00   0.0000000e+00   0.0000000e+00   0.0000000e+00   0.0000000e+00   0.0000000e+00   0.0000000e+00   0.0000000e+00   0.0000000e+00   0.0000000e+00   0.0000000e+00   0.0000000e+00   0.0000000e+00   0.0000000e+00   0.0000000e+00   0.0000000e+00   0.0000000e+00   0.0000000e+00   0.0000000e+00   0.0000000e+00   0.0000000e+00   0.0000000e+00   0.0000000e+00   0.0000000e+00   0.0000000e+00   0.0000000e+00   0.0000000e+00   0.0000000e+00   0.0000000e+00   0.0000000e+00   0.0000000e+00   0.0000000e+00   0.0000000e+00   0.0000000e+00   0.0000000e+00   0.0000000e+00   0.0000000e+00   0.0000000e+00   0.0000000e+00   0.0000000e+00   0.0000000e+00   0.0000000e+00   0.0000000e+00   0.0000000e+00   0.0000000e+00   0.0000000e+00   0.0000000e+00   0.0000000e+00   0.0000000e+00   0.0000000e+00   0.0000000e+00   0.0000000e+00   0.0000000e+00   0.0000000e+00   0.0000000e+00   0.0000000e+00   0.0000000e+00   0.0000000e+00   0.0000000e+00   0.0000000e+00   0.0000000e+00   0.0000000e+00   0.0000000e+00   0.0000000e+00   0.0000000e+00   0.0000000e+00   0.0000000e+00   0.0000000e+00   0.0000000e+00   0.0000000e+00   0.0000000e+00   0.0000000e+00   0.0000000e+00   0.0000000e+00   0.0000000e+00   0.0000000e+00   0.0000000e+00   0.0000000e+00   0.0000000e+00   0.0000000e+00   0.0000000e+00   0.0000000e+00   0.0000000e+00   0.0000000e+00   0.0000000e+00   0.0000000e+00   0.0000000e+00   0.0000000e+00   0.0000000e+00   0.0000000e+00   0.0000000e+00   0.0000000e+00   0.0000000e+00   0.0000000e+00   0.0000000e+00   0.0000000e+00   0.0000000e+00   0.0000000e+00   0.0000000e+00   0.0000000e+00   0.0000000e+00   0.0000000e+00
   1.4120847e-01   0.0000000e+00   0.0000000e+00   0.0000000e+00   3.1688834e-02   4.1456147e-02   2.6186451e-01   1.7351909e-01  -5.5222998e-02   7.0487520e-02   2.4973517e-01  -4.6505955e-03   2.0809912e-02   1.7765339e-01   1.6680853e-01   1.0988694e-01   1.5027712e-02   3.9189631e-02   1.5059407e-02  -1.0381908e-01   4.5716612e-02  -2.5764362e-02   3.4113549e-01   2.4763961e-01   1.3504650e-02   9.6624669e-02  -5.4134789e-03   1.7814887e-01   4.6650894e-02   2.2781489e-01   1.3214852e-01   7.0593078e-02  -5.6466489e-03   1.4274118e-01   6.4083476e-02  -3.8095621e-02  -8.0707647e-02   1.9088245e-01   1.3858261e-01   3.0889665e-01   2.1258366e-01   5.7954077e-02  -3.5664024e-02   7.8354070e-02   1.4253003e-01  -3.7385012e-02   2.5581231e-02   1.9751936e-01  -9.9939677e-02   1.9689151e-02   0.0000000e+00  -4.9529257e-02  -5.3529804e-02   1.0720903e-01   3.2000896e-02   1.5208748e-01  -7.2817117e-02   6.2528575e-02   4.7125453e-04   5.7994158e-02  -2.2145312e-02  -1.7010997e-02   6.5194905e-02   3.4303756e-03   7.5579495e-02  -6.9112877e-02   2.0460896e-01   2.7136806e-01   1.1164476e-01  -1.2206228e-01   1.4238771e-01   1.1524188e-01   7.2426264e-02  -9.5818681e-02   5.9617847e-02   1.2427364e-01  -1.1212213e-02   5.3367018e-02  -1.7785264e-01   1.1865455e-01  -1.9805118e-01   7.0537147e-02   1.1962686e-01  -9.6004453e-02  -1.7747999e-01  -1.5486955e-01  -6.4572766e-02  -5.7289442e-03  -1.0141216e-01   2.5480957e-01  -1.3549169e-01  -1.8818375e-01   1.6475885e-01  -1.1524037e-01   1.8361478e-02   1.2859701e-01  -6.4793060e-02   8.6458028e-02  -7.0854232e-02  -8.2512213e-03  -3.5870872e-02  -1.7789500e-02  -1.2982523e-01  -7.2374893e-02  -7.7744050e-02  -6.0040121e-03   8.3129957e-02  -2.4852713e-02   3.4974017e-02  -1.4867180e-01   1.1972554e-02   8.1748587e-02   9.6555194e-02  -1.0881343e-02   0.0000000e+00   1.3355003e-01   1.2544989e-01   3.1913689e-01
   1.0183929e-01   0.0000000e+00   0.0000000e+00   3.1688834e-02   0.0000000e+00   4.2906959e-01  -2.9714277e-03   2.8249862e-02  -1.0255153e-01   3.7539698e-01   1.7599663e-01   2.1178584e-01   3.3657966e-01   1.2756328e-01   2.2034611e-01   2.1935139e-01   4.9678150e-01   5.1003445e-01   3.0703451e-01   5.4637396e-01   2.6386273e-01   3.7540616e-01   2.8864961e-02   6.4735284e-02   3.4874780e-01   1.0055132e-01   6.3532381e-01   4.1374138e-01   2.2039858e-01   1.9715158e-01   3.6323163e-01   3.0937726e-01   1.6594249e-01  -4.1595234e-02   3.0000131e-01   1.7946945e-01  -1.7248661e-02   1.0765077e-01   1.0452295e-01   1.2890834e-01   1.0383005e-01   1.7807130e-01   4.3896723e-01   6.7254391e-02   2.2520002e-01   1.9247781e-01   4.3207046e-01   4.6252534e-02   3.6154224e-01   2.9427916e-01   0.0000000e+00   3.7980306e-01   1.5816182e-01   1.3585658e-01   3.1037619e-01   1.5505532e-01   5.1485796e-01   8.1972269e-02   2.2329125e-01   2.8954566e-02   6.3938847e-02   1.3864452e-02  -9.6390728e-02   5.4080301e-02   5.5795301e-02   4.0811995e-02   2.2451857e-02  -5.2982496e-02  -8.4966783e-02   2.3207521e-01   7.1484044e-02  -1.0885763e-01   8.7933051e-02   7.4188395e-02   2.0887215e-02  -1.3029558e-01  -2.2649160e-02   2.2249654e-01   4.8435646e-02  -1.2702729e-01   2.9592426e-01   5.5576248e-01   1.7992969e-01   4.2922984e-01   4.8283995e-01   3.4980026e-01   3.0035949e-01   2.4851678e-01   3.0577751e-01   1.2926379e-01   1.4867913e-01   1.8815546e-01  -1.2193671e-01   9.1493684e-02   1.1311430e-01   5.7658153e-02  -9.8034585e-02  -1.1354411e-02  -8.4340374e-02   1.0594700e-02   9.3232889e-02  -2.1578299e-01   9.6229422e-02   7.0065171e-03  -2.9845102e-02   6.6720960e-02  -1.5347463e-01   3.9108253e-03  -1.2182954e-01   4.6932145e-02   2.5168512e-02   2.0873632e-03   1.0041163e-01   2.0239153e-01   0.0000000e+00  -4.9170304e-02  -1.6277035e-01  -7.6348475e-02
  -2.4648093e-02   0.0000000e+00   0.0000000e+00   4.1456147e-02   4.2906959e-01   0.0000000e+00   5.1153376e-02  -1.2852026e-02  -1.2392035e-01   1.5983267e-01   1.2457902e-01   1.4228512e-01   2.0105956e-01   4.4852444e-02   1.4038257e-01   1.1574268e-01   3.0521478e-01   3.6291690e-01   1.2768495e-01   2.9367077e-01   1.5804189e-01   1.0930849e-01   4.5349361e-02  -2.6868724e-02   2.0533475e-01   2.0964297e-01   5.1952365e-01   1.8983100e-01   2.0709403e-01   1.4322565e-01   2.7585618e-01   1.9818150e-01   1.4933754e-01   4.8602207e-02   2.6224368e-01   1.1609794e-01   5.5376007e-02   8.5090703e-02   1.5199675e-01   9.9036565e-02   6.4524226e-02   1.5354621e-01   2.6736603e-01   8.9708212e-02   1.5456535e-01   1.8404648e-01   1.9989744e-01   4.1666239e-02   2.7927253e-01   2.7468546e-01   0.0000000e+00   2.8531943e-01   1.5889256e-01   9.5204777e-02   1.3617045e-01   1.6791113e-01   4.4569323e-01   1.5907589e-01   6.2318004e-02   4.8514395e-02  -3.8017667e-02   4.9826848e-02   4.1515141e-02   1.1340749e-01   1.1416086e-01   1.1841378e-01   1.1130421e-01  -4.5260991e-02  -5.8560821e-02   2.6482425e-01   1.1619799e-01  -6.0376246e-03   9.6967859e-03   1.3640970e-01  -5.3721577e-04  -7.2400282e-02  -3.2756000e-02   1.3539916e-01   1.6328595e-01  -8.1159588e-02   2.2787221e-01   3.8456652e-01   2.0584915e-01   3.1338687e-01   2.3421137e-01   1.8240058e-01   1.8929990e-01   2.3473039e-01   1.3567082e-01   1.0962945e-01   7.6226756e-02   2.5618385e-01  -5.2365655e-02  -1.8479724e-02   3.3269176e-02   7.2853183e-02   4.1096434e-02   2.7359175e-02  -5.0304717e-02  -2.5545154e-02   2.1780661e-01   3.1956539e-02  -3.4894190e-03   1.1853154e-01   2.4525141e-02   6.0431617e-02  -7.9950914e-02   9.8532403e-02  -7.7234396e-02   9.7238093e-03   1.0793076e-02   1.3272007e-02   9.7071873e-02   1.5355675e-01   0.0000000e+00  -6.2984598e-02  -9.7700350e-02  -4.1961189e-02
   3.0030039e-01   0.0000000e+00   0.0000000e+00   2.6186451e-01  -2.9714277e-03   5.1153376e-02   0.0000000e+00   1.7512055e-01  -5.2464711e-02  -1.4176091e-01   3.2703838e-01  -4.1027454e-02   3.3737092e-02   8.9805856e-02   2.8733016e-01   8.5568140e-02   1.0399124e-04  -3.1466717e-02   1.0025066e-01  -9.9974577e-02  -1.4304048e-02  -1.9592941e-01   2.2116930e-01   1.9265591e-01   5.1648182e-02   1.0238633e-01   1.9191234e-02   1.5854326e-01   1.4801951e-01   3.2332344e-01   9.5113480e-02  -5.0429291e-02   3.4802408e-02   2.1476104e-01   1.1817437e-01  -4.0134890e-02   1.8327177e-02   1.1626278e-01   5.9554864e-02   2.3484390e-01   1.5095742e-01  -3.1877257e-02   4.1443752e-02  -1.8207281e-02  -2.0818677e-02  -6.4273328e-03   7.8534783e-02   2.4733127e-01  -3.0297544e-03   1.7420965e-01   0.0000000e+00   8.1381265e-02  -1.5007543e-02   2.5776814e-01   9.9429199e-03   1.7083458e-01  -9.1508091e-02   8.8794782e-02  -2.2807061e-02   1.3882476e-01  -2.0157031e-01  -1.2881331e-01   1.7453504e-02   2.6827137e-01   7.6276795e-02   2.3359011e-01   3.7648505e-01   4.2712972e-01   2.7977048e-01  -1.8968541e-01   2.0602157e-02   2.0793693e-01   1.8869884e-01  -1.4544556e-01   3.3462521e-02   2.1318797e-01  -6.9709838e-02   2.3836787e-01  -1.1314777e-01   2.3048681e-01  -1.2020099e-01   1.0803032e-01   2.9575721e-01  -3.9496095e-02  -6.0956160e-02  -1.0285547e-01   2.6887088e-01   2.4229728e-01   1.6436309e-01   2.4096990e-01  -1.5003673e-01  -9.2362243e-02   2.6508715e-02   7.9888059e-02   1.3327133e-01   7.7466207e-02  -9.8526947e-02  -2.6983847e-02  -1.3575883e-01  -6.5803644e-02  -1.3391613e-01  -3.5441137e-02  -2.2532498e-01  -9.1788132e-02  -3.4304130e-02   1.7064488e-02   1.4595953e-01   7.5499689e-02   3.9283866e-02   2.2456809e-02   2.8141317e-01   1.3341593e-01   1.2113028e-01  -5.9185485e-02   0.0000000e+00   9.1055133e-02   1.7615630e-01   3.7551872e-01
   1.2223706e-01   0.0000000e+00   0.0000000e+00   1.7351909e-01   2.8249862e-02  -1.2852026e-02   1.7512055e-01   0.0000000e+00  -4.9718804e-02   6.2164167e-03   1.5157653e-01  -7.1620159e-02  -3.5109149e-02   1.0535297e-01   1.3481975e-01   7.8485170e-02   1.2685785e-03  -1.6229754e-02  -5.5481717e-04  -1.2503475e-01  -9.2591998e-02  -5.9903626e-02   3.3573351e-02   4.0464551e-02  -2.3183982e-02   3.8962431e-02  -2.0528457e-02   3.8010450e-02   6.6719990e-02   1.2236776e-01   6.3463979e-02  -1.0504165e-02   2.6615855e-02   9.7604202e-02   2.2629595e-02  -2.2627526e-02  -8.9277420e-02   5.6415439e-02  -6.7925043e-03   2.1109618e-01   1.3846795e-01  -2.9763584e-02   4.9576800e-03  -7.0318353e-02   4.7918763e-02   3.0887232e-03   4.9240888e-02   1.5926283e-01  -3.8493125e-02   5.1951985e-02   0.0000000e+00   1.3736424e-02   2.5685365e-02   1.2476289e-01   7.4600199e-03   5.6047689e-02  -5.1918117e-02  -2.7131408e-02  -2.1143537e-02   1.6798850e-03  -1.2223457e-01  -7.5546708e-02  -5.1082226e-02   1.4189432e-02   1.7679434e-02  -4.3322498e-02   1.3982067e-01   1.9584801e-01   1.3336359e-01  -8.1315952e-02   4.8968870e-03   5.0491487e-02   6.0759874e-02  -6.7653118e-02   4.5177123e-02   1.5407832e-01   1.0957324e-02   2.2552437e-02  -1.2641672e-01   1.6638084e-01  -1.4005587e-01  -1.1353350e-02   5.3727474e-02  -5.8084848e-02  -9.4467818e-02  -1.6557610e-01   2.0842953e-02   2.5787217e-02  -3.7057028e-02   1.5991644e-01  -1.0535678e-01  -1.0097976e-01   2.8472107e-02  -2.7413487e-02  -5.7437534e-02   2.7294275e-03  -1.6974002e-01  -3.7972928e-02  -1.0465995e-01  -4.4428445e-02  -1.0864800e-01  -1.0724931e-01  -1.8516893e-01  -1.0972955e-01  -8.5769212e-02  -4.4368610e-02   7.6444053e-02   4.0189170e-03  -2.9098196e-02  -1.2433517e-01   2.4611632e-02   4.1247135e-02   1.0480433e-01   2.9777248e-02   0.0000000e+00   7.0283929e-01   6.5805213e-02   1.4351847e-01
   8.9867495e-02   0.0000000e+00   0.0000000e+00  -5.5222998e-02  -1.0255153e-01  -1.2392035e-01  -5.2464711e-02  -4.9718804e-02   0.0000000e+00  -1.2822329e-01  -1.1647359e-01  -1.2725829e-01  -1.7043846e-01   2.4127190e-02  -1.9920164e-01  -5.4926321e-02  -2.0501419e-01  -1.5953143e-01  -5.7124574e-02  -1.0306010e-01  -2.8281149e-01  -5.9616598e-02  -1.4634127e-01  -2.0659117e-01  -2.2347650e-01  -2.5227060e-01  -2.8801472e-01  -9.5201358e-02  -2.5351262e-01  -2.6507978e-01  -1.4514797e-01  -1.3529668e-01  -1.8887006e-01  -2.5793671e-01  -1.8904537e-01  -2.0432925e-01  -1.4392251e-01  -1.9196239e-01  -5.9113967e-02  -1.6267309e-01  -5.2678633e-02  -8.2115780e-02  -1.6851449e-01  -1.4998963e-01  -2.8614934e-01  -1.7688381e-01  -1.4963019e-01  -2.7267525e-02  -9.9728084e-02   1.5427181e-03   0.0000000e+00  -2.6944230e-01  -3.0945453e-02   2.7429043e-02  -1.4946142e-02  -2.1076963e-01  -2.1241332e-01  -1.3988195e-01  -1.3837130e-01  -2.1506198e-01   2.6661761e-02  -5.0947368e-03  -8.7782304e-02  -7.2737651e-02  -9.7014784e-02  -4.4135147e-02  -1.3898486e-01  -2.3756148e-02   1.1902819e-01  -4.4950678e-02   6.9591475e-02  -4.9366152e-02   1.0977997e-02  -6.3707159e-03  -9.6774624e-03   1.9782269e-01   3.6047955e-01  -5.3284091e-03   1.5330852e-01  -4.3745638e-02   3.5565900e-02  -1.1995511e-01  -1.0692174e-01  -1.4998132e-01   7.3463818e-02  -6.2137855e-02  -9.2766238e-03  -6.1844189e-02   4.1619190e-02  -8.8256150e-02   1.6404647e-01   7.8217138e-03   1.1944566e-01   1.3801150e-01   1.3948747e-01   9.2017344e-02   2.4644437e-01  -4.1356922e-02   3.0449976e-01   1.4973097e-01  -1.9735101e-01   1.4662171e-01   2.0850749e-01  -1.8922570e-01   1.3593412e-01   3.0887092e-02   8.5431149e-02   3.0762022e-02   8.7641439e-02   2.1033401e-01   1.8463699e-02   2.3595607e-03   3.3483596e-02  -1.0408312e-01   0.0000000e+00  -1.7517942e-02   6.0826623e-02  -1.1394525e-01
   7.8044315e-02   0.0000000e+00   0.0000000e+00   7.0487520e-02   3.7539698e-01   1.5983267e-01  -1.4176091e-01   6.2164167e-03  -1.2822329e-01   0.0000000e+00   1.9969979e-01  -1.4736752e-02   2.1734398e-01   5.0569561e-02   9.1322779e-02   1.8388337e-02   2.3644659e-01   3.3552660e-01   1.8450132e-01   3.8760846e-01   3.8626598e-01   2.5697872e-01   1.4815069e-01   2.0201269e-01   2.5198671e-01   6.4900240e-02   3.9486787e-01   4.5712316e-01   1.0774216e-01   2.4029506e-01   2.6207441e-01   3.6337002e-01   1.6627662e-01  -3.6424783e-02   2.2984351e-01   2.2166118e-01   2.6554447e-02   3.6639170e-01   3.6624980e-01   3.6370165e-01   2.9992060e-01   3.4157545e-01   2.8815653e-01   2.3190089e-01   2.3193403e-01   1.3253013e-01   3.4568085e-01  -1.2949261e-01   6.1376569e-02  -3.7978292e-02   0.0000000e+00   2.7395140e-01   1.4991291e-01  -1.9532983e-02   9.0350779e-02   6.6886126e-02   3.3504963e-01  -7.8341598e-02   1.5211484e-01   4.6102176e-02  -2.4999773e-02  -1.1025140e-01  -1.3340483e-01  -8.3375473e-02   2.9631800e-02  -6.7401807e-02  -1.0749972e-01  -1.3492048e-01  -2.1834462e-01   9.2639449e-02   7.1009267e-02  -1.8208601e-01   9.2512676e-02   2.0125813e-03   2.0070980e-01  -1.1307329e-01  -4.1248960e-02   1.3784943e-01  -6.1271912e-02  -1.6590893e-01   7.2570796e-02   3.0059393e-01   1.8149872e-02   2.1066130e-01   2.6373447e-01   2.4978727e-01   1.6597582e-01  -9.1754485e-04   1.9336046e-01   5.7270498e-02  -2.5809621e-02  -2.0572205e-02  -1.1700642e-01  -5.6127284e-02   2.6408499e-02   9.3550437e-02  -1.0174971e-01   2.0049334e-01  -1.2581514e-01   1.1590733e-02  -1.6969216e-02  -2.7276000e-01   4.2167610e-02   1.0365249e-02  -1.3136080e-01  -1.6306428e-02  -1.3046909e-01  -1.1952648e-01  -2.4676733e-01  -8.2069149e-02  -1.2961956e-01   8.7966933e-03   3.9092689e-02   1.0111301e-01   0.0000000e+00   4.6680033e-03  -1.4617749e-01  -5.4231685e-02
   1.0612883e-01   0.0000000e+00   0.0000000e+00   2.4973517e-01   1.7599663e-01   1.2457902e-01   3.2703838e-01   1.5157653e-01  -1.1647359e-01   1.9969979e-01   0.0000000e+00  -1.2736475e-01   2.0276527e-01   3.1816082e-01   3.6086533e-01   8.3831448e-02   1.1152318e-01   1.3974625e-01   3.8295616e-02  -3.8058178e-02   1.8707607e-01  -6.2022273e-02   5.0357752e-01   3.7133068e-01   1.0199240e-01   9.5007503e-02   1.3210974e-01   3.8698634e-01   1.5982485e-01   4.6094322e-01   2.5873635e-01   4.9233919e-02  -2.1713749e-02   2.0047133e-01   2.0257493e-01  -2.0892533e-02  -1.1601561e-01   3.3048050e-01   2.4840133e-01   5.9170337e-01   3.7033349e-01   1.1707703e-01   4.0082571e-02   8.8908355e-02   1.1916164e-01   6.9830595e-02   2.3067003e-01   1.7852070e-01   3.0966924e-02   1.1952753e-01   0.0000000e+00   6.8483058e-02   2.3391373e-03   2.3202145e-01   4.5375726e-02   2.3073460e-01  -3.6579249e-02   3.3773685e-02  -4.7393602e-02   2.9673180e-02  -1.1456839e-01  -2.0229437e-01   6.8651281e-02   4.1062018e-02   5.7567785e-02  -4.2176512e-02   7.6735810e-02   1.0990463e-01   7.3393227e-02  -2.4240741e-01   5.4598889e-02   1.0974912e-01   1.5635335e-01  -3.5327833e-02   2.6752958e-03  -2.7018923e-02  -2.1481191e-01   9.9948374e-02  -2.5891198e-01  -7.6123196e-04  -1.8345932e-01   1.9918207e-01   1.9959424e-01  -7.2103432e-02  -1.3274228e-02   4.1443686e-02   1.4426659e-01   3.4858746e-02   9.6444266e-02   7.2871266e-02  -1.5612819e-01  -1.8080096e-01  -1.0860229e-01  -3.2396027e-02  -4.6660542e-02   2.8546679e-02  -1.1364190e-01   5.3302746e-02  -2.4283550e-01  -9.2015386e-02  -5.1607987e-02  -1.5293635e-01  -2.2278523e-01  -1.7245217e-01  -9.5805052e-02  -3.6535737e-02  -1.9056689e-02  -1.0022527e-02  -1.4109303e-01  -1.9141915e-01   3.0694874e-02   1.2480134e-01   7.4918785e-02   7.2243667e-03   0.0000000e+00   9.2605742e-02  -8.2729911e-02   1.0376073e-01
  -9.1102728e-02   0.0000000e+00   0.0000000e+00  -4.6505955e-03   2.1178584e-01   1.4228512e-01  -4.1027454e-02  -7.1620159e-02  -1.2725829e-01  -1.4736752e-02  -1.2736475e-01   0.0000000e+00   9.5718544e-02  -3.2900802e-02   3.8079662e-02  -2.3006896e-03   1.5511967e-01   1.9007606e-01   9.2578268e-02   2.3053907e-01   1.4049064e-01   2.7342452e-01  -9.1749485e-02  -6.3247356e-02   8.9361676e-02  -3.9099094e-02   2.2510325e-01  -2.1302508e-02   1.8873242e-01  -9.3112621e-03   1.0805505e-01   2.1357127e-01   2.7680816e-01   1.1940428e-01   5.2051430e-02   3.8682322e-01   3.6384291e-01   5.6013943e-02  -1.4540348e-02  -2.6064068e-02  -4.8711885e-02   7.8437221e-02   2.2751525e-01   7.8872384e-02   7.6852533e-02   3.1857510e-01   7.6456406e-02  -3.5770289e-02   1.5240428e-01   9.8355828e-02   0.0000000e+00   1.7475538e-01   1.4717986e-01  -9.9404500e-02   1.4859056e-01   1.1754694e-01   2.5941576e-01   1.9882646e-02   2.1291681e-01  -3.6685167e-02   6.4597293e-02   2.8929750e-02  -1.3830812e-01   1.6099683e-01   8.9921336e-02   2.1728989e-01  -6.9423748e-02  -1.6322796e-01  -7.5248092e-02   2.2962271e-01  -1.5557002e-01  -1.1742340e-01  -6.9746279e-02  -1.4522873e-01  -1.5216286e-01  -1.7868866e-01  -3.7075842e-02  -4.4312680e-02  -3.1682662e-02  -7.0932233e-02   1.2289033e-01   7.5732630e-02  -1.3319672e-01   1.8496291e-01   1.4952539e-01   2.0553942e-01   3.7305529e-02  -7.5951595e-02  -5.0587258e-02  -1.0447219e-02   2.3958196e-01   6.2386394e-02  -7.7086845e-02   4.9585923e-02   1.2076673e-01   3.8368364e-02  -2.8149285e-02   1.0931678e-01   1.4071582e-01   1.0554349e-01   1.1483091e-01  -8.5268307e-03   6.4850378e-02   9.9966835e-02  -8.2235728e-02  -4.7177113e-02  -1.4013063e-01   1.3105148e-02  -1.1444228e-01   3.0858104e-02   5.1612715e-02  -3.3632177e-02   3.6759749e-02   1.0655771e-01   0.0000000e+00  -7.3665867e-02  -1.5346485e-01  -1.6776674e-01
  -1.5377550e-01   0.0000000e+00   0.0000000e+00   2.0809912e-02   3.3657966e-01   2.0105956e-01   3.3737092e-02  -3.5109149e-02  -1.7043846e-01   2.1734398e-01   2.0276527e-01   9.5718544e-02   0.0000000e+00   3.1443573e-01   2.3521065e-01   1.8272549e-01   3.4638912e-01   5.1309502e-01   2.1162364e-01   5.0708912e-01   5.3283595e-01   3.1808878e-01   2.5898324e-01   2.4107966e-01   3.1160552e-01   9.3961142e-02   4.2803125e-01   2.0195402e-01   3.0368848e-01   3.4259644e-01   5.1124939e-01   1.0593173e-01   2.3312591e-01   1.8821712e-01   4.8414710e-01   2.4408299e-01   1.5928416e-01   1.7952689e-01   1.0885511e-01   2.3213149e-01   1.3628608e-01   1.1258121e-01   3.2291076e-01   9.9234795e-03   3.9338668e-01   3.4291081e-01   2.4969378e-01   1.5821030e-01   5.8088669e-01   2.3649300e-01   0.0000000e+00   3.4123667e-01   1.5225859e-01   1.3532194e-01   2.4404139e-01   2.9865033e-01   4.5010096e-01   8.1084624e-02   2.6480583e-01  -7.8924037e-02   2.7190643e-02  -1.0112343e-01   1.3501881e-01   1.9992184e-01   9.3510062e-02   2.2875560e-01   2.6567458e-02  -1.0363352e-01  -1.2028717e-01   3.6583824e-01   5.3213193e-02  -4.0563075e-02   1.9184196e-02   3.9750051e-02  -9.2188671e-02  -1.6030930e-01  -2.2345698e-01  -1.4157522e-02   1.0965356e-01  -2.0951389e-01   9.1512730e-02   3.9203874e-01   1.0595240e-01   4.1480333e-01   3.0715316e-01   2.5258861e-01   3.1400216e-01   9.2081759e-02   2.0854634e-01  -3.7369564e-02   1.7305028e-01   3.0900848e-01  -5.8114851e-02   1.2800140e-01   7.5390591e-02   1.9798440e-02   8.3784858e-02  -2.8972155e-02  -5.4397037e-02   3.1441069e-02   1.0304313e-01  -2.4004367e-03  -1.5741497e-01  -4.8495448e-02   6.7391067e-02   1.5936298e-01  -1.3789209e-01   5.8033024e-02   2.1628781e-02   1.3332455e-01   8.6358149e-02   9.4780209e-03  -2.8675500e-02   5.6384084e-02   0.0000000e+00  -8.9736537e-02  -2.5984420e-01  -1.4500473e-01
  -2.3529768e-02   0.0000000e+00   0.0000000e+00   1.7765339e-01   1.2756328e-01   4.4852444e-02   8.9805856e-02   1.0535297e-01   2.4127190e-02   5.0569561e-02   3.1816082e-01  -3.2900802e-02   3.1443573e-01   0.0000000e+00   1.7430095e-01   7.4836486e-02   2.3044086e-02   1.3101625e-01   1.8787521e-02   4.7611798e-02   4.0375854e-02   3.2974828e-01   4.9038372e-01   2.2490578e-01   7.3405571e-02  -4.3823522e-03   9.8191634e-02   2.4681132e-01   1.2508485e-02   2.2564310e-01   2.0238721e-01   7.6887406e-02  -9.7388459e-02   8.6160062e-02   1.1255481e-01  -7.9598750e-02  -1.2585700e-01   2.9605000e-02   3.6534375e-03   1.8657033e-01   1.5357755e-01  -8.6441999e-02  -2.2842964e-03  -2.4197437e-01   1.6502028e-01   8.8333313e-02   1.0216449e-01   1.1009608e-01   1.7904457e-01   1.6484692e-01   0.0000000e+00   2.1209699e-03   1.0637547e-02   1.4338277e-01   3.3119517e-02   5.8270714e-02   9.6345221e-02   1.0380007e-02   2.7419774e-03  -9.8906882e-02   2.6750195e-01  -3.8499935e-02   4.2434050e-01  -8.5164031e-02   1.9099333e-02  -2.6115832e-02  -3.1557180e-04   1.4059160e-01   1.7683605e-01  -1.5115550e-02   2.0296568e-01   2.3781363e-01   1.0967394e-01  -4.6369652e-02  -4.3970312e-02   1.3607855e-01  -5.3191814e-02   1.0493055e-01   2.2962254e-02   7.1762702e-02  -1.7758975e-01   3.0232720e-01   3.5450173e-01   1.1017217e-02   1.0785590e-01  -1.6118208e-02   7.0068426e-02   4.3620029e-02   1.0322435e-01   1.5179706e-01   4.7681374e-02  -1.6552409e-02  -3.2885666e-02   1.2579477e-01   1.1629677e-02   5.7129042e-02  -3.7292560e-02  -1.2336206e-01  -1.4217038e-02  -4.9678794e-03  -1.3191758e-01  -1.1646644e-01  -9.9473031e-02  -3.3560255e-01   9.0410316e-02   7.6501443e-02   3.1722935e-02   4.7195907e-02   4.5919196e-02  -6.8846282e-03   3.0590126e-03   7.4297186e-02   8.9821528e-03  -3.2081791e-02   0.0000000e+00   1.3631743e-01  -5.6256799e-02   9.7562463e-02
   4.4528529e-02   0.0000000e+00   0.0000000e+00   1.6680853e-01   2.2034611e-01   1.4038257e-01   2.8733016e-01   1.3481975e-01  -1.9920164e-01   9.1322779e-02   3.6086533e-01   3.8079662e-02   2.3521065e-01   1.7430095e-01   0.0000000e+00   3.1054621e-01   2.9666000e-01   1.5131399e-01   1.4131087e-01  -8.0387244e-03   1.8308829e-01   4.4583732e-02   2.1714180e-01   1.8977151e-01   1.9229643e-01   8.6844283e-02   1.8984117e-01   1.9314766e-01   3.8021781e-01   3.5764992e-01   2.4691401e-01   1.2289518e-02   1.3308459e-01   4.2233161e-01   1.8906011e-01   1.1056924e-01   9.2189095e-02   1.3331948e-01  -4.1010487e-02   2.4323746e-01   1.0623784e-01  -7.0835650e-02   1.9975166e-01  -7.3762238e-03   1.2915335e-01   2.3102559e-01   2.4481487e-01   3.3470786e-01   1.4964087e-01   2.6953681e-01   0.0000000e+00   2.0325579e-01   1.4721473e-02   2.2116177e-01   2.2722250e-01   5.0929127e-01   1.2516144e-01   1.3984039e-01   1.4964451e-01   7.6076325e-02  -1.6727199e-01  -1.2441855e-01   5.6227250e-02   2.0952098e-01   1.9397394e-01   2.8215944e-02   2.4713137e-01   1.9823747e-01   1.5372700e-01  -3.6289717e-02  -8.6579052e-02   5.2230085e-02   3.2072420e-02  -1.1058650e-02  -1.9532076e-02   1.4422942e-02  -2.5048625e-01   1.1371476e-01  -1.6563954e-01   1.2111889e-01  -1.2711233e-01   2.1183613e-01   2.2458758e-01   3.1596701e-02  -1.0904108e-02  -6.4427937e-02   1.1342023e-01   1.5316989e-01   1.6829105e-02   1.0239718e-01  -3.7379413e-02  -3.3191983e-02  -2.0902466e-02   5.1439059e-02  -3.4054535e-02  -5.7796601e-02  -5.8692330e-02  -8.3121110e-02  -1.4344056e-01   1.0208085e-02  -2.0272472e-02  -4.7117181e-02  -2.8502136e-01  -7.2075039e-02  -1.2086843e-02   9.7835890e-02  -2.7806293e-02   1.4324987e-01  -3.1708032e-02  -1.1413621e-01   1.4819613e-01   2.1217963e-01   1.6708080e-01   2.3150967e-01   0.0000000e+00   6.6596967e-02   3.2136159e-02   7.5203844e-02
   4.0057919e-02   0.0000000e+00   0.0000000e+00   1.0988694e-01   2.1935139e-01   1.1574268e-01   8.5568140e-02   7.8485170e-02  -5.4926321e-02   1.8388337e-02   8.3831448e-02  -2.3006896e-03   1.8272549e-01   7.4836486e-02   3.1054621e-01   0.0000000e+00   1.9843438e-01   1.3964538e-01   1.9192521e-01   6.7186261e-03   6.6894292e-02   4.5139441e-02   2.4746188e-02   2.2930543e-02   1.5828762e-01   7.7817558e-02   1.1526896e-01   1.2076218e-01   2.0652043e-01   1.2022842e-01   1.4698337e-01   7.6199367e-02   1.3042816e-01   2.1468948e-01   1.9020429e-01   1.1309866e-01   6.3217742e-02   9.8828849e-02   1.3850294e-02   1.1103408e-01   6.0107937e-02  -1.9978134e-02   1.6637890e-01  -5.5076946e-03   1.4746314e-01   1.6867198e-01   1.1310025e-01   2.4983117e-01   2.0501047e-01   2.4468027e-01   0.0000000e+00   1.9808066e-01   6.2765114e-02   2.2220872e-01   4.5972082e-01   3.6133950e-01   1.2454009e-01   2.0155099e-01   2.1714789e-01   8.5401541e-02  -1.0455713e-01   1.5420311e-02   7.0164246e-02   1.9564505e-01   1.9276772e-01   7.3267370e-02   1.7106803e-01   1.8739636e-01   1.3147763e-01   1.5509282e-01  -1.1474789e-03  -2.7559539e-02  -4.7201490e-02   1.0272318e-02  -7.7897400e-02   3.6694356e-02  -6.2853305e-02   4.1981170e-02   5.6809458e-02   4.5089850e-02   5.3152185e-02   1.6587542e-01   3.4877179e-02   4.9194840e-02   3.5118479e-02  -6.4808951e-02   2.5694535e-02   6.3096639e-02   2.8904853e-02   3.3138029e-02   1.4423420e-02   1.0645793e-01   9.8321078e-02   1.6314137e-01   1.1752203e-01   3.3155766e-02   1.2379686e-01  -2.1599567e-02  -5.8059314e-02   7.8252730e-02   9.9380908e-02   1.0481766e-01  -1.0651283e-01   3.2588904e-02   1.2216290e-01   2.1777364e-01   8.0235053e-02   2.5983388e-01   1.7371878e-01   1.2580846e-01   1.6111152e-01   7.5128943e-02  -4.4834540e-02   5.8851449e-02   0.0000000e+00   2.5765305e-02   5.3402389e-02   2.3253544e-02
  -4.8110590e-03   0.0000000e+00   0.0000000e+00   1.5027712e-02   4.9678150e-01   3.0521478e-01   1.0399124e-04   1.2685785e-03  -2.0501419e-01   2.3644659e-01   1.1152318e-01   1.5511967e-01   3.4638912e-01   2.3044086e-02   2.9666000e-01   1.9843438e-01   0.0000000e+00   5.5147736e-01   1.9496497e-01   3.0812396e-01   2.8694210e-01   1.6679586e-01   7.1589560e-02   1.3753679e-01   2.5823606e-01   1.9004346e-01   4.3716168e-01   1.5369999e-01   2.7356218e-01   2.0806527e-01   3.2685893e-01   1.8253825e-01   2.8883885e-01   1.3717102e-01   3.3848557e-01   2.6891947e-01   9.5913055e-02   2.1545680e-01   1.3645200e-01   1.9110881e-01   1.1856873e-01   2.1212927e-01   3.9675621e-01   1.3517295e-01   2.2975547e-01   2.6724211e-01   2.9829594e-01   1.5921997e-01   3.4463361e-01   1.9493944e-01   0.0000000e+00   3.0690958e-01   1.3493327e-01   1.3826533e-01   2.9664220e-01   2.7859803e-01   4.1864479e-01   1.2616909e-01   2.4616588e-01   6.6058497e-02  -6.1585613e-02   9.2592990e-03  -3.1429285e-02   1.4128800e-01   1.3288618e-01   1.0723423e-01   1.0102635e-01  -4.0727804e-02  -1.3124796e-01   2.7148855e-01  -1.3105826e-02  -1.1651100e-01  -9.4343375e-02   5.1923161e-02  -3.7230210e-02  -1.7715270e-01  -1.6443179e-01   5.1855154e-02   3.5708571e-02  -1.1347590e-01   1.3691000e-01   2.7411307e-01   1.1964128e-01   3.6476589e-01   1.8157775e-01   2.0541779e-01   2.1779397e-01   9.9568800e-02   7.8551339e-02   6.9169235e-02   1.1896076e-01   1.9990224e-01  -1.1971797e-02   1.1169211e-02   9.3013282e-02   5.6834479e-02  -2.7641514e-02   9.0063829e-02  -2.3716251e-02   6.1782268e-02   1.5190233e-01  -7.2032961e-02  -1.1187872e-01   7.8453454e-02  -1.7304896e-02   7.5908085e-02  -7.0410576e-02   1.0106701e-01  -4.8876037e-02  -1.9602902e-02   6.7883301e-02   1.0895957e-01   4.2847176e-02   2.2133434e-01   0.0000000e+00  -7.0550408e-02  -1.3355529e-01  -3.3929477e-02
  -1.2454901e-01   0.0000000e+00   0.0000000e+00   3.9189631e-02   5.1003445e-01   3.6291690e-01  -3.1466717e-02  -1.6229754e-02  -1.5953143e-01   3.3552660e-01   1.3974625e-01   1.9007606e-01   5.1309502e-01   1.3101625e-01   1.5131399e-01   1.3964538e-01   5.5147736e-01   0.0000000e+00   3.2896009e-01   5.8817085e-01   3.7097470e-01   3.5506796e-01   1.3781037e-01   9.3533350e-02   2.6114377e-01   1.3411821e-01   5.9396840e-01   2.3556363e-01   3.1922108e-01   1.8166851e-01   4.6374229e-01   2.7747061e-01   3.0733258e-01   3.1515904e-02   3.9965365e-01   2.8695877e-01   7.3169987e-02   2.1625403e-01   2.5336092e-01   1.8061906e-01   1.7782308e-01   2.9738594e-01   4.2413592e-01   1.4292563e-01   2.6919408e-01   3.6220813e-01   3.2682549e-01   6.7270043e-02   5.1578420e-01   2.6075838e-01   0.0000000e+00   3.9400552e-01   1.9848072e-01   7.0972905e-02   2.8740301e-01   2.1893795e-01   6.5767892e-01   1.3003520e-01   3.1810990e-01  -5.4085807e-02   7.2333504e-03  -3.1422675e-02   1.2556909e-02   1.9267108e-01   2.0664647e-01   2.9481061e-01   4.3609108e-02  -1.6720088e-01  -1.9739975e-01   4.4207980e-01   8.4084511e-02  -9.4473289e-02   3.6328635e-02   1.1584783e-01  -1.0618765e-01  -2.2913895e-01  -9.9325288e-02   7.7609910e-02   1.3134825e-01  -1.3786234e-01   2.1658451e-01   4.2502739e-01   1.2501180e-01   5.7545891e-01   4.3154135e-01   4.0716549e-01   3.4360911e-01   1.2484272e-01   1.9431701e-01   6.5788574e-02   1.9495666e-01   3.0251141e-01  -5.5980044e-02   1.2348643e-01   1.3191617e-01   1.2815102e-01  -1.8605457e-02   7.1268036e-02  -1.7387908e-02   5.3539477e-02   1.8143379e-01  -8.7838201e-02   3.0783276e-02  -1.5073546e-02  -9.3846565e-03   6.0338634e-02  -1.0174681e-01   4.5114851e-02  -9.2077315e-02   1.1484702e-01   3.2895266e-02   5.4587263e-02   2.3688441e-02   1.7681440e-01   0.0000000e+00  -1.3222679e-01  -2.3222794e-01  -1.6683614e-01
   1.4802940e-02   0.0000000e+00   0.0000000e+00   1.5059407e-02   3.0703451e-01   1.2768495e-01   1.0025066e-01  -5.5481717e-04  -5.7124574e-02   1.8450132e-01   3.8295616e-02   9.2578268e-02   2.1162364e-01   1.8787521e-02   1.4131087e-01   1.9192521e-01   1.9496497e-01   3.2896009e-01   0.0000000e+00   2.3599691e-01   1.2667327e-01   1.7754707e-01   1.8965771e-02   6.7332238e-02   9.5584197e-02  -4.9902490e-02   2.1704050e-01   1.1596390e-01   2.7793155e-01   1.8241666e-01   2.1809722e-01   1.4989573e-01   3.0163110e-01   1.1342174e-01   2.0068341e-01   2.3361217e-01   1.0523998e-01   1.0488769e-01   9.4487135e-02   6.5218384e-02   8.6304513e-02   1.2790626e-01   3.4974391e-01   7.9153381e-02   1.2652636e-01   2.6757360e-01   3.2367231e-01   1.4591454e-01   2.3176999e-01   1.7104826e-01   0.0000000e+00   3.4414732e-01   3.0604665e-01   1.8777307e-01   2.7043971e-01   1.2349987e-01   2.7270925e-01   6.2223621e-02   4.8139719e-01  -1.5683259e-01  -8.4369775e-02  -7.9036295e-02  -1.2474334e-01   3.1666203e-01   1.3377446e-01   3.1924076e-01   7.2669256e-02   4.0427900e-02  -1.0773301e-02   1.4500635e-01  -8.2317534e-02  -1.1496366e-01  -1.2906627e-02   1.1089562e-02  -1.4635363e-01  -3.3280578e-02  -8.5066442e-02   1.0299470e-01   4.9690228e-03  -4.6596886e-02   5.5147395e-02   1.7485492e-01  -4.4779089e-02   1.7310838e-01   2.3330926e-01   1.7702350e-01   2.8386244e-01  -9.2010917e-03   2.8003030e-01   9.1911161e-03   1.9590913e-01   9.9463435e-02  -2.5210023e-02   2.0930427e-01   3.3320221e-01   7.4633425e-02  -3.5960484e-02   4.2157760e-02   9.1607130e-02   1.4286837e-01   8.4433796e-02  -1.8410132e-02   1.3731804e-03  -8.3758423e-02   5.0574471e-02   1.0080063e-01  -3.0047374e-03   7.9533601e-02  -1.0081887e-02   2.1695320e-01   1.8078628e-01   3.6369939e-02   3.0476053e-02   1.3552712e-01   0.0000000e+00  -9.0051349e-02  -8.5874565e-02  -6.5867062e-02
  -4.3025726e-02   0.0000000e+00   0.0000000e+00  -1.0381908e-01   5.4637396e-01   2.9367077e-01  -9.9974577e-02  -1.2503475e-01  -1.0306010e-01   3.8760846e-01  -3.8058178e-02   2.3053907e-01   5.0708912e-01   4.7611798e-02  -8.0387244e-03   6.7186261e-03   3.0812396e-01   5.8817085e-01   2.3599691e-01   0.0000000e+00   5.5229345e-01   4.9236550e-01   3.0175597e-02   1.0759833e-01   4.2429806e-01   1.9042485e-01   6.7266354e-01   3.0677368e-01   7.8648067e-02   9.2768391e-02   3.4268814e-01   3.3145096e-01   1.9980285e-01  -1.6934573e-01   4.1595945e-01   2.8278695e-01   1.5099860e-01   5.3522008e-02   2.1355610e-01   1.7629819e-02   7.4007474e-02   2.8327963e-01   3.9137582e-01   9.2252765e-02   1.7043141e-01   2.4305519e-01   2.3957788e-01  -1.3312499e-01   4.9049138e-01   1.1293958e-01   0.0000000e+00   3.1501775e-01   2.4894716e-01  -5.1795403e-02   1.4759024e-01   1.6640419e-02   6.4306137e-01   2.7151769e-02   2.6109648e-01   1.0934234e-01   2.2897167e-01   1.7441276e-01  -6.3198341e-02   8.3669970e-02   5.5579798e-03   2.0986760e-01  -5.7099850e-02  -2.3303198e-01  -2.3031428e-01   5.1445279e-01   9.0339993e-02  -1.7002152e-01   7.4638967e-02   1.2568730e-01   3.5554589e-02  -2.0085575e-01   1.8235999e-02   2.1733135e-01   1.9755469e-01  -2.5683714e-01   6.0589973e-01   4.7160315e-01   1.2612266e-01   9.3755286e-01   5.5338292e-01   6.6375289e-01   3.9907044e-01   2.7137299e-01   3.5117996e-01   8.0476462e-02   2.2077736e-01   3.6499472e-01  -9.9466976e-02   1.4502090e-01   1.6835637e-01   7.8706267e-02  -1.0102247e-03   3.3700271e-02   5.0542291e-02   1.1659155e-01   1.7944678e-01  -6.5989395e-02   2.3563569e-01   1.7666125e-01  -1.9955226e-02  -2.4549145e-02  -2.1337644e-01  -1.0421771e-01  -1.7434871e-01   1.6953435e-01  -2.8021331e-02  -1.0672232e-01  -4.4839571e-03   9.9980473e-02   0.0000000e+00  -2.1535122e-01  -3.0440645e-01  -1.7641545e-01
  -1.4060616e-01   0.0000000e+00   0.0000000e+00   4.5716612e-02   2.6386273e-01   1.5804189e-01  -1.4304048e-02  -9.2591998e-02  -2.8281149e-01   3.8626598e-01   1.8707607e-01   1.4049064e-01   5.3283595e-01   4.0375854e-02   1.8308829e-01   6.6894292e-02   2.8694210e-01   3.7097470e-01   1.2667327e-01   5.5229345e-01   0.0000000e+00   3.2280351e-01   2.9340363e-01   4.1870754e-01   4.4516233e-01   2.0870968e-01   3.8687597e-01   2.6879424e-01   2.1027141e-01   2.7080812e-01   3.4103700e-01   2.1238918e-01   1.7554616e-01   1.7870520e-01   3.0157461e-01   2.9432860e-01   1.5829226e-01   3.5566586e-01   2.5445824e-01   3.0085697e-01   1.8298838e-01   3.0560142e-01   2.7243319e-01   2.6550993e-01   2.4118705e-01   3.1802270e-01   1.8811653e-01   2.9945144e-03   2.9537319e-01   3.4795078e-02   0.0000000e+00   2.3324472e-01   1.5259468e-01  -4.5802419e-02   1.6088787e-01   2.2255418e-01   3.5363098e-01   1.8302864e-02   1.9591659e-01   1.9847292e-01   1.0901855e-01   8.7563660e-02   3.7701676e-02   3.3863191e-02   3.0360347e-02   8.1123261e-02  -5.3231705e-02  -1.5681576e-01  -2.0047626e-01   2.2327837e-01  -3.7023298e-02  -4.9562762e-02   2.8338393e-02   3.7842083e-02   3.3699752e-03  -2.3352200e-01  -1.6016920e-01   1.9676422e-02   4.1491645e-02  -1.1157052e-01   1.7306035e-01   2.5039187e-01   1.0629395e-01   3.5072196e-01   1.6366668e-01   2.0035191e-01   9.2601312e-02   1.1244445e-01   5.8445418e-02  -5.9780139e-02   6.8478526e-02   1.4788612e-01  -1.3074337e-01  -1.7559449e-02   4.9381364e-02   3.1464704e-02  -2.3702094e-02   1.5198794e-01  -1.1963525e-01   1.0892159e-02   7.8807636e-02  -9.3412107e-02  -1.3245249e-01   2.1898318e-01  -6.8662630e-02  -3.6687240e-02  -1.3469836e-01  -6.6911429e-02  -1.2748375e-01  -3.2665138e-02  -5.5146027e-03  -3.4975254e-02  -4.9165861e-02   1.9959506e-02   0.0000000e+00  -1.5838552e-01  -2.0769125e-01  -9.7724877e-02
