   0.0000000e+00   6.1741646e-02   0.0000000e+00   1.0321553e-01   5.1987668e-02   1.4239139e-01   5.4415567e-01   7.9165735e-02   1.4958131e-01   1.7977738e-02   1.9170889e-01   1.4560723e-02   2.7981367e-02  -1.2265448e-02   7.8007043e-02   9.5062433e-02  -1.0198002e-02  -6.8595953e-02   1.0207856e-01  -1.1975711e-01  -5.5808619e-02  -6.3498117e-02  -2.2354257e-02  -2.3276183e-02  -8.1629306e-02  -3.5951432e-02  -1.3021198e-01  -1.3986788e-01  -5.4579351e-02   1.5915647e-02  -7.0428174e-02  -1.3950221e-02   2.7972024e-02  -4.5607419e-02  -2.6154823e-02  -1.0359853e-02   5.2575053e-02  -2.8976318e-02  -4.5920530e-02   8.8315245e-02   6.7548262e-02   3.1143180e-02  -9.9648290e-02  -4.3940633e-03  -4.6371188e-02   3.5934005e-02   9.0658757e-02  -2.6458064e-02  -3.6098383e-02   7.3750793e-03   0.0000000e+00  -1.9836265e-02   8.8433780e-02   1.0256513e-01   1.4086648e-01   8.7586788e-02  -7.0983189e-02  -8.3556479e-03   9.4477576e-02  -6.1226179e-02  -1.0518139e-01  -8.9327219e-02  -4.2072500e-02   2.5721185e-01  -5.2290822e-02   2.0941028e-01   4.2692474e-02   1.3230384e-01   1.1061883e-01  -6.7205727e-02   3.6464040e-02   1.7776000e-01   4.8515520e-01  -1.0145089e-01   0.0000000e+00   1.2158247e-01   3.2423066e-01   8.0894021e-02  -1.2266575e-02  -3.6692921e-02  -8.1236574e-02  -2.6911976e-02   1.1642257e-02  -1.0713479e-01   1.0107461e-01  -3.8300260e-02   1.1761900e-01  -2.6635628e-02   7.1415757e-02   1.0100092e-01  -3.0231675e-03  -8.4786444e-02   4.2077706e-02   4.8621137e-02   4.5832852e-03   6.7244495e-02  -3.0718399e-02   4.1191815e-02   2.4298978e-02   1.7878172e-02  -1.2566410e-01  -3.3221233e-02   1.9001757e-02  -6.0074830e-02   7.6244137e-04  -5.4989838e-02   4.8497563e-02   1.4639599e-03   5.8725279e-03   1.0310114e-01   3.2281035e-02   7.9903215e-02   9.4448633e-02   5.3923927e-02  -1.0549477e-02   7.1219685e-02   2.3088788e-02   1.5260956e-01
   6.1741646e-02   0.0000000e+00   0.0000000e+00  -9.6120113e-03  -1.8301504e-02  -5.1850000e-03   1.1572834e-01   1.5099193e-01   2.4664398e-01   6.9662648e-02  -7.5322248e-02  -6.3834280e-03  -8.3704585e-02   1.8898907e-02   3.0818610e-02   3.1088498e-02   3.8760998e-02  -4.3277669e-02  -1.6590955e-02  -7.2798410e-02  -6.9409240e-02  -9.0092724e-02  -8.1945124e-02   1.3216628e-02   1.4043614e-02   1.0011175e-01  -1.8867356e-01  -1.6822458e-01  -1.5918791e-01  -1.5804538e-01  -8.2428860e-02  -1.0165794e-01  -9.8125908e-02  -1.7731523e-01  -1.3198053e-01  -9.8004322e-02  -1.3114270e-01   2.4464207e-02   1.3777890e-02  -9.4509763e-02   3.5827543e-02  -2.5806415e-02  -1.7555020e-01   4.9374277e-02  -5.5531184e-02  -5.8723150e-02  -1.0491315e-01  -6.6197156e-02  -2.1088322e-02  -9.1212004e-02   0.0000000e+00  -1.5384338e-01  -8.8041223e-02  -6.1255618e-03   3.8512563e-02   3.8649259e-02  -1.9248113e-02   4.2600640e-02  -9.8834452e-02  -6.3564752e-02   1.6006802e-02   1.0753467e-01   2.5247227e-01  -5.4673190e-03  -1.2857026e-01  -1.8078240e-03  -2.8961356e-03   3.9139876e-02   8.8535266e-02   3.8255401e-02  -5.5648942e-02   6.7763178e-02  -8.6285512e-03   2.0187686e-02   0.0000000e+00   1.5768241e-01   2.1137387e-01  -5.6868012e-02   9.3693376e-02   9.6073944e-02   5.2353130e-03  -6.3410730e-02  -5.5040435e-02   4.2653219e-02  -5.9316063e-02  -7.6068039e-02  -1.5727566e-02   7.3898953e-02  -8.4715753e-02  -1.4764285e-02  -1.0633043e-01   3.4476662e-02   1.0943241e-01  -4.7075845e-02  -2.4994187e-02   7.0412010e-02  -4.2799715e-02   7.2276938e-02   2.3720929e-02  -2.2597256e-02  -4.8007295e-02  -1.8006700e-02   7.7379791e-02  -1.4231245e-02   1.6179091e-01   7.9807915e-02   1.6362781e-01   1.5263992e-01   1.4832273e-01   1.3554588e-01  -7.4278894e-02   1.3393721e-01   1.7246416e-01   1.6769177e-02   1.2453725e-01   3.4439681e-02   7.7138588e-02   7.7764396e-02
   0.0000000e+00   0.0000000e+00   0.0000000e+00   0.0000000e+00   0.0000000e+00   0.0000000e+00   0.0000000e+00   0.0000000e+00   0.0000000e+00   0.0000000e+00   0.0000000e+00   0.0000000e+00   0.0000000e+00   0.0000000e+00   0.0000000e+00   0.0000000e+00   0.0000000e+00   0.0000000e+00   0.0000000e+00   0.0000000e+00   0.0000000e+00   0.0000000e+00   0.0000000e+00   0.0000000e+00   0.0000000e+00   0.0000000e+00   0.0000000e+00   0.0000000e+00   0.0000000e+00   0.0000000e+00   0.0000000e+00   0.0000000e+00   0.0000000e+00   0.0000000e+00   0.0000000e+00   0.0000000e+00   0.0000000e+00   0.0000000e+00   0.0000000e+00   0.0000000e+00   0.0000000e+00   0.0000000e+00   0.0000000e+00   0.0000000e+00   0.0000000e+00   0.0000000e+00   0.0000000e+00   0.0000000e+00   0.0000000e+00   0.0000000e+00   0.0000000e+00   0.0000000e+00   0.0000000e+00   0.0000000e+00   0.0000000e+00   0.0000000e+00   0.0000000e+00   0.0000000e+00   0.0000000e+00   0.0000000e+00   0.0000000e+00   0.0000000e+00   0.0000000e+00   0.0000000e+00   0.0000000e+00   0.0000000e+00   0.0000000e+00   0.0000000e+00   0.0000000e+00   0.0000000e+00   0.0000000e+00   0.0000000e+00   0.0000000e+00   0.0000000e+00   0.0000000e+00   0.0000000e+00   0.0000000e+00   0.0000000e+00   0.0000000e+00   0.0000000e+00   0.0000000e+00   0.0000000e+00   0.0000000e+00   0.0000000e+00   0.0000000e+00   0.0000000e+00   0.0000000e+00   0.0000000e+00   0.0000000e+00   0.0000000e+00   0.0000000e+00   0.0000000e+00   0.0000000e+00   0.0000000e+00   0.0000000e+00   0.0000000e+00   0.0000000e+00   0.0000000e+00   0.0000000e+00   0.0000000e+00   0.0000000e+00   0.0000000e+00   0.0000000e+00   0.0000000e+00   0.0000000e+00   0.0000000e+00   0.0000000e+00   0.0000000e+00   0.0000000e+00   0.0000000e+00   0.0000000e+00   0.0000000e+00   0.0000000e+00   0.0000000e+00   0.0000000e+00   0.0000000e+00   0.0000000e+00   0.0000000e+00
   1.0321553e-01  -9.6120113e-03   0.0000000e+00   0.0000000e+00   1.7311093e-02   6.3916188e-02   2.4070269e-01   1.7116094e-01   2.1909546e-02   3.0813120e-02   2.7334147e-01  -3.0452233e-02   1.8907378e-01   1.2583833e-01   5.3254680e-02   1.2251974e-01   1.7770636e-01  -2.5373669e-02   2.2102378e-01  -4.2231453e-02   1.4913547e-01   8.2013692e-02   2.8482108e-01   1.0434380e-01   3.2057787e-02   1.1442491e-01  -1.2491921e-01   3.6997506e-02   3.4051551e-02   1.5822054e-01   8.6756292e-03  -8.2565419e-02   8.9378350e-02   1.2424062e-01  -5.9629409e-02   5.2358198e-02   8.4655393e-02  -4.2577155e-02  -6.7072230e-03   3.2961607e-01   1.2273598e-01   6.6397269e-02   9.9685715e-02   9.1032067e-02   1.5347626e-01  -3.9547826e-02   2.5011236e-01   2.1853254e-01   5.8935907e-02  -4.7859154e-02   0.0000000e+00   1.3044086e-01   9.7406769e-02   2.2930233e-01   1.5076866e-01   1.5986644e-01  -5.1094336e-02   2.5700831e-02   1.6625685e-01  -2.2386119e-02  -7.0184763e-02  -1.0291786e-01   3.9302641e-02   2.6543674e-01  -2.1637141e-02   1.1782622e-01   6.0685961e-02   3.9128929e-02   1.4643666e-01  -9.9478641e-02   8.9619926e-02   9.0982621e-02   5.3028667e-02  -1.8038824e-02   0.0000000e+00   9.6449735e-02   7.3129620e-02   4.4130230e-02  -1.0863361e-01  -5.1820374e-02  -1.5282050e-01   7.0222668e-02   2.1793014e-02  -1.3247283e-01   1.5630967e-02  -7.6998420e-02   4.3021408e-02  -1.4932565e-01  -1.4388278e-01   1.5982655e-01   7.4537240e-03  -1.3659907e-01  -3.6935087e-02  -3.3774960e-02   5.9730147e-02   9.2522394e-02  -4.9606643e-02   4.8175232e-02  -2.6074792e-02   5.0305865e-02  -1.0474127e-01  -1.0919546e-01  -6.1107224e-02  -8.5292379e-02  -4.4446159e-02   1.8207825e-01  -3.4294556e-02  -1.0201904e-01  -4.4135373e-02   9.1081979e-02   1.7222573e-01   1.9441927e-01   1.3566424e-01   1.0510393e-01   7.3379120e-02   6.1525361e-02   1.4942490e-02   1.7353770e-01
   5.1987668e-02  -1.8301504e-02   0.0000000e+00   1.7311093e-02   0.0000000e+00   3.6427692e-01   5.3995260e-03   9.3009996e-02  -7.3491746e-02  -1.5399225e-01   2.8967962e-02   1.0897942e-01   2.4342711e-01   1.5373767e-01   1.3065748e-01   7.7523831e-02   2.4327074e-01   3.8796984e-01   2.3931120e-01   5.5064694e-01   6.2391107e-02   2.8486515e-01  -1.3135064e-01   5.1856632e-02   4.2600512e-01   7.1606344e-02   6.9933586e-01   6.8086991e-02   8.1006195e-02  -7.5051385e-02   2.3682273e-01   1.8748546e-01  -2.3853989e-02   5.0978045e-03   4.6757264e-01   1.7038689e-01   2.9658202e-01   1.9178096e-01   1.9696322e-01  -1.6247249e-02   1.4164827e-01   1.7636235e-01   3.7381025e-01   1.8032391e-01  -7.4399893e-02   2.1852542e-01   4.0560986e-01  -2.4964521e-02   3.3474556e-01   6.9262582e-01   0.0000000e+00   2.4775072e-01   2.2107914e-01   7.0046543e-03   1.6299247e-01   1.6556030e-01   5.6519169e-01   7.5489624e-02   2.2080107e-01   3.4150654e-01   3.4288710e-01   3.3473396e-01  -2.0473565e-01  -6.8863536e-02   5.5559558e-02   1.3278622e-01  -1.0539895e-01   1.9366320e-01  -1.4831213e-01   4.0422922e-01   2.0478032e-01   8.7595816e-02   1.5142534e-01   1.2525410e-01   0.0000000e+00  -1.8055157e-02  -1.3525637e-01   2.9747908e-02   4.6505892e-01  -5.6552698e-03   6.1048159e-01   2.8286067e-01   3.9447413e-01   5.3788216e-01   2.3390346e-01   2.1606088e-01   2.9098163e-02   2.0437385e-01   2.5891467e-01   3.4028356e-02   1.2854891e-01   3.2209835e-01   5.1572217e-02   2.4115198e-01   1.7251503e-01   1.5873924e-01   2.0972453e-01   7.4716202e-02   1.0728686e-01   8.1862745e-02   3.2111614e-01   2.8061389e-01   4.5702336e-02   2.2126478e-01   7.9885013e-02  -1.2528614e-01  -2.8742762e-02   7.1889940e-02   3.5394389e-02  -1.3991059e-01  -2.8882967e-02   3.3257314e-02   3.0414422e-02   1.8693713e-01   1.6647614e-01   1.2558361e-01   6.4398688e-02   3.2751528e-02
   1.4239139e-01  -5.1850000e-03   0.0000000e+00   6.3916188e-02   3.6427692e-01   0.0000000e+00   1.6973833e-01   6.1186033e-02  -6.3149428e-02  -3.6434663e-02   1.1428024e-02   3.5883765e-02   1.2675215e-01   1.1405439e-01   6.0297358e-02   4.1158387e-02   1.3150027e-01   6.9863489e-02   6.2821589e-02   1.4093878e-01  -6.5300881e-03   3.1400939e-02  -7.9420267e-02  -1.5315966e-01   1.3442533e-01   3.1545194e-04   2.7782309e-01  -1.2469861e-01  -1.5951955e-02  -2.9201273e-02   1.1251743e-01  -4.5794609e-02   3.9948209e-02   4.4137438e-02   8.8996060e-02  -2.8875656e-02   7.0370065e-02  -7.9330104e-02  -1.2767282e-01   3.1175672e-02  -4.5738398e-02   1.7186336e-02   9.4103717e-02  -4.3478207e-02  -2.0596589e-02  -6.1755830e-02   1.8728063e-01   2.5616817e-02   7.4931351e-02   4.9305360e-01   0.0000000e+00   1.5291886e-01   3.5574668e-02   9.9062446e-03   1.0558210e-01   1.3660540e-01   2.4367786e-01  -3.9485343e-02   3.1288893e-02   6.7392073e-02   2.6076009e-02   1.1833427e-02  -1.3055470e-01   1.4493155e-01   2.4303358e-02   9.6265330e-02   3.6622746e-02   1.1760211e-01   3.2422537e-02   7.2898639e-02   2.0272627e-01   1.3883788e-01   9.3459464e-02   1.5600792e-01   0.0000000e+00   1.2496653e-01   1.9402828e-02   3.6839482e-02   9.9785715e-02  -6.6072799e-02   2.4147917e-01   1.3628813e-01   2.9446351e-01   1.3496541e-01   1.6660887e-01  -2.8326426e-03   1.1027503e-01   9.1464175e-02   7.1434829e-02   1.1585961e-01   1.0892160e-01   3.7742328e-02   3.9802638e-02  -2.3500324e-03   1.4283047e-02   9.9189797e-02   3.8789624e-02  -2.2651348e-02  -3.0847889e-02  -2.2296831e-02   1.3397449e-02   1.6632044e-02  -4.2844803e-02   4.4066650e-02  -7.9154997e-02  -8.1176462e-02  -8.5756646e-02  -2.1390231e-02  -7.4365232e-02  -1.0721578e-01   4.0613881e-02   1.3694335e-01   1.0932705e-01   9.2880281e-02   9.9467971e-02   6.6501700e-02   3.6357158e-02   1.5213322e-01
   5.4415567e-01   1.1572834e-01   0.0000000e+00   2.4070269e-01   5.3995260e-03   1.6973833e-01   0.0000000e+00   1.1503008e-01  -3.1850665e-02  -3.1748887e-02   2.7294596e-01  -8.8737410e-02   3.1547576e-02   2.2251841e-01   2.9227698e-02   7.2628799e-02  -9.4217322e-03  -1.3797221e-01   2.2581732e-01  -9.9914769e-02  -8.2296098e-02  -1.4338459e-01   1.6436326e-01  -1.2914651e-01  -1.4985483e-01   1.3935747e-01  -1.9841913e-01  -7.8872540e-02  -1.4127741e-01   1.7403742e-01   1.5362530e-02  -1.1990803e-01   7.6125587e-02  -1.4052082e-02  -2.2072260e-01  -2.2925570e-01  -1.6112632e-01  -1.9868310e-01  -2.5227231e-01   1.9781037e-01  -5.8887004e-02  -9.1887595e-02  -4.1742344e-02  -9.6237221e-02   9.9787344e-02  -2.1621445e-01   1.3478168e-01   1.4959890e-01   2.7303849e-02   5.4087787e-02   0.0000000e+00   3.8527324e-02  -8.3825836e-02   2.4604775e-01   1.0576918e-01   1.0043883e-01  -1.7939153e-01   7.8025649e-03   5.0865290e-02  -6.7093265e-02  -1.2766243e-01  -1.9579537e-01  -4.9062806e-02   5.1872370e-01  -1.2338012e-02   1.9767233e-01   2.7032545e-01   2.7586868e-01   3.8454342e-01  -1.3640087e-01   2.4472472e-01   1.4116841e-01   5.9405290e-01  -5.5316869e-02   0.0000000e+00   3.7824308e-01   2.9271067e-01   2.7235691e-01  -1.9899683e-01   1.7862932e-02  -1.2899798e-01   1.8739924e-01   1.6375231e-01  -8.7738172e-02   2.4816511e-01  -6.4222202e-02   3.4149837e-01  -5.7069026e-02  -1.9007411e-01   3.7535541e-01   1.1966641e-01  -2.5896259e-01  -1.9030443e-02   7.2970517e-02   5.6489792e-03   1.2219206e-01  -1.5118410e-01  -7.1853171e-02  -1.1543419e-01  -6.2776790e-02  -2.2658932e-01  -2.6999207e-01  -9.8938353e-02  -1.7313484e-01  -2.1082384e-01   8.1307433e-02  -1.4165413e-01  -1.8814638e-01  -1.6459996e-01   1.1210142e-01   1.7311558e-01   1.9110845e-01   1.4903018e-01  -1.0094455e-01  -1.6911970e-02   1.3585353e-01   9.6455861e-02   4.6137590e-01
   7.9165735e-02   1.5099193e-01   0.0000000e+00   1.7116094e-01   9.3009996e-02   6.1186033e-02   1.1503008e-01   0.0000000e+00   2.1303668e-01   5.4009882e-02   1.0395667e-01   1.5838851e-02   1.2802398e-01   4.5470334e-02   1.2217160e-01   8.1201047e-02   8.8820311e-02  -2.6140894e-03   1.6159611e-01   3.8302984e-02   9.2827268e-02   1.2958662e-01   6.0822427e-02   9.8175577e-02   1.2616674e-01   9.0078409e-02   3.6035292e-03   8.8493476e-02  -1.4236477e-02  -3.8101452e-02   5.8922361e-02   1.8066313e-02   5.0884419e-02   6.3577640e-02   8.8618240e-02   1.7679476e-01   2.0112950e-01   1.0879853e-01   6.5272738e-02   2.4500141e-01   2.1720765e-01   1.6306035e-01   2.5981920e-02   2.8930588e-01   1.2869956e-01   9.2730666e-02   1.2825503e-01   1.9016612e-01   1.2079316e-01  -3.9428758e-02   0.0000000e+00   9.7776334e-02   1.7501931e-01   1.9287021e-01   9.5893127e-02   9.0380662e-02   9.0181242e-02   5.8260495e-02   8.5176513e-02  -3.3603227e-03   1.2682110e-01   1.6414194e-01  -5.2383942e-03   1.6630028e-02   4.5559039e-02   6.0000261e-02   1.0903294e-01   7.6676015e-02   2.1437610e-01   9.5953046e-02   1.1492221e-01   1.0883386e-01  -4.0072529e-03  -7.4039087e-02   0.0000000e+00   1.4686078e-01   1.5156670e-01   8.3999944e-02   1.0166110e-01  -2.5992304e-02   5.6465457e-02   4.1355142e-02   8.6982296e-02   4.5684844e-02  -1.2649838e-02   2.2853189e-02   6.0852568e-04   3.9886967e-02   4.7115703e-02   9.7710602e-02   3.4803721e-02   1.5370334e-02   7.2236717e-02   8.9172305e-02   1.5525245e-01   1.6283769e-01   1.5264120e-01   1.4449524e-01   8.2974603e-02   1.1119574e-01   6.1817261e-02   4.4525411e-02   4.6810446e-02   6.9209569e-02   5.8786106e-02   2.4418587e-01   1.2334259e-01   6.2266164e-02   1.2474078e-01   8.9349344e-02   1.0889643e-01   7.5756840e-02   9.5804201e-02   9.0898950e-02   1.1305482e-01   3.7649416e-01   1.0619734e-01   9.9455090e-02
   1.4958131e-01   2.4664398e-01   0.0000000e+00   2.1909546e-02  -7.3491746e-02  -6.3149428e-02  -3.1850665e-02   2.1303668e-01   0.0000000e+00   9.0075832e-02   6.7759785e-03   6.4813417e-02   8.1790716e-03  -1.7456530e-01   8.7053880e-02   9.4400927e-02   5.0083370e-03  -6.9026121e-02   7.1781669e-02  -9.2666333e-02  -1.8232208e-02  -2.3865691e-02  -6.5696768e-02   6.9571437e-02  -5.0506248e-03   9.3027491e-02  -1.5071151e-01  -8.7724365e-02  -6.6439766e-02  -1.5790069e-01  -1.1739327e-01   2.6718095e-02   5.8710040e-02   7.0334144e-03   2.5145195e-02   1.2811882e-01   5.8696465e-02   1.9855805e-01   8.1436703e-02   2.9140487e-02   2.7458269e-01   1.3998527e-01  -1.2274355e-01   2.2596164e-01  -2.1906416e-02   2.6894883e-01  -3.0544392e-02   6.3713364e-02   6.5503723e-03  -1.6783512e-01   0.0000000e+00  -8.7664160e-02   1.1641438e-01   7.1659391e-02   1.2282770e-01   9.0950144e-02  -4.3638769e-02   5.7030689e-02   3.5696085e-02  -9.1081270e-02   6.5801335e-02   1.4234878e-01   2.3431566e-01  -6.7167765e-02  -9.0477198e-02   8.7021439e-02   2.1406840e-02  -1.2114677e-02   1.5722495e-01   3.3589803e-02  -1.2715475e-01   6.4270025e-02  -3.1998642e-02  -1.0142362e-01   0.0000000e+00   3.1159780e-02   2.5147925e-01  -7.8919852e-02   1.3010277e-01   7.2138139e-02  -5.8123865e-02  -2.0993245e-01  -1.9546416e-01  -4.5360782e-02  -1.2293302e-01  -2.1267890e-02  -5.2041017e-02   8.5941572e-03   9.5843352e-02  -7.2244921e-02  -6.5812903e-02   3.6097695e-02   2.0869071e-01   5.4129291e-02   1.5378612e-01   1.8392754e-01   1.3592417e-01   2.3654557e-01   2.4819934e-01   1.5225007e-01  -2.1153404e-02   1.8117713e-01   2.6302464e-01   9.6412100e-02   3.2997776e-01   1.3593857e-01   3.0846236e-01   3.6994884e-01   3.0642529e-01   3.1566199e-01   3.3775344e-02   1.0588736e-01   9.2228518e-02   1.5936619e-01   5.3833255e-02  -2.8037475e-03  -4.0751421e-03  -1.1173023e-01
   1.7977738e-02   6.9662648e-02   0.0000000e+00   3.0813120e-02  -1.5399225e-01  -3.6434663e-02  -3.1748887e-02   5.4009882e-02   9.0075832e-02   0.0000000e+00   1.7886506e-01   1.0592268e-01  -2.9937508e-03   9.5635360e-02   2.0236815e-02  -2.1537861e-02  -1.0154292e-01  -7.9997989e-02  -9.8378214e-02  -8.3369972e-02   1.0719544e-01   8.0901792e-02   1.9213390e-01   5.8643138e-02  -9.6648064e-03   9.4612100e-02  -1.7471863e-01   1.2881846e-01   6.7826559e-02   5.3345101e-02  -6.3766141e-02  -3.6591004e-02   1.7001290e-01   1.2885164e-01  -1.6929355e-01  -2.5322980e-03  -9.1245400e-03  -5.9562690e-02  -2.6283788e-02   1.2532538e-01  -2.4201902e-02  -8.4425068e-02  -6.6964655e-02  -2.1319846e-02   1.9577119e-01  -2.7512649e-02   1.6142905e-02   1.2094018e-01  -7.4796319e-02  -1.8397743e-01   0.0000000e+00  -6.5460318e-02  -3.4848779e-02   1.5956257e-01   2.7122979e-02  -8.1749497e-03  -1.3026984e-01   3.4578217e-02  -2.8611462e-02  -4.6894431e-02  -3.3357674e-02  -5.1498227e-02   1.3517108e-01  -1.4145836e-02  -3.8721066e-02  -5.3849054e-02   1.4518656e-01  -5.0490424e-03   1.1300862e-01  -1.0763211e-01  -5.4731892e-02   1.4767415e-01   7.6094449e-03   9.6034231e-02   0.0000000e+00   1.0431620e-01   8.8747942e-02   4.1059761e-02  -1.7899311e-01  -1.0422401e-02  -1.9229956e-01   3.8754143e-02  -4.2040064e-03  -1.0042818e-01  -2.2070521e-02   4.8680099e-02   1.0451391e-01  -1.0222455e-01  -4.4719530e-02   8.9484990e-02   2.1901246e-03  -1.4004361e-01   3.0671914e-02  -1.0050974e-01  -4.4896952e-03  -4.9715828e-02  -6.0538296e-02  -1.8787235e-03  -4.8011200e-02   3.0612041e-03  -4.3704476e-02  -1.0804326e-01   4.2763468e-04  -1.9384806e-02  -3.2395742e-02   1.0575082e-01   4.0804375e-02   1.7058011e-02   4.2022522e-02   9.5957115e-02   4.7230148e-02   1.2559440e-01   3.0653122e-02  -8.1015089e-02  -4.9508842e-03   2.5795483e-02  -2.8264435e-02   1.0265269e-01
   1.9170889e-01  -7.5322248e-02   0.0000000e+00   2.7334147e-01   2.8967962e-02   1.1428024e-02   2.7294596e-01   1.0395667e-01   6.7759785e-03   1.7886506e-01   0.0000000e+00  -3.7430933e-02   2.0169222e-01   1.0238680e-01   4.3867298e-02   2.3228014e-02   2.3315447e-01   6.0670770e-02   7.6124390e-02   4.5171768e-02   2.6263210e-01   1.5913438e-01   3.1661461e-01   1.5736480e-01   2.7494813e-02   5.9298785e-02  -6.7112512e-02   1.6446503e-01   1.9820720e-01   2.8358329e-01   1.0084792e-01   6.9096579e-02   3.4850863e-01   2.7447858e-01  -3.3163638e-02   1.5086517e-01   1.7108452e-01   6.9089246e-03  -1.2422451e-02   5.3109367e-01   2.6381102e-01   1.1823937e-01   9.3043589e-02   2.8547653e-02   1.6863136e-01  -2.0802412e-02   3.8471796e-01   2.3265138e-01   2.3659160e-02  -8.3705386e-02   0.0000000e+00   3.1849878e-01   1.0054392e-01   2.2264666e-01   1.1865778e-01   1.3662806e-01   1.5653925e-03   2.4218508e-02   1.1337359e-01  -6.6772537e-03  -1.5763173e-01  -1.7763288e-01   6.6944325e-03   3.3467797e-01   5.2517351e-02   1.3609798e-01   4.8009328e-02   2.5684405e-02   8.0744335e-02  -9.6135296e-02   1.0320581e-01   7.2224297e-02   2.2571424e-01   9.7733247e-02   0.0000000e+00  -1.2280775e-02   1.7692365e-01   4.3684277e-02  -1.9472426e-01  -1.7497634e-01  -2.6102573e-01   7.0255823e-02   7.7058893e-02  -1.4063308e-01   6.9257022e-04  -5.8035523e-02   7.1608919e-02  -2.5898192e-01   2.9518088e-02   9.4855547e-02  -5.4397499e-02  -1.5949705e-01   1.7836202e-02  -5.6377504e-02   2.9966947e-02  -4.0247408e-03  -7.0312295e-02  -3.5501147e-02  -6.6077964e-02   7.6237875e-03  -6.5074373e-02  -1.3846328e-01  -6.7396558e-02  -1.1079697e-01  -7.9978926e-02   8.1570144e-02  -1.7790924e-02  -1.1274713e-01  -2.2375440e-02   1.4734340e-01   2.1951828e-01   7.0837796e-02  -1.0329869e-02   7.2079918e-02   9.0435686e-02  -4.6277486e-02  -8.8636763e-02   8.0902659e-02
   1.4560723e-02  -6.3834280e-03   0.0000000e+00  -3.0452233e-02   1.0897942e-01   3.5883765e-02  -8.8737410e-02   1.5838851e-02   6.4813417e-02   1.0592268e-01  -3.7430933e-02   0.0000000e+00   9.9260114e-02  -1.1905150e-01   9.0829343e-02   8.8163490e-05   1.0476546e-02   2.4491099e-02   8.0785890e-03   1.2536312e-01   8.0472299e-02   5.6003473e-02  -1.1784488e-01  -1.0621722e-01  -3.0483969e-04  -6.5066861e-02   9.9474798e-02  -8.8343868e-02   2.6034851e-02  -7.7726203e-02  -7.7036079e-04   6.7714442e-02  -4.6327913e-02  -4.0167806e-02   1.8167214e-01   1.5399948e-01  -5.2167093e-02   1.8546641e-01   2.9598879e-02  -3.7562166e-02   5.8990006e-02   5.9317862e-02   7.7419122e-02   8.7525509e-02  -1.5325879e-01   1.7229027e-01  -3.3499300e-02  -2.9296973e-02   4.1998840e-02  -1.0871732e-02   0.0000000e+00  -5.5031677e-02   1.3111433e-01  -5.2715589e-02   2.5026903e-02  -1.5958597e-02   1.1486256e-01   3.0127688e-02   5.8649184e-02   2.4647237e-02   7.2606120e-02   4.7682491e-02  -3.1917489e-02  -7.4889432e-02   2.7065810e-02   8.0706954e-02  -4.4493457e-02   7.6590542e-05  -3.7979064e-02   7.5659349e-02  -8.8901031e-02   8.3678462e-02  -2.9906054e-02  -2.5273494e-01   0.0000000e+00  -8.3572265e-03  -5.7638850e-02  -8.8624990e-02   9.2067074e-02  -6.2286107e-03   7.1767206e-02  -8.7411781e-02  -1.2779287e-01   6.5800130e-02  -3.6224195e-02  -1.9120830e-01  -9.5172097e-02   2.2577421e-02  -2.5298144e-02  -9.8305911e-03   3.2909426e-02   6.8531283e-02  -5.8039010e-03   1.3867858e-01   1.4473727e-01   5.3485789e-02   8.0346034e-02   6.3012236e-02   9.3016434e-02   8.0548135e-02   8.1454443e-02   1.7819904e-01   1.2501591e-02   1.2325726e-01   6.4181296e-02  -8.8905234e-02  -2.2361935e-02   1.9647816e-02   4.2777275e-02   2.8693137e-03  -9.6540527e-02   1.6291776e-01   4.7891751e-02   1.2133460e-01   1.5278009e-01   1.0419006e-02  -9.0659262e-02  -6.8880205e-02
   2.7981367e-02  -8.3704585e-02   0.0000000e+00   1.8907378e-01   2.4342711e-01   1.2675215e-01   3.1547576e-02   1.2802398e-01   8.1790716e-03  -2.9937508e-03   2.0169222e-01   9.9260114e-02   0.0000000e+00   8.8140840e-03   3.8119163e-01   3.6674030e-01   3.8004583e-01   4.3798569e-01   3.0709680e-01   5.4392974e-01   5.1224016e-01   4.3136905e-01   9.1081606e-02   1.3690346e-01   3.9390165e-01   6.0534910e-02   2.4049980e-01   1.1969023e-01   4.6410033e-01   2.6780064e-01   4.3815609e-01   8.1286023e-02   2.7375136e-01   3.6188274e-01   4.2640461e-01   4.1656633e-01   3.8746367e-01   2.6066505e-01   2.8686946e-01   2.6277859e-01   2.6179820e-01   3.0161938e-01   3.5186998e-01   4.1614484e-01   1.5422048e-02   3.7771155e-01   3.6193706e-01   4.8422169e-01   3.8537857e-01   1.0258524e-01   0.0000000e+00   4.5190423e-01   4.4133826e-01   2.1326704e-01   4.7903822e-01   5.3734860e-01   2.9219410e-01   1.9773352e-01   4.3089818e-01   2.2431433e-01   2.2285825e-01   1.9773898e-01  -1.8571052e-02   2.8370593e-01   3.6715138e-01   2.9975010e-01  -1.1756391e-01   1.6665200e-01   4.1608312e-02   3.4613908e-01   6.3755594e-02   7.1275725e-02   1.0061705e-02   4.8321006e-02   0.0000000e+00  -3.5143036e-02  -7.2646312e-02  -1.0663028e-01   1.3131197e-01  -4.2239784e-02   9.8182291e-02   3.7737500e-02   8.4845768e-02   2.9477622e-01  -3.8920509e-02  -2.7851406e-03  -8.5363982e-02   1.1858163e-02   1.9347916e-02  -9.2707315e-02   7.2439885e-02   1.3260820e-01   3.3516937e-03   1.2709250e-01   2.3617206e-01   1.4983056e-01   3.1931823e-01   1.3042978e-01   8.7485546e-02   1.3920398e-01   1.9968991e-01   1.9342325e-01  -3.3870704e-02   2.3304289e-01   1.6984483e-01   9.6760675e-02   4.8005277e-02   7.7018658e-02   2.3745851e-01   6.2282204e-02   4.0628473e-01   1.1738670e-01   1.0080593e-01   3.1494860e-01   2.7962406e-01   2.4770931e-02   5.2198706e-02   1.2258361e-02
  -1.2265448e-02   1.8898907e-02   0.0000000e+00   1.2583833e-01   1.5373767e-01   1.1405439e-01   2.2251841e-01   4.5470334e-02  -1.7456530e-01   9.5635360e-02   1.0238680e-01  -1.1905150e-01   8.8140840e-03   0.0000000e+00  -1.4807994e-01   1.2749007e-02   2.2793689e-02   2.0919556e-02  -1.9043868e-02   1.4845942e-01  -6.0912570e-02   1.4252580e-01   2.5884423e-01   7.1011150e-02   1.7511637e-01   3.2158001e-01   5.6402819e-02   1.8802088e-01  -1.3569532e-01   5.2870828e-02   1.5252086e-01  -8.6870277e-02  -1.2731770e-01  -1.6455607e-01  -1.7335359e-01  -2.3636714e-01  -3.4712734e-02  -1.3015355e-01  -7.3276686e-02   1.1693724e-01  -9.7422358e-02  -1.9900123e-01   2.4092066e-02  -8.4594109e-02   2.9521196e-01  -1.2137737e-01   8.2341723e-02   2.5925399e-02   1.0476891e-01   2.7768508e-01   0.0000000e+00  -2.7569443e-02  -1.1346552e-01   6.6602890e-02  -1.9314771e-02  -7.2256034e-04  -4.3752240e-02   1.0584477e-01  -6.4895919e-02   2.2428851e-01   2.5483527e-01   1.0835081e-01  -2.1815939e-02  -6.6122411e-03  -1.0816948e-01  -1.6504328e-01   2.8633910e-01   2.4203285e-01   9.9517132e-02   6.4106135e-02   2.9857595e-01   2.0472172e-01   1.5035983e-01   1.0007339e-01   0.0000000e+00   2.4245808e-01   6.7427806e-02   2.8308426e-01  -1.2615983e-02   2.7905414e-01   1.4205089e-01   5.9223472e-01   6.1285948e-01   2.0262654e-01   3.5539025e-01   1.7329284e-01   3.0599545e-01   1.8389423e-01  -1.2893234e-01   4.3656074e-01   1.5082581e-01  -1.4495005e-01  -4.3502658e-02   3.0996440e-02  -9.0568056e-02   9.3709455e-03  -5.1661890e-02  -2.4608445e-02  -1.3024931e-01   5.8392827e-02  -9.5327327e-03  -1.9425194e-01  -3.0247915e-02  -4.5428421e-02  -1.3268143e-01   1.7058312e-02  -1.5743522e-01  -8.5971124e-02  -1.6433083e-01  -1.2280588e-01  -9.4315126e-02   8.7861660e-03  -8.7169007e-03  -1.5127250e-01  -5.8772023e-02   3.5961066e-01   1.9871571e-01   4.3144904e-01
   7.8007043e-02   3.0818610e-02   0.0000000e+00   5.3254680e-02   1.3065748e-01   6.0297358e-02   2.9227698e-02   1.2217160e-01   8.7053880e-02   2.0236815e-02   4.3867298e-02   9.0829343e-02   3.8119163e-01  -1.4807994e-01   0.0000000e+00   3.5961542e-01   2.1198315e-01   2.1257337e-01   2.5579704e-01   2.4167443e-01   2.1462079e-01   1.5951064e-01  -1.2178681e-02  -7.4127598e-03   1.5122324e-01  -4.4699162e-02   1.0371316e-01   1.6061928e-02   2.6051272e-01   1.1758851e-01   1.5920604e-01  -1.4818428e-02   7.1626866e-02   2.8194553e-01   2.8341512e-01   3.7629590e-01   1.6619823e-01   2.7144234e-01   1.8900770e-01   1.2609442e-01   2.4339201e-01   3.3990994e-01   8.4552497e-02   2.6278886e-01  -8.2300830e-02   1.9841523e-01   2.2888443e-01   3.0194728e-01   2.9708150e-01   1.0282143e-03   0.0000000e+00   2.5034586e-01   2.6350704e-01   1.4192478e-01   4.0583573e-01   5.4168521e-01   2.5179101e-01   1.0403650e-01   3.0148343e-01   1.3445405e-04   6.5432504e-02   1.2684421e-01  -2.4181291e-02   2.2773329e-01   3.8574206e-01   2.8743184e-01  -1.8570623e-01   1.4755050e-02   4.2354266e-02   1.0035315e-01  -1.4941186e-02  -3.7563878e-02  -4.4181758e-02   1.8091004e-02   0.0000000e+00  -8.7311036e-02  -6.5611424e-02  -5.5298200e-02   9.0493017e-02  -2.4506799e-01   7.5399589e-02  -6.0143401e-02  -3.8138969e-02   8.4094748e-02  -1.9270536e-01  -2.4409144e-02  -1.4051554e-01  -9.1596745e-02   5.4681652e-02  -1.9584050e-01  -7.5683040e-02   1.5262277e-01  -4.8843265e-02   1.4677929e-01   1.4846131e-01   9.9525543e-02   1.7494875e-01   6.3581805e-02   2.3586379e-02  -1.6078603e-02   1.3841842e-01   1.3210880e-01  -5.2694278e-02   1.3222799e-01   1.2428515e-01   7.0220428e-02   9.5946442e-02   5.2130421e-02   1.6053069e-01   2.7792372e-02   3.5036839e-01   1.0478131e-01   2.2045820e-01   3.0395090e-01   3.5772320e-01  -8.6993376e-02  -1.2806268e-01  -1.1955834e-01
   9.5062433e-02   3.1088498e-02   0.0000000e+00   1.2251974e-01   7.7523831e-02   4.1158387e-02   7.2628799e-02   8.1201047e-02   9.4400927e-02  -2.1537861e-02   2.3228014e-02   8.8163490e-05   3.6674030e-01   1.2749007e-02   3.5961542e-01   0.0000000e+00   1.8557397e-01   2.3281763e-01   2.8723154e-01   1.5717598e-01   1.3100682e-01   1.3018450e-01  -6.6419986e-02   3.5070427e-02   2.1111170e-01   9.9417763e-02   3.4614886e-02  -2.1818662e-02   1.5552772e-01   1.0680112e-01   1.8587683e-01  -1.9577192e-02   6.9661388e-02   1.2482858e-01   1.2345819e-01   2.2045475e-01   1.9949545e-01   2.0007999e-01   2.2607150e-01   1.1343500e-01   1.9401109e-01   1.5507276e-01   6.5580065e-02   3.3414539e-01  -6.1216195e-02   1.4259962e-01   1.7399359e-01   3.4014218e-01   2.6438885e-01  -1.8149109e-02   0.0000000e+00   2.0709737e-01   2.6991984e-01   3.1989098e-01   7.1621433e-01   4.5768357e-01   1.5851774e-01   3.0891190e-01   2.9817988e-01   9.6443177e-02   1.4423572e-01   1.8531753e-01   8.6530573e-02   2.0315275e-01   1.8239875e-01   3.0511974e-01  -1.5040993e-02   1.0802159e-01   1.7346107e-01   2.3853415e-01   7.6793218e-02  -1.4881749e-02  -4.1059908e-02  -1.0692660e-01   0.0000000e+00   9.7749660e-02   1.7900403e-02  -1.4792577e-02   1.3671406e-01  -4.0335125e-03   5.4687723e-02  -9.6836098e-02   1.4921758e-02   1.6782301e-01  -6.8595684e-02  -3.4987338e-02  -1.0909549e-01   5.0633053e-02   2.2443681e-02  -7.1437256e-02  -4.5022414e-02   1.5312832e-01   7.3032639e-02   1.1320157e-01   2.4185837e-01   1.3522678e-01   1.2271693e-01   1.9490073e-01   5.2703057e-02   3.7296855e-02   3.2349165e-02   1.7266957e-01   7.9607440e-02   1.6116339e-01   3.5940397e-01   2.1330701e-01   1.6138430e-01   2.7382252e-01   3.4110652e-01   2.1528296e-01   2.5804808e-01   1.2345584e-01   1.1046604e-01   2.7063567e-01   1.6560293e-01   5.3944329e-02   6.2781588e-02   3.9135291e-02
  -1.0198002e-02   3.8760998e-02   0.0000000e+00   1.7770636e-01   2.4327074e-01   1.3150027e-01  -9.4217322e-03   8.8820311e-02   5.0083370e-03  -1.0154292e-01   2.3315447e-01   1.0476546e-02   3.8004583e-01   2.2793689e-02   2.1198315e-01   1.8557397e-01   0.0000000e+00   4.9102973e-01   2.0899469e-01   4.4541502e-01   3.3930027e-01   3.7207932e-01   8.4120295e-02   1.6557791e-01   3.9167380e-01   6.1753598e-02   3.5310966e-01   1.5415116e-01   3.4642887e-01   1.0760343e-01   2.5213864e-01   7.6581782e-02   1.8727927e-01   9.1224552e-02   3.1441345e-01   3.5108028e-01   2.8338832e-01   2.3937235e-01   2.3846646e-01   2.3349233e-01   2.9831242e-01   3.4462158e-01   1.4690484e-01   2.4267380e-01  -6.7491579e-02   2.4744536e-01   4.0089977e-01   2.7139216e-01   2.7527775e-01   1.3913484e-01   0.0000000e+00   4.4718607e-01   2.5765950e-01   8.6653951e-02   2.6190236e-01   3.5954915e-01   4.3611494e-01   1.0203235e-01   2.8060892e-01   1.9595719e-01   1.2886720e-01   2.0607461e-01   4.4497279e-02   1.0670092e-01   2.1158054e-01   2.4016534e-01  -2.7057058e-01   1.3576765e-02  -1.7198898e-01   2.7421191e-01   4.0542905e-02  -1.0237737e-01  -5.8034677e-02   6.0229207e-03   0.0000000e+00  -1.7092967e-01  -8.7672405e-02  -1.7607046e-01   1.5315351e-01  -1.9902858e-01   1.9349844e-01   8.4781234e-02   1.3359894e-01   2.3321022e-01  -1.8025531e-01  -9.8939674e-02  -1.9518858e-01  -2.2365786e-02   9.4432415e-02  -1.8504899e-01  -1.3287365e-01   2.5829180e-01  -1.6200424e-02   3.1107961e-02   1.1455911e-01   1.6154636e-01   4.5394893e-02   1.6388686e-01   3.3545082e-02   2.5296116e-02   1.4342391e-01   1.8749016e-01  -9.3553856e-02   1.7703409e-01   2.2423601e-01  -6.1508636e-02   7.8989175e-02   1.2549138e-01   2.3362535e-01   6.5842984e-02   1.5463009e-01   2.1375661e-02   2.9689496e-02   3.5790791e-01   1.6470268e-01  -2.8895283e-02  -1.5944424e-01  -1.3996002e-01
  -6.8595953e-02  -4.3277669e-02   0.0000000e+00  -2.5373669e-02   3.8796984e-01   6.9863489e-02  -1.3797221e-01  -2.6140894e-03  -6.9026121e-02  -7.9997989e-02   6.0670770e-02   2.4491099e-02   4.3798569e-01   2.0919556e-02   2.1257337e-01   2.3281763e-01   4.9102973e-01   0.0000000e+00   2.0951183e-01   7.0303415e-01   3.1230910e-01   3.7464055e-01   1.6952606e-02   2.3146027e-01   4.8789353e-01   1.3274838e-01   4.1922310e-01   1.6437056e-01   2.7311373e-01   2.4354607e-02   2.9630443e-01   1.3401882e-01   7.4321439e-02   3.1290051e-02   4.5238692e-01   3.4157332e-01   3.3422309e-01   2.5530526e-01   3.4500581e-01   1.2784066e-01   2.5368816e-01   2.0437750e-01   2.5229659e-01   2.9237644e-01  -7.5979292e-02   3.1741192e-01   2.7444167e-01   1.3626689e-01   3.9789580e-01   2.5376069e-01   0.0000000e+00   3.4310229e-01   2.6326855e-01  -9.0027159e-03   2.8745372e-01   2.5497407e-01   4.6506730e-01   5.9358107e-02   2.4059311e-01   3.7947286e-01   3.3082986e-01   3.1766629e-01   5.7719477e-03  -5.7973845e-03   1.2617908e-01   1.6277277e-01  -2.3176249e-01   1.4321036e-02  -2.0207804e-01   6.1994981e-01   1.4408796e-01  -1.0247095e-01  -7.9899046e-02   1.4975593e-02   0.0000000e+00  -1.6468896e-01  -1.7435102e-01  -1.3711590e-01   3.9679921e-01  -5.4985309e-02   3.3240666e-01   8.5817296e-02   1.3735641e-01   5.4857893e-01  -3.3207360e-02   7.8456210e-02  -1.8491066e-01   1.3789262e-01   2.1719245e-01  -2.0346637e-01  -2.5222628e-02   4.0338413e-01   3.8647717e-02   1.2023588e-01   1.8889431e-01   8.0722368e-02   1.9605149e-01   1.0272820e-01   1.0976091e-01   8.0754069e-02   2.2477155e-01   2.4705110e-01   4.0449145e-03   3.4086671e-01   2.7976782e-01  -1.0835356e-01   1.4571819e-01   2.0183309e-01   3.2149113e-01  -4.4138928e-02   3.1988217e-02  -2.3414539e-02  -2.1279641e-02   3.1597325e-01   9.9327853e-02  -6.3214088e-03   1.4334666e-02  -1.4877915e-01
   1.0207856e-01  -1.6590955e-02   0.0000000e+00   2.2102378e-01   2.3931120e-01   6.2821589e-02   2.2581732e-01   1.6159611e-01   7.1781669e-02  -9.8378214e-02   7.6124390e-02   8.0785890e-03   3.0709680e-01  -1.9043868e-02   2.5579704e-01   2.8723154e-01   2.0899469e-01   2.0951183e-01   0.0000000e+00   2.3456539e-01   1.6892525e-01   2.0713865e-01  -5.8215411e-02   7.4843705e-02   2.7186241e-01   9.1326816e-02   1.6472084e-01   8.8694336e-02   1.5375652e-01   1.0801687e-01   1.9198812e-01   1.1189432e-01   1.9798873e-01   1.5607007e-01   3.2424200e-01   3.0464680e-01   2.9285296e-01   3.2582014e-01   3.1336596e-01   1.6694822e-01   2.2974109e-01   2.8221910e-01   3.2425411e-01   3.5005467e-01   2.1075937e-02   2.7202728e-01   1.5900944e-01   2.8376886e-01   3.6038802e-01   1.2995224e-01   0.0000000e+00   2.2050092e-01   4.0822961e-01   2.5000821e-01   3.8077102e-01   3.5811052e-01   2.4674193e-01   1.5282319e-01   4.7844085e-01   1.1283560e-01   2.0613436e-01   2.3702658e-01   1.6632126e-02   2.1341811e-01   1.3866350e-01   3.4251340e-01  -5.4137921e-02   2.9048875e-01   1.4914143e-01   2.2274921e-01   8.1298376e-02  -8.6331508e-02   9.9674161e-02   4.0645188e-02   0.0000000e+00   8.2817260e-02  -3.5366710e-03   2.5513446e-02   1.6158696e-01   6.7643912e-03   1.7716606e-01   4.7628130e-02   2.6180131e-02   2.1934471e-01   5.6279240e-02   9.3723659e-02  -3.0835714e-02   1.0979137e-01   1.0888572e-01   8.5982456e-03   1.5000887e-01   1.5932686e-01   4.1874050e-02   3.6387519e-01   3.9684468e-01   3.2907903e-01   1.9136608e-01   3.9490264e-01   2.5426857e-01   2.2703203e-01   2.1741433e-01   2.6829714e-01   1.5731496e-02   1.6841057e-01   2.7937046e-01   1.6389498e-01   7.9065170e-02   1.4039269e-01   2.2478872e-01   1.8451756e-01   2.5376889e-01   7.3485164e-02   1.2227644e-01   3.0230557e-01   1.3911410e-01   8.5269142e-02   1.9895035e-02   5.8941662e-02
  -1.1975711e-01  -7.2798410e-02   0.0000000e+00  -4.2231453e-02   5.5064694e-01   1.4093878e-01  -9.9914769e-02   3.8302984e-02  -9.2666333e-02  -8.3369972e-02   4.5171768e-02   1.2536312e-01   5.4392974e-01   1.4845942e-01   2.4167443e-01   1.5717598e-01   4.4541502e-01   7.0303415e-01   2.3456539e-01   0.0000000e+00   3.2413301e-01   5.9104717e-01  -1.5170975e-02   2.3432435e-01   6.5410661e-01   1.3957940e-01   7.0715097e-01   2.3191754e-01   2.9356998e-01   2.7193966e-02   4.9090680e-01   1.5509964e-01   4.0088551e-02   5.9493800e-02   6.4697021e-01   3.5044994e-01   3.7451551e-01   2.7602581e-01   2.8385422e-01   9.9373773e-02   2.3015188e-01   2.3292691e-01   4.1656941e-01   3.6137105e-01   7.0186985e-02   3.6897573e-01   3.4170743e-01   1.3490506e-01   5.4433507e-01   4.5478498e-01   0.0000000e+00   3.8016810e-01   3.0925005e-01  -2.8389138e-02   2.8490333e-01   2.4239111e-01   6.2664289e-01   1.5189182e-01   3.2630848e-01   5.9681910e-01   5.6523873e-01   4.6881526e-01  -1.0828704e-01  -8.2787925e-02   1.7378693e-01   1.1261617e-01  -1.9501269e-01   3.0541707e-01  -1.6863400e-01   6.4154837e-01   2.2559716e-01  -1.0686065e-01   2.4248667e-02   1.1095255e-01   0.0000000e+00  -6.6371063e-02  -1.7976072e-01  -3.3858954e-02   3.8904399e-01   5.5511572e-02   5.5822674e-01   3.2921377e-01   4.1849129e-01   8.1098670e-01   1.6929332e-01   2.6567111e-01   2.4553390e-02   1.9619143e-01   1.8108568e-01  -5.2288790e-03   1.4451203e-01   3.2481052e-01   4.5670908e-03   2.0233221e-01   1.8643747e-01   1.5300138e-01   2.8232856e-01   1.6234796e-01   8.4916341e-02   1.4086488e-01   4.2029904e-01   3.2722610e-01  -3.8803084e-02   4.5015751e-01   1.6879025e-01  -7.0208419e-02   4.9448696e-02   1.1897127e-01   1.9477957e-01  -1.5188617e-01   4.3337943e-02  -1.2295355e-02   1.3015709e-02   2.7197344e-01   2.1409120e-01   8.8114488e-02   3.9728250e-02  -3.6863739e-02
  -5.5808619e-02  -6.9409240e-02   0.0000000e+00   1.4913547e-01   6.2391107e-02  -6.5300881e-03  -8.2296098e-02   9.2827268e-02  -1.8232208e-02   1.0719544e-01   2.6263210e-01   8.0472299e-02   5.1224016e-01  -6.0912570e-02   2.1462079e-01   1.3100682e-01   3.3930027e-01   3.1230910e-01   1.6892525e-01   3.2413301e-01   0.0000000e+00   5.7774429e-01   3.5029264e-01   2.7685809e-01   3.1982933e-01   3.2834603e-02   1.6050473e-01   3.1496849e-01   5.4854545e-01   2.4351092e-01   1.3119857e-01   2.0636800e-01   3.2793652e-01   2.8099346e-01   3.2182925e-01   6.9269719e-01   4.1287123e-01   3.7299263e-01   3.1266695e-01   3.8586826e-01   3.3429148e-01   3.6123552e-01   2.7927229e-01   2.6656008e-01   6.8853292e-02   3.7821602e-01   3.9921739e-01   3.8740994e-01   2.5498387e-01  -1.1733435e-01   0.0000000e+00   3.8021108e-01   4.4594771e-01   9.8948811e-02   2.5375066e-01   2.2255321e-01   2.8096165e-01   1.2097796e-02   3.4063656e-01   1.0827747e-01   4.7527791e-02   8.0864450e-02   9.2654850e-02   1.4066100e-01   1.9899458e-01   2.3572259e-01  -1.7089909e-01  -6.4450294e-02  -7.2677675e-02   6.4887077e-02  -9.5504124e-02  -1.7862311e-01  -1.2292449e-01  -6.5803755e-02   0.0000000e+00  -1.5410572e-01  -6.2094920e-02  -1.6717407e-01  -1.2243028e-02  -1.9638838e-01  -1.1331323e-01  -3.7093352e-02  -3.7167651e-02   2.1053176e-03  -1.4909918e-01  -9.5515169e-02  -2.3786617e-01  -1.7734398e-01   4.5617922e-02  -1.5716406e-01  -4.9128140e-02   6.0615048e-02  -1.6455957e-02   5.1166481e-03   1.2595502e-01   1.1107637e-01   1.2230935e-01   1.7921741e-01   1.2865586e-01   1.5443876e-01   1.6299810e-01   1.5408863e-01  -1.0587544e-01   1.9577161e-01   2.2218459e-01   1.7345845e-02   4.5325660e-02   2.6573761e-02   2.2445706e-01   4.6210850e-02   2.3425635e-01   3.7507123e-02   1.2678806e-02   2.2511371e-01   1.1586105e-01  -5.0171054e-02  -5.1906108e-02  -1.5528608e-01
