   0.0000000e+00   0.0000000e+00   6.6176580e-02  -8.7470482e-02  -8.2118534e-02  -2.0909192e-02   3.2833468e-01   2.2036435e-01   2.3734706e-02   0.0000000e+00   8.4969292e-02   0.0000000e+00  -1.3698076e-01   6.5532406e-02   9.5724286e-02   2.8520113e-01   7.6316861e-02  -7.4903811e-02   1.4330824e-01  -1.2400453e-01  -9.8544716e-02   2.3398988e-02   2.3199301e-02  -2.2315798e-02   2.4689256e-02   1.3601573e-01  -6.4864132e-02  -2.7746170e-02  -2.6778372e-01  -7.2801576e-02  -4.8895933e-02  -6.3017973e-03  -3.1477302e-01  -2.8406760e-01   3.0160417e-02   1.0320225e-01  -3.7407674e-02  -6.9074645e-02  -1.0597703e-01   1.5371431e-01   1.5925192e-01   1.1063168e-01   2.3102090e-01   1.3329478e-01  -7.0323275e-02   2.9520251e-01  -1.7316606e-01   8.4096248e-02   5.4978837e-02   7.5773354e-02  -3.5899069e-03  -6.3522713e-02   2.5868212e-01   7.1411389e-03   2.2212834e-01   1.9583846e-01  -1.1548016e-02  -5.3393507e-03   6.3454126e-02   7.0159544e-02  -6.8137119e-03   9.2813148e-02   9.0580668e-02   2.2740494e-02  -9.9109523e-03  -5.0805723e-02   5.5739524e-02   2.8819062e-01   2.0456546e-01   1.8615591e-01   2.5098425e-01   7.8767448e-02   5.3711929e-01   3.0087561e-01   0.0000000e+00   1.4039917e-01   1.7840981e-01   1.9266861e-01   1.9082091e-01   4.6180090e-02   5.6404324e-02   1.9843606e-01   3.2122780e-03   3.9956044e-02   1.8022123e-01   5.1425298e-02  -1.4524793e-01  -2.9305800e-03   5.2931610e-02   1.1424028e-01   7.0403275e-02   2.0300521e-01   3.0707221e-01   1.8026258e-01   4.6579873e-02   3.0006167e-01   2.3263840e-01   1.2268081e-01   2.8913105e-01   2.5086319e-01   3.6526354e-01   1.4473615e-01   2.3492678e-01   1.2721712e-01   2.8736402e-02  -2.1312840e-02  -3.6732325e-02   4.1486847e-02   1.4230946e-01   2.5979976e-02   3.5319470e-02   1.3244410e-01   2.6824264e-01   8.6585314e-02   1.2621031e-01   9.0124115e-02   1.3628751e-01   3.8815289e-02
   0.0000000e+00   0.0000000e+00   0.0000000e+00   0.0000000e+00   0.0000000e+00   0.0000000e+00   0.0000000e+00   0.0000000e+00   0.0000000e+00   0.0000000e+00   0.0000000e+00   0.0000000e+00   0.0000000e+00   0.0000000e+00   0.0000000e+00   0.0000000e+00   0.0000000e+00   0.0000000e+00   0.0000000e+00   0.0000000e+00   0.0000000e+00   0.0000000e+00   0.0000000e+00   0.0000000e+00   0.0000000e+00   0.0000000e+00   0.0000000e+00   0.0000000e+00   0.0000000e+00   0.0000000e+00   0.0000000e+00   0.0000000e+00   0.0000000e+00   0.0000000e+00   0.0000000e+00   0.0000000e+00   0.0000000e+00   0.0000000e+00   0.0000000e+00   0.0000000e+00   0.0000000e+00   0.0000000e+00   0.0000000e+00   0.0000000e+00   0.0000000e+00   0.0000000e+00   0.0000000e+00   0.0000000e+00   0.0000000e+00   0.0000000e+00   0.0000000e+00   0.0000000e+00   0.0000000e+00   0.0000000e+00   0.0000000e+00   0.0000000e+00   0.0000000e+00   0.0000000e+00   0.0000000e+00   0.0000000e+00   0.0000000e+00   0.0000000e+00   0.0000000e+00   0.0000000e+00   0.0000000e+00   0.0000000e+00   0.0000000e+00   0.0000000e+00   0.0000000e+00   0.0000000e+00   0.0000000e+00   0.0000000e+00   0.0000000e+00   0.0000000e+00   0.0000000e+00   0.0000000e+00   0.0000000e+00   0.0000000e+00   0.0000000e+00   0.0000000e+00   0.0000000e+00   0.0000000e+00   0.0000000e+00   0.0000000e+00   0.0000000e+00   0.0000000e+00   0.0000000e+00   0.0000000e+00   0.0000000e+00   0.0000000e+00   0.0000000e+00   0.0000000e+00   0.0000000e+00   0.0000000e+00   0.0000000e+00   0.0000000e+00   0.0000000e+00   0.0000000e+00   0.0000000e+00   0.0000000e+00   0.0000000e+00   0.0000000e+00   0.0000000e+00   0.0000000e+00   0.0000000e+00   0.0000000e+00   0.0000000e+00   0.0000000e+00   0.0000000e+00   0.0000000e+00   0.0000000e+00   0.0000000e+00   0.0000000e+00   0.0000000e+00   0.0000000e+00   0.0000000e+00   0.0000000e+00   0.0000000e+00
   6.6176580e-02   0.0000000e+00   0.0000000e+00   2.5699131e-01   1.9518093e-01   1.9961345e-01   5.2465047e-02   6.3762866e-02   2.8966776e-02   0.0000000e+00   3.6365822e-01   0.0000000e+00   2.1401626e-02  -5.0778077e-02   3.1187765e-01   3.2772691e-01  -7.9175466e-03   7.4067527e-02   2.6948616e-01   1.1108888e-01   5.0008305e-02  -4.7398339e-02  -3.4937265e-03  -1.4835504e-01   6.8815100e-02   6.4110981e-02   3.1602512e-02   7.8419700e-02   8.9954232e-02  -1.2166050e-03   2.1246343e-01   1.6208018e-01   1.8895646e-01   1.8991514e-01   1.5244725e-01   8.4412910e-02   5.0648471e-02   1.2141632e-01   3.0351225e-01   1.6175731e-01  -5.0586114e-02   1.7862221e-01   1.4495003e-01   6.4127154e-02   1.3630884e-01   3.8156619e-02   2.2983518e-01   1.0022513e-01   1.9725810e-02   8.3997633e-02   1.4539398e-01  -4.6291677e-02   1.6612938e-02   1.7726760e-01   2.2616037e-01   9.8396404e-02  -3.0077764e-02   4.9623416e-02   3.0993023e-01   4.8455903e-02  -2.5462621e-02  -4.4685901e-02   4.4045428e-02   2.7823348e-01   1.8138744e-01   2.6883846e-01   8.1186882e-02   1.4082022e-01   1.7969941e-01   9.3667392e-03   1.1513947e-01  -6.9139984e-02  -1.2355193e-01   1.6016058e-01   0.0000000e+00   1.3783124e-01   6.8151409e-02  -8.8607704e-02  -2.5295266e-02   8.1338122e-02  -4.4838493e-02   6.1392124e-02   2.7842696e-02   5.0045237e-02   1.2194490e-01   2.0015099e-01   1.1739126e-01  -2.9036157e-03   1.1134077e-01   5.1929679e-02   2.6475483e-02  -2.8950093e-02   1.4030403e-01   5.0427078e-02   1.9197019e-01   9.4035419e-02   1.2200122e-02   3.0784732e-02   1.4032350e-01   5.4816361e-02   2.8068202e-02  -9.0182300e-02   1.3530164e-01   3.7814094e-02   1.9621081e-02   6.4034521e-02  -2.2776253e-02  -6.7436608e-03  -5.5262919e-02   2.3340761e-02   1.4296493e-01   3.1123411e-01   2.1987252e-01   1.7735377e-01   1.8945907e-01   7.9617757e-03   8.9271375e-02   9.9883796e-02
  -8.7470482e-02   0.0000000e+00   2.5699131e-01   0.0000000e+00   1.8778573e-01   1.6404699e-01  -1.2067834e-01   1.2219978e-01  -6.6037743e-02   0.0000000e+00   1.8093669e-01   0.0000000e+00   1.7735658e-01  -3.0029921e-02   2.9801070e-01   1.5206186e-01  -9.0592347e-02   1.8896163e-01   2.6475901e-01   2.6179350e-01   2.4265409e-01   7.7668821e-03   5.2173755e-02  -3.3110458e-02   2.1561779e-02   2.7676206e-02   1.6559855e-01   1.2167133e-01   1.2497949e-01   6.1575727e-02   1.3409680e-01   2.3232879e-01   2.7497864e-01   2.3189687e-01   1.7302310e-01   1.6117427e-01  -8.6220934e-02   1.6889288e-01   1.6743606e-01   1.7705508e-01  -1.0310076e-01   2.2617725e-01  -1.0014515e-02   7.4168912e-02   1.4655639e-01  -5.2993912e-02   3.1926526e-01   2.0458714e-01   6.4200444e-02  -2.0879457e-02   4.6969422e-02  -7.5001964e-02   2.2717489e-02   2.0584236e-01   1.3994954e-01   9.5177843e-02   2.1900042e-02   2.1098038e-02   2.0707466e-01   8.1127623e-02   4.7073389e-03  -6.6592555e-02  -2.3769396e-02   2.2326829e-01   1.3822373e-01   6.4848322e-02   9.3057060e-02   3.7446468e-02   3.9046367e-02  -1.2489868e-01  -7.6553784e-02   7.1407582e-03  -1.0649910e-01   1.0982429e-01   0.0000000e+00   1.7570220e-01  -6.1366602e-02  -1.3961920e-01  -1.5772908e-01   6.9729629e-02  -5.2004473e-02  -1.3872179e-01   1.1366214e-01   7.9654879e-03   3.1942146e-02   2.0960981e-03  -3.3738769e-02   2.6531334e-02  -1.1000528e-01   7.5541594e-02  -5.4743231e-02  -1.2341232e-01  -5.5272133e-02  -9.2294268e-02   5.1764394e-02   2.1130797e-02  -4.8772752e-02   6.2940274e-02   4.2200044e-02  -3.7904677e-02  -1.6150279e-01  -1.0506043e-01  -4.7603593e-02  -3.7880216e-02  -8.7664367e-02   7.4063716e-02  -4.9934155e-02  -4.5875213e-02   1.6401673e-02  -1.8281112e-01   4.5632199e-03   2.2714799e-01   1.7060135e-01   5.7701585e-02   1.6154799e-01   1.1234556e-01   2.1057605e-02   1.0474722e-01
  -8.2118534e-02   0.0000000e+00   1.9518093e-01   1.8778573e-01   0.0000000e+00   3.8015734e-01   1.0109653e-01  -1.5862004e-02  -2.3716242e-02   0.0000000e+00  -8.1953058e-04   0.0000000e+00   8.6564054e-02   2.2377941e-02   6.0944260e-02   2.6966141e-02   1.0689755e-01   2.1236626e-01   2.4910632e-01   2.3975258e-01  -1.4790737e-02   5.3451929e-02  -2.6238019e-02  -6.6016651e-02   2.1543389e-01   1.1451662e-01   1.4507926e-01   1.6131991e-01   8.8485227e-02   1.2025058e-01   1.9337020e-01   4.7849173e-02   1.1654737e-01   1.1747532e-01   7.3306073e-02   6.9518007e-02  -6.5626145e-02   5.5943913e-02   4.8124401e-02  -6.1995784e-02  -5.6515547e-03   1.0603634e-01   1.8175166e-01  -4.6838363e-02   4.8389488e-03   4.4417780e-02   2.4668230e-01   4.0467432e-02   1.3952571e-01   2.4309768e-01   9.2469597e-02   8.5286291e-02  -4.3562132e-02   2.0623107e-01   2.0065548e-02  -2.3323324e-02   1.1120904e-01   3.5710592e-02  -3.4115676e-02   1.4987767e-01   1.3576220e-01   1.6600251e-01  -3.6704540e-02   1.1103855e-01   4.4907908e-02   2.4864097e-01   1.3889939e-01   3.5879393e-03   1.3416934e-01   1.3587497e-01   9.8924852e-02   4.5954254e-02  -3.2473703e-02   1.0519778e-02   0.0000000e+00   1.4965510e-01   1.0846106e-01   7.2439438e-02   2.3520556e-01   1.2261836e-01   2.0537419e-01   2.4653072e-01   2.2453838e-01   3.1747503e-01   1.2162968e-01   1.9405511e-01   1.6088164e-01   2.6243252e-01   2.6991898e-01   2.1136046e-01   1.7833064e-01   1.4821612e-01   1.7122677e-01   1.4063318e-01   1.3953006e-01  -3.4706426e-02  -2.4935731e-02  -6.4281271e-02   1.1350493e-01   5.0070571e-02   1.4718709e-02   4.0925592e-02   5.2248213e-02   8.7641237e-02   4.5314749e-02   5.9830734e-02  -2.1816258e-02   6.8504243e-02   3.0779889e-02   7.3600649e-02   2.7261165e-02   2.1677445e-01   1.1132131e-01   2.0892154e-01   1.5922630e-01  -1.2881092e-02   6.3509252e-02   1.7961924e-01
  -2.0909192e-02   0.0000000e+00   1.9961345e-01   1.6404699e-01   3.8015734e-01   0.0000000e+00   3.0789665e-02   1.7676548e-01   5.5271318e-02   0.0000000e+00   1.1452458e-01   0.0000000e+00   1.4920605e-02   8.0417310e-02   8.7266558e-02   6.5729136e-02  -7.8466736e-02   8.5901306e-02   9.5743658e-02   2.4281258e-02   3.3944932e-02   7.0523395e-02  -3.9916603e-02  -1.1221605e-01   7.5942899e-02   7.0992092e-02   7.4136594e-02   3.3009435e-02   3.2758486e-02   1.0226697e-02   1.4917622e-01  -1.1361687e-02   1.3132199e-01   1.3296043e-01   7.4885361e-02   1.0256080e-01   8.1041533e-02   8.1728127e-02   2.3606026e-01  -5.1262537e-02   8.0457060e-03   2.0325422e-01   9.5901001e-03   1.5096580e-02   1.4533740e-01   3.8842605e-02  -3.4288634e-02  -8.0879615e-03   7.2795337e-02   1.2197817e-01   7.0122931e-02  -1.0207495e-01   1.4062367e-01   6.1116156e-02   6.7947470e-02   4.4121173e-02   1.4020831e-02  -2.5902853e-02   4.1359667e-02   5.4368384e-02   3.7003700e-02   8.7928646e-02   5.6504082e-02   2.6183629e-02   1.0776132e-01   7.1007479e-02   1.4588554e-01   6.9315674e-02   1.2623682e-01   5.2040157e-02   7.5516231e-02   6.7663589e-03  -1.5516570e-01  -7.2155790e-03   0.0000000e+00   1.0149567e-01   1.0783353e-01   1.0192552e-01   7.5344464e-02  -3.0354212e-02  -4.5577720e-02   6.7166644e-02   7.8486309e-02   6.5494066e-02  -1.0512414e-01   2.1023008e-01   1.8082880e-02   4.8856306e-02  -1.5946018e-02   1.7275353e-02   1.0477419e-02   1.5218636e-01   9.3300529e-02   1.5084353e-01   4.2711838e-02   1.3222698e-01   1.4946718e-01   3.5381462e-02   8.9161859e-02   7.3487727e-02   2.4618024e-02  -7.3747189e-02   2.0291827e-01   4.1534855e-02   5.5089039e-02   3.7632906e-02  -5.6207139e-02   4.3651612e-02   7.3295106e-02   1.0204756e-01   4.9023000e-02   2.2379062e-01   1.1282134e-01   1.3313119e-01   3.4042408e-02   3.9339973e-02   1.3712983e-01   6.5185597e-02
   3.2833468e-01   0.0000000e+00   5.2465047e-02  -1.2067834e-01   1.0109653e-01   3.0789665e-02   0.0000000e+00   1.5345174e-01   1.4955691e-01   0.0000000e+00   2.0582171e-01   0.0000000e+00  -4.6768495e-02   8.7556754e-02   1.7381717e-02   1.2640644e-01   7.4771196e-02   1.3038957e-01   3.5870051e-01  -4.5665251e-02  -6.4135067e-02   8.7448315e-02   1.7079267e-02  -1.9436596e-01   9.3609942e-02   2.5158685e-01   3.9184963e-02  -2.3129251e-02  -1.7425020e-01  -6.5561302e-02  -1.5161256e-01  -8.8414848e-02  -1.5825726e-01  -8.4771984e-02  -9.5356998e-04   1.8684545e-01   1.7559154e-01   2.5555579e-01   1.6625148e-01   1.4467406e-01   3.4944863e-01   9.8844280e-02   1.6626799e-01   2.1600956e-01   1.2236943e-01   2.5996736e-01  -1.9144794e-01   4.3295221e-02   9.0092685e-02   1.4481449e-01   3.9228216e-02   1.6835428e-01   2.8919299e-01   8.4855427e-02   2.6632826e-01   1.8222744e-01   1.8435979e-01  -1.1260241e-01   1.0642760e-02   2.6791938e-02   5.3707783e-02   1.9430087e-01   9.6730710e-02   2.1922198e-01  -7.2950261e-02   1.7522233e-01   6.7757724e-02   3.8519894e-02   1.5942871e-01   2.9274418e-01   3.3528625e-01  -3.9165173e-02   3.9254491e-01  -1.4985944e-02   0.0000000e+00   6.0014243e-02   2.0730586e-01   2.1198776e-01   3.1511263e-01   1.9851009e-02   1.9210678e-01   1.5345947e-01  -7.3831140e-02   7.0313452e-02   1.5813053e-01   1.7180907e-01   3.3575700e-02  -5.2758820e-02   1.4097821e-01   9.8727151e-02   1.1255064e-01   3.4932921e-01   3.1118617e-01   3.2741314e-01   3.6423633e-01   2.8484010e-01   2.5639552e-01   2.0789198e-01   2.3166402e-01   3.3852727e-01   2.8754760e-01   4.3746524e-01   3.4626844e-01   2.4727541e-01   2.0344928e-01   3.6476191e-03  -8.2450410e-02   2.4457838e-01   1.3727871e-01   3.3922132e-01   9.1657647e-02  -1.7346822e-03   4.8964359e-02   1.1228110e-01   1.4385840e-01   1.1821778e-01   1.5184070e-01  -4.7330516e-02
   2.2036435e-01   0.0000000e+00   6.3762866e-02   1.2219978e-01  -1.5862004e-02   1.7676548e-01   1.5345174e-01   0.0000000e+00   2.2651154e-01   0.0000000e+00   1.5128674e-01   0.0000000e+00   3.9430525e-03   9.3395883e-02   1.3982026e-01   1.8497157e-01  -7.7808231e-02  -4.6128660e-02   1.3422173e-01  -3.5443517e-02   6.2465262e-02   4.4853506e-03   6.2994141e-02  -2.9129586e-02  -8.5815518e-02   1.8615945e-01  -2.5329584e-02  -7.2755808e-02  -2.0989063e-01  -1.3116522e-01  -5.7439381e-02   9.7971955e-02   3.4176875e-02   2.3362988e-02   1.2764926e-01   9.4965756e-02   7.5637256e-02   1.3313394e-01   1.3547855e-01   1.7519651e-01   1.1911531e-01   1.7679778e-01   1.7167136e-02   5.0599272e-02   1.0302852e-01   7.0057755e-02  -7.3715392e-02   2.1327650e-01   4.3742882e-02  -9.9154762e-02   3.5047404e-02  -1.3241037e-01   2.3861932e-01   1.8724687e-01   1.0424025e-01   1.4936414e-01  -9.3236935e-02  -3.3804561e-02   1.3132712e-01   1.8454803e-02  -8.6830692e-03   5.6945628e-02   3.2907426e-01  -2.8793649e-02  -9.5688848e-02  -5.5195476e-02   2.2201780e-01   2.2511067e-01   2.3694110e-01   5.8300989e-02   1.7164463e-01   6.1132963e-02   3.9755630e-04   4.8949702e-02   0.0000000e+00   2.1505227e-01   1.9442769e-01   1.8351879e-01  -6.6281254e-03   1.4010410e-01  -1.0456120e-01  -1.0671425e-02  -3.4418906e-02  -2.7447194e-03   5.6916127e-03   1.0197596e-01  -2.2549955e-02   1.0737487e-02   4.1656357e-02  -3.7411974e-03   4.5400140e-03   1.7582570e-01   8.0668301e-02   1.1825951e-01   8.6958063e-02   2.7550774e-01   2.0985182e-01   6.6362741e-02   2.4336419e-01   1.9599259e-01   1.4979856e-01  -1.8056300e-02   2.9353284e-01   3.4532890e-02   1.5023714e-01  -2.0161736e-02  -6.2296245e-02  -7.4783530e-02   2.6788243e-01   2.1480686e-01   2.2744512e-02   1.9747175e-01   1.7031774e-01   1.6457302e-01   1.8584658e-02   5.7582133e-01   4.1354103e-01   1.1852758e-01
   2.3734706e-02   0.0000000e+00   2.8966776e-02  -6.6037743e-02  -2.3716242e-02   5.5271318e-02   1.4955691e-01   2.2651154e-01   0.0000000e+00   0.0000000e+00  -5.0802756e-02   0.0000000e+00  -8.5830925e-02   1.8879271e-02  -6.2652142e-02  -3.0518199e-02  -8.3691469e-02   1.7421588e-01   1.0227896e-01  -1.0317644e-01  -5.0787909e-02  -5.4213840e-02  -1.7766211e-02  -2.7732737e-02  -5.8198401e-02   2.6105097e-02  -1.0843257e-01  -2.2368343e-01  -1.7865207e-01  -1.4815713e-01  -3.8212787e-02  -1.3077146e-01  -1.0290677e-02   1.0046105e-01  -4.7398699e-02  -4.4227472e-02   6.1426925e-02   1.8208977e-02  -5.3546033e-02  -6.6851465e-02   7.3255545e-02   9.1387969e-02   1.5410512e-01   1.4514366e-02   2.2617309e-02   6.5284560e-02  -1.5148510e-01   5.5065948e-02   5.4786605e-02  -3.2281785e-03  -3.7137752e-02   1.0839539e-01   8.1656403e-02   6.1421344e-02  -1.5311053e-02   1.7600177e-02  -1.0512753e-01   2.3374031e-01   1.2127672e-01   1.7572374e-02  -3.4691132e-02  -1.8612457e-02   9.8417714e-02   5.5361200e-03   2.9986716e-01  -5.4237766e-03   5.5970995e-02   1.1791205e-01   1.9883045e-01   5.9403773e-02   7.5741096e-02  -5.1878632e-02  -4.0789084e-02   5.0610480e-02   0.0000000e+00   5.8598918e-02   2.0384879e-01   1.5823373e-01   7.3330494e-02   7.7870760e-02  -9.8579120e-02  -2.3505945e-02  -1.2241986e-01   1.7994877e-02  -7.5882215e-02   1.2905221e-01   1.7457597e-01  -3.1820863e-02   2.0345891e-03   1.0957463e-01   2.0199485e-01   6.3433176e-02   5.7415156e-02   1.4605753e-01   1.1575501e-01   2.3899088e-01   2.2083046e-01   1.0966886e-01   1.8540203e-01   2.2070276e-01   2.6755182e-02   1.0420262e-01   2.5380267e-01   2.6521437e-02   1.2131603e-01   3.0031992e-01   2.3988430e-01   1.3378004e-01   1.4692941e-01   2.4574563e-01   2.9800231e-01   4.8374856e-02   1.1853844e-01   2.3961349e-01   9.2034237e-02   8.3459635e-02   1.2876536e-01   2.7474471e-02
   0.0000000e+00   0.0000000e+00   0.0000000e+00   0.0000000e+00   0.0000000e+00   0.0000000e+00   0.0000000e+00   0.0000000e+00   0.0000000e+00   0.0000000e+00   0.0000000e+00   0.0000000e+00   0.0000000e+00   0.0000000e+00   0.0000000e+00   0.0000000e+00   0.0000000e+00   0.0000000e+00   0.0000000e+00   0.0000000e+00   0.0000000e+00   0.0000000e+00   0.0000000e+00   0.0000000e+00   0.0000000e+00   0.0000000e+00   0.0000000e+00   0.0000000e+00   0.0000000e+00   0.0000000e+00   0.0000000e+00   0.0000000e+00   0.0000000e+00   0.0000000e+00   0.0000000e+00   0.0000000e+00   0.0000000e+00   0.0000000e+00   0.0000000e+00   0.0000000e+00   0.0000000e+00   0.0000000e+00   0.0000000e+00   0.0000000e+00   0.0000000e+00   0.0000000e+00   0.0000000e+00   0.0000000e+00   0.0000000e+00   0.0000000e+00   0.0000000e+00   0.0000000e+00   0.0000000e+00   0.0000000e+00   0.0000000e+00   0.0000000e+00   0.0000000e+00   0.0000000e+00   0.0000000e+00   0.0000000e+00   0.0000000e+00   0.0000000e+00   0.0000000e+00   0.0000000e+00   0.0000000e+00   0.0000000e+00   0.0000000e+00   0.0000000e+00   0.0000000e+00   0.0000000e+00   0.0000000e+00   0.0000000e+00   0.0000000e+00   0.0000000e+00   0.0000000e+00   0.0000000e+00   0.0000000e+00   0.0000000e+00   0.0000000e+00   0.0000000e+00   0.0000000e+00   0.0000000e+00   0.0000000e+00   0.0000000e+00   0.0000000e+00   0.0000000e+00   0.0000000e+00   0.0000000e+00   0.0000000e+00   0.0000000e+00   0.0000000e+00   0.0000000e+00   0.0000000e+00   0.0000000e+00   0.0000000e+00   0.0000000e+00   0.0000000e+00   0.0000000e+00   0.0000000e+00   0.0000000e+00   0.0000000e+00   0.0000000e+00   0.0000000e+00   0.0000000e+00   0.0000000e+00   0.0000000e+00   0.0000000e+00   0.0000000e+00   0.0000000e+00   0.0000000e+00   0.0000000e+00   0.0000000e+00   0.0000000e+00   0.0000000e+00   0.0000000e+00   0.0000000e+00   0.0000000e+00   0.0000000e+00
   8.4969292e-02   0.0000000e+00   3.6365822e-01   1.8093669e-01  -8.1953058e-04   1.1452458e-01   2.0582171e-01   1.5128674e-01  -5.0802756e-02   0.0000000e+00   0.0000000e+00   0.0000000e+00  -1.1087153e-03   2.9471070e-03   3.4688716e-01   4.0660427e-01  -6.8319086e-02  -1.0292440e-01   2.1547886e-01   4.8857650e-02   1.2486680e-01  -8.4653995e-02  -8.5574822e-03  -1.5161346e-01  -5.1554007e-02   7.0305721e-03   1.0292982e-03   2.8943417e-02  -4.6239726e-02  -8.5170747e-02   8.9153102e-02   2.1395068e-01   2.0186532e-01   2.3348420e-01   2.9932270e-01   8.0599480e-02   2.7068573e-01   4.1690947e-01   5.6106203e-01   5.4364957e-01   2.4401646e-01   2.7761322e-01   2.2091110e-02   1.7314104e-01   2.6133200e-01  -6.0653658e-03   1.2104219e-01   2.3336711e-01   9.0580504e-03  -6.7515904e-02   1.3190604e-01  -1.8623405e-01   2.7455778e-01   1.6755597e-01   3.1107911e-01   1.5403764e-01  -9.6121214e-02   2.4949608e-02   1.9976426e-01  -5.2113958e-02  -1.3136958e-01  -1.2594495e-01  -1.3344898e-02   3.5828930e-01   1.1345639e-01   1.1213878e-01   1.4318977e-01   1.1496055e-01   1.4720925e-01  -8.2395146e-02   2.1705092e-01  -1.2252283e-01   3.8510602e-02  -9.1189844e-02   0.0000000e+00   1.6040211e-01   6.8466795e-02  -1.8162143e-01  -1.7556034e-01  -7.7708233e-02  -1.7738435e-01  -1.2379822e-01  -2.1328595e-02  -1.0483175e-01   4.5960477e-02   1.6164973e-01   4.8028344e-02  -8.2929019e-02  -4.3732273e-02   7.2996018e-02  -1.8249760e-02  -1.4831464e-01  -6.8699258e-02   3.4730599e-02   8.9700177e-02   2.2033371e-01   1.1838273e-01   1.2595862e-01   1.2457415e-01   1.4238954e-01   7.2780211e-02  -1.0128364e-01   2.7639687e-01  -1.4729036e-01  -3.1664356e-02  -3.2339310e-02  -2.0776961e-02  -5.5652509e-02   1.5657652e-02   5.4750419e-02   2.4462586e-01   1.6953199e-01   1.1562161e-01  -4.4337311e-02   1.8948638e-02   1.0822706e-01  -8.0078834e-02   1.0373242e-02
   0.0000000e+00   0.0000000e+00   0.0000000e+00   0.0000000e+00   0.0000000e+00   0.0000000e+00   0.0000000e+00   0.0000000e+00   0.0000000e+00   0.0000000e+00   0.0000000e+00   0.0000000e+00   0.0000000e+00   0.0000000e+00   0.0000000e+00   0.0000000e+00   0.0000000e+00   0.0000000e+00   0.0000000e+00   0.0000000e+00   0.0000000e+00   0.0000000e+00   0.0000000e+00   0.0000000e+00   0.0000000e+00   0.0000000e+00   0.0000000e+00   0.0000000e+00   0.0000000e+00   0.0000000e+00   0.0000000e+00   0.0000000e+00   0.0000000e+00   0.0000000e+00   0.0000000e+00   0.0000000e+00   0.0000000e+00   0.0000000e+00   0.0000000e+00   0.0000000e+00   0.0000000e+00   0.0000000e+00   0.0000000e+00   0.0000000e+00   0.0000000e+00   0.0000000e+00   0.0000000e+00   0.0000000e+00   0.0000000e+00   0.0000000e+00   0.0000000e+00   0.0000000e+00   0.0000000e+00   0.0000000e+00   0.0000000e+00   0.0000000e+00   0.0000000e+00   0.0000000e+00   0.0000000e+00   0.0000000e+00   0.0000000e+00   0.0000000e+00   0.0000000e+00   0.0000000e+00   0.0000000e+00   0.0000000e+00   0.0000000e+00   0.0000000e+00   0.0000000e+00   0.0000000e+00   0.0000000e+00   0.0000000e+00   0.0000000e+00   0.0000000e+00   0.0000000e+00   0.0000000e+00   0.0000000e+00   0.0000000e+00   0.0000000e+00   0.0000000e+00   0.0000000e+00   0.0000000e+00   0.0000000e+00   0.0000000e+00   0.0000000e+00   0.0000000e+00   0.0000000e+00   0.0000000e+00   0.0000000e+00   0.0000000e+00   0.0000000e+00   0.0000000e+00   0.0000000e+00   0.0000000e+00   0.0000000e+00   0.0000000e+00   0.0000000e+00   0.0000000e+00   0.0000000e+00   0.0000000e+00   0.0000000e+00   0.0000000e+00   0.0000000e+00   0.0000000e+00   0.0000000e+00   0.0000000e+00   0.0000000e+00   0.0000000e+00   0.0000000e+00   0.0000000e+00   0.0000000e+00   0.0000000e+00   0.0000000e+00   0.0000000e+00   0.0000000e+00   0.0000000e+00   0.0000000e+00   0.0000000e+00
  -1.3698076e-01   0.0000000e+00   2.1401626e-02   1.7735658e-01   8.6564054e-02   1.4920605e-02  -4.6768495e-02   3.9430525e-03  -8.5830925e-02   0.0000000e+00  -1.1087153e-03   0.0000000e+00   0.0000000e+00   2.0827373e-01   1.5724833e-01   7.2149029e-02   1.8766457e-01   2.8423482e-01   1.1778244e-01   5.7101183e-01   5.3432163e-01   2.8694089e-01   1.5498185e-01   4.2047547e-02   2.8987767e-01   2.0646910e-01   4.7712759e-01   3.1997211e-01   2.6465372e-01   4.2019312e-01   1.5849874e-02   3.8533140e-01   1.3435155e-01   2.9791156e-02   2.6522649e-01   2.8334351e-01  -8.5689797e-02   1.6875369e-01   1.2728662e-01   1.6874609e-01   7.0602983e-02   2.2142326e-01  -6.0265910e-04   2.7512508e-01   8.4364571e-02   1.9331015e-01   2.3915399e-01   2.8411258e-01   2.9843293e-01   1.8456080e-01   1.3631302e-01   1.9986192e-01   5.5697213e-02   1.3940340e-01   1.0763350e-01   1.8581031e-01   4.2856823e-01   2.2235014e-02   2.6126198e-01   1.3944192e-01   1.4848237e-01   1.6394947e-01  -2.3443181e-02   1.2916003e-01   3.3386060e-02   1.5966844e-01   1.3288082e-01   1.8256102e-02  -3.1466638e-02   1.4400037e-02   1.7307238e-03   4.2534184e-03  -2.2462470e-02   3.6567441e-02   0.0000000e+00   1.7991005e-01  -6.8918505e-03  -1.0990192e-02  -2.0139187e-02   1.1747921e-01   1.8021077e-01  -5.0068321e-02   1.9348230e-01   2.1462260e-01   2.1497385e-01  -4.6683905e-02  -8.6426810e-02   9.9872562e-02   8.6899608e-03   1.7955778e-01   2.0966380e-02   3.3087007e-02   8.1728564e-02   1.1696536e-01   4.3035853e-02  -7.0576938e-05   7.1440654e-03   7.6750805e-02  -4.2966551e-02   4.4502323e-02   9.2655009e-03   2.0722420e-01  -2.3886891e-01   1.3006217e-01   2.6903457e-01   7.4643912e-02   1.0595096e-02   1.6897933e-01  -5.4449889e-02  -4.5548638e-02   3.2075213e-02   8.5379939e-02  -3.0032829e-02   6.7906935e-02   3.2898831e-02   6.9169498e-02   7.5693554e-02   6.5272514e-02
   6.5532406e-02   0.0000000e+00  -5.0778077e-02  -3.0029921e-02   2.2377941e-02   8.0417310e-02   8.7556754e-02   9.3395883e-02   1.8879271e-02   0.0000000e+00   2.9471070e-03   0.0000000e+00   2.0827373e-01   0.0000000e+00  -5.9355260e-02  -3.8235327e-03  -5.7795819e-02   3.0237056e-02  -5.5116537e-03  -2.2325941e-02   4.4894644e-01   1.3368515e-01   1.0707923e-01  -8.0585620e-02   2.4863751e-01   1.7231953e-01   5.6528780e-02   5.6850891e-02   3.4643637e-02  -1.8361548e-04  -3.0601024e-02   5.1970847e-02   2.4975059e-02  -1.7253937e-02  -2.5452635e-02   3.8963416e-02   8.6930275e-03   4.7447611e-03   5.8294947e-02  -1.0137380e-02   5.1532147e-02   1.3945308e-01   2.2877686e-02   1.1345682e-01  -3.3350177e-02   8.0739405e-02  -1.9014046e-02   6.4689730e-02  -5.6926156e-03  -3.7070406e-02  -9.8514659e-03  -4.9817772e-02   1.5650004e-01   1.4673146e-02   4.2613609e-02   6.8891270e-02   3.3237614e-01  -4.7995740e-02   3.9305433e-02   1.5163138e-01   9.8524107e-02   1.2642674e-01   2.0336458e-01  -1.0057551e-01  -7.5564418e-02   2.0282555e-02   3.2938076e-02   8.8509760e-02  -2.4458729e-02   2.3933143e-02   5.5059366e-02   7.8804592e-02   3.6487611e-02   2.3457555e-02   0.0000000e+00   2.0896172e-02   1.9122766e-02   1.3634907e-01   7.0870873e-02   5.7862842e-02   8.6206609e-02   1.0375857e-02   1.1766434e-01  -2.8377692e-02   2.6166407e-02   1.8219325e-02  -3.4414765e-02   5.8804068e-02   3.1930878e-02  -3.9127791e-03   1.5865068e-03   1.4255869e-01   1.0398339e-01   7.4490272e-02  -4.5873983e-02   5.5128696e-02   9.0712098e-02   3.6883878e-03   5.1293768e-02   8.1177692e-02   8.8907343e-02   7.6949371e-02  -3.4141954e-03   7.8106398e-02   4.4543165e-01  -4.9504455e-02  -6.0022489e-04  -2.0304317e-03   5.6374548e-02   6.0158429e-02  -3.2148038e-02   1.7425445e-01  -7.3642777e-02   9.0759005e-03  -4.7764183e-02   7.5348921e-02   1.1254945e-01   8.4767904e-02
   9.5724286e-02   0.0000000e+00   3.1187765e-01   2.9801070e-01   6.0944260e-02   8.7266558e-02   1.7381717e-02   1.3982026e-01  -6.2652142e-02   0.0000000e+00   3.4688716e-01   0.0000000e+00   1.5724833e-01  -5.9355260e-02   0.0000000e+00   5.5613370e-01   2.3071321e-02  -7.4551155e-02   2.4907771e-01   3.1571763e-01   1.7413966e-01  -4.2847818e-02   3.4901844e-02  -1.5003287e-01  -2.1038075e-02   1.6053196e-02   1.4308072e-01   3.2172811e-02   5.5724414e-02   3.6392393e-02   1.1146975e-01   2.8249584e-01   2.0266691e-01   2.0031461e-01   2.8757848e-01   1.9922635e-01   1.7862948e-02   1.2731886e-01   2.4399850e-01   3.3796708e-01   1.0770446e-02   2.1715646e-01   2.0807624e-02   2.2840544e-01   1.2943716e-01   1.1128203e-01   2.3249837e-01   2.7794597e-01   8.7417138e-02   2.6783607e-02   2.1353693e-01  -1.2790331e-01   3.3556113e-01   3.1291089e-01   3.6333823e-01   3.6597664e-01  -9.6836391e-02  -2.0237426e-02   2.8587105e-01  -6.7480822e-02  -9.5945551e-02  -1.3321696e-01   5.3249755e-02   3.8531017e-01   1.6875063e-01   2.0998140e-01   9.9076707e-02   1.6371486e-01   1.7888097e-01  -1.7184415e-01   2.2598135e-01  -5.7332912e-02   7.9800717e-02   7.9202194e-02   0.0000000e+00   2.1176532e-01   1.3873224e-02  -3.7783683e-02  -2.6005904e-01   9.8507323e-03  -1.6123830e-01  -1.5651151e-01   4.2455805e-02  -4.7623270e-02   1.2873646e-01   5.2741756e-02  -5.8218732e-02  -4.2456270e-02  -2.7744613e-02   9.3911744e-02  -1.3030915e-01  -1.6282638e-01  -6.1594318e-04   8.4931996e-02   1.0769361e-01   2.7050706e-01   9.4221842e-02   1.0821133e-01   1.0754782e-01   1.5932727e-01   1.2691212e-01  -8.7633623e-02   1.7636393e-01  -1.1818266e-01  -6.6801997e-02  -6.1408628e-02  -3.5727748e-02  -8.7752320e-02   4.9847510e-02   3.9541574e-02   2.3335265e-01   1.8494302e-01   2.5996978e-01   9.2720868e-02   1.5896391e-01   1.0461709e-01   2.5104226e-02   3.3214540e-02
   2.8520113e-01   0.0000000e+00   3.2772691e-01   1.5206186e-01   2.6966141e-02   6.5729136e-02   1.2640644e-01   1.8497157e-01  -3.0518199e-02   0.0000000e+00   4.0660427e-01   0.0000000e+00   7.2149029e-02  -3.8235327e-03   5.5613370e-01   0.0000000e+00   5.3256098e-02  -1.5448945e-01   2.7683553e-01   1.3026307e-01   1.3225302e-01  -2.5789373e-02  -5.9159438e-03  -6.7171540e-02  -1.5008284e-02   8.1460106e-02   1.0489693e-01   1.1165694e-01  -4.5981972e-02   1.0314752e-01   9.5742164e-02   3.5484935e-01   1.9935777e-01   1.0921472e-01   4.0506716e-01   2.3634277e-01   2.0933570e-01   7.1253152e-02   3.2487708e-01   4.6878327e-01   1.2573723e-01   2.4053944e-01   1.5548945e-01   3.3344722e-01   1.5018806e-01   2.3185630e-01   1.2618099e-01   2.2957206e-01   1.1000898e-01   2.3146070e-02   3.6635932e-02  -1.2606553e-01   3.9929015e-01   3.1635195e-01   6.4163946e-01   2.8372111e-01   2.4526937e-02  -1.4543380e-02   2.7919992e-01   1.1864072e-03  -5.4682156e-02  -7.4775234e-02   3.7747058e-02   2.0222370e-01   1.9281148e-01   8.6619997e-02   1.0033982e-01   2.0686076e-01   2.2319677e-01   3.0957182e-02   3.3372723e-01  -1.1824891e-01   6.3702448e-02   9.5805908e-02   0.0000000e+00   1.6674818e-01   1.2711424e-01   3.9073047e-02  -1.0368285e-01  -2.4856631e-02  -7.9281458e-02   1.7034649e-02  -4.2558964e-02  -8.8107064e-03   3.0552159e-01   1.9967036e-01  -9.9166720e-02  -1.1759001e-01   6.1945184e-02   1.3079245e-01  -1.8896496e-02  -4.4390873e-02   1.2696983e-01   2.4250830e-01   2.7845652e-01   3.2452328e-01   2.5751727e-01   1.4447544e-01   2.3722063e-01   2.3124391e-01   3.6472789e-01   5.4714497e-02   2.4254158e-01   1.6805065e-02  -5.4780292e-02   1.7638990e-03  -5.1274961e-02   8.5022945e-02   7.1321741e-02   1.5128477e-01   3.0044024e-01   3.9965951e-01   3.8438520e-01   2.4772847e-01   2.6776373e-01   1.1175725e-01   2.8951194e-02  -6.2485531e-02
   7.6316861e-02   0.0000000e+00  -7.9175466e-03  -9.0592347e-02   1.0689755e-01  -7.8466736e-02   7.4771196e-02  -7.7808231e-02  -8.3691469e-02   0.0000000e+00  -6.8319086e-02   0.0000000e+00   1.8766457e-01  -5.7795819e-02   2.3071321e-02   5.3256098e-02   0.0000000e+00   7.6896055e-02   1.1430874e-02   1.9390625e-01   3.3610706e-02   4.0531495e-02  -1.6096842e-03  -2.0163754e-02   7.0328265e-02   6.1980184e-02   1.4559227e-01   1.3058481e-01   5.4873745e-02   1.9247643e-01   6.9122998e-02   1.4517192e-01   6.1548792e-02   1.2035367e-02   1.8548670e-01   1.4881327e-01  -1.0418345e-02   8.7727020e-02   5.8141338e-02   9.1569313e-02   3.4187951e-02   3.3251784e-02   1.3458047e-01   1.6609726e-01   3.0920544e-03   1.9088787e-01   1.5513508e-01   1.3334630e-01   4.9664415e-02   1.5798608e-01   8.8246977e-02   1.2089667e-01   4.5170301e-02   1.7614000e-02  -1.2750484e-02   5.3258551e-02   6.0097620e-02   1.6971631e-02   1.5949681e-02   2.2512252e-02   2.8005978e-02   5.5255696e-02  -3.6652776e-02   1.0032879e-01   1.1116742e-02   1.1194454e-01   1.1745750e-01   5.2707359e-02   1.1689940e-01   1.4120940e-01   8.7024318e-02  -3.5680492e-02   4.2023368e-02  -2.5927488e-02   0.0000000e+00   1.1133379e-01   1.2226780e-01   1.5094956e-01   4.1514589e-02   1.0436429e-01   1.3743333e-01   1.4011419e-01   3.6906733e-03   2.0338618e-01   2.5049406e-01   9.2750705e-02   1.3331657e-01   6.9703117e-03   2.2811683e-01   2.0201463e-01   1.4054371e-01  -1.0413707e-02   1.2769405e-01   8.2609030e-02   8.7989805e-02   8.3546539e-02   2.9773636e-02   9.2315817e-02   4.4540668e-02   1.4441921e-01   1.5152943e-01   2.1500482e-01  -4.9809467e-02   1.2837637e-01  -4.4127665e-02  -5.2069020e-02   1.2611822e-02   6.3338345e-03  -8.7249663e-02   7.1636006e-02   4.5344974e-02   3.7018622e-02   1.0854058e-01   8.0746013e-02   1.7309082e-01   4.5457354e-02   3.1545479e-02   1.2130299e-02
  -7.4903811e-02   0.0000000e+00   7.4067527e-02   1.8896163e-01   2.1236626e-01   8.5901306e-02   1.3038957e-01  -4.6128660e-02   1.7421588e-01   0.0000000e+00  -1.0292440e-01   0.0000000e+00   2.8423482e-01   3.0237056e-02  -7.4551155e-02  -1.5448945e-01   7.6896055e-02   0.0000000e+00   1.7961769e-01   2.0815519e-01   9.5523622e-02   1.8546453e-01   3.7038197e-02   3.4786169e-02   1.5626505e-01   8.1590162e-02   2.4596421e-01   1.2023850e-01   9.8303800e-02   1.5746763e-01  -2.8580606e-02  -2.9632337e-02   2.0481154e-02   6.0694897e-02  -8.6238661e-02   1.1278294e-01  -7.5841020e-02   8.4060672e-02   2.9186111e-02  -1.4053235e-01   3.8568793e-02   5.9202585e-02   4.3104448e-02   7.0746834e-02   1.0660557e-01   1.4050027e-01   6.8526610e-02   1.9576693e-01   3.2734911e-01   2.9036848e-01   5.3328896e-02   3.2720058e-01  -6.9796156e-02   6.9369447e-02   3.1931768e-02   8.0284392e-02   2.6370316e-01   9.9727948e-02   1.7044884e-01   1.0270044e-01   1.2470589e-01   1.6959330e-01  -3.2758873e-02   1.2330376e-01   1.2639821e-01   1.5014187e-01   1.7315213e-01  -5.8465767e-02   2.2470901e-02   1.9010353e-01  -7.2394971e-02  -4.8890686e-02  -1.8651198e-02   1.4479608e-01   0.0000000e+00   2.1991832e-01   2.1688363e-02  -1.0491244e-02   1.8877845e-01   1.6026272e-01   2.0406066e-01   3.3146293e-02   7.5061192e-02   2.3558288e-01   9.9474238e-02   5.5883194e-02   3.3513036e-02   8.9904707e-02   8.3877132e-02   1.9518799e-01   1.4273922e-01   1.8586576e-01   1.7116070e-01   1.3792758e-01   1.3245793e-01  -5.5773082e-03   6.7821245e-02   2.8242506e-02  -1.1000837e-02   2.8690733e-02  -8.3015596e-02   3.0292343e-01  -9.1718941e-02   2.4230853e-01   9.9007991e-02   2.3096020e-01   1.1813965e-01   3.1237959e-01   6.2600688e-02   1.0956265e-02   5.5806540e-02  -4.4000643e-02  -2.0467841e-02   1.7722919e-01   2.2446167e-01  -3.8550588e-02   5.6740273e-02   5.1097287e-02
   1.4330824e-01   0.0000000e+00   2.6948616e-01   2.6475901e-01   2.4910632e-01   9.5743658e-02   3.5870051e-01   1.3422173e-01   1.0227896e-01   0.0000000e+00   2.1547886e-01   0.0000000e+00   1.1778244e-01  -5.5116537e-03   2.4907771e-01   2.7683553e-01   1.1430874e-02   1.7961769e-01   0.0000000e+00   1.9808272e-01   1.8736962e-01   1.6920170e-01   7.9484210e-02  -6.5053856e-02   1.9201998e-01   1.6020088e-01   2.0628130e-01   9.2119548e-02  -8.0128366e-02  -2.9611813e-02  -6.7628220e-03   1.4447820e-01   4.9611428e-02   4.2070602e-02   1.2462667e-01   2.5776388e-01  -5.2699884e-03   2.6145901e-01   1.7041704e-01   1.9386163e-01   2.3896972e-02   2.0032612e-01   2.1731992e-01   1.6822168e-01   1.8123203e-01   1.1581882e-01   1.4887218e-01   2.7006568e-01   1.1047490e-01   1.5719924e-01   1.0679138e-01   7.3530753e-02   2.0786096e-01   3.9595610e-01   3.4020906e-01   1.1245095e-01   1.5527440e-01   9.5166375e-02   2.1201171e-01   1.0635558e-01   1.0673759e-01   1.6053035e-01   3.6140028e-02   4.1287698e-01   9.3217348e-02   2.2960565e-01   1.3829753e-01   1.8170873e-01   2.1907090e-01   6.4489179e-02   2.5398888e-01   1.0770080e-01   2.3487166e-01   1.7817268e-01   0.0000000e+00   3.0564890e-01   1.2536784e-01   2.3537449e-03   9.8291399e-02   1.7185159e-01   8.3409280e-02  -2.5204409e-02   1.2765043e-01   1.3551395e-01   2.2538787e-01   1.3076710e-01   7.1639104e-02   1.2417578e-01   7.7001882e-02   2.1411096e-01   3.6847785e-02   1.4352936e-01   1.5007904e-01   2.8021014e-01   4.5020416e-01   2.0345917e-01   1.2174487e-01   1.9160453e-01   2.6446899e-01   2.0988105e-01   1.0801211e-01   1.9294093e-01   1.1784138e-01   2.0133841e-01   5.1153274e-02   1.1701932e-02  -3.2980348e-02   1.8023833e-01   1.2236062e-01   1.0202220e-01   1.0668439e-01   2.6543640e-01   2.5182005e-01   1.9979525e-01   2.5724760e-01   1.0234979e-01   1.3904008e-01   1.7352586e-01
  -1.2400453e-01   0.0000000e+00   1.1108888e-01   2.6179350e-01   2.3975258e-01   2.4281258e-02  -4.5665251e-02  -3.5443517e-02  -1.0317644e-01   0.0000000e+00   4.8857650e-02   0.0000000e+00   5.7101183e-01  -2.2325941e-02   3.1571763e-01   1.3026307e-01   1.9390625e-01   2.0815519e-01   1.9808272e-01   0.0000000e+00   3.3925034e-01   1.5982219e-01   8.4664504e-02   7.5175746e-02   2.7258280e-01   2.8561820e-01   4.4392078e-01   2.1621938e-01   4.0130906e-01   6.0708985e-01   2.0848362e-01   3.1516241e-01   2.1864303e-01   1.3181031e-01   3.8631230e-01   2.3351103e-01  -1.5342698e-01   2.4741204e-01   1.1163403e-01   1.9650274e-01   4.8096235e-02   2.3670192e-01   1.3502792e-01   2.2328283e-01   1.1294922e-01   1.6517885e-01   2.9195259e-01   2.3126500e-01   3.0304825e-01   1.8260039e-01   3.3912016e-01   2.2333100e-01  -2.9907172e-03   1.0725927e-01   8.7272404e-02   1.3424815e-01   2.3436275e-01  -2.6650871e-02   2.1011449e-01   2.2123787e-01   8.8728770e-02   7.4393829e-02  -1.0479312e-01   3.7859693e-01   1.3670489e-01   2.1562590e-01   2.5139639e-01  -3.8044589e-02   1.1586449e-01   1.0942604e-01   1.0827447e-02  -1.1080766e-02  -1.0517717e-02   3.9957415e-02   0.0000000e+00   2.2152067e-01  -3.1109943e-02  -1.0742829e-02   8.0045495e-03   1.3467636e-01   2.3975091e-01   6.5717718e-02   2.4792208e-01   2.9313873e-01   1.9335919e-01   1.6198525e-02   1.7183674e-02   1.0173851e-01   3.7745523e-02   3.3007631e-01   1.0713576e-01  -2.3929921e-02   5.1242230e-02   2.2135483e-02   8.2820105e-02  -4.4517639e-02  -3.7200431e-02   2.4064359e-03  -6.1489699e-02   1.8845394e-02  -2.7155660e-02   1.5134276e-01  -2.0500942e-01   6.5235576e-02   1.8029072e-02   3.2915154e-02   2.4681944e-02   9.1129890e-02  -4.0789265e-03  -5.2775125e-02   1.2103815e-01   6.3194133e-02   4.4892884e-02   8.8145830e-02   2.1174015e-01   7.8081023e-02   3.7651358e-03   2.5927861e-01
  -9.8544716e-02   0.0000000e+00   5.0008305e-02   2.4265409e-01  -1.4790737e-02   3.3944932e-02  -6.4135067e-02   6.2465262e-02  -5.0787909e-02   0.0000000e+00   1.2486680e-01   0.0000000e+00   5.3432163e-01   4.4894644e-01   1.7413966e-01   1.3225302e-01   3.3610706e-02   9.5523622e-02   1.8736962e-01   3.3925034e-01   0.0000000e+00   2.9756821e-01   2.3068008e-01   8.4926949e-02   2.5609602e-01   1.3050181e-01   3.9799907e-01   1.9873937e-01   1.3623560e-01   1.9005512e-01   1.3834779e-02   4.7140097e-01   2.2328032e-01   1.0406410e-01   3.3585318e-01   3.1437339e-01  -3.3720524e-03   2.4347635e-01   2.0278773e-01   3.5179678e-01   4.8888005e-02   2.9308541e-01  -1.8157498e-03   2.7496596e-01   1.8083658e-01   8.6502208e-02   1.8240336e-01   2.9083947e-01   2.9289816e-02  -3.8050930e-02   4.8345461e-02   1.0351311e-01   1.5016304e-01   1.6447191e-01   2.0574068e-01   1.5141357e-01   3.8133384e-01   7.1978888e-03   3.6786867e-01   1.8625618e-01   4.2681227e-02   5.6844812e-02   7.6572632e-02   1.0809835e-01   6.9646626e-02   3.7430480e-02  -1.2575095e-02   8.7154943e-02   7.9548401e-03  -1.4124362e-01   4.6294956e-02   3.6461688e-02  -2.0298561e-02   4.9698211e-02   0.0000000e+00   1.1922303e-01   1.7961901e-03  -4.2487828e-02  -9.9534845e-02   3.5875132e-02   3.1823970e-02  -1.2372934e-01   1.8795090e-01  -2.0535472e-02   9.9053803e-02  -5.9726792e-02  -1.5403490e-01   7.5443792e-03  -1.4549318e-01   1.1491196e-01  -1.2812824e-02  -2.4800754e-02   1.2857017e-02   7.3909599e-02   1.8234921e-02   6.2497752e-02   4.7178121e-03   1.5309351e-01   4.2885076e-02   1.1859010e-01   1.2206999e-02   1.4201653e-01  -1.9312547e-01   1.0132759e-01   1.1798362e-01  -4.8093764e-03   7.2503391e-02   6.8378396e-02  -5.5504564e-02  -4.9648011e-02  -7.2342466e-03   1.2988215e-01  -2.7556464e-02   1.6879881e-02  -2.1010199e-02   1.0138740e-01   5.7782704e-02   1.1731555e-01
