   0.0000000e+00   8.5179435e-02   0.0000000e+00   9.9012341e-02   3.2740761e-01   1.2933868e-01   6.1161234e-01  -2.4600029e-02  -1.4330053e-01   8.6077715e-02   4.2784053e-01   2.3492485e-02   2.4874951e-02   1.0931081e-01   3.2821774e-02   9.0926671e-02   1.4241402e-01   1.5811623e-01   3.7633083e-01   4.7882499e-02  -8.8658746e-03   6.4701879e-02   8.0682941e-02  -2.0042083e-02   2.2014395e-02   2.2493286e-02   7.8656190e-03   7.1352067e-02  -6.7199023e-02  -4.8375505e-02  -9.3198743e-02   2.9160375e-01   1.0017879e-01   1.2760864e-02   8.4016104e-02  -2.0346921e-02   1.0115264e-01   8.6450599e-03   2.4637302e-02   8.9628862e-02   1.9165914e-01  -7.0202081e-02   7.6128627e-02   5.7764701e-02   1.0577830e-01  -4.5673839e-02   2.0865825e-01  -4.5771227e-02  -3.0213806e-02  -1.2912153e-01   9.4007567e-02   5.7720135e-02   7.2754451e-03   2.0756725e-01   7.8031987e-02   1.4070756e-01  -5.2450730e-02   1.8594768e-02   9.5184328e-02   1.9948038e-02  -3.4826215e-02  -5.0107879e-02  -9.0380945e-02   9.6824572e-02  -7.2159811e-02   2.3829494e-01  -1.2098374e-01   3.5245200e-02   5.6977449e-02  -1.8722622e-02  -8.1825399e-02   9.1949161e-03   7.6423480e-01   6.5066800e-01   1.5236400e-01   5.3085368e-02   6.7114948e-03  -1.8989085e-01  -4.9007269e-02  -1.1300001e-01  -7.9423078e-02   4.5832489e-02  -5.2337720e-02  -5.4710930e-02  -3.6568650e-03  -1.3930952e-01  -2.6143844e-02  -9.4907188e-02   3.5811486e-03  -2.5120647e-02   1.7404182e-02   9.1268702e-03   8.0584828e-03  -2.5543804e-02  -8.4327877e-03   6.8556703e-02  -5.6307853e-02   4.6331619e-02   1.2376660e-01   1.3461829e-01   4.7131024e-04   9.0204350e-02  -1.2433294e-01  -3.2654918e-02   1.0959474e-01   2.4623763e-02   2.7677279e-02   9.3546413e-03  -1.4039389e-02  -2.3971712e-02  -6.4478356e-02   3.0418010e-02  -5.4202112e-02  -1.0719063e-01   0.0000000e+00   3.0914146e-02  -3.5607407e-02   1.8026212e-02
   8.5179435e-02   0.0000000e+00   0.0000000e+00   3.8018017e-02   1.3376315e-01   1.7674822e-01   2.3835430e-01   4.9563605e-02  -2.4806655e-02   1.8136119e-02   1.6457272e-01   1.7979703e-01   1.2976926e-01  -1.4235402e-01   7.1910446e-02   1.1240125e-01   2.5815349e-01   2.2733783e-01   1.7102917e-01   8.9016085e-02   1.0226664e-01  -7.1210024e-02  -1.2918642e-02   1.8804976e-02   6.1761121e-03   1.6967364e-01   7.6372051e-02  -5.7175878e-03   1.2105733e-01   4.8853040e-02   1.0051197e-01   1.6080794e-01   5.1285686e-02   9.5910141e-02   9.1632018e-02  -1.4178699e-02   4.7326081e-02   2.2919599e-02  -3.5295265e-02   1.3772544e-01   8.7375460e-02  -2.0910138e-02   1.0591050e-01   8.0848504e-02   1.7311289e-02   6.4849319e-02   1.5224579e-01   1.3471261e-01   2.8919603e-02   1.6890819e-01   3.3367507e-02  -9.6137486e-03   8.7982658e-02   1.6130563e-01  -9.4748817e-02   1.4981272e-01   2.5059666e-02   1.2807816e-01   9.2149672e-03   3.7546867e-02  -1.4050095e-01  -1.0206639e-01  -1.0420281e-01   1.9592398e-01  -7.9682551e-02   1.3156140e-01   5.9703200e-02   1.2998129e-02   1.1582237e-01  -5.9682588e-03   2.9456822e-03   3.4228464e-02   2.0001103e-01   1.6622323e-01   1.8260137e-01   1.0209762e-01   1.0064887e-01  -5.7305465e-02  -6.5860492e-02   3.3792857e-02  -8.4209558e-03   6.5307896e-02   5.2361216e-03   8.2990014e-02  -3.0354444e-02   8.9361899e-02   1.8415142e-01   8.3079158e-03   1.7618750e-01   1.0222740e-01   1.6427280e-01  -5.5655495e-02   9.2411730e-02  -9.9926756e-04   1.4055548e-01   9.2016019e-04   1.3620799e-01  -4.3034123e-02  -3.0046777e-02  -2.3569510e-02   1.1066303e-01   2.1731550e-02  -1.0777669e-01   2.9193130e-02  -4.0978333e-02   9.0027379e-02   5.7006723e-02   3.2168027e-02   4.7328218e-02  -3.2710943e-02   5.3841934e-02   1.1841194e-02   5.3933313e-02  -3.3570898e-02   0.0000000e+00  -5.1057221e-02   1.3813709e-02   7.2514277e-02
   0.0000000e+00   0.0000000e+00   0.0000000e+00   0.0000000e+00   0.0000000e+00   0.0000000e+00   0.0000000e+00   0.0000000e+00   0.0000000e+00   0.0000000e+00   0.0000000e+00   0.0000000e+00   0.0000000e+00   0.0000000e+00   0.0000000e+00   0.0000000e+00   0.0000000e+00   0.0000000e+00   0.0000000e+00   0.0000000e+00   0.0000000e+00   0.0000000e+00   0.0000000e+00   0.0000000e+00   0.0000000e+00   0.0000000e+00   0.0000000e+00   0.0000000e+00   0.0000000e+00   0.0000000e+00   0.0000000e+00   0.0000000e+00   0.0000000e+00   0.0000000e+00   0.0000000e+00   0.0000000e+00   0.0000000e+00   0.0000000e+00   0.0000000e+00   0.0000000e+00   0.0000000e+00   0.0000000e+00   0.0000000e+00   0.0000000e+00   0.0000000e+00   0.0000000e+00   0.0000000e+00   0.0000000e+00   0.0000000e+00   0.0000000e+00   0.0000000e+00   0.0000000e+00   0.0000000e+00   0.0000000e+00   0.0000000e+00   0.0000000e+00   0.0000000e+00   0.0000000e+00   0.0000000e+00   0.0000000e+00   0.0000000e+00   0.0000000e+00   0.0000000e+00   0.0000000e+00   0.0000000e+00   0.0000000e+00   0.0000000e+00   0.0000000e+00   0.0000000e+00   0.0000000e+00   0.0000000e+00   0.0000000e+00   0.0000000e+00   0.0000000e+00   0.0000000e+00   0.0000000e+00   0.0000000e+00   0.0000000e+00   0.0000000e+00   0.0000000e+00   0.0000000e+00   0.0000000e+00   0.0000000e+00   0.0000000e+00   0.0000000e+00   0.0000000e+00   0.0000000e+00   0.0000000e+00   0.0000000e+00   0.0000000e+00   0.0000000e+00   0.0000000e+00   0.0000000e+00   0.0000000e+00   0.0000000e+00   0.0000000e+00   0.0000000e+00   0.0000000e+00   0.0000000e+00   0.0000000e+00   0.0000000e+00   0.0000000e+00   0.0000000e+00   0.0000000e+00   0.0000000e+00   0.0000000e+00   0.0000000e+00   0.0000000e+00   0.0000000e+00   0.0000000e+00   0.0000000e+00   0.0000000e+00   0.0000000e+00   0.0000000e+00   0.0000000e+00   0.0000000e+00   0.0000000e+00   0.0000000e+00
   9.9012341e-02   3.8018017e-02   0.0000000e+00   0.0000000e+00   6.2673921e-02   7.1102759e-02   1.4740552e-01  -3.1200340e-02   1.2962232e-01   4.8702440e-02   2.9241140e-01  -9.4995217e-02   1.9761286e-01   2.4081879e-02   1.3327449e-01   1.2419824e-01   1.1986237e-01   9.1046631e-02   3.3544851e-02   2.1716669e-01   1.4887830e-01   9.5978062e-02   1.3358537e-01   1.4843017e-01   1.0560220e-01   1.4620388e-01   3.8058148e-02   5.3338590e-02   2.1562118e-01   1.9799011e-01   5.6779584e-02   1.0143987e-01   9.3839131e-02   1.9174730e-01   1.0577068e-01   6.0969567e-02   1.2236831e-01   1.6119969e-01   1.0316869e-01   1.7943964e-01   2.2953197e-01   7.5325595e-02   1.6970747e-01   7.2846967e-02   2.5668068e-01   3.6097593e-02   6.2698015e-02   3.7192711e-02   1.6040965e-01   1.1794124e-02   5.7327222e-02   1.4345441e-02   7.7428505e-02   2.0766991e-01   1.1641301e-01   6.2798166e-02  -1.6871903e-02   7.0794262e-02   1.8760958e-01   8.5420530e-02  -1.1029849e-01  -1.3037746e-01   2.3305679e-02   1.3315857e-01  -7.2165764e-03   1.6100801e-02  -5.3018009e-02   4.5204011e-02   4.8863213e-02  -4.9029939e-02   8.0752661e-02  -6.6672123e-02   8.3429962e-02   3.1417916e-02   1.4163564e-01   1.4948803e-01  -4.1535459e-03  -6.6479512e-02  -4.6679005e-02  -1.4006322e-02  -4.2802425e-02   5.9528670e-03  -7.2759108e-02  -1.3139000e-02  -3.3737117e-02   1.8781987e-02   1.0935720e-01  -7.0269180e-02   1.1241675e-01   6.2945447e-02   8.2520286e-03  -9.6651561e-02  -2.0224698e-02  -9.5762932e-02  -4.5506461e-02  -6.0507571e-03   6.6137857e-02   7.0521140e-02   5.0984360e-02   7.5230464e-02  -1.7195780e-02  -8.3971097e-03  -7.2711885e-02  -3.2675722e-02  -2.3513489e-02   3.4497998e-02   7.2553344e-02   4.3892706e-02   4.9698535e-02   5.8894663e-02   4.3495720e-02   1.4284931e-01   1.0490583e-02   2.7495580e-02   0.0000000e+00   3.3614783e-02   7.6795791e-03   9.4942447e-02
   3.2740761e-01   1.3376315e-01   0.0000000e+00   6.2673921e-02   0.0000000e+00   3.9782814e-01   3.1019101e-01  -8.4109123e-02  -4.9962068e-02  -1.5345999e-01   2.4278815e-01   2.1753813e-01   2.2802354e-02   3.6459359e-02   1.3408438e-01   1.6174142e-01   4.8307636e-01   4.9470634e-01   2.9573071e-01   1.1088824e-01  -9.5155559e-02   1.5211789e-01  -4.4130080e-02  -4.0195315e-02   5.0958795e-02   8.1273995e-02   2.8881088e-01   1.6680952e-01  -5.8536284e-02  -1.0637538e-01   7.6841854e-02   3.4192296e-01   3.8240652e-01   1.3436722e-01   2.3883304e-01   2.1404823e-01   2.0803678e-01   1.6974766e-02   7.2394179e-02   2.9062273e-02   1.3859652e-01   8.6125719e-02   1.5891661e-01   5.0809158e-02  -1.4798186e-01   1.2974969e-01   6.6189062e-01   2.3583620e-01   1.7668866e-01   2.0122037e-02   7.3585533e-02   1.6273853e-01   1.2038531e-01   2.6355473e-01   1.0803347e-01   1.8102985e-01   2.6409930e-01   1.2614722e-01   1.5588403e-01   1.1164306e-01   2.5728175e-02   1.0989875e-01  -3.4181378e-02   2.0262977e-01   6.1795218e-02   4.6235469e-01   6.4576862e-03   2.9518690e-03  -1.8720281e-02   2.0990623e-01  -5.4901863e-03   6.6233719e-02   4.8184791e-01   4.5333315e-01   2.6649120e-01  -3.9578237e-02  -5.4114112e-03  -1.3144421e-01   1.2220844e-01  -1.4112874e-01   1.5122512e-01   1.5760551e-01   1.0238339e-01   1.5022745e-01   1.7736629e-01   5.6585084e-02  -3.9443282e-02   9.0212238e-02   6.4745342e-02   9.3332518e-02   6.5895238e-02   2.6220174e-01   2.8855001e-01   9.9451671e-02   1.8236501e-01   3.1870744e-02   1.7899627e-01   3.1093874e-02   1.2619130e-01   2.7513141e-02   2.8073010e-01   3.4784453e-01   1.0470926e-01   6.1292726e-02   1.7886915e-01   5.2835554e-02   2.7359342e-03   2.2439239e-01  -1.5953758e-01  -3.5161415e-03  -4.9619528e-02   1.5529648e-02   9.7655088e-02   8.9119174e-02   0.0000000e+00  -3.9159313e-02  -1.3942204e-01  -1.6027487e-01
   1.2933868e-01   1.7674822e-01   0.0000000e+00   7.1102759e-02   3.9782814e-01   0.0000000e+00   1.2571353e-01  -5.8524832e-03  -5.5156034e-03  -1.6218502e-02   2.2165809e-01   2.7339659e-02   2.9304901e-02   5.6025479e-04  -2.5552130e-02   1.1308208e-01   3.1329402e-01   2.4654964e-01   1.1954852e-01   8.8381534e-02  -6.8476186e-03   1.0745327e-01  -1.2023195e-01  -9.6019625e-02   7.3502645e-02   1.2225933e-01   2.8221494e-01   7.1236417e-02  -3.9330135e-02  -1.1377694e-01   6.4488052e-02   1.4916307e-01   2.0560839e-01   4.7160076e-02   8.6028696e-02   4.6820297e-02   8.0383978e-02  -4.7887803e-02  -4.1310984e-02   7.9738820e-02   9.4657971e-02   2.9281565e-02   8.2013000e-02   9.1335558e-03  -1.2135722e-01   4.4530784e-02   2.6895029e-01   1.3792390e-01   1.0723085e-01   2.6192255e-01   6.3908231e-02   5.2499672e-02   3.7773026e-02   2.4235571e-01   3.6669210e-02   1.0727806e-01   2.1494240e-01   1.1395014e-01   8.3699200e-02   1.5819912e-01   3.8855700e-02   5.7977903e-02   1.0142854e-02   1.5369149e-01   5.5342550e-03   1.4812445e-01   3.6760527e-02   2.2584217e-02   1.0172665e-02   1.8939605e-01  -3.3317725e-02   7.4457554e-02   3.0505120e-01   9.4703563e-02   2.6251752e-01   3.4898848e-02  -6.1483684e-03  -2.2948940e-02   1.7993644e-01   2.3369472e-02   2.6004180e-01   1.3465770e-01   2.2008811e-01   1.8964676e-01   1.0096739e-01   3.3346457e-02  -1.5590832e-02   1.8901282e-01   8.6209695e-02   8.0989207e-02  -1.8734366e-02   2.2206632e-01   2.1339456e-01   6.7269673e-02   4.3767934e-02   8.3239392e-02   2.6438432e-02  -7.7641855e-03   5.1100904e-02   1.0889340e-02   1.8407749e-01   1.4938317e-01   5.2674866e-02   1.2581908e-01   1.2539306e-01   1.2802100e-02   9.1333931e-02   1.0160395e-01   7.0315385e-02  -1.2993774e-02  -4.6977049e-02  -2.2018143e-02  -1.7554418e-03   8.8958671e-03   0.0000000e+00  -8.0186584e-02   2.2088999e-02  -6.1816594e-02
   6.1161234e-01   2.3835430e-01   0.0000000e+00   1.4740552e-01   3.1019101e-01   1.2571353e-01   0.0000000e+00  -4.6099854e-02  -5.4339950e-02   8.4130263e-02   4.1743498e-01  -3.9706319e-02   2.0238162e-01   9.4982717e-03   1.1105738e-01   1.8331368e-01   1.7823845e-01   2.3183938e-01   3.5576506e-01   1.3606562e-01   4.6948891e-02  -1.3685724e-02   1.1368143e-01   3.1808713e-02   3.3270217e-03   2.4762367e-01  -4.2628210e-03  -1.1529543e-01   9.9871537e-02   8.6217467e-02  -8.6006167e-03   2.7870822e-01   1.1086043e-01   8.0724095e-02   5.3883698e-02  -1.1878425e-01   1.3989510e-01  -8.5548307e-02  -1.4056457e-01   1.9086830e-01   1.2449566e-01  -3.4697470e-02   1.5758095e-01  -2.3244886e-02   2.3635470e-01  -6.9907783e-02   1.8581557e-01   2.1810843e-02   8.0589368e-02   6.4627253e-02   7.3517553e-02   5.5810224e-02   6.3102039e-02   3.5179034e-01   1.5025310e-01   1.5886691e-01  -6.7635978e-02   1.0898232e-01   1.0868936e-01   5.0088461e-02  -1.6827724e-01  -2.1424689e-01  -1.4825747e-01   2.6663272e-01  -1.6708981e-01   3.5524160e-01   8.6497434e-04   3.2890215e-01   2.4038136e-01  -8.4584046e-02   6.1804538e-02   6.1795817e-02   5.4843735e-01   4.8833185e-01   2.1666176e-01   4.2435559e-01   1.2903776e-02  -2.9268184e-01  -1.4717628e-01  -2.3779957e-02  -4.7508092e-02   3.6356452e-02  -9.1539194e-02   8.1438898e-02   1.5400499e-02  -1.2212243e-01   2.4911404e-01  -6.2645596e-02   2.1024963e-01   2.0587347e-01   3.1270951e-01  -1.6261005e-01  -9.0953470e-02  -9.0488174e-02   1.1136962e-01   3.4894838e-02  -4.6891615e-02   4.7437869e-02   6.8019837e-02   9.2930841e-02   2.5236715e-02   9.1031427e-03  -2.8076772e-01  -9.5235726e-02   6.1883674e-02   7.6399921e-02   1.2087467e-01  -2.6827873e-02  -9.9197844e-03  -2.4344380e-02   7.2014387e-03   7.4201463e-02   9.6888163e-02  -1.2765904e-01   0.0000000e+00   2.1292696e-02   5.7279945e-02   2.5763331e-01
  -2.4600029e-02   4.9563605e-02   0.0000000e+00  -3.1200340e-02  -8.4109123e-02  -5.8524832e-03  -4.6099854e-02   0.0000000e+00   1.8923343e-01   4.0425606e-02  -2.8431912e-02   1.2648308e-02  -4.1434760e-02   3.9697277e-02  -1.0129782e-03   9.5824993e-02  -3.7183271e-02  -5.4067638e-02   1.0518590e-01  -4.9538046e-03  -4.8123598e-02   2.0656851e-02   6.7692722e-02  -1.6714073e-01  -2.8695063e-02  -1.6456142e-02   9.3764609e-03   1.9013148e-01   2.8839914e-02   5.0693905e-03   9.8094473e-02   1.3252410e-01   1.2979203e-02  -6.8626445e-02   9.3836661e-02   1.5866557e-01   1.2057216e-01   1.6009554e-01   1.6142040e-01   1.3025002e-01   1.0798539e-01   1.7008415e-01   1.1704457e-01   1.9076598e-01   2.2162258e-02   9.6892845e-02  -8.6380312e-02   1.0688522e-01   6.5661965e-02   1.0343382e-01   1.3253111e-02  -1.7049816e-02   1.4193273e-01   1.5300005e-01   7.2587075e-02   1.5440146e-02  -3.0055421e-02   1.3173107e-01   5.9781358e-02  -5.0375690e-02   2.6410416e-02   4.4683191e-02   1.2188544e-01   4.0329273e-02   1.6559161e-02  -4.9619802e-02   2.6495603e-01   7.4740745e-02   1.8804482e-01   1.2273720e-01   4.0442376e-02   5.4716878e-02  -7.8488843e-02  -1.2754407e-01  -1.0482000e-01   5.4281254e-02   3.4152417e-01   1.8832032e-01   2.6694557e-01   2.0056449e-01   1.3704529e-01   1.1615236e-01   2.4365367e-01   9.7974810e-02   1.1354409e-01   7.0910903e-02   1.1033213e-02   1.6705486e-01   6.9362279e-02   9.7220019e-02   1.4290113e-01   1.1537579e-01   3.9046019e-02   7.0612991e-02   2.1824757e-01   1.3208002e-01   6.2988251e-02   2.2995505e-01   1.4655269e-01   9.6707797e-02   2.5866163e-02   2.1832172e-02   1.2025885e-01   1.1792677e-01   1.3905358e-01   1.7943656e-01   2.1778522e-01   5.2961921e-02   3.1920859e-01   2.0555333e-01   1.1715365e-01   4.0334141e-02   1.9783745e-03   3.4896554e-03   0.0000000e+00   5.3514446e-01   3.9006583e-01   3.2651014e-01
  -1.4330053e-01  -2.4806655e-02   0.0000000e+00   1.2962232e-01  -4.9962068e-02  -5.5156034e-03  -5.4339950e-02   1.8923343e-01   0.0000000e+00   6.0561918e-02  -9.7118525e-02  -1.3393592e-01   5.6584089e-02  -6.6874567e-02   1.3281804e-01   1.6433172e-01  -1.2985556e-02  -8.4188061e-03   4.2964077e-02  -7.0165162e-05  -2.3491506e-02   8.5581554e-03   6.6732635e-02  -5.6692061e-02  -6.3343954e-02   1.7808665e-02   1.1866900e-01   1.1531805e-01   1.7962602e-01   6.2795124e-02   2.0910701e-01  -9.1328341e-02   1.1375108e-01   7.6849758e-02   1.5615479e-01   2.5801435e-01   1.0284904e-01   2.7170335e-01   1.9480398e-01   1.5713134e-01   1.5285280e-01   7.2659778e-02   2.3108817e-01   3.0765687e-01   3.5652161e-02   3.6006977e-01  -2.4014907e-02   1.6236260e-01   3.0249080e-01   6.9116594e-02   3.6867673e-02   1.1128854e-01   2.2032329e-01   3.5923588e-02   1.3116720e-01   1.0737184e-01  -2.3996295e-02   1.3871976e-01   1.2810806e-01   9.8168492e-02   3.3968471e-02   7.1098546e-02   1.8507752e-01   3.6488900e-01   4.0406296e-01  -1.7796212e-02   3.2559234e-01   4.2602717e-02   2.9364672e-01   1.7662916e-01   5.2971742e-02  -1.1747417e-01  -1.2985337e-01  -2.3309407e-01   7.2649509e-02   9.0873538e-02   3.1477187e-01   1.4521370e-01   2.7537193e-01   1.5551350e-01   1.5974861e-01   1.0477407e-02  -1.4282854e-02   1.2725764e-01   1.1661761e-01   1.9769282e-01   1.1715271e-01   8.0545513e-02   5.7266798e-02   1.4626765e-01   1.9637933e-01   1.3089514e-01   6.7990800e-02   1.2205881e-01   1.6474131e-01   1.8820793e-01   2.0023563e-01   3.0041685e-01   3.5760049e-01   2.3102679e-01  -1.0538421e-01   1.5900622e-01   1.8412582e-01   2.5557916e-01   2.0316905e-01   1.6353828e-01   2.2025670e-01   3.3558585e-01   2.7816301e-01   4.2381527e-01   5.4530863e-01   3.9028944e-02  -2.2809256e-02   6.1450449e-02   0.0000000e+00   2.2089761e-01   1.7878878e-01   9.9633500e-02
   8.6077715e-02   1.8136119e-02   0.0000000e+00   4.8702440e-02  -1.5345999e-01  -1.6218502e-02   8.4130263e-02   4.0425606e-02   6.0561918e-02   0.0000000e+00   6.6334758e-02  -4.6386587e-03   2.2541865e-01   2.9624647e-02   8.7242897e-02   4.8491195e-03   9.5616670e-03   1.0517726e-01   9.0691690e-02   1.4302365e-01   2.7956817e-02   1.4968541e-02   3.4906448e-02  -9.8383831e-03   2.0654672e-02   1.3698891e-01   1.0619259e-01   5.7324499e-02   2.5649819e-01   2.1724907e-01   9.0341140e-02   3.8029191e-02   1.2019947e-01   2.2920670e-01   1.0713584e-01  -3.2783992e-02   1.6917608e-02   3.8031259e-02   2.2069402e-02   1.5454866e-01   7.4440467e-02  -1.1773054e-01   1.7277221e-01   6.2974830e-02   2.5273822e-01   6.7087855e-02  -7.1519813e-02   2.9131254e-02   2.0517557e-01   3.0972158e-02   3.2915785e-01   2.4537682e-01  -1.0795902e-03   3.0298340e-02   1.7465532e-01   1.0501794e-01   1.3818451e-03   9.2355877e-02   1.7180987e-01   7.9579641e-02  -9.2726451e-02  -2.8306762e-02   4.6335690e-02   8.3955858e-02   4.5865454e-02   8.2272431e-02   1.1611621e-01   1.6445992e-01   1.3807995e-01   8.0657916e-02   1.4128649e-02  -1.5231628e-01  -5.4789579e-02  -1.4058471e-01  -1.2146390e-01   1.2971235e-01  -5.4618041e-02  -7.3486576e-02   2.5365684e-02   1.6300692e-01   6.2330060e-02   1.0009987e-01   4.0411222e-03   5.6447470e-02  -3.6336675e-02  -2.2294081e-02   1.2657103e-01   3.6252514e-03  -7.3583260e-02   6.6998498e-02   6.2705564e-02   5.3911022e-03  -9.7805197e-02   8.4533452e-02  -1.1693232e-02  -7.9001130e-02   4.5503117e-02   2.3434480e-02  -1.2181103e-02  -2.3343817e-03  -1.5100933e-01  -5.1465641e-02  -7.5748879e-02   8.5163389e-02   2.7948879e-02   1.6180401e-01   3.5367092e-02   3.2089291e-02   1.5614504e-01   8.9459406e-02   1.1490047e-01   1.4135926e-02  -1.5353872e-01  -3.5544997e-02   0.0000000e+00   2.2112859e-02   6.8330629e-02   9.1865969e-02
   4.2784053e-01   1.6457272e-01   0.0000000e+00   2.9241140e-01   2.4278815e-01   2.2165809e-01   4.1743498e-01  -2.8431912e-02  -9.7118525e-02   6.6334758e-02   0.0000000e+00   9.4669317e-02   4.1732586e-01   5.5562993e-02   2.6727509e-01   2.4625545e-01   2.5211065e-01   2.7222355e-01   2.3708907e-01   3.6911491e-01   2.2114429e-01   9.7575277e-02   1.2507265e-01   1.8892175e-01   2.3461206e-01   3.2203850e-01   2.1552755e-01   3.6634062e-02   3.6184812e-01   3.3214866e-01   1.3182466e-01   2.4102189e-01   3.4232293e-01   4.1963276e-01   1.8154590e-01   6.4375384e-02   3.0768226e-01   1.3822358e-01   8.3082851e-02   4.5600721e-01   4.8226961e-01   1.7267809e-01   3.3219063e-01   1.2594807e-01   3.5505247e-01   3.7795711e-02   2.9015119e-01   1.1943768e-01   1.9226509e-01   1.7044245e-01   2.2849436e-02   2.2534719e-01   1.1301176e-01   2.6702894e-01   9.4843811e-02   2.7877075e-01   1.3424712e-01   9.3614446e-02   1.9447294e-01   9.4248339e-02  -2.5035675e-01  -2.3089761e-01  -7.6966643e-02   2.5966170e-01  -3.8893022e-02   2.4756100e-01  -3.5451501e-02   1.0440677e-01  -1.8362861e-02  -1.7299237e-02   1.6208479e-01  -2.2984160e-02   4.2518713e-01   3.3185322e-01   2.5755644e-01   1.5279173e-01  -5.2333602e-02  -1.3593162e-01  -1.5065232e-01  -4.9161922e-02  -9.8881981e-05   1.2483003e-01  -6.5515936e-02   1.2208334e-01  -1.5432579e-02   1.2553890e-01   2.5162488e-01  -1.6561049e-01   2.6980254e-01   9.7614964e-02   8.1615510e-02  -1.7110455e-01  -1.1401923e-01   4.9228071e-02   2.6321051e-02  -7.0593025e-02   7.7819863e-02   2.6282213e-02  -6.9740446e-02  -1.5638379e-02   1.1926700e-01  -2.2284580e-03  -2.8188104e-01  -9.1976424e-02  -1.2486555e-01   5.3527086e-02   1.0754555e-01  -9.2290139e-03  -9.4174339e-03  -4.6887726e-02   3.7257057e-02   1.1630550e-01   8.5035024e-02  -4.8148686e-02   0.0000000e+00  -9.3655105e-03  -1.0532295e-01   2.9023876e-02
   2.3492485e-02   1.7979703e-01   0.0000000e+00  -9.4995217e-02   2.1753813e-01   2.7339659e-02  -3.9706319e-02   1.2648308e-02  -1.3393592e-01  -4.6386587e-03   9.4669317e-02   0.0000000e+00   6.2132941e-02  -1.6946092e-02   1.3573697e-01   8.0123403e-02   1.8749633e-01   2.3945043e-01   2.5095984e-01   1.1644246e-01  -4.2136999e-03  -2.0507156e-02  -1.3205874e-01  -2.0495517e-02   4.6368530e-02   5.6309319e-02   1.2874064e-01   7.4869257e-02   2.4446900e-02  -2.9899342e-02   1.3575052e-01   1.7131506e-01   1.6951112e-01   1.1883549e-01   2.0870298e-01   1.3215788e-01   2.1672870e-01   1.0779644e-01   1.2965775e-01   6.0031222e-02   3.9963991e-03   1.3857060e-01   2.1242335e-01   1.4932308e-01  -4.3780476e-02   1.9260974e-01   1.7663531e-01   2.9465817e-01  -7.2183614e-03   1.4440817e-01  -1.5759263e-01   1.7345688e-01   1.3956821e-01  -2.5054756e-02  -3.4383255e-02   1.4350925e-01   2.3985201e-01   7.5039011e-02   2.1580294e-01   4.9091529e-02  -4.4727151e-02  -3.5543536e-03  -6.3052937e-02   1.5603073e-01   1.1445840e-01   3.9113305e-01   9.1538866e-02   9.4055376e-02  -6.1035060e-02   1.5607783e-01  -1.9809342e-03   1.0887492e-01   9.8406119e-02   2.5365833e-01   1.8256517e-02  -1.1587962e-01   1.6166136e-01   1.6085315e-01   3.4845569e-02  -1.1788766e-01  -1.4566587e-03   9.5590542e-02   8.5393452e-02   1.2556547e-01   1.8654024e-01   2.6333547e-01   1.3205178e-01   4.1163013e-02   9.8101350e-02   9.5426401e-02   9.5880019e-02   1.5556258e-01   1.4891451e-01   8.7667471e-02   2.4486960e-01   6.3740702e-03   4.5109820e-01   6.6236086e-02   1.5966539e-02  -4.6652364e-02   2.8489790e-01   1.3946771e-01   2.3422801e-01   2.7193531e-02  -2.9529428e-02   9.3033707e-03  -9.5979847e-02   3.2294158e-02  -1.3371840e-01   8.4765454e-02   6.4704153e-02   8.5610199e-02   1.2590101e-01   1.3214325e-01   0.0000000e+00  -4.6328760e-02  -1.3624208e-01  -1.4729311e-01
   2.4874951e-02   1.2976926e-01   0.0000000e+00   1.9761286e-01   2.2802354e-02   2.9304901e-02   2.0238162e-01  -4.1434760e-02   5.6584089e-02   2.2541865e-01   4.1732586e-01   6.2132941e-02   0.0000000e+00   2.1952450e-01   2.9227934e-01   2.4670248e-01   9.6793308e-02   2.5580505e-01   1.5950768e-01   7.5041026e-01   4.8442193e-01   8.6486421e-02   1.7554201e-01   2.8030218e-01   2.7661130e-01   5.0194905e-01   2.1288603e-01  -4.3280262e-02   6.2068522e-01   6.2566135e-01   2.5313489e-01   8.3047684e-02   1.6302288e-01   5.2103232e-01   1.8084086e-01   2.6952022e-02   3.0338604e-01   1.2006671e-01   1.3578139e-02   4.3243157e-01   2.1573062e-01   9.9123434e-02   4.5484164e-01   9.8600776e-02   5.9739877e-01   2.6756529e-01   4.4254799e-02   2.0773935e-01   2.6487663e-01   1.5478038e-01   1.3878572e-01   2.4374490e-01   1.3501942e-01   8.3056962e-02   1.8883171e-01   2.8607877e-01   1.2801903e-01   5.9386373e-02   2.8497812e-01   1.7869549e-01  -2.0862551e-01  -1.9465013e-01   4.9868544e-02   3.6759575e-01   1.0251796e-01   1.2007157e-01   6.3988303e-02   1.2389150e-01   1.1284207e-01   3.4473068e-02   3.2952110e-01  -6.8864715e-02  -7.3400009e-02  -4.2674619e-02   3.1314258e-02   2.9638982e-01  -7.4616087e-02  -4.8115111e-02  -2.0531299e-01   1.4309443e-02  -5.2852694e-02   1.8563165e-02  -5.2417824e-03   2.5923575e-01  -1.1199630e-01   9.8684718e-02   3.3265353e-01  -1.3972653e-01   8.1601929e-02   2.3281626e-01   2.4882727e-01  -2.0698599e-01  -1.4887846e-01   5.1507484e-02   4.5763437e-02   4.9936905e-03   1.9429038e-01   1.1869041e-01   5.7723729e-04   2.3976243e-02  -1.0390142e-01  -2.5878507e-02  -2.2738552e-01  -1.9434228e-02  -1.1515265e-01   1.0509378e-01   5.3521047e-02  -1.0040057e-01   1.8501805e-02  -4.6240721e-02   1.7537145e-01   8.1151660e-02  -1.7226547e-02  -2.2813767e-02   0.0000000e+00  -6.6903000e-02  -9.0560282e-02   2.0757984e-01
   1.0931081e-01  -1.4235402e-01   0.0000000e+00   2.4081879e-02   3.6459359e-02   5.6025479e-04   9.4982717e-03   3.9697277e-02  -6.6874567e-02   2.9624647e-02   5.5562993e-02  -1.6946092e-02   2.1952450e-01   0.0000000e+00   6.4231413e-02   1.0533436e-01  -5.7456738e-02  -2.8823685e-02  -1.5660698e-02   3.3845268e-01   2.3816163e-01   2.6982948e-01   2.4359667e-01   1.8191468e-01   3.0832560e-01   7.8042607e-04   1.3294933e-01   2.5947397e-01  -4.7011560e-02   5.7880147e-02   5.2792741e-02   9.1857575e-02   1.4828517e-01   7.8269104e-02   9.3266252e-03   2.9584539e-02   1.3396984e-01   8.8658492e-02   4.1659055e-02   2.7219349e-02   7.3533394e-02  -1.5975704e-02  -2.2394492e-02  -1.3925658e-02   5.9891791e-02   4.3513675e-02   9.4002543e-02  -2.0477766e-02  -6.1426395e-02  -3.5312539e-02   1.5566458e-01   1.0563967e-01  -6.6038010e-02   2.4141844e-02   6.8173844e-02   5.9770903e-02   1.9194875e-01   2.4223440e-02  -4.2463849e-02   4.9706112e-03   5.8330839e-02   1.2221310e-01   4.5428781e-01  -9.4527829e-02  -1.0705047e-02   3.6428396e-02  -6.2528917e-02  -9.1246195e-02  -1.0239747e-01   1.2559564e-01   1.9652519e-01   2.4110297e-01  -3.3923733e-02   6.5302168e-03  -2.2353320e-02  -1.9952392e-01  -1.2749258e-01   2.8662824e-02   7.2351997e-02  -1.1472712e-02  -1.7948117e-02   2.3215532e-02   4.1604655e-01   9.0783246e-02  -1.0829234e-01  -7.4915529e-02  -9.3638981e-02   7.3233704e-02  -1.2518626e-01  -1.1672711e-01  -1.7990294e-01   2.0554577e-01   3.7786865e-02   3.7806830e-02  -6.4246264e-02   6.0556210e-02   5.2037847e-02  -9.2462103e-02  -5.1813329e-03   8.4281308e-02  -1.4036417e-01  -6.9389099e-03  -1.3576338e-01  -6.4959018e-02   1.4234610e-01   1.4878506e-01  -1.6655462e-02  -1.3244259e-02  -3.2651060e-02   1.0910154e-01  -4.6880154e-02  -5.0058322e-02  -4.9044090e-02  -5.8058815e-02   0.0000000e+00   4.0743055e-02  -9.3711745e-02   1.4158072e-01
   3.2821774e-02   7.1910446e-02   0.0000000e+00   1.3327449e-01   1.3408438e-01  -2.5552130e-02   1.1105738e-01  -1.0129782e-03   1.3281804e-01   8.7242897e-02   2.6727509e-01   1.3573697e-01   2.9227934e-01   6.4231413e-02   0.0000000e+00   4.9071015e-01   4.7509618e-02   2.4671009e-01   1.9454252e-01   2.2712076e-01   6.7630614e-02   2.4687959e-02   8.5098133e-02   6.3011176e-02   1.0257884e-01   3.5206933e-02   1.1472682e-01   3.2184097e-02   2.6075764e-01   2.3377628e-01   6.6981803e-02   5.7465165e-02   1.9675457e-01   4.5602658e-01   2.0542909e-01   2.9988358e-01   5.2598600e-01   2.9361689e-01   2.0506791e-01   1.8724925e-01   1.7347656e-01   1.6405801e-01   3.0951393e-01   3.2108212e-01   1.2273486e-01   3.3296606e-01   2.2802372e-01   2.9477602e-01   2.7676043e-01  -2.5394805e-02  -6.0938952e-02   2.7663658e-01   2.7078920e-01   1.8201616e-01   3.8726844e-01   4.6182553e-01   1.1988088e-01   7.5496264e-02   2.8713989e-01   1.4226060e-02  -8.1814474e-02  -2.3593878e-02  -4.8362611e-03   3.6689582e-01   2.0383879e-01   3.2355695e-01  -6.1502193e-02  -1.7123294e-05  -8.9574824e-02   1.2801081e-01   6.2970011e-03   4.4455334e-02  -2.1790863e-02   1.1754874e-01  -4.8627755e-02  -1.1665179e-01  -5.1120330e-03  -1.1873357e-02  -1.0490373e-01  -3.7829501e-02  -1.1504095e-01  -6.1335020e-02  -6.9285233e-02  -1.2573253e-02  -6.1660733e-02   9.4772277e-02  -4.7896937e-02  -1.1129930e-01  -2.6620567e-02  -9.8170860e-02  -3.5601831e-02   2.7532135e-02  -2.6347309e-02   1.4504255e-01   1.1574853e-01   1.6011988e-02   2.7742506e-01   1.0166739e-01   3.9425109e-02   1.0659288e-01  -6.6200381e-02   5.7801309e-02   1.5436530e-02  -8.4055757e-02  -3.1333097e-02   1.2875033e-01   4.8583414e-02   1.1399456e-01  -4.6169791e-02   2.1749226e-01   1.8409031e-01   2.4478484e-01   2.3025117e-01   2.6057301e-01   0.0000000e+00   3.3242953e-02  -2.3641504e-01  -5.2640937e-02
   9.0926671e-02   1.1240125e-01   0.0000000e+00   1.2419824e-01   1.6174142e-01   1.1308208e-01   1.8331368e-01   9.5824993e-02   1.6433172e-01   4.8491195e-03   2.4625545e-01   8.0123403e-02   2.4670248e-01   1.0533436e-01   4.9071015e-01   0.0000000e+00   6.8164599e-02   1.0253252e-01   2.8533674e-01   1.3147190e-01   2.5442123e-01   1.4809952e-01   1.1589848e-01   2.4612952e-02   2.0217985e-01   1.7354762e-02   9.4586525e-02   7.2937098e-02   1.5879514e-01   6.6338250e-02  -1.2250347e-02   1.3876689e-01   1.7567288e-01   1.8786294e-01   1.7360594e-01   2.1519082e-01   4.7960453e-01   3.0219187e-01   1.4375630e-01   2.6138853e-01   2.2729788e-01   1.3514063e-01   2.3385348e-01   2.4665472e-01   1.2144065e-01   2.3775631e-01   2.5152943e-01   1.7782567e-01   1.7042851e-01   9.9426097e-02  -4.5678865e-02   6.5739247e-02   3.0967141e-01   4.6681797e-01   6.2807964e-01   5.4665073e-01   1.3923888e-01   1.1623242e-01   1.7324296e-01   7.4534720e-02  -2.1194674e-02   4.3099638e-02   1.2511405e-01   2.4490154e-01  -4.1364884e-03   2.0859032e-01  -5.7012180e-02   7.3352929e-02   1.5905461e-01   1.9242950e-02   3.0498682e-03   4.3605617e-02   6.2313418e-02   6.8478314e-02   9.7898283e-02   2.0772930e-02   1.5041982e-01   8.6739896e-03   2.1025231e-02   5.8335616e-04  -3.2958137e-02  -6.6497941e-02  -9.5024366e-03   5.2952210e-03   3.2926967e-02  -3.4822291e-02  -3.8456244e-02   6.3510704e-03  -1.9386229e-02   1.0741029e-01  -3.1126799e-02   1.0462746e-01   1.5373430e-01   9.7357450e-02   2.2673089e-01   2.6642482e-01   2.1532547e-01   2.8304006e-01   1.3223853e-01   3.2659452e-01  -8.5224136e-04   2.2160360e-01  -8.2812017e-03   1.0108228e-01   2.7381263e-01   1.2758800e-01   1.8948603e-01   2.5929113e-01   1.7413478e-01   1.8273123e-01   9.9640174e-02   2.3080630e-01   2.0552939e-01   2.4891205e-01   0.0000000e+00   6.6997569e-02  -8.1420948e-02   3.0581068e-02
   1.4241402e-01   2.5815349e-01   0.0000000e+00   1.1986237e-01   4.8307636e-01   3.1329402e-01   1.7823845e-01  -3.7183271e-02  -1.2985556e-02   9.5616670e-03   2.5211065e-01   1.8749633e-01   9.6793308e-02  -5.7456738e-02   4.7509618e-02   6.8164599e-02   0.0000000e+00   6.5387660e-01   1.1387037e-01   1.6702153e-01  -6.8914539e-03   8.3554934e-02  -6.0961238e-02  -5.1302508e-02  -1.2629527e-02   1.3680210e-01   2.1876112e-01   1.7479407e-01   2.1065957e-01   9.2369489e-02   2.3448715e-01   2.1902060e-01   3.7155936e-01   2.3657096e-01   2.1827506e-01   1.6598926e-01   1.6950446e-01   3.3951069e-02   7.4435576e-03   1.6692016e-01   1.9436574e-01   1.5714231e-01   3.0073649e-01   1.0477175e-01  -2.5752313e-02   1.8597659e-01   4.1494195e-01   2.0567987e-01   2.6040697e-01   1.4491299e-01   1.7471377e-01   1.9799613e-01   4.9891086e-02   1.8290067e-01   2.0795526e-02   1.7308618e-01   1.6465909e-01   1.9157651e-01   1.9700991e-01   7.4200820e-02  -1.4418654e-01  -7.1525385e-02  -2.7464602e-02   2.6922856e-01   7.3367054e-02   2.9004790e-01   1.5019382e-01   3.5417161e-02   4.4534518e-02   1.6173391e-01   1.1318701e-01   8.9808850e-02   3.5361924e-01   2.2508946e-01   3.0096901e-01   6.8680812e-02   5.8621912e-02  -1.0704246e-01   8.4532737e-02  -1.5508848e-02   1.5299402e-01   1.7620631e-01   1.1522746e-02   1.8616330e-01   7.4350962e-02   1.9327187e-01   1.6903683e-01   6.4251067e-02   1.1765240e-01   2.1197242e-01   1.5077043e-01   7.2753550e-02   1.4702671e-01   1.3313879e-01   1.1555903e-01   2.3742445e-02   2.5526845e-01   8.0675750e-02   4.7010289e-02   8.0890456e-02   2.7647329e-01   2.6460518e-01   4.5651556e-02   2.1092416e-02   4.3385146e-02   1.4624067e-01   3.6564417e-03   1.6111671e-01  -1.3811002e-01   1.7050974e-02   4.0219061e-02  -6.6445268e-02  -2.7824337e-03  -2.1070241e-02   0.0000000e+00   2.3738241e-02  -9.2223800e-02  -6.3313523e-02
   1.5811623e-01   2.2733783e-01   0.0000000e+00   9.1046631e-02   4.9470634e-01   2.4654964e-01   2.3183938e-01  -5.4067638e-02  -8.4188061e-03   1.0517726e-01   2.7222355e-01   2.3945043e-01   2.5580505e-01  -2.8823685e-02   2.4671009e-01   1.0253252e-01   6.5387660e-01   0.0000000e+00   1.8994066e-01   3.8036588e-01   7.0573082e-03   9.0652348e-02  -4.5163840e-02  -7.0785604e-02   8.1791051e-02   2.7250050e-01   3.5046071e-01   3.2551034e-03   2.2860512e-01   1.4270424e-01   2.9314172e-01   2.0666156e-01   4.0700781e-01   3.6149921e-01   2.9727356e-01   1.5080570e-01   2.5574790e-01   3.1402509e-02   2.1359469e-02   1.5723188e-01   9.5390270e-02   1.3927354e-01   3.9256838e-01   1.4267682e-01   7.4746638e-02   3.1499186e-01   3.8654093e-01   4.0524644e-01   4.7552158e-01   1.3980667e-01   2.3551110e-01   3.5827667e-01   1.6244339e-01   1.7359923e-01   1.8132991e-01   2.5120133e-01   3.2279932e-01   2.4774488e-01   3.1001677e-01   2.3251356e-01  -7.0383412e-02  -3.1022423e-02  -5.0729180e-02   4.0352889e-01   1.6718262e-01   3.7911214e-01   2.0141392e-01   1.1039932e-01   6.5869939e-02   3.7738047e-01   6.6156770e-02   1.2082137e-02   2.2010186e-01   2.5668499e-01   6.2276413e-02   7.9137047e-02   5.4519413e-02  -1.1929446e-01   3.3949552e-02  -1.8125859e-02   1.7543598e-01   2.0651679e-01   4.8126232e-02   3.9399275e-01   8.5651994e-02   2.3456264e-01   1.8876439e-01   2.2310604e-03   9.9895995e-02   1.5999841e-01   2.2920854e-01   1.0199158e-01   1.4183997e-01   1.0828016e-01   1.0310182e-01  -5.0177916e-03   3.8402420e-01   8.1058623e-02   5.6158866e-02   3.2144771e-02   1.5125669e-01   2.2244620e-01   8.5219794e-02   4.3410361e-02   4.4291792e-02   1.4192189e-01  -7.4764496e-02   1.3477829e-01  -6.7324199e-02   2.2106890e-02   6.6839247e-02  -2.1285800e-02  -2.8213719e-02  -2.3696212e-02   0.0000000e+00  -4.2555358e-02  -6.5353841e-02  -8.7745665e-02
   3.7633083e-01   1.7102917e-01   0.0000000e+00   3.3544851e-02   2.9573071e-01   1.1954852e-01   3.5576506e-01   1.0518590e-01   4.2964077e-02   9.0691690e-02   2.3708907e-01   2.5095984e-01   1.5950768e-01  -1.5660698e-02   1.9454252e-01   2.8533674e-01   1.1387037e-01   1.8994066e-01   0.0000000e+00   9.8262324e-02   3.7811758e-02   8.5153008e-02   3.5834416e-02  -6.7401078e-02   7.1529434e-02   7.3723757e-02   1.8202920e-01   8.7123999e-02   3.6964755e-02  -1.9595072e-02  -6.5121620e-03   2.5225551e-01   1.9538525e-01   5.2580402e-02   2.5111609e-01   2.8137508e-01   3.0875837e-01   2.0504873e-01   2.6849358e-01   1.6422777e-01   1.3931359e-01   1.1724264e-01   3.3775875e-01   3.2978091e-01   5.7985646e-02   2.8017762e-01   3.0449132e-01   2.5462553e-01   3.3582344e-02   4.3445558e-02  -9.5107548e-02   1.9916455e-01   3.2856188e-01   3.1883093e-01   2.9093988e-01   2.6916760e-01   1.3927946e-01   9.3992381e-02   5.1490387e-01   8.8600383e-02  -4.2000748e-02   5.6357444e-02  -5.1195223e-02   3.2386740e-01   7.4038726e-02   5.0025548e-01   7.4996571e-03   2.0242153e-01   1.5180421e-01   9.6252954e-02  -1.1172117e-01  -7.1706295e-02   2.5146889e-01   2.3237176e-01   7.6548587e-02   7.9820915e-02   1.7077183e-01   8.0096612e-02   5.0810931e-02  -3.4002825e-02   6.3554178e-03   5.4602017e-02   2.8602477e-02   2.7503741e-02   1.3258288e-01   4.3424847e-02   3.0096019e-02   6.0544215e-02   1.0496271e-01   5.1858499e-02   1.4640191e-01   1.6392232e-01   1.1309037e-01   2.4323250e-01   4.4013460e-01   1.0449087e-01   2.2412920e-01   2.8064962e-01   2.6050874e-01   1.7050986e-01   1.2388694e-01   1.6402353e-01   1.0353629e-01   1.7273269e-01   2.3158332e-01   8.7043917e-02   9.3814991e-02   1.0102942e-01   1.2595811e-01   2.8178845e-01   1.6752491e-01   1.7117191e-01   1.4496584e-01   1.6958760e-01   0.0000000e+00   6.4747562e-02  -2.1735445e-02   1.3792300e-02
   4.7882499e-02   8.9016085e-02   0.0000000e+00   2.1716669e-01   1.1088824e-01   8.8381534e-02   1.3606562e-01  -4.9538046e-03  -7.0165162e-05   1.4302365e-01   3.6911491e-01   1.1644246e-01   7.5041026e-01   3.3845268e-01   2.2712076e-01   1.3147190e-01   1.6702153e-01   3.8036588e-01   9.8262324e-02   0.0000000e+00   4.5630074e-01   2.1337848e-01   2.2871498e-01   4.0373851e-01   3.5020599e-01   6.2102777e-01   3.8149625e-01   7.7776120e-02   3.8561794e-01   5.2602692e-01   3.6926130e-01   9.8713840e-02   1.9509325e-01   3.9929103e-01   2.8700365e-01   5.4185497e-02   2.0423440e-01   2.4711531e-01   1.2221464e-01   4.2846632e-01   2.7757489e-01   2.2483473e-01   3.7343380e-01   1.5921401e-01   4.8241813e-01   2.3526510e-01   1.1210451e-01   2.7716179e-01   2.5359691e-01   2.3489496e-01   1.3862857e-01   2.6446038e-01   1.4827856e-01   1.2892568e-01   1.0584549e-01   2.2857301e-01   2.2475437e-01   4.5447521e-02   2.6763206e-01   3.4146518e-01   7.5297081e-03  -3.4799390e-02   2.2653936e-01   2.3739650e-01   8.9130849e-02   1.8098242e-01   1.8489462e-01   9.1182225e-02  -5.3396518e-02   2.7347018e-01   4.5840283e-01  -3.0927014e-02  -3.8348847e-02   3.5613286e-02   8.4451672e-03   1.2044444e-01  -6.5916030e-02  -3.5237341e-02  -5.5476264e-02   8.5443662e-02   1.3070778e-01   2.0855842e-01   2.2747131e-01   5.7619033e-01  -4.7493945e-02   2.2184169e-01   2.9898941e-01   8.3436208e-03   9.4198044e-02   9.9408233e-02   2.5130221e-01  -3.3327521e-02  -9.8403576e-02   5.7722160e-02   7.0907403e-02   7.5355099e-03   2.8444339e-01   9.2438090e-02   2.7673066e-02  -1.1463868e-02  -2.9851980e-02  -3.0845090e-02  -1.0108680e-01   8.7674883e-02  -9.9274656e-02   1.4592583e-01   1.2379439e-02  -2.7341804e-02  -5.0113090e-02   3.5208958e-02   6.4437940e-02   3.0918474e-02  -4.8738208e-02  -3.0798715e-02   0.0000000e+00   7.6919559e-05  -3.0170392e-02   1.6214442e-01
  -8.8658746e-03   1.0226664e-01   0.0000000e+00   1.4887830e-01  -9.5155559e-02  -6.8476186e-03   4.6948891e-02  -4.8123598e-02  -2.3491506e-02   2.7956817e-02   2.2114429e-01  -4.2136999e-03   4.8442193e-01   2.3816163e-01   6.7630614e-02   2.5442123e-01  -6.8914539e-03   7.0573082e-03   3.7811758e-02   4.5630074e-01   0.0000000e+00   2.6013177e-01   3.5152480e-01   4.5475697e-01   4.6593914e-01   3.0012490e-01   4.0743286e-02   3.4781388e-02   2.9097187e-01   3.2354604e-01   8.0778312e-03   8.9651119e-02  -3.5508697e-02   2.5063521e-01   1.2335030e-02  -4.6933286e-02   1.9177628e-01   1.3371075e-01  -3.2998872e-02   3.4130382e-01   2.1996600e-01   1.2317685e-01   1.2577464e-01   1.9271061e-02   4.9160881e-01   1.1610848e-01   3.5965657e-03   3.8996700e-02   9.0981499e-02   1.0994038e-01   2.8395130e-02  -6.0292487e-02   5.9483396e-02   8.0863273e-02   6.8154565e-02   2.6438828e-01   8.3383635e-02  -3.9401666e-02   3.0704178e-02   2.4332913e-01  -6.5763668e-02  -6.1649405e-02   2.0993475e-01   3.7904415e-02  -6.8882572e-02  -9.0228441e-02  -7.9300674e-02   7.4903200e-02   1.1688611e-01  -1.7520793e-01   1.4041395e-01   1.6071140e-02  -1.0769678e-01  -5.0287858e-02   4.1127322e-02   7.6594261e-02  -4.0370749e-02  -2.1208392e-02  -1.8147574e-01  -1.0700251e-03  -8.8241301e-02  -5.6710013e-02   2.8647148e-02   2.8666567e-02  -1.5811766e-01  -8.7401816e-02   1.1162450e-01  -1.1591075e-01  -8.9923303e-03   1.0199579e-01  -1.2556866e-02  -1.7652030e-01  -1.2845078e-04  -1.2441181e-01   4.6083222e-02   1.5119159e-01   8.1182565e-02   1.0928073e-01   2.8497295e-03   1.4130956e-01  -7.2532185e-02   6.8654652e-03  -1.8766688e-01   1.1031654e-01  -2.1180142e-02  -1.2667094e-02  -5.6177607e-03  -4.0237436e-02   9.2424811e-04  -9.5560714e-02   1.1746880e-02   4.7226136e-02   4.6390664e-05  -2.7521360e-02   0.0000000e+00  -8.2913251e-02  -8.3209339e-02   9.8124563e-02
