   0.0000000e+00  -2.8507497e-02   0.0000000e+00  -6.7798153e-03  -9.9303922e-03   4.5624758e-02   4.3257502e-01   4.2255866e-02   6.0517990e-02   2.6343301e-02   3.1861616e-01   0.0000000e+00   5.8941876e-02  -2.6824788e-02  -5.0861960e-03   1.3926134e-01  -3.8831021e-02  -6.8283197e-02   7.7761783e-02   1.1550034e-01   8.9750443e-02  -3.3870042e-02   4.3815621e-02   8.5013388e-02  -7.0779035e-02  -6.1270440e-02  -8.2902748e-03   2.0172612e-02   9.8369808e-02   1.0835103e-01   3.9060861e-02   1.3298380e-01   4.6515782e-02   2.7144816e-01   1.3968118e-01   1.6752829e-01   1.7473947e-02   7.3361644e-02   1.1921644e-01   1.8219370e-01   5.3340938e-02   1.7032295e-01   3.1722859e-01   2.7081588e-01   1.2958710e-01   8.3882430e-02   1.1542291e-02  -3.0028763e-02  -2.4467275e-02  -1.5824013e-02  -3.2649552e-02   7.8981353e-02   1.2411282e-01   2.1175871e-01   9.0437924e-02  -1.6777773e-02  -1.3583983e-01  -1.5946657e-02   1.6467289e-01   3.2895142e-02  -2.7685043e-02  -7.0505573e-02  -2.6808347e-02   7.0265292e-04   2.5563799e-01   5.3918983e-02  -7.6503628e-02   4.3371054e-01   2.1663231e-01   5.1943479e-02  -7.2473585e-03   3.3456669e-02  -1.2459910e-01  -4.4211222e-02   6.3858879e-01   2.6840750e-01  -1.3569728e-01   2.4740139e-01  -2.7712724e-02   1.2678442e-02   2.5168476e-02   2.6180078e-02  -1.3191335e-01   9.5469580e-02   1.0346255e-01   5.9383064e-02   6.2092071e-02  -5.3837901e-03   1.4673436e-01   3.4161382e-01   1.3666489e-01  -1.5778453e-01   1.8438302e-01   1.9475024e-01   9.0035753e-02   1.7491511e-01   5.9654852e-02   2.3203134e-01   1.4844296e-01   3.9458637e-01   3.9939243e-02   2.2416604e-01   1.7698606e-01   3.6343660e-02   1.5196597e-02   6.8722158e-02   1.4823617e-01   7.5967088e-02   1.8581146e-02   2.0787772e-01   9.2803511e-02   1.7373921e-01   1.0327168e-01   1.3138825e-01   3.6361769e-02   1.0443032e-01   5.3070789e-02   9.7456072e-02
  -2.8507497e-02   0.0000000e+00   0.0000000e+00   1.1936166e-01   1.2194008e-01   6.0974827e-02   1.7967108e-02   2.4574272e-02   3.2534073e-02  -3.3511271e-02   5.7271114e-03   0.0000000e+00  -4.3047115e-03   2.9730646e-03   9.3891229e-02   6.3093660e-02   6.0109358e-02   5.9615504e-02  -6.5428792e-04   3.4914561e-03   2.7643790e-02   5.3977557e-02   8.5192072e-02   9.1792160e-03   1.8123523e-01   9.5418347e-03  -3.1490808e-02  -1.3085342e-01  -7.3543111e-02  -3.9264879e-02  -2.5885639e-02  -3.1447021e-02  -6.5640618e-02  -3.0315903e-02  -1.5977003e-02   2.4684708e-02  -5.8182255e-03  -5.3802355e-02  -1.0430041e-01   4.0734970e-02  -3.9033689e-02  -7.0617611e-02  -9.8500501e-02   4.1807683e-02  -3.6278394e-02  -7.8778651e-03   7.6163939e-02   1.1525038e-01   1.6279578e-01   1.3856442e-01   2.6178079e-01  -4.1886745e-02  -3.2868934e-02   5.2682938e-02   1.0561775e-01   9.3255264e-02   1.1653393e-01   7.3976568e-02   1.7474234e-03   1.2955397e-01  -9.0403615e-02  -1.2716824e-01   7.1507435e-03   1.1034491e-01   2.8230691e-02   8.6140086e-02   5.1383878e-02   1.9893160e-02   5.5833667e-02   7.5992304e-02   6.8291306e-03   1.2544736e-01  -1.1973550e-02   3.6567637e-02  -6.2949998e-02   1.3952393e-02   8.8793201e-03  -3.9922588e-02  -1.8033926e-02   9.1863646e-03  -8.7945435e-02  -9.2237383e-02  -9.6351336e-02   2.0281315e-03  -7.5681415e-02  -8.4451388e-02   1.0942475e-01  -2.8039821e-02  -1.1366378e-01  -6.0665666e-02  -2.9991302e-02   1.3093677e-02  -7.0099636e-02  -5.6485225e-02  -3.1047453e-02  -4.0244416e-02   6.2068971e-03  -5.7965131e-03  -1.2023953e-01  -1.1864495e-02  -2.8232365e-02  -9.3964616e-02  -8.1896001e-02   4.7209190e-03   7.0862183e-02   1.7320802e-01   7.6178950e-02   1.3052921e-01   1.6314772e-01  -2.5958028e-02   7.1764508e-02   1.3152308e-01   9.6972187e-02   1.5998496e-02   4.5018783e-03  -4.7966827e-02   7.9618806e-03  -4.1464137e-02
   0.0000000e+00   0.0000000e+00   0.0000000e+00   0.0000000e+00   0.0000000e+00   0.0000000e+00   0.0000000e+00   0.0000000e+00   0.0000000e+00   0.0000000e+00   0.0000000e+00   0.0000000e+00   0.0000000e+00   0.0000000e+00   0.0000000e+00   0.0000000e+00   0.0000000e+00   0.0000000e+00   0.0000000e+00   0.0000000e+00   0.0000000e+00   0.0000000e+00   0.0000000e+00   0.0000000e+00   0.0000000e+00   0.0000000e+00   0.0000000e+00   0.0000000e+00   0.0000000e+00   0.0000000e+00   0.0000000e+00   0.0000000e+00   0.0000000e+00   0.0000000e+00   0.0000000e+00   0.0000000e+00   0.0000000e+00   0.0000000e+00   0.0000000e+00   0.0000000e+00   0.0000000e+00   0.0000000e+00   0.0000000e+00   0.0000000e+00   0.0000000e+00   0.0000000e+00   0.0000000e+00   0.0000000e+00   0.0000000e+00   0.0000000e+00   0.0000000e+00   0.0000000e+00   0.0000000e+00   0.0000000e+00   0.0000000e+00   0.0000000e+00   0.0000000e+00   0.0000000e+00   0.0000000e+00   0.0000000e+00   0.0000000e+00   0.0000000e+00   0.0000000e+00   0.0000000e+00   0.0000000e+00   0.0000000e+00   0.0000000e+00   0.0000000e+00   0.0000000e+00   0.0000000e+00   0.0000000e+00   0.0000000e+00   0.0000000e+00   0.0000000e+00   0.0000000e+00   0.0000000e+00   0.0000000e+00   0.0000000e+00   0.0000000e+00   0.0000000e+00   0.0000000e+00   0.0000000e+00   0.0000000e+00   0.0000000e+00   0.0000000e+00   0.0000000e+00   0.0000000e+00   0.0000000e+00   0.0000000e+00   0.0000000e+00   0.0000000e+00   0.0000000e+00   0.0000000e+00   0.0000000e+00   0.0000000e+00   0.0000000e+00   0.0000000e+00   0.0000000e+00   0.0000000e+00   0.0000000e+00   0.0000000e+00   0.0000000e+00   0.0000000e+00   0.0000000e+00   0.0000000e+00   0.0000000e+00   0.0000000e+00   0.0000000e+00   0.0000000e+00   0.0000000e+00   0.0000000e+00   0.0000000e+00   0.0000000e+00   0.0000000e+00   0.0000000e+00   0.0000000e+00   0.0000000e+00   0.0000000e+00
  -6.7798153e-03   1.1936166e-01   0.0000000e+00   0.0000000e+00   8.1257654e-02   4.4444230e-02   1.5614106e-01   1.6794710e-01   1.5862346e-01   1.5443296e-01   7.2308006e-02   0.0000000e+00   1.5978867e-01   2.5312764e-01   2.3507244e-02   6.0125391e-02   9.1246630e-02   1.1861026e-01  -4.1024450e-02   1.5402775e-01   2.0852967e-01   1.7505282e-01   2.5760967e-01   1.8782654e-01   2.2120101e-01   1.0690641e-01   7.8218378e-02   1.1212935e-01   1.9205702e-02   4.7374549e-02   1.0764672e-02  -7.3827813e-02   4.4916058e-03   8.7413358e-02   1.3593509e-02   4.2654202e-02   8.1462724e-02   2.2807546e-01   4.0887984e-02   2.5355422e-01   1.9289373e-01  -4.7919270e-02  -4.9044054e-03   1.4075206e-01  -2.4234820e-02   7.8156214e-02   8.5742820e-02   1.6018571e-01   2.7751882e-01   6.1465297e-02   5.9829511e-02  -3.5205360e-03   9.6495875e-02   1.0926587e-01   1.8264125e-01   1.1749647e-01   9.6226236e-02   1.0372619e-01   1.2171427e-01   3.5066510e-01   6.7427858e-02   1.8736288e-02   5.5771097e-02   1.1305137e-01  -2.9299751e-02   2.0678042e-02   1.2943331e-01   5.5024317e-02   1.9612007e-01   9.9674473e-02  -1.5833206e-01   4.7076885e-02  -3.4738834e-02  -4.4696357e-02  -1.3125635e-01   7.8114669e-02   9.6023901e-02  -1.7051620e-02   4.4872227e-02  -1.9317392e-04   2.4564252e-02  -2.1830943e-02   8.2612632e-02   1.3641402e-01   3.2431581e-02  -3.8351958e-02   1.0598794e-01   7.5946818e-02   5.5346395e-02   1.3111976e-02   1.4400901e-01   5.7537657e-02   3.8334183e-02   7.5897805e-02   1.7861744e-02   1.7816640e-01   2.8757291e-02   1.1733389e-01   7.3113640e-02   6.3897479e-02  -4.1581405e-02   3.0154850e-02  -5.5376497e-02   2.4478395e-01   2.0179130e-01  -5.5619350e-02   7.9066843e-02   1.4799385e-01   6.4861871e-02  -8.5484636e-03   1.3603861e-01   2.5246450e-01   1.4901725e-01   5.9768303e-02   6.9770731e-02  -2.8061305e-05   7.3127095e-02   1.0443124e-01
  -9.9303922e-03   1.2194008e-01   0.0000000e+00   8.1257654e-02   0.0000000e+00   1.3199789e-01   1.9757638e-01   2.0604840e-01   9.2994136e-03   1.3616076e-03   1.1723051e-01   0.0000000e+00   1.8660541e-01   2.1031833e-01   1.3688545e-01   2.6586847e-01   4.6501551e-01   1.9124578e-01   1.9876162e-01   3.4229794e-01   1.5745377e-01   2.6096600e-01   2.0616915e-01  -5.2141518e-02   3.5449222e-01   2.2329467e-01   4.1070200e-01   1.7129474e-01   4.0522830e-02  -3.4583833e-02  -2.5188836e-02   1.4551302e-01   1.9491311e-01   6.8910828e-02   2.2987826e-01   2.0317146e-01   2.1564241e-01   1.4004521e-01   1.3424593e-01   1.2225035e-01   1.5534940e-01   9.5802635e-02   2.3780959e-01   1.8525655e-01   1.4651765e-01   7.1312692e-02   8.5457385e-01   2.4083891e-01   1.2355965e-01   2.4173960e-01   2.5099220e-01   1.8040292e-01   1.4961071e-01   3.7700251e-01   4.5474183e-01   2.7333559e-01   4.6366093e-01   2.0251648e-02   2.3621755e-01   2.5233064e-01   9.2199469e-03   6.1356553e-02   1.0162370e-01   1.3565213e-01  -7.0095436e-03   3.9141122e-01   7.7904660e-03   1.9000338e-01  -8.0465559e-02   2.7756942e-01  -1.5874277e-01  -2.1709981e-03   5.8060282e-02   1.4684482e-01  -1.3081131e-01   6.0426468e-02  -2.0330568e-02   9.5825992e-02   3.5796585e-01   7.8165574e-02   4.2698086e-01   1.6076602e-01   5.6382822e-02   1.7223347e-01   3.0553543e-01   1.8729444e-03  -1.8222370e-02   1.0956982e-01   1.8086982e-01  -8.5206076e-03  -1.5668457e-02   3.6159673e-01   1.3789363e-01   8.7712547e-02   3.1346707e-01   6.7876490e-02   4.1129855e-02   1.7696644e-01   2.6050552e-01   1.5680473e-01   9.2554128e-02   1.0320039e-01   5.5638650e-02   2.8648724e-01   1.3439226e-01   1.4521000e-01   7.8328909e-02   2.0718237e-01   1.4789478e-01   4.9291697e-02  -9.3639785e-02   2.7542760e-01   1.2033812e-01   4.1123534e-01   2.3331559e-01   2.9085683e-02   8.6940608e-02   1.0487583e-01
   4.5624758e-02   6.0974827e-02   0.0000000e+00   4.4444230e-02   1.3199789e-01   0.0000000e+00   1.7958636e-01  -6.9724994e-03   2.8452717e-02   1.8760301e-01   1.5452948e-01   0.0000000e+00   3.7742479e-02  -1.4934309e-02   3.5210866e-02   1.6263899e-02  -1.2294540e-01   6.1452811e-02   4.3551421e-02   1.0676112e-01   6.8443984e-02   8.5027190e-02  -6.7443547e-02  -1.9821844e-01   2.2480989e-02   1.6589686e-01   1.1494345e-01   1.2587486e-01  -5.3980656e-02  -9.5073859e-02  -1.1930121e-02   1.1887051e-01   1.4379575e-01   2.8250579e-02   2.6250348e-02   7.0542070e-02   5.8119456e-02   7.2658579e-02   2.2232525e-02   9.5236076e-02   8.6271752e-02   4.1687786e-02   6.1171965e-02   3.6689248e-02   7.7984633e-02  -5.4168981e-02  -1.7036235e-02   7.0095093e-02   9.5538565e-03   1.5363915e-01   1.8092249e-01   2.2009443e-01  -8.7217201e-03   1.2996634e-01   6.2453181e-02  -8.2437898e-02   1.6568623e-01  -1.0279558e-01   1.4211939e-02  -4.2918884e-02   7.6428115e-02   1.1031152e-01   7.9297756e-02   8.7572681e-02  -6.1214781e-02   2.1049369e-01  -1.3908744e-02   3.1226162e-02  -3.5365399e-03   2.1102331e-02   2.1495000e-02   2.1162988e-01   3.4658280e-01   7.3685706e-02   1.3521587e-02  -4.0976593e-02   1.1030821e-01   1.1854807e-01   1.3071285e-01   5.2853215e-02   1.4416745e-01   7.7486007e-02   1.3393399e-01   7.4843310e-02   1.2058691e-01  -1.8916980e-02  -2.0278689e-02   9.9608254e-02   1.3911205e-01  -1.7493000e-03   3.9000749e-02   1.3345615e-01   1.7936784e-01   1.3366246e-01   1.6910131e-01   9.0263608e-02  -2.4476154e-02   8.5559969e-02   9.1264839e-02  -4.5426495e-02   1.4444777e-01   1.2402156e-01   4.3281018e-02  -1.1777678e-01  -1.4756037e-02  -1.1898279e-01   8.6750793e-02   1.5802610e-01  -6.1884554e-02   1.0894061e-01  -3.5404164e-02   1.5790589e-01   1.1006014e-01   1.2363739e-01   3.5317655e-02  -8.1065035e-02  -5.1360297e-03   1.2826179e-01
   4.3257502e-01   1.7967108e-02   0.0000000e+00   1.5614106e-01   1.9757638e-01   1.7958636e-01   0.0000000e+00   1.6007086e-01   2.2497233e-01   1.7111858e-01   7.2602728e-01   0.0000000e+00   1.7715161e-01   2.1136076e-01   2.8733945e-01   3.4638003e-01   5.1436890e-02   4.3987918e-02   1.0765560e-01   2.3344470e-01   2.3510799e-01   6.6395573e-02   2.1884704e-01   7.0196946e-02   5.1864243e-02   1.1744870e-01   2.0890255e-01   2.2469508e-01   2.5502223e-01   1.5264713e-01   1.4462687e-01   3.8503272e-01   3.9194169e-01   3.8759050e-01   4.9921511e-01   2.9752052e-01   3.5002434e-01   4.8429878e-01   3.1706524e-01   8.9179233e-01   5.2600593e-01   3.9647580e-01   5.5113676e-01   4.6776508e-01   3.7271885e-01   3.9120689e-01   2.3571996e-01   4.0640643e-01   1.6350598e-01   1.4429831e-01  -2.2979770e-02   2.8277501e-01   3.4085573e-01   5.5194080e-01   2.7858977e-01   1.1652675e-01   2.7400777e-02   1.4821437e-01   2.4713242e-01   5.7821537e-02   1.5620402e-01   7.0402717e-02  -2.3065340e-03   5.0048143e-01   4.6482842e-02   5.0397257e-01   1.9974755e-01   5.8050429e-01   2.8661411e-01   8.6914702e-02  -1.1025007e-01  -5.7085482e-02   3.2452888e-01   1.4403359e-01   1.5166404e-02   3.4416957e-01   2.5728856e-01   2.9101133e-01   3.9265313e-02   2.6180211e-02   1.1349385e-01   8.5090450e-02   6.0559194e-03   6.7759254e-02   4.2508059e-01   5.0894806e-02   3.5328915e-01  -2.8332771e-02   2.3034095e-01   4.3342656e-01   4.7423504e-01   2.7586485e-02   2.7164181e-01   2.6334044e-01   5.8405359e-01   3.4182903e-01   2.4863430e-01   3.5871198e-01   5.4566222e-01   2.4189249e-01   2.0642941e-01   2.7236325e-01   2.8308863e-01   1.7008707e-02   1.0819181e-01   8.1900385e-02   1.8606798e-01   1.0925889e-01   5.8660259e-02   2.4203673e-01   2.5786037e-01   1.5119984e-01   8.0798972e-02   1.6899227e-01  -5.6878831e-02   7.3829079e-02   7.8905899e-02   2.4120944e-01
   4.2255866e-02   2.4574272e-02   0.0000000e+00   1.6794710e-01   2.0604840e-01  -6.9724994e-03   1.6007086e-01   0.0000000e+00   4.4251549e-01   2.4457959e-02   9.9564116e-02   0.0000000e+00   9.4775825e-02   1.1607682e-01   4.5195384e-02   1.6656685e-02   5.9783616e-02   8.9995856e-02  -9.1744770e-02   1.2514782e-01   7.0037050e-02   1.0175843e-01   5.4559834e-02  -7.3318880e-02   5.6430197e-02   1.5710421e-01   2.6677324e-01   1.2778130e-01   1.0463813e-01   1.3556338e-01   1.0096502e-01   3.3844553e-02   8.0001273e-02   1.0441697e-01   1.5944171e-01  -6.0133427e-02  -7.5746127e-02   1.4457440e-01   1.5864395e-02   8.8143896e-02   1.5953636e-01   2.4289697e-03   1.8628426e-01   5.6095429e-02   6.2142523e-02  -2.9598044e-02   1.1458753e-01   4.5767677e-01   4.4191223e-01   2.0140460e-01   2.0349515e-01  -3.9607113e-02  -2.5574346e-03   2.2245077e-01   7.6097205e-02  -2.4017085e-02   1.4996837e-02   1.6620566e-01   1.3303088e-02   9.8848589e-02   9.5006823e-02   1.2952498e-01   1.1883420e-01   1.7235503e-01   1.6684268e-01   9.3282532e-02   4.1477075e-01   8.8717863e-02   1.4035761e-01   2.8884472e-01  -4.9860641e-02   1.0924060e-01  -1.1125770e-03  -6.6201118e-02  -1.0871081e-01   2.3015370e-01   7.9510056e-03  -2.7910568e-02   2.5199125e-01   1.7595412e-01   2.0563180e-01  -1.6140051e-02   6.5045418e-02   2.1480712e-01   1.1277384e-01   1.2794573e-01   2.2935685e-01   1.7788324e-01   9.8115453e-02   7.3333031e-02   2.3812691e-01   1.6077901e-01  -3.9513027e-02   6.7403752e-02   8.5702907e-02  -3.9240339e-02  -5.0437797e-02   2.4652506e-02   1.7633773e-01   1.4378622e-02  -1.4844457e-01  -8.2230731e-02  -4.2977553e-03  -2.3020680e-02   1.5246868e-01   9.6433197e-02   5.5490844e-02   2.2228439e-01   7.6138899e-02   2.3162992e-01   2.5767620e-01   1.7195398e-01   1.8050367e-01   1.7449561e-01   2.2152494e-01   5.2201155e-01   2.7740226e-01   1.4761409e-01
   6.0517990e-02   3.2534073e-02   0.0000000e+00   1.5862346e-01   9.2994136e-03   2.8452717e-02   2.2497233e-01   4.4251549e-01   0.0000000e+00   4.6307237e-02   1.4809333e-01   0.0000000e+00   3.1978395e-02   7.8759539e-02   1.0277200e-01  -8.5594336e-03  -1.5174689e-01   1.1019475e-01  -2.5230173e-01  -2.5103221e-02  -3.8655396e-03  -3.0918514e-02   9.8812906e-02  -5.6096661e-02  -6.6449388e-02   1.5129862e-01   2.2203424e-01   2.3256055e-01   2.1809713e-01   2.8930815e-01   1.3505731e-01   2.1063170e-01   1.8079024e-01   8.1311361e-02   2.6791646e-01   1.5392616e-01   2.1883348e-02   4.8806717e-01   2.2272946e-01   2.1263541e-01   3.1600317e-01   2.5731842e-01   1.5378067e-01   2.6589686e-01   1.5904214e-01   1.2670731e-01  -2.4631460e-02   3.4998039e-01   3.8785851e-01   2.4269408e-01   2.5629584e-02   6.1935997e-03   2.3543403e-01   1.6398520e-01   4.8053305e-02  -2.1828597e-03   4.5652256e-02   9.0534052e-02  -7.7785689e-04  -2.4043191e-02   1.3941044e-01   1.0514050e-01  -1.7596050e-02   2.0368243e-01   1.5076039e-01   1.2636820e-01   3.6540997e-01   8.5968021e-02   2.2015296e-01   2.9913601e-01  -7.4030959e-02   2.1890159e-02   1.8856883e-02   4.4973451e-02  -1.4349383e-01   2.1726463e-01   2.1221195e-01   6.8274498e-02   1.3704736e-01   4.1983994e-02   7.5795248e-02  -7.8223041e-02   5.5259885e-02   4.3983481e-02   1.8174082e-01   2.4276302e-01   4.6985869e-01   6.2829055e-02   2.5703675e-01   7.2613467e-02   3.9593241e-01   1.4392206e-01   1.5168233e-01   1.9149660e-01   1.4257358e-01   2.3728948e-01   1.4937617e-01   2.0196921e-01   2.8190948e-01   1.5160636e-01  -8.3343518e-02   5.6952733e-02   2.3636912e-01   5.3284026e-04   2.8207344e-01   1.2306419e-01   1.6054449e-01   1.4977721e-01   2.6008568e-01   3.3807248e-01   5.2301786e-01   1.9668721e-01   3.2483981e-01   1.5454600e-01   2.2722664e-01   5.7265291e-02   7.9016474e-02  -5.0137057e-03
   2.6343301e-02  -3.3511271e-02   0.0000000e+00   1.5443296e-01   1.3616076e-03   1.8760301e-01   1.7111858e-01   2.4457959e-02   4.6307237e-02   0.0000000e+00   2.7485370e-01   0.0000000e+00   8.0900018e-02   1.1573919e-01   2.0967765e-01   1.0739536e-01  -3.0430402e-02   2.1216321e-02   2.7491675e-02   6.3934510e-02   1.0344964e-01   1.1273059e-01   5.5339758e-02   1.0236891e-01   9.2568325e-02  -5.4294421e-02  -1.4995383e-02   1.6598621e-01   2.8784982e-02   2.8514913e-02   9.8432119e-02   2.1983097e-02   1.3578617e-01   4.8912455e-02   9.9070121e-02   1.1660873e-01   1.3070884e-01   1.9283922e-01   3.7094320e-02   2.4969867e-01   5.7137924e-02   9.1860091e-02   7.0245188e-03   5.7060993e-03   1.2888206e-01   5.8761659e-02  -3.1718841e-02   4.5696948e-02  -4.9990136e-03   7.0294794e-02   1.6855073e-02   1.8276883e-01   2.9742747e-03   4.8233949e-02   6.8437816e-02   3.4093727e-02   3.3479650e-02   2.5306764e-02   1.5787430e-01   1.2684442e-01  -4.6270425e-03  -6.8604658e-02  -8.0529260e-02   1.5605265e-01  -9.5539804e-02   1.7003510e-01   1.4111523e-01   1.6132064e-01   3.7255749e-02  -1.0949929e-03   2.0494959e-02  -1.5742445e-02   2.4087474e-01  -2.1401120e-02  -1.9762925e-05   6.2578702e-02   1.5892657e-01   7.2176139e-02  -2.7177713e-02   1.5387965e-02  -7.5958058e-02   6.1307801e-02   9.8955637e-03   2.6615102e-02  -8.7124553e-03  -1.9785862e-02   1.9669313e-01   6.2060505e-02   9.5176204e-02   1.1020286e-01   1.0763398e-01  -3.1780746e-02   1.5202580e-02   1.0015040e-01  -1.1155601e-02   1.2084408e-02  -2.3308933e-02   2.5005309e-02   6.7872972e-03  -5.0881515e-02   2.1944308e-01  -5.8673815e-03   7.5168670e-02  -1.6605362e-02   5.9676500e-03   2.9429335e-02   1.1803549e-01   4.6640105e-02   2.8339946e-02   1.5641092e-01   1.5959546e-01  -3.7471108e-02  -8.5449231e-02  -9.5908943e-02  -9.2592988e-02   5.2933485e-02   7.3674217e-02   4.4734894e-02
   3.1861616e-01   5.7271114e-03   0.0000000e+00   7.2308006e-02   1.1723051e-01   1.5452948e-01   7.2602728e-01   9.9564116e-02   1.4809333e-01   2.7485370e-01   0.0000000e+00   0.0000000e+00   1.4086453e-01   7.7330246e-02   2.9393736e-01   2.6870829e-01  -3.5415251e-02   7.2511026e-02   6.4865484e-02   1.7306191e-01   2.6533025e-01   1.1630966e-01   1.1606628e-01   6.9670191e-02   5.3015277e-02  -8.1372075e-03   1.6016798e-01   5.1707419e-02   1.5842575e-01   2.2257544e-02   6.6500336e-02   2.8718051e-01   4.7450667e-01   2.9378054e-01   3.9704574e-01   1.8134398e-01   2.2845702e-01   1.6692950e-01   9.2863693e-02   6.0915529e-01   3.4167965e-01   3.1232735e-01   4.2088070e-01   2.7002632e-01   3.0675554e-01   3.2190631e-01   8.8208069e-02   3.1608661e-01   9.1416138e-02   9.8432961e-02   4.3743803e-02   1.8830259e-01   1.7924922e-01   3.3906170e-01   2.3903740e-01   1.0278937e-01  -1.1583733e-01   1.8198992e-01   2.2189442e-01   6.0014058e-02   6.1754336e-02  -5.0739589e-03  -4.9544987e-02   4.3977465e-01  -1.1362616e-02   5.2685367e-01   2.0425869e-01   5.0377910e-01   3.1709240e-01   4.1894738e-02  -1.7998242e-02  -1.0138396e-01   5.1033888e-01   3.2964527e-01   1.1878489e-01   2.9325655e-01   2.4314673e-01   1.8522389e-01   6.8321531e-03   1.3029028e-01   7.5942485e-02   9.5821259e-02  -4.3406017e-02   3.1650536e-02   1.9395898e-01  -3.2947474e-02   2.4997958e-01  -1.0236807e-02   7.5007484e-03   4.6354362e-01   2.5212475e-01  -6.7929385e-02   2.5822506e-01   2.1076695e-01   2.6525755e-01   2.8275198e-01   9.7732674e-02   2.8007817e-01   3.3094546e-01   1.3935243e-01   2.3945210e-01   2.7278490e-01   2.0899655e-01  -1.0152380e-01   2.3556616e-02   8.1742077e-02   1.6259745e-01   8.5743622e-02   4.4909094e-02   1.8084981e-01   1.7683161e-01   9.3498948e-02   8.3700251e-02   1.3132183e-01  -1.7594157e-02   6.6880172e-02   1.1487165e-01   2.1637596e-01
   0.0000000e+00   0.0000000e+00   0.0000000e+00   0.0000000e+00   0.0000000e+00   0.0000000e+00   0.0000000e+00   0.0000000e+00   0.0000000e+00   0.0000000e+00   0.0000000e+00   0.0000000e+00   0.0000000e+00   0.0000000e+00   0.0000000e+00   0.0000000e+00   0.0000000e+00   0.0000000e+00   0.0000000e+00   0.0000000e+00   0.0000000e+00   0.0000000e+00   0.0000000e+00   0.0000000e+00   0.0000000e+00   0.0000000e+00   0.0000000e+00   0.0000000e+00   0.0000000e+00   0.0000000e+00   0.0000000e+00   0.0000000e+00   0.0000000e+00   0.0000000e+00   0.0000000e+00   0.0000000e+00   0.0000000e+00   0.0000000e+00   0.0000000e+00   0.0000000e+00   0.0000000e+00   0.0000000e+00   0.0000000e+00   0.0000000e+00   0.0000000e+00   0.0000000e+00   0.0000000e+00   0.0000000e+00   0.0000000e+00   0.0000000e+00   0.0000000e+00   0.0000000e+00   0.0000000e+00   0.0000000e+00   0.0000000e+00   0.0000000e+00   0.0000000e+00   0.0000000e+00   0.0000000e+00   0.0000000e+00   0.0000000e+00   0.0000000e+00   0.0000000e+00   0.0000000e+00   0.0000000e+00   0.0000000e+00   0.0000000e+00   0.0000000e+00   0.0000000e+00   0.0000000e+00   0.0000000e+00   0.0000000e+00   0.0000000e+00   0.0000000e+00   0.0000000e+00   0.0000000e+00   0.0000000e+00   0.0000000e+00   0.0000000e+00   0.0000000e+00   0.0000000e+00   0.0000000e+00   0.0000000e+00   0.0000000e+00   0.0000000e+00   0.0000000e+00   0.0000000e+00   0.0000000e+00   0.0000000e+00   0.0000000e+00   0.0000000e+00   0.0000000e+00   0.0000000e+00   0.0000000e+00   0.0000000e+00   0.0000000e+00   0.0000000e+00   0.0000000e+00   0.0000000e+00   0.0000000e+00   0.0000000e+00   0.0000000e+00   0.0000000e+00   0.0000000e+00   0.0000000e+00   0.0000000e+00   0.0000000e+00   0.0000000e+00   0.0000000e+00   0.0000000e+00   0.0000000e+00   0.0000000e+00   0.0000000e+00   0.0000000e+00   0.0000000e+00   0.0000000e+00   0.0000000e+00   0.0000000e+00
   5.8941876e-02  -4.3047115e-03   0.0000000e+00   1.5978867e-01   1.8660541e-01   3.7742479e-02   1.7715161e-01   9.4775825e-02   3.1978395e-02   8.0900018e-02   1.4086453e-01   0.0000000e+00   0.0000000e+00   3.7935635e-01   2.8736584e-02   9.0558881e-02   1.0071480e-01   3.3569391e-01  -3.0048939e-03   5.4453174e-01   5.8164597e-01   2.3207959e-01   1.7764055e-01  -3.1716504e-02   3.8785804e-01   1.1742754e-01   4.0302072e-01   1.7190529e-01   7.3436832e-02   2.4800555e-02   1.1187914e-01  -1.5220347e-01   1.0837114e-01   1.0754277e-01   6.4555515e-02   2.1709975e-02   9.8597102e-02   2.1476281e-01   8.5836035e-02   1.3194676e-01   1.1647911e-01   2.0212665e-01   1.1458864e-01   6.2284222e-02   1.0797973e-01   4.1225863e-02   1.3372608e-01   1.9149585e-01   2.2064221e-01   2.2015723e-01   1.8907476e-01   9.6478730e-02   4.9603954e-02   2.1359127e-01   2.2858025e-01   1.0145981e-01   2.3843547e-01   2.5050924e-01   2.0405568e-01   2.6925595e-01   1.8731652e-01   1.0642587e-01   1.4307153e-01   2.5516357e-01  -1.1144113e-02   2.8988637e-01   1.0365128e-02   6.2932859e-02   1.4261956e-01   1.7666755e-01  -2.6960810e-01   1.3077304e-01   1.6238621e-01   1.8429494e-01  -1.3347149e-01   6.0044751e-02   1.4353393e-02  -1.5233062e-01   6.3528744e-02  -4.9465963e-02   2.8700217e-01  -3.2170165e-02   1.1567935e-01   1.5760765e-01   1.5299484e-01   2.2823817e-01  -2.8120878e-02   3.8141537e-02   1.2266358e-01  -9.6329438e-03   3.1894494e-02   1.8768793e-01   1.2194804e-01   1.6542261e-01   1.6750828e-01   1.3091193e-01  -1.4194085e-01   2.1014872e-01   9.5594779e-02   7.7762057e-02  -1.3106910e-01   5.2871601e-02  -2.9227177e-02   1.9488919e-01   3.7448307e-01  -3.1309840e-02   1.2412896e-01   1.7382620e-01   1.9386668e-01   1.6630626e-01   9.1964595e-02   1.4209509e-01  -6.2078450e-02   1.2008557e-01  -9.3885806e-02   6.6424605e-02  -1.2495228e-01   2.6481225e-01
  -2.6824788e-02   2.9730646e-03   0.0000000e+00   2.5312764e-01   2.1031833e-01  -1.4934309e-02   2.1136076e-01   1.1607682e-01   7.8759539e-02   1.1573919e-01   7.7330246e-02   0.0000000e+00   3.7935635e-01   0.0000000e+00  -5.4743036e-02   5.2770616e-02   3.6949768e-02   1.8218261e-01   1.0295269e-01   3.1752914e-01   4.4910458e-01   5.1241579e-01   5.6109552e-01   2.8461215e-01   5.7349735e-01   3.7907252e-01   3.6245704e-01   4.4716256e-01   1.1080515e-01   1.4856335e-01   2.4135778e-01  -4.4891960e-02   1.0281881e-01   4.6996123e-02   2.1649775e-03  -6.8644889e-02   4.1370866e-02   2.8315921e-01   1.4087220e-01   2.1009952e-01   2.5269220e-01   9.1840238e-02   9.5628060e-02   3.1106259e-02   1.3743934e-01  -5.3868182e-02   2.5572717e-01   1.8450184e-01   1.6530075e-01   1.7411439e-01   1.4513027e-01   1.6926624e-01   4.2630137e-03   2.1715773e-01   4.7420176e-02   5.9839791e-02   3.8792179e-01   2.6404607e-01   7.8221687e-02   3.5231029e-01   4.5448160e-01   3.1945960e-01   1.2344535e-01   1.3572930e-01  -1.2953284e-01   1.7440416e-01   9.4603488e-02   1.6729010e-01  -4.1742986e-02   1.6234250e-01   2.1291630e-02   2.2088444e-01   1.4044633e-01   5.7617354e-02  -2.5817110e-01   8.0173497e-02   6.3630794e-02  -1.2158712e-01   1.8874413e-01   8.5835454e-02   2.1542935e-01   2.9150438e-01   4.6845036e-01   1.3456893e-01   2.5320439e-01   2.3905082e-01   8.5634183e-02   2.1505802e-01   2.0966175e-01  -3.9299707e-02   1.7404470e-01   3.2133263e-01   9.0802879e-02   7.3264709e-02   1.5739074e-01   3.0256482e-02  -2.4608830e-02   5.1208933e-02   1.8014397e-01  -7.9529121e-02  -4.3025702e-02   3.5364832e-02  -7.4270861e-02   2.0876220e-01   4.3393159e-01   8.0549118e-02   1.9914607e-01   3.5428826e-03   2.4467144e-01   4.8009018e-02   3.0462335e-02   5.7596153e-02  -2.7033162e-03   5.7986902e-02   9.7259154e-03   1.4268453e-01   1.3432682e-02   4.6482507e-01
  -5.0861960e-03   9.3891229e-02   0.0000000e+00   2.3507244e-02   1.3688545e-01   3.5210866e-02   2.8733945e-01   4.5195384e-02   1.0277200e-01   2.0967765e-01   2.9393736e-01   0.0000000e+00   2.8736584e-02  -5.4743036e-02   0.0000000e+00   3.4264692e-01   1.5786605e-01  -5.3316937e-02   2.9270146e-02   3.9657527e-02  -2.3911873e-02  -3.4259341e-02   4.5529686e-02   4.6817782e-03  -5.6683936e-02  -7.2470309e-03   1.0624352e-01  -9.8103191e-02   7.0797013e-02  -8.1129419e-02  -2.2799293e-02   1.6673720e-01   2.0223096e-01   1.5088207e-03   1.4167836e-01   3.1296202e-01   1.4680597e-01   8.0575356e-02  -1.2951155e-02   3.8869823e-01   1.7501083e-01   2.3658675e-01   1.1014442e-01   3.1813347e-01   4.1276453e-01   1.7094992e-01   8.3729344e-02   4.1292379e-01   1.6332863e-01   3.4620608e-02   3.7391304e-02   1.7557047e-01   2.1237720e-01   1.8596686e-01   2.4613827e-01   4.1105106e-01  -7.2844911e-02   6.4710495e-02   1.9504666e-01  -5.3089747e-02  -5.3972087e-02  -3.2417395e-02  -5.7637995e-02   3.7587546e-01  -7.3315608e-03   2.6203113e-01   1.8510545e-01   1.3388835e-01   1.8120527e-01   1.9758127e-02   8.5928036e-02  -9.1720674e-02   2.8121430e-01   1.1653049e-01  -1.3942451e-01   1.3234907e-01   2.4426973e-01   3.2267497e-01  -4.4885311e-02  -2.7391972e-02  -2.0810622e-02  -5.2862911e-02  -5.2248664e-02  -3.9274586e-02   3.6189382e-02  -1.9925821e-01   1.3960418e-01  -4.7986693e-02  -1.0680570e-01   1.7293989e-01   1.0151968e-01   1.9933141e-02  -4.8453102e-02   1.0476407e-01   1.6562958e-01   1.1537787e-01   9.7301405e-02   1.1551255e-01   9.9192177e-02   6.2297875e-02   3.6338827e-01  -2.6811173e-02   3.5990099e-01  -1.6568867e-01  -1.3090096e-01   2.4599876e-02   8.4652362e-02  -5.0607842e-02   3.1211700e-02  -4.5306236e-02   1.7664536e-01   4.5716784e-02   3.1003207e-01   1.8612704e-01   1.8238943e-01  -1.1510948e-01   1.9363678e-02  -7.0300744e-03
   1.3926134e-01   6.3093660e-02   0.0000000e+00   6.0125391e-02   2.6586847e-01   1.6263899e-02   3.4638003e-01   1.6656685e-02  -8.5594336e-03   1.0739536e-01   2.6870829e-01   0.0000000e+00   9.0558881e-02   5.2770616e-02   3.4264692e-01   0.0000000e+00   2.3253377e-01   1.0851552e-01   1.7612051e-01   9.7349921e-02   5.7500038e-02   6.7546866e-02   1.4505977e-01   1.5907184e-01   3.1776061e-02  -1.4123627e-01  -8.0546060e-02  -2.2107210e-02   5.0862632e-02  -1.2646258e-02  -1.2881838e-02  -3.1046264e-02   7.1642794e-02   1.3289040e-02   7.8605189e-02   1.8564440e-01   2.6506461e-01   1.6814208e-01   2.3681957e-02   3.1355546e-01   1.6186200e-01   9.7060949e-02   4.9504605e-02   2.2932916e-01   2.4076711e-01   3.0533140e-01   3.5590949e-01   1.3897867e-01   7.7042622e-02  -4.2941850e-02  -1.0563045e-02   6.3109876e-02   3.0938392e-01   3.0638589e-01   8.6310134e-01   3.7232815e-01   5.7212309e-02   2.0140193e-01   2.7572822e-01   1.4913121e-01  -2.3339489e-02  -4.8659727e-02  -6.0129583e-02   1.6770335e-01   2.8018083e-02   2.2102859e-01   1.6916244e-01   3.4707292e-01   2.2052146e-01   1.2034016e-03  -6.0369504e-02  -1.1335724e-01   1.2196624e-01   7.4383837e-02  -6.6966395e-02   1.8911169e-01   1.9540780e-01   1.8330885e-01   2.6348012e-02   1.2187536e-02  -6.3696097e-02  -1.4401820e-02  -5.5857570e-02   5.5078946e-02   1.7787021e-02  -1.4158657e-01   8.6621460e-02  -5.0747069e-04   1.5460931e-02   1.9464661e-01   7.3205344e-02  -9.0074493e-02   6.5855819e-02   1.5641559e-01   1.8063384e-01   2.1886351e-01   2.6203190e-01   1.4883412e-01   1.0364725e-01   1.0048262e-01   1.3068843e-01   8.8935205e-02   1.6033501e-01   1.1037030e-01   1.9561875e-03   2.2006636e-01   3.4684261e-01   1.6260972e-01   2.0492161e-01   4.2358115e-02   1.3599407e-01   1.6447986e-01   1.9081264e-02   2.0098495e-01  -1.8599220e-03   3.4729821e-02   1.3939209e-01   6.4421385e-02
  -3.8831021e-02   6.0109358e-02   0.0000000e+00   9.1246630e-02   4.6501551e-01  -1.2294540e-01   5.1436890e-02   5.9783616e-02  -1.5174689e-01  -3.0430402e-02  -3.5415251e-02   0.0000000e+00   1.0071480e-01   3.6949768e-02   1.5786605e-01   2.3253377e-01   0.0000000e+00   3.2295646e-02   1.0051926e-01   1.0078495e-01   6.1270602e-02   8.3731845e-02   8.6284415e-02   8.2552519e-02   1.2905585e-01   3.2091167e-03  -2.3637676e-02  -9.5624624e-03  -1.1417262e-02  -5.9071703e-02  -3.7190090e-02  -5.9850618e-02   3.1694420e-02   1.5511612e-01   1.5202016e-01   6.4590458e-02   1.1576238e-01  -1.0045518e-02  -1.1845768e-01   3.8448424e-02   3.0345936e-02  -2.7110068e-02   6.5388081e-02   4.6710252e-02   9.8723932e-02   1.0989808e-01   4.2338968e-01   1.2811020e-01  -3.3310675e-02  -2.5125933e-01   1.5101644e-01  -6.0415771e-02   8.1963903e-02   8.4695401e-02   2.2940733e-01   5.3046765e-01   8.9692198e-02   9.8470341e-02   1.3720370e-01   1.4445396e-01  -1.0790155e-01  -1.0180309e-01   3.0385971e-02   9.6641979e-02   1.3187685e-02   4.5417740e-02  -7.1123321e-03  -3.1638041e-02  -1.1375069e-02   5.3836819e-02  -8.1936433e-02  -1.5428847e-01  -5.0510822e-02  -5.6561052e-02  -6.9425379e-02   5.3149205e-02  -6.1296940e-03  -3.5046008e-02  -8.8965840e-03   3.9930077e-02   5.4570888e-02  -7.8034014e-02  -5.8089559e-02   3.5564465e-02   1.1502707e-02  -6.5691510e-02   2.8736710e-02  -3.1858991e-03  -1.7696243e-02   5.2856491e-02  -6.1532303e-02  -4.6710674e-02  -1.0018066e-01  -1.2518544e-01   5.7108782e-02  -4.1139983e-02   3.9879558e-02   1.5002227e-02   1.1772888e-02   4.0356350e-02   3.5048837e-02  -8.7168995e-03   5.2126539e-02   1.2300446e-01  -1.2504642e-01   5.1778999e-03   4.7978655e-03   3.2451674e-02  -1.0673104e-02  -8.8546630e-02  -1.3242421e-01   5.0408065e-02   8.0043293e-02   8.5230805e-02   1.9834100e-01  -1.1079671e-01   9.5003713e-02   1.1242364e-02
  -6.8283197e-02   5.9615504e-02   0.0000000e+00   1.1861026e-01   1.9124578e-01   6.1452811e-02   4.3987918e-02   8.9995856e-02   1.1019475e-01   2.1216321e-02   7.2511026e-02   0.0000000e+00   3.3569391e-01   1.8218261e-01  -5.3316937e-02   1.0851552e-01   3.2295646e-02   0.0000000e+00  -1.1622775e-02   3.7563480e-01   2.4539880e-01   2.4982890e-01   2.0052252e-01   1.4343868e-01   3.2519701e-01   2.1442220e-01   1.3314700e-01   4.8405847e-02  -3.9263554e-03   2.0985913e-03  -1.0355246e-03  -5.1720187e-02   3.5942137e-03   4.9311097e-03   3.7460727e-02   4.1221120e-02   9.0066653e-02   1.0506779e-01   5.6204882e-02   8.7070840e-02   1.2099250e-01   4.8475956e-02   6.0241576e-02   9.4660258e-02   6.7997362e-02   7.2963944e-02   1.5993286e-01   1.9787884e-01   2.2909890e-01   2.4891148e-01   1.6764026e-01  -5.8381238e-02   3.9914844e-02   7.8652130e-02   1.4389486e-01   9.1930056e-02   3.1000232e-01   1.5310423e-01   1.5147446e-01   3.5391449e-01   7.4891921e-02  -3.3345468e-02   7.0229046e-02   1.9072771e-01   5.1782550e-02   1.0884882e-02   9.0222315e-03   5.6063993e-02   2.2323247e-01   2.8214318e-01  -9.4545458e-03   2.1330883e-02   6.4770536e-02   4.1551242e-03  -1.0738383e-01   1.3630430e-01   8.5364083e-02   3.3215525e-02   1.2232957e-01   6.0165952e-02   1.1900868e-01  -9.7343147e-03   2.4920480e-02   2.3675816e-01   2.2543045e-02   1.3284618e-01   1.2339423e-01   9.4047816e-02   3.4443487e-02   2.0663408e-01   5.9248521e-02   1.8089844e-01  -3.8860203e-02   1.0018352e-01   3.3989292e-03   1.1836234e-01   5.6591423e-02   1.0008762e-01   5.0264568e-02   2.0427682e-02   5.8328476e-02  -3.6768871e-02   3.1511529e-02   3.6208160e-01   1.9325606e-01   1.6349913e-01   1.8978519e-01   1.4546200e-01   2.3859417e-01   5.7338058e-02   6.1543129e-03   9.8930663e-02  -6.8867227e-02   1.3850356e-01  -1.0679410e-01   1.3388953e-02   1.2483981e-01   1.5832910e-01
   7.7761783e-02  -6.5428792e-04   0.0000000e+00  -4.1024450e-02   1.9876162e-01   4.3551421e-02   1.0765560e-01  -9.1744770e-02  -2.5230173e-01   2.7491675e-02   6.4865484e-02   0.0000000e+00  -3.0048939e-03   1.0295269e-01   2.9270146e-02   1.7612051e-01   1.0051926e-01  -1.1622775e-02   0.0000000e+00   3.6011977e-03   1.1870999e-01   2.6260653e-02  -3.7234267e-02  -1.7347452e-02   9.2072447e-03  -1.6133538e-01  -9.3589983e-02  -4.1749395e-02  -7.9939376e-02  -2.1353769e-03  -2.9780763e-02  -1.6628258e-01   1.5572820e-01   4.6708328e-02   6.9093986e-02  -7.7967146e-03   6.6387823e-02   2.3970145e-02   5.5440581e-02   4.3222056e-02  -2.8757954e-03   3.7589710e-03   2.0608982e-01  -1.1179141e-01  -1.8200734e-02   2.8342014e-02   2.5120404e-01  -6.1168610e-02  -8.7853926e-03  -1.2312495e-01  -2.0528138e-02   1.3031603e-01  -1.2186206e-01   3.6571501e-04   1.4933164e-01   2.3570798e-01   1.8893787e-01   5.3917370e-02   6.4395645e-01   6.8325272e-02  -5.7181251e-03  -7.1385254e-02  -2.3357361e-02   1.3382958e-01  -1.8876680e-01   1.7464821e-01  -2.5533099e-03   2.7026148e-01  -2.4534205e-02  -2.5195448e-01   7.1715489e-02  -1.4600518e-01   2.3440057e-01   6.2007168e-02   1.9864427e-02   1.0103805e-01   7.3094121e-02  -6.3228516e-02  -6.7626496e-02   3.1190287e-03  -2.8011313e-02   7.2563012e-02  -7.8401375e-02  -1.1490921e-01  -4.7653784e-02  -5.9562394e-02  -8.0737451e-02  -1.5277741e-01  -3.3896074e-03   5.8955594e-02  -1.1588174e-01  -1.3167197e-01   1.6607540e-01   1.5409627e-03   4.0777811e-01   4.9160953e-02  -5.6198075e-02   1.9955375e-01   1.7097127e-01   1.2317715e-01  -5.6708472e-02   1.4972702e-01  -6.0393672e-03   8.0803360e-02  -4.3828321e-02   7.8153097e-02  -4.5199588e-02  -1.4811563e-02  -1.8365848e-01  -3.4655326e-02  -3.0256322e-02  -5.0190413e-02  -6.9526782e-02   6.7102051e-02   4.4204749e-02   2.6694954e-02  -5.1584480e-02   3.0438383e-02
   1.1550034e-01   3.4914561e-03   0.0000000e+00   1.5402775e-01   3.4229794e-01   1.0676112e-01   2.3344470e-01   1.2514782e-01  -2.5103221e-02   6.3934510e-02   1.7306191e-01   0.0000000e+00   5.4453174e-01   3.1752914e-01   3.9657527e-02   9.7349921e-02   1.0078495e-01   3.7563480e-01   3.6011977e-03   0.0000000e+00   6.4004024e-01   6.6024498e-01   2.8856952e-01   1.0930671e-01   4.9554045e-01   3.6487174e-01   5.8304166e-01   1.2513851e-01   7.9970515e-02  -1.7370159e-02   1.5141908e-01  -3.7957783e-04   5.1967388e-02   2.7654112e-01   5.8956192e-02   1.0693271e-01   4.3793480e-02   1.2992056e-01  -3.8667861e-03   2.3386441e-01   1.2952293e-01   1.2981416e-01   3.6332517e-01   2.5168774e-01   2.7622898e-01   6.8469844e-02   2.3033441e-01   2.3537980e-01   1.7559702e-01   1.9222676e-01   2.0080956e-01   1.7330303e-01   1.6813621e-01   2.0382284e-01   1.5184315e-01   3.7561444e-03   2.7537166e-01  -7.2698679e-03   1.8988250e-01   3.6905425e-01   4.2379947e-01   3.7074676e-01   1.2909878e-01   2.9380673e-01   1.3677424e-01   2.7953365e-01  -1.0906188e-01   9.5343807e-02   3.5624941e-02   5.4779537e-01  -8.0630605e-02   2.0751963e-01   6.8530112e-02   1.0528425e-01  -5.6806492e-02   6.4839210e-02  -9.0978669e-02   3.1999485e-02   1.7210435e-01   1.8175344e-01   4.4575743e-01   1.1838529e-01   3.6291236e-01   7.1924378e-01   1.1206482e-01   8.0850667e-02   9.5849405e-03   2.2452071e-01   1.5375105e-01   1.6051163e-01   2.4327591e-01   2.3588472e-01   5.2958734e-03   1.0845691e-01   1.2622928e-01   5.8588777e-02  -1.2063810e-01   1.1824526e-01   1.5081538e-01   8.5382363e-02  -9.0690964e-03  -7.1732081e-02  -4.7132941e-02   2.3951951e-01   1.6773848e-01  -2.0366376e-02   3.5763214e-02   1.1561945e-01   6.9575241e-02  -1.5419492e-02  -4.3130403e-02   1.0530088e-01  -8.5703736e-02   1.5996841e-01  -6.8655377e-02   3.2934087e-02   2.1181440e-01   6.8062925e-01
   8.9750443e-02   2.7643790e-02   0.0000000e+00   2.0852967e-01   1.5745377e-01   6.8443984e-02   2.3510799e-01   7.0037050e-02  -3.8655396e-03   1.0344964e-01   2.6533025e-01   0.0000000e+00   5.8164597e-01   4.4910458e-01  -2.3911873e-02   5.7500038e-02   6.1270602e-02   2.4539880e-01   1.1870999e-01   6.4004024e-01   0.0000000e+00   4.8486972e-01   3.7801796e-01   2.3339060e-01   5.8004550e-01   2.0340046e-01   3.9820711e-01   2.2356998e-01   1.0651088e-01   5.8595729e-02   2.4456214e-01  -1.0880886e-01   1.3773079e-01   2.9613921e-01   6.8188565e-02  -4.2227623e-02  -6.6948958e-02   1.7014600e-01  -3.7120877e-02   2.6028830e-01   1.4057325e-01   9.2552832e-02   2.9099930e-01   1.2599361e-01   1.8891476e-01   4.5343792e-02   2.1078267e-01   2.5818741e-01   1.5492148e-01   1.4250299e-01   1.7803924e-01   1.2842212e-01   5.0384878e-02   1.7373254e-01   8.8193316e-02   9.7002395e-03   5.9749060e-02   1.3157766e-01   2.0845021e-01   4.4804862e-01   2.3411770e-01   1.4977884e-01   5.4405865e-02   2.5204849e-01  -1.2294556e-02   2.7401037e-01  -6.1993322e-02   1.1787084e-01  -4.8721640e-03   8.6949549e-02  -9.2726611e-02   3.4154277e-02   1.5166747e-01   6.4492281e-02  -1.2286768e-01  -6.6492272e-03  -1.1349676e-01  -1.6656801e-01  -5.7996726e-02  -5.6050976e-02   2.2343800e-01   1.3794689e-01   2.0087777e-01   2.1838662e-01   3.5956407e-02   2.0271034e-01  -3.4443096e-02  -1.5435792e-02   6.4817125e-02   1.1764762e-01   1.7936990e-01   2.7768840e-02   8.3623195e-02  -4.3896085e-02   1.2786949e-01   1.3417700e-01  -2.4137587e-01   1.4592505e-01   8.0226026e-02   4.5671230e-02  -1.1854180e-01  -2.6678979e-02  -1.8149042e-01   1.9596555e-01   2.9305275e-01  -1.9822978e-02   2.5461450e-02   6.9343335e-02   4.1833094e-02  -4.1344061e-02  -5.0407086e-02   4.2466324e-02  -8.3878165e-02   5.6707334e-02  -7.4383814e-02   1.4587597e-01  -9.5188812e-02   3.1896110e-01
