   0.0000000e+00   0.0000000e+00  -3.0587735e-01   1.2717996e-01   2.6964189e-02  -4.1600912e-02   3.4830507e-01   1.1660856e-02   8.7417916e-02   2.5191566e-01   1.2621780e-01  -4.5471629e-02  -6.9224511e-02   2.5168299e-02   7.3721874e-02   2.8798726e-02   7.7749628e-02   1.2383594e-01  -2.6254267e-02  -5.7350006e-03   2.4968932e-02  -5.7441148e-02   5.1535191e-02   1.7540723e-04  -9.5340138e-02   4.1996153e-02  -3.7466157e-02  -1.0504401e-01   8.8042968e-02   8.1981677e-02  -3.0786883e-02   1.7255028e-02   1.2954351e-01   1.1782785e-01   1.4178486e-01   1.7942294e-01   1.2454496e-01   1.0387873e-01   2.6268017e-01   2.0967817e-01   1.4893447e-01   8.6729513e-03   1.0294170e-01   1.9295188e-01  -2.1439902e-02   1.1659687e-01   3.3456710e-02   3.6896235e-02  -2.0224787e-02   8.2365712e-02   2.7476289e-02   1.2536904e-01   6.5068474e-02   4.1823766e-02  -5.9359710e-02   8.8330474e-02   2.9705723e-02  -8.9885325e-03  -7.1431598e-02  -8.8557519e-02  -1.0745512e-01  -1.2166196e-01  -2.8314313e-02   1.2723909e-01   7.3170968e-03   5.8475201e-02   1.0948004e-01   8.7460680e-02   2.6883819e-01   9.3091571e-02  -1.3408161e-01   1.3732302e-03   3.0930723e-01  -1.1679686e-01   0.0000000e+00   2.1158637e-01   2.0865805e-01   1.7255901e-01   5.8294061e-02   3.4401172e-02  -5.0760637e-03   1.7729587e-02  -3.9036102e-02   5.1002192e-02   1.0599955e-01   9.8694942e-02   2.0138957e-01   6.9078430e-02   1.4686945e-01   2.0630367e-01   1.6631488e-01   3.7182456e-02   2.9264775e-02   3.7607210e-02  -6.8219073e-02   6.6837933e-02   3.6535909e-02  -2.0330990e-02   7.1868617e-02   1.0251722e-01   1.5262204e-01  -9.3058647e-03   7.8358718e-02  -7.8360228e-02   3.3302674e-02  -1.5657498e-02   1.1396275e-02  -3.6605188e-02   6.3100809e-02   1.0087483e-01   2.2029647e-01   4.1084505e-02   2.2126386e-02  -3.2363537e-02   0.0000000e+00   2.4221483e-02   7.5335534e-02   2.4315011e-02
   0.0000000e+00   0.0000000e+00   0.0000000e+00   0.0000000e+00   0.0000000e+00   0.0000000e+00   0.0000000e+00   0.0000000e+00   0.0000000e+00   0.0000000e+00   0.0000000e+00   0.0000000e+00   0.0000000e+00   0.0000000e+00   0.0000000e+00   0.0000000e+00   0.0000000e+00   0.0000000e+00   0.0000000e+00   0.0000000e+00   0.0000000e+00   0.0000000e+00   0.0000000e+00   0.0000000e+00   0.0000000e+00   0.0000000e+00   0.0000000e+00   0.0000000e+00   0.0000000e+00   0.0000000e+00   0.0000000e+00   0.0000000e+00   0.0000000e+00   0.0000000e+00   0.0000000e+00   0.0000000e+00   0.0000000e+00   0.0000000e+00   0.0000000e+00   0.0000000e+00   0.0000000e+00   0.0000000e+00   0.0000000e+00   0.0000000e+00   0.0000000e+00   0.0000000e+00   0.0000000e+00   0.0000000e+00   0.0000000e+00   0.0000000e+00   0.0000000e+00   0.0000000e+00   0.0000000e+00   0.0000000e+00   0.0000000e+00   0.0000000e+00   0.0000000e+00   0.0000000e+00   0.0000000e+00   0.0000000e+00   0.0000000e+00   0.0000000e+00   0.0000000e+00   0.0000000e+00   0.0000000e+00   0.0000000e+00   0.0000000e+00   0.0000000e+00   0.0000000e+00   0.0000000e+00   0.0000000e+00   0.0000000e+00   0.0000000e+00   0.0000000e+00   0.0000000e+00   0.0000000e+00   0.0000000e+00   0.0000000e+00   0.0000000e+00   0.0000000e+00   0.0000000e+00   0.0000000e+00   0.0000000e+00   0.0000000e+00   0.0000000e+00   0.0000000e+00   0.0000000e+00   0.0000000e+00   0.0000000e+00   0.0000000e+00   0.0000000e+00   0.0000000e+00   0.0000000e+00   0.0000000e+00   0.0000000e+00   0.0000000e+00   0.0000000e+00   0.0000000e+00   0.0000000e+00   0.0000000e+00   0.0000000e+00   0.0000000e+00   0.0000000e+00   0.0000000e+00   0.0000000e+00   0.0000000e+00   0.0000000e+00   0.0000000e+00   0.0000000e+00   0.0000000e+00   0.0000000e+00   0.0000000e+00   0.0000000e+00   0.0000000e+00   0.0000000e+00   0.0000000e+00   0.0000000e+00   0.0000000e+00
  -3.0587735e-01   0.0000000e+00   0.0000000e+00   7.3667729e-02   2.3858347e-02   2.2159470e-01   1.3347325e-01  -9.2820316e-02   7.9880278e-02  -1.5325059e-01   1.9981065e-01   1.2252758e-01   1.6597390e-01   5.0201799e-02   1.9541764e-01   1.8063110e-01   7.7784132e-02   1.8672042e-01   3.1110454e-01   1.6218889e-02   1.1581674e-01  -7.1594944e-03   6.3846782e-02   7.7098497e-02   8.6796810e-02   5.9177748e-02  -5.2430272e-02   3.5736066e-02   8.1427741e-02   3.9047351e-02   5.2149134e-02   7.0899042e-02   7.7805831e-02   2.0909001e-02   8.9915824e-02   7.6096059e-02  -1.1361575e-02   1.7527328e-01  -9.6962958e-02   2.8771902e-03   1.3318152e-01   1.8362181e-01   7.7519796e-02   4.5067891e-02   7.3027387e-02   1.8984716e-01   6.0938717e-02   7.0413903e-02   7.4745472e-02   5.6651660e-02   6.4109863e-02   3.2911450e-02   2.7144314e-02  -5.7486297e-03   4.1083799e-01   3.2337799e-01  -4.2631803e-02   1.3476929e-01   3.5528174e-01   1.2339493e-01   8.0576462e-02   3.4739069e-02  -5.2456560e-02   2.3374877e-01   1.2735604e-01   1.5936338e-01  -4.0581958e-02   1.5120169e-01   3.5406317e-02  -9.1965531e-03   9.8825442e-02   1.0128052e-01  -6.9053793e-02   1.6338937e-01   0.0000000e+00   1.0194151e-02   9.9953272e-02   5.7332786e-03  -2.1742682e-02   5.2210265e-03   2.1289957e-02   6.0861556e-02   7.6728436e-02  -4.9543863e-02  -1.1084065e-01  -2.0669408e-02   2.9227095e-02   5.4512578e-02   4.1047896e-02   2.1108340e-02   7.3076646e-02   5.4563995e-03   2.9344657e-02   1.4412438e-01   1.9808891e-01   9.7454743e-02  -8.4111954e-02   2.9756572e-01   1.7283163e-02   9.1404036e-02  -1.0229424e-01   1.8195591e-01   5.1126954e-02   1.4408418e-01   1.1149318e-01   1.3261418e-01   1.0639289e-01   1.4163170e-01  -3.0594090e-02   1.0156227e-01   8.9156831e-02   9.5791910e-02   7.0289315e-02   1.1816070e-01   0.0000000e+00   3.3454784e-02   7.8339422e-02   1.8888607e-02
   1.2717996e-01   0.0000000e+00   7.3667729e-02   0.0000000e+00   3.4923187e-02  -6.4022156e-02   9.1579293e-02  -2.8008958e-03   6.7346114e-02  -8.2023671e-03   1.0343779e-01  -1.0623235e-01   6.5104474e-02   7.2158623e-02   3.7376429e-02   7.0923602e-02   1.0583639e-01   2.6401125e-02   2.9729123e-01  -5.2396263e-02   1.4241722e-01   5.0341999e-03   1.6142043e-01   1.5074515e-01   2.1988688e-02   6.5941737e-02  -4.9305938e-02  -6.4036025e-02   7.0668810e-02   1.1095545e-03  -4.8742976e-02   2.9325498e-02   4.7568695e-02   1.0211821e-01   3.2464471e-02   7.7726786e-02  -6.0804425e-02   1.2325378e-01   3.9584554e-02   3.5545757e-02   4.0151431e-03  -3.3966762e-02   2.5576527e-02   2.4694628e-02  -4.6213503e-02  -1.0623883e-02   5.2204920e-02  -3.6242575e-02  -2.0512343e-02  -3.2069655e-02  -7.7026466e-02  -5.0540820e-02  -4.0219766e-02  -4.8820390e-02   9.7893355e-02   3.9068318e-02   1.6605881e-02   6.4353106e-02   2.8993246e-01   4.7893111e-02  -4.7417414e-02  -6.1523750e-02  -3.9910779e-02   2.3326124e-02   6.1053429e-02   2.2563271e-02  -5.0233560e-02   4.3914062e-03   3.3693315e-02  -1.1703804e-01  -4.8590514e-02   1.0211992e-01   1.5591148e-02   2.1062684e-03   0.0000000e+00   1.6595469e-01   3.8366708e-02  -4.8172275e-02  -6.3841742e-02  -7.7641115e-02  -4.1878069e-02  -1.1647913e-02  -2.9046699e-02  -1.6585684e-01  -5.8309677e-02   4.3249790e-02   2.9105732e-02  -9.4784102e-02  -4.5443176e-02   1.0305559e-01   2.5695525e-02  -8.5842240e-02  -5.0139342e-03   1.3569311e-03   5.1825494e-02  -4.3163796e-02  -1.4604525e-01   5.2489027e-02   5.7790165e-02   1.3070649e-01  -1.9728959e-02  -2.5466879e-02  -2.8895693e-02  -3.8042217e-02   9.4954011e-02  -1.8617086e-02  -2.6020464e-02  -1.7235055e-02  -1.6757066e-01  -5.3523038e-02   4.4570857e-02   1.0792756e-01   9.4866778e-02   4.8732973e-02   0.0000000e+00  -5.0491644e-03  -6.1549394e-02   7.4618389e-02
   2.6964189e-02   0.0000000e+00   2.3858347e-02   3.4923187e-02   0.0000000e+00   2.0726557e-01  -7.0610784e-02   6.2739300e-02   6.3297748e-02   2.3116121e-01   6.2151594e-02   8.4129005e-02   6.5387962e-02   6.6579061e-02   2.0421800e-02   5.1296574e-02   2.6123264e-01   1.6629819e-01   8.6252021e-02   2.9440840e-01   4.7762624e-02   1.6890041e-01   1.4272742e-02  -9.4063366e-02   1.9511993e-01   8.4637585e-02   4.2666000e-01   1.3264693e-01   1.4153420e-02   5.8635493e-02   1.6904593e-02   2.2568246e-01   1.0987172e-01  -6.8065598e-02   9.7170965e-02   1.0623499e-01   1.1222793e-01   8.3073749e-02   1.2931970e-01   3.6440901e-02   1.1292709e-01   5.3263662e-04   8.4439599e-02   7.7742889e-02   5.0462384e-02   2.5944782e-02   4.1604728e-01   3.9008227e-02   1.5694818e-01   3.6711652e-01   8.2158499e-02   2.0964262e-01   5.2645463e-02  -5.4502319e-02   1.3026275e-01   1.0361867e-01   3.3998415e-01   6.7345313e-02   3.8578371e-02   4.4866788e-03   1.2594675e-01   2.5084972e-01   1.1117600e-01  -2.1090989e-02  -9.8924515e-02   2.0683788e-01  -4.7516920e-02  -4.9056370e-02  -1.7573200e-01   2.0501792e-01  -7.8852212e-02   3.3951228e-03   2.0677064e-02   3.6148028e-02   0.0000000e+00  -1.4520908e-01  -1.6037592e-01   2.7604735e-02   2.5799455e-01  -4.6438278e-02   3.1008631e-01   1.4245980e-01   1.6357359e-01   2.1682848e-01   1.0809953e-01  -9.6603057e-02  -3.2185236e-02  -3.5247151e-02   2.6877425e-01  -8.8881089e-02  -1.4442057e-01   1.8834360e-01   1.2824036e-01   2.4753532e-03   1.0230692e-01   5.1964307e-03   9.2218220e-02   1.0051094e-02   2.2715543e-02   2.0248100e-02   1.3982392e-01   4.7355620e-02   3.5498074e-02   1.1228199e-01   1.5893846e-01   7.3698935e-02   2.1117313e-02   2.3197572e-01   8.4006433e-02   8.1648810e-02   2.5391973e-02   3.4016857e-02   1.7923829e-02   2.1146410e-01   0.0000000e+00   9.2131004e-03  -8.5640712e-02  -5.7130108e-02
  -4.1600912e-02   0.0000000e+00   2.2159470e-01  -6.4022156e-02   2.0726557e-01   0.0000000e+00  -3.1934015e-02  -4.7955361e-02   1.2931361e-01   7.2403855e-02  -1.1080380e-02   1.4318140e-01   5.2076314e-02   1.2311215e-01  -3.5339341e-04   3.6297414e-03   9.4544487e-02   3.6500769e-01   5.4416576e-02   2.5557862e-01  -3.7897117e-03   7.6849068e-02   4.0120368e-03  -1.2418198e-01   2.6823642e-02  -3.0423795e-02   2.9758124e-01   9.6369822e-02   2.8255685e-03   4.0022644e-02   1.2106979e-01   1.1159190e-01   1.2899274e-01  -8.6733249e-02   1.4080822e-01  -6.0687316e-02  -6.7692031e-02   6.2033701e-02   5.5505018e-03  -3.1661686e-02   9.1192459e-02   8.4015534e-03   4.2016026e-02  -1.7930585e-02   3.1031331e-02   5.6625149e-02   1.3904141e-01   3.8461467e-02   1.2438411e-01   2.4110683e-01   3.0576566e-01   1.6306269e-01   5.0963602e-02  -6.2875345e-02   1.0047557e-01   1.5275174e-01   1.6380014e-01  -8.9064778e-03   5.5449873e-02  -3.6808231e-03   9.2558813e-02   1.1775322e-01  -2.4929292e-02   8.5656255e-02   5.4489834e-02   1.6526549e-01  -3.7384091e-02   4.3909257e-02   3.6663453e-02   1.7353735e-01   1.4279208e-01   1.7816688e-01   2.7654646e-01   2.6626100e-01   0.0000000e+00   3.7306776e-02  -5.8118880e-04   1.0175386e-01   2.8819943e-01   1.4110397e-01   3.1054891e-01   2.9238264e-01   1.6889876e-01   2.7730835e-01   9.4094042e-02   4.6708034e-02  -3.8942579e-02   1.7604930e-01   2.6878404e-01  -1.1340951e-02   7.9643979e-02   1.1314016e-01   2.9377229e-01   8.7054616e-02   3.0121573e-02   4.1320656e-02   9.5246012e-02   9.5591459e-02   1.0076850e-01   5.6935924e-02   1.3407072e-01   1.9556123e-01   2.5732813e-01   5.8138825e-02   1.1651715e-01   1.0823923e-01   2.0303999e-02   9.2362687e-02  -1.5659021e-02   4.7642766e-04   4.9427824e-02  -1.2902720e-01  -5.2710752e-02  -2.1932972e-02   0.0000000e+00  -6.3607964e-03   1.1301372e-01   2.9774527e-02
   3.4830507e-01   0.0000000e+00   1.3347325e-01   9.1579293e-02  -7.0610784e-02  -3.1934015e-02   0.0000000e+00   6.2903864e-02   1.0090291e-01  -1.4475642e-01   4.3709100e-01  -1.5059546e-01  -1.5937259e-01   4.3432716e-02   3.6195354e-01   1.2341678e-01   1.3496468e-01   4.7627242e-02   1.5335774e-01  -1.3302975e-01   1.0508993e-01  -1.6475707e-01   1.7559896e-01   2.1714381e-01  -1.6328765e-01   1.6252974e-01  -2.3350601e-01  -8.8476406e-02   2.8972047e-01   1.7060276e-01   1.0631043e-01  -6.1611005e-02  -5.0643811e-02   3.3214122e-01  -2.0283096e-03   1.6950637e-01   4.4759158e-03   1.6113680e-01   9.8753381e-02   2.7503239e-01  -8.9292269e-03   6.3868785e-02   2.1117821e-01   1.3955184e-01  -1.6352810e-01   1.5700125e-01   6.1368699e-02   2.5845363e-01  -3.5657895e-02  -4.7629307e-02   9.5890521e-02   5.5100898e-02   3.0406583e-02   3.0260017e-01   2.5965010e-02   7.5295017e-02  -2.5514867e-01   1.1731803e-01   1.2525356e-01   1.4246659e-01  -1.8661189e-01  -3.4364058e-01  -1.4771575e-01   1.9813563e-01   9.5776353e-02  -1.2893068e-02   2.0079802e-01   2.6239166e-01   5.2413714e-01  -1.6211331e-01  -1.6426478e-01   9.0925736e-02   2.8685060e-03   4.1799479e-02   0.0000000e+00   5.8787097e-01   4.8273181e-01   1.7016414e-01  -2.4356109e-01   1.6043001e-01  -2.1924360e-01   6.2369576e-02   3.1391282e-02  -9.1602581e-02   4.1599766e-02   2.8972659e-01   3.9688802e-01   1.8941299e-01  -4.4389761e-02   4.8394838e-01   4.0690047e-01  -2.8617072e-01  -4.5437714e-02   2.0414957e-01   1.1425495e-01   1.1810486e-01  -1.1122893e-01   6.7772275e-02   1.0307787e-01   1.0746448e-05  -1.3601255e-02  -7.9611224e-02  -7.7470617e-02  -1.8894126e-01  -5.8482044e-02   3.6582654e-02   5.6635062e-02  -1.0330401e-01  -1.3524004e-02   6.9642858e-02   3.6792344e-01   2.8669892e-01   1.9933900e-01  -3.9328658e-02   0.0000000e+00   7.2731017e-02   1.5631264e-01   3.6359404e-01
   1.1660856e-02   0.0000000e+00  -9.2820316e-02  -2.8008958e-03   6.2739300e-02  -4.7955361e-02   6.2903864e-02   0.0000000e+00  -1.3885303e-02  -2.6620886e-02  -7.8802124e-03   7.2550801e-03   2.6038117e-01  -3.6410047e-02   5.9952923e-02  -5.1710319e-03   9.8078359e-02   3.6496202e-02  -1.4809566e-02   8.2699661e-02   4.2339044e-03  -6.5091131e-02  -4.6294332e-02  -2.1857188e-03  -1.9741275e-02   1.6568929e-02  -2.6323829e-02   1.8159254e-02   1.4507736e-01   5.0315590e-02   9.9816920e-02   8.9895294e-03  -1.2669292e-01   2.3000470e-02   1.8599000e-02   3.5911523e-02   1.2205513e-02   1.9299355e-02   4.0736846e-02   7.8365717e-02  -1.5928797e-02   4.3628967e-02   1.5191483e-01   4.2049310e-02   3.2708501e-02   6.4095050e-02  -3.0395807e-03   1.5707666e-01  -1.8244506e-02  -2.7525403e-02   6.6807941e-02  -3.1297242e-02   4.8007358e-02   5.2218621e-02  -1.0248513e-02   1.0577686e-03  -1.2873963e-01   8.3398147e-02  -3.1127015e-02  -1.5023368e-02  -8.3420606e-02  -1.2822264e-01  -7.0437069e-02   1.6769918e-03  -9.3572094e-02  -2.6849767e-02   3.1212364e-02  -1.8502931e-02   3.9422338e-02   8.5853146e-02  -1.0428008e-01   8.8899447e-02  -6.9719833e-02   2.7418299e-02   0.0000000e+00   1.5924841e-02   8.8674641e-02   9.1949465e-02  -6.1775055e-02   1.7078325e-01  -1.3765569e-01  -9.7729329e-02  -6.0941632e-02   3.1169896e-02   6.5530286e-02   1.1068907e-01   1.4269547e-01   2.0095822e-02   3.3793189e-03   7.5333748e-02   7.8686161e-02   2.5316071e-02  -9.3865294e-02   4.5058162e-02  -4.2228903e-02   2.1225863e-02  -2.3200698e-02  -6.1886480e-02   1.4176510e-01  -8.0222990e-03  -8.5651870e-02  -2.0613757e-03  -9.2774555e-02   5.4635659e-03  -8.4209021e-02   6.7010216e-02  -2.4608477e-02  -4.3914052e-02  -1.2067434e-01   4.6640876e-02   8.6961840e-02   8.3557434e-02   1.8927754e-02   7.8307743e-02   0.0000000e+00   4.4529423e-01   4.3672985e-01  -1.8700225e-02
   8.7417916e-02   0.0000000e+00   7.9880278e-02   6.7346114e-02   6.3297748e-02   1.2931361e-01   1.0090291e-01  -1.3885303e-02   0.0000000e+00  -1.2677912e-01  -1.6975194e-02   1.1016000e-01   6.2582186e-02   3.2170612e-02   3.9745319e-02   2.3377839e-02   3.5890212e-02   2.8018111e-02   2.6074686e-01   3.4096690e-03   5.7391176e-03  -2.1584778e-02  -7.2134884e-03  -6.8951926e-02  -1.0732804e-01   1.4621121e-02   4.8912369e-02  -3.0398703e-02  -5.5979923e-02   6.4653699e-03  -7.1893596e-02   4.8986323e-02   2.9961326e-01   3.4277795e-01   2.3155297e-01   5.5687178e-02   7.3198193e-02   1.8952069e-01   1.1183149e-01  -2.4695239e-02   1.4052014e-01   2.6734711e-01   2.0065180e-01   2.4224025e-01  -6.7044601e-02   2.1514277e-01   1.3332817e-02   2.1742347e-02   4.1938569e-01   8.6057300e-02   1.5196436e-02   6.1108242e-02   2.8041583e-01  -8.3108885e-02   1.1773045e-01   1.0517148e-01   1.0075937e-01   5.1047118e-03   2.3184445e-01  -5.1086647e-02   3.7516389e-02  -2.5151325e-02   2.9825389e-02   3.1241939e-01   5.3373773e-01   7.5808360e-02   3.7893444e-01   3.3370186e-01   2.7021226e-01   2.1298609e-01   4.5981816e-02   1.1793708e-01   2.4773687e-02  -8.5915429e-03   0.0000000e+00   2.1314719e-01   1.5677866e-01   1.6013267e-01   2.5626724e-01   1.6109422e-01   2.3078747e-02   1.2469146e-01  -5.3091434e-02   1.4370300e-01   1.0478217e-02   1.0734399e-01  -1.5548378e-02   3.6384497e-02  -2.6003084e-02   3.1815708e-01   3.6994172e-01   1.5706140e-01   2.7886832e-01   1.7393584e-01   2.7001826e-01   3.7346585e-01   2.7152878e-01   3.6829789e-01   4.6161273e-01   4.2545010e-01   2.5401738e-01   2.2850775e-01   3.3465253e-01   5.2707842e-02   3.5825880e-01   2.1554452e-01   1.6142793e-01   1.9888495e-01   1.7381795e-01   1.2716334e-01   2.1340084e-01   1.4960267e-01   1.7869648e-01   2.3646377e-01   0.0000000e+00   7.1252572e-02   9.4384658e-02   2.4723282e-02
   2.5191566e-01   0.0000000e+00  -1.5325059e-01  -8.2023671e-03   2.3116121e-01   7.2403855e-02  -1.4475642e-01  -2.6620886e-02  -1.2677912e-01   0.0000000e+00   2.0642992e-01   2.4966950e-01   1.6685700e-01   1.0329273e-01   5.4954077e-02   5.2502610e-02   2.2538723e-01   1.9079702e-01   4.3009917e-02   2.0524765e-01   1.8427963e-01   3.3704555e-01   8.6600120e-02   6.2503971e-02   3.4065052e-01   1.9496907e-01   4.0604732e-01   2.8534917e-01   7.1119033e-02   1.6737073e-01  -7.8547500e-02   4.0656124e-01   1.5944585e-01  -4.9740222e-02   3.6208070e-01   4.0348071e-01   3.9222618e-01   3.8296167e-01   3.5070717e-01   2.7504934e-01   3.7314232e-01   1.5997438e-01  -4.3858386e-02   4.2204698e-01   2.9679844e-01   1.8088561e-01   3.1742076e-01   1.2508705e-01   1.3281487e-01   2.1680546e-01  -1.6410305e-02   2.9151559e-01   1.0642905e-01  -1.9429650e-02   6.6505394e-02   1.7550186e-01   2.8797171e-01   4.0604276e-02  -3.2587311e-02  -5.0134068e-02   1.2460520e-01   2.9827660e-01   2.0123285e-01  -7.4826530e-03  -1.5066692e-01   1.4310002e-01  -1.1212066e-01  -1.2521521e-01  -1.7551443e-01   2.3736114e-01  -1.0763207e-01  -1.3565758e-01   1.9687288e-01   1.9226090e-02   0.0000000e+00  -2.5918526e-01  -1.2295328e-01   1.2365486e-01   2.1424111e-01  -1.4982487e-01   2.6986113e-01   9.5575467e-02   1.6685206e-01   1.3038204e-01   6.4227317e-02  -1.4050208e-01  -5.5078411e-02  -1.4788727e-01   2.7722866e-01  -2.0513267e-01  -1.8822188e-01   1.8684285e-01  -1.8893081e-02  -1.0622627e-01  -4.7906796e-02  -3.0866544e-02   1.5429823e-02   2.0484431e-01  -7.8452148e-02  -3.0381381e-02   1.0572283e-01   7.1916378e-02   5.5033240e-03   1.8996449e-01  -2.2067061e-02  -5.7429488e-02   3.6646266e-02   1.0699823e-01  -3.8111445e-02  -9.0062104e-04  -7.9946621e-02  -8.3897880e-02  -6.4913983e-02   6.8070959e-02   0.0000000e+00  -7.9621502e-02  -1.4785400e-01  -1.9748793e-01
   1.2621780e-01   0.0000000e+00   1.9981065e-01   1.0343779e-01   6.2151594e-02  -1.1080380e-02   4.3709100e-01  -7.8802124e-03  -1.6975194e-02   2.0642992e-01   0.0000000e+00  -5.8148685e-02   1.2556325e-01   2.0267791e-01   4.2619511e-01   2.9453746e-01   4.2436253e-01   2.2175122e-01   2.4960963e-01   6.5068915e-02   4.5075616e-01   1.9653962e-01   3.5923410e-01   4.0222596e-01   2.9109853e-01   3.4482654e-01  -2.3592940e-02   3.2503612e-01   4.1394125e-01   3.2912934e-01   1.1395427e-01   2.5844779e-01   9.7822770e-02   2.2739191e-01   2.3787267e-01   5.0951852e-01   3.3571556e-01   5.0807742e-01   4.0103291e-01   7.6237409e-01   2.2682847e-01   1.8549672e-01   2.2063373e-01   3.8625314e-01   2.5964694e-02   2.6498405e-01   4.2028631e-01   4.0806583e-01   1.2941586e-01   2.8259115e-02   1.1798972e-01   2.6888537e-01   2.2671417e-02   2.7792524e-01   1.6261931e-01   3.2018996e-01  -7.4936037e-02   3.0477105e-01   1.6817216e-01   2.1211724e-01  -1.0030070e-02  -2.6144985e-02  -6.1946231e-02   9.7809174e-02  -9.3911474e-02   1.0028291e-01   6.0158539e-02   1.3889982e-01   1.4411371e-01  -6.7165207e-02  -1.1778925e-01  -5.0634863e-02  -3.0094171e-02  -5.8647414e-02   0.0000000e+00   9.8279051e-02   1.2118960e-01   4.3966645e-02  -2.0030016e-01  -8.8698783e-02  -8.8424702e-02   6.3471643e-02   2.4291342e-01  -6.9930498e-02   4.5452303e-02   7.3535076e-02   3.0076438e-01  -2.1801496e-02   1.1445715e-01   1.6450733e-01   4.5714681e-02  -1.2529348e-01  -1.1183513e-01   1.6666426e-02   1.5375923e-01   1.4337269e-01  -1.2410517e-01   7.2623680e-02  -4.6252749e-02   1.1618931e-02  -1.0809666e-01  -5.1850999e-02  -1.0229150e-01   4.6675538e-02  -4.9071286e-02   5.9262107e-02   5.0851042e-02   8.1213319e-02   6.3761629e-03   1.2096417e-01   2.0339643e-01   8.0443100e-02   8.4611316e-02   6.8139729e-02   0.0000000e+00  -9.7359907e-03  -6.6270208e-02   1.2566661e-01
  -4.5471629e-02   0.0000000e+00   1.2252758e-01  -1.0623235e-01   8.4129005e-02   1.4318140e-01  -1.5059546e-01   7.2550801e-03   1.1016000e-01   2.4966950e-01  -5.8148685e-02   0.0000000e+00   1.9101267e-01   7.3586323e-02   9.0317209e-02   4.9654410e-02   3.8756435e-02   2.2442531e-01   1.4889539e-01   2.7011454e-01   1.5081372e-02   1.1350636e-01  -6.7022904e-02  -7.8067332e-02   1.2465648e-01   4.6476146e-02   3.8895885e-01   1.7286647e-01   6.4793790e-02   2.5835429e-01   1.5206640e-01   3.1820063e-01   1.6762672e-01  -4.9409501e-02   3.6092017e-01   2.6825324e-01   2.2142575e-01   1.4641504e-01  -5.8774332e-02  -3.7960218e-02   1.3909819e-01   3.4107914e-01   2.7921398e-01   2.2113955e-01   4.7208529e-01   3.3262097e-01   5.8276997e-02   2.4379920e-02   2.2162705e-01   2.5691293e-01   9.9622963e-02   2.3501771e-01   1.8021952e-01  -9.5083789e-02   2.0426592e-01   2.9583082e-01   2.1822967e-01   5.0814637e-02   2.5507352e-01   3.7307699e-02   2.1594101e-01   1.2496941e-01   4.6861682e-02   3.5832156e-01   9.1691215e-02   3.1616896e-01   3.7538151e-02   1.1023504e-01  -5.3223746e-02   3.1495513e-01   1.2898086e-01  -1.0094880e-02   1.3324391e-01   3.0414003e-01   0.0000000e+00  -1.4888452e-01   3.6568932e-02   2.2059969e-01   2.1188063e-01   1.1709369e-02   2.3765797e-01   2.0728678e-01   9.1051426e-02   2.4603358e-01   1.8463598e-01   1.0520118e-01   4.9411200e-02  -6.6252531e-02   2.4610120e-01  -1.1165000e-02   1.0473865e-01   2.2191209e-01   1.6827148e-01   1.6313032e-01   1.5687562e-01   1.1474612e-01   2.8729636e-01   2.4950853e-01   1.7321974e-01   1.1479565e-01   1.0564070e-01   2.0946158e-01   2.1368751e-01   2.0446911e-01   6.3064725e-02   9.6458580e-02   6.5637613e-02   3.0229598e-01  -1.4591614e-02   1.6207535e-01   1.1416772e-01   6.6070603e-02  -5.3814142e-02   2.3227395e-01   0.0000000e+00   1.1652378e-01   5.1769022e-02  -1.6683724e-01
  -6.9224511e-02   0.0000000e+00   1.6597390e-01   6.5104474e-02   6.5387962e-02   5.2076314e-02  -1.5937259e-01   2.6038117e-01   6.2582186e-02   1.6685700e-01   1.2556325e-01   1.9101267e-01   0.0000000e+00   2.6225753e-01   3.4888415e-02   1.9639395e-01   2.1193398e-01   1.5624822e-01   2.7693361e-01   1.4235700e-01   3.4709828e-01   1.8549191e-01   1.0389774e-01   9.7584729e-03   2.8478632e-01   2.3459351e-01   3.7621646e-02   2.6845508e-01   3.6511640e-02   1.4184122e-01  -6.7043247e-02   2.8471426e-01   8.9909011e-02  -5.4641715e-02   3.6389491e-01   2.7396674e-01   3.7027890e-01   2.8005267e-01   1.7054317e-01   1.9192540e-01   2.4446274e-01   2.9272128e-01   4.6523359e-02   1.8232432e-01   2.2620855e-01   3.3971237e-01   1.8193874e-01   2.3060507e-01   2.0942415e-01  -9.5886230e-02  -9.7741720e-02   1.1132364e-01   5.6997737e-02   3.6688503e-02   3.4984327e-01   3.3573114e-01   8.2786240e-02   2.2737297e-01   2.7475402e-01  -8.2155741e-02   2.5752083e-01   1.2696235e-01   3.0287195e-01   9.1923780e-02  -7.2569216e-02   9.1269598e-02  -1.8789236e-02   8.1707549e-02  -3.6676927e-02   4.9762683e-01   3.5017795e-02   3.0302266e-02  -1.1882271e-01  -2.2147217e-02   0.0000000e+00  -1.6250696e-01   1.5880286e-01   1.5906095e-01   1.3959095e-01   1.6331030e-02  -7.0046774e-02  -8.9084055e-02  -7.8005755e-02   5.6584911e-02   7.7615843e-03  -1.7655768e-01  -6.6140177e-02  -1.9092984e-01   4.6894344e-02  -9.8126443e-02  -7.0819104e-02   5.3037901e-01  -1.3438629e-01  -1.3264705e-02   1.4086117e-01   1.5430706e-01   2.7548381e-02   1.8348003e-01   1.4476548e-01   2.0362341e-01  -1.2000458e-01   2.3398756e-01  -1.0653389e-01   1.8403034e-01   2.4264934e-01   2.9859330e-01   1.2318199e-01   3.1579740e-01   7.8961232e-02   1.0422905e-01  -6.5418567e-02   3.3503681e-02   1.3178384e-02   2.8085887e-01   0.0000000e+00   1.9696168e-01   1.9455411e-01  -2.4013689e-01
   2.5168299e-02   0.0000000e+00   5.0201799e-02   7.2158623e-02   6.6579061e-02   1.2311215e-01   4.3432716e-02  -3.6410047e-02   3.2170612e-02   1.0329273e-01   2.0267791e-01   7.3586323e-02   2.6225753e-01   0.0000000e+00   1.0998822e-01   2.1561283e-01   3.0079079e-01   2.3647450e-01   1.8396168e-01   1.9149826e-01   2.7702700e-01   3.9599019e-01   2.7700561e-01   8.5930042e-02   3.2841562e-01   4.1398506e-01   2.1364351e-01   5.0085780e-01   8.9856326e-03   1.6055926e-01   1.5455022e-02   2.4465973e-01   5.2530753e-02   3.5967616e-02   1.7371082e-01   1.5609372e-01   1.8015023e-01   2.2105630e-01   1.7115615e-01   2.0734410e-01   2.4320297e-01   1.0245883e-01   1.0506750e-01   2.0213693e-01   1.3082675e-01   2.1179031e-01   2.6328868e-01   2.2457704e-01   2.3367566e-01   3.1699375e-02   3.2096605e-02   1.8957885e-01   1.7706783e-01   1.9617556e-01   8.5882026e-02   2.0137572e-01   2.9191700e-01   3.5110867e-01   2.0644222e-01   5.8985885e-02   2.1112261e-01   2.2878474e-01   3.2843607e-01   4.0768132e-02  -3.7144822e-02   7.9504807e-04   1.2645650e-01   2.2555796e-01   2.0701541e-02   3.0494675e-01   4.9186231e-02   2.5340499e-01  -2.5821745e-02   2.3909396e-03   0.0000000e+00   1.1173916e-01  -3.8383694e-02   9.7415931e-02   2.4605392e-01   1.4758735e-01   1.0384768e-01   3.6003454e-01   4.0343523e-01   2.4543159e-01   2.1755396e-01  -1.2657888e-01  -5.3652708e-02   2.5562999e-01   1.8254719e-02   7.0337405e-02   2.9404037e-02   3.3043513e-01   4.6178362e-02   3.2346018e-02   1.8267355e-01   7.1109707e-02  -3.1949396e-02   8.9464721e-02   8.1835784e-02   1.0720470e-01   3.5199245e-02   7.3588989e-02   5.0903777e-02   1.2450313e-01   1.7866573e-01   2.0093973e-01   1.0788498e-01   2.6419858e-01   1.6338057e-01   1.3197804e-01  -3.2954883e-03   5.6700168e-02   2.1044082e-02   1.3207481e-01   0.0000000e+00   5.3889051e-02   1.1053429e-01   1.8751610e-01
   7.3721874e-02   0.0000000e+00   1.9541764e-01   3.7376429e-02   2.0421800e-02  -3.5339341e-04   3.6195354e-01   5.9952923e-02   3.9745319e-02   5.4954077e-02   4.2619511e-01   9.0317209e-02   3.4888415e-02   1.0998822e-01   0.0000000e+00   3.5381321e-01   4.8807575e-01   2.7905104e-01   1.2600597e-01   1.7165834e-01   2.6069516e-01   6.6042295e-02   1.7368305e-01   2.8893265e-01   1.9926152e-01   2.2508126e-01   6.3941973e-02   8.3734393e-02   5.1146536e-01   4.1007640e-01   2.2376836e-01   1.0352632e-01   8.3339601e-02   3.7687684e-01   1.9703929e-01   4.4566308e-01   2.5770688e-01   3.0563114e-01   1.8921778e-01   3.9513861e-01   5.3181803e-02   2.3083537e-01   2.4988717e-01   3.2220552e-01   2.0809202e-01   3.7188413e-01   2.0789837e-01   4.0924685e-01   1.7229548e-01   1.1088084e-01   1.8125899e-01   3.2838803e-01   4.5699456e-02   2.6893098e-01   1.3308750e-01   4.3483795e-01  -6.7512787e-02   3.2728774e-01   1.9623948e-01   2.1334014e-01  -1.3576167e-01  -1.7600229e-01  -1.6343263e-01   2.2535564e-01   1.9278747e-02   1.3641204e-01   1.1965892e-01   6.6005307e-02   1.6071998e-01  -4.0204248e-02  -1.1916488e-01  -6.0105725e-02  -3.4665241e-02  -2.3080691e-02   0.0000000e+00   9.0603648e-02   1.2076022e-01   5.8054299e-02  -2.2191792e-01  -1.0850218e-01  -1.1068857e-01   6.8654623e-02   1.9196403e-01   1.9395231e-02   1.1486255e-01   1.6860113e-01   4.0668522e-01  -2.3070845e-02   9.6662443e-02   2.0587882e-01   1.0930059e-01  -2.0430942e-01  -9.2282833e-02   4.2832176e-02   9.9066644e-02   1.1482216e-01  -8.1386090e-02  -1.6614649e-02  -5.3230982e-02  -3.5186267e-02  -6.3407015e-02  -1.1547578e-01  -3.6722644e-02   1.6558904e-02  -9.4254631e-02   9.6173756e-02  -3.2031656e-02   1.4577771e-03  -6.3395557e-02   1.6208527e-01   3.5240311e-01   1.1357695e-01   2.0397325e-01   1.2134562e-01   0.0000000e+00   1.2471379e-02  -1.7098505e-02   1.5194108e-01
   2.8798726e-02   0.0000000e+00   1.8063110e-01   7.0923602e-02   5.1296574e-02   3.6297414e-03   1.2341678e-01  -5.1710319e-03   2.3377839e-02   5.2502610e-02   2.9453746e-01   4.9654410e-02   1.9639395e-01   2.1561283e-01   3.5381321e-01   0.0000000e+00   2.8429249e-01   2.0702621e-01   3.2053872e-01   8.7632880e-02   1.8812268e-01   1.4579578e-01   1.0530504e-01   6.4927397e-02   2.2516116e-01   1.3911746e-01   5.0658590e-02   1.6400129e-01   9.2237508e-02   1.9606305e-01   1.1173113e-02   2.1071390e-01   8.6401583e-02   7.3229540e-02   2.0633580e-01   2.4951308e-01   2.9601374e-01   2.2799730e-01   2.7663383e-01   2.5775132e-01   2.7470300e-01   2.3952509e-01   9.8527041e-02   2.9469594e-01   1.3509103e-01   3.1549775e-01   2.7124338e-01   2.9995771e-01   1.8091851e-01   3.4328561e-02  -4.4928965e-02   2.9265859e-01   1.6830189e-01   3.1074585e-01   5.0273264e-01   3.4288111e-01   1.2463809e-01   2.7120005e-01   2.3519189e-01   1.2908611e-01   3.5911432e-02   8.2492764e-02   1.0907760e-01   1.8479627e-01  -4.2835367e-02   2.5256978e-01   4.1106378e-03   2.1707184e-01  -6.0795691e-03   1.1899156e-01  -1.6652660e-02   5.2942758e-02  -1.8789746e-01  -5.3641185e-02   0.0000000e+00  -6.4475478e-02   1.4013842e-02   1.0257268e-01   5.5216268e-02  -1.0962775e-01   5.2298150e-02   1.0494211e-01   9.1228009e-02   6.0312388e-02   7.0307683e-02  -6.1481743e-02   9.1285877e-02  -3.4413802e-02   1.2817388e-01   3.8414430e-02  -6.1732431e-02   1.2798428e-01   1.1166768e-02   8.2701218e-02   2.6685159e-01   1.2501082e-01   4.9659028e-02   1.1202628e-01  -3.6905023e-03   6.5028231e-02   4.0353627e-03   5.3952098e-02   3.3618117e-02   2.1476264e-01   1.2958629e-01   1.1215204e-01   6.1872091e-02   2.3625493e-01   3.1259280e-02   2.1906122e-01   1.3315892e-01   1.6412834e-01   5.4696654e-02   2.9244085e-01   0.0000000e+00   5.0263589e-02  -7.8874898e-02  -5.3832365e-02
   7.7749628e-02   0.0000000e+00   7.7784132e-02   1.0583639e-01   2.6123264e-01   9.4544487e-02   1.3496468e-01   9.8078359e-02   3.5890212e-02   2.2538723e-01   4.2436253e-01   3.8756435e-02   2.1193398e-01   3.0079079e-01   4.8807575e-01   2.8429249e-01   0.0000000e+00   3.8197987e-01   1.6928772e-01   3.9273537e-01   4.1348587e-01   3.1007852e-01   1.9328134e-01   2.8990232e-01   3.9454446e-01   3.8274871e-01   1.8506044e-01   2.7195635e-01   5.6830449e-01   4.8184321e-01   2.8002635e-01   2.3646235e-01   1.1984909e-01   3.0018491e-01   2.6565594e-01   4.7412470e-01   3.2494750e-01   4.2436755e-01   3.4901206e-01   5.2197001e-01   2.1809050e-01   2.0016607e-01   2.7841388e-01   2.9794613e-01   2.1113097e-01   3.3725659e-01   4.5200577e-01   5.4517245e-01   3.6781828e-01   1.1292003e-01   3.0341899e-01   3.0802243e-01   6.8544335e-02   1.9443528e-01   7.1974503e-02   3.5904262e-01   1.4512437e-01   3.6959951e-01   1.6244813e-01   2.9587122e-01  -3.2201701e-02   3.5534874e-02  -4.1719124e-02   1.3108907e-01  -1.4142726e-01   1.1806457e-01   1.4027706e-01   7.0356248e-02  -2.2893847e-03   1.3890823e-01  -6.6232176e-02   8.5595185e-02   2.7929565e-03  -1.5760494e-02   0.0000000e+00   5.4462091e-02  -5.4707710e-02   9.6529040e-03  -4.5133068e-02  -1.1475469e-01   6.3065197e-03   9.4903829e-02   3.7068087e-01   1.6862050e-01   1.5750400e-01   6.2985980e-02   2.9073455e-01   2.3777674e-02   1.2683870e-01   8.5659581e-02  -1.6364645e-02   3.2671666e-02  -1.1579291e-01  -3.0243792e-02   1.2061859e-01   6.6768842e-02  -1.1037644e-01  -5.5076219e-02  -1.3303299e-02   4.4382232e-02  -1.3454583e-01  -1.3607732e-01  -1.7002627e-01   8.1117595e-02   2.4118874e-02   1.6882961e-01   3.3307633e-02   1.5319881e-01  -1.4813911e-02   1.6662244e-01   2.0827050e-01   1.9873908e-02   3.8711622e-02   6.5309978e-02   0.0000000e+00   4.2257521e-02   2.3843068e-02   1.8178754e-01
   1.2383594e-01   0.0000000e+00   1.8672042e-01   2.6401125e-02   1.6629819e-01   3.6500769e-01   4.7627242e-02   3.6496202e-02   2.8018111e-02   1.9079702e-01   2.2175122e-01   2.2442531e-01   1.5624822e-01   2.3647450e-01   2.7905104e-01   2.0702621e-01   3.8197987e-01   0.0000000e+00   1.2164818e-01   5.7077835e-01   1.6846264e-01   1.4778623e-01   5.6109497e-02   1.3745041e-01   2.3368476e-01   2.0964236e-01   3.3842611e-01   1.5692574e-01   3.1734012e-01   4.2808794e-01   3.8820144e-01   1.7082093e-01   1.9985334e-01   1.0271745e-01   2.7388189e-01   2.0338619e-01   5.4737420e-02   2.0241425e-01   6.8702993e-02   2.0475657e-01   1.3025379e-01   1.0674130e-01   3.4539646e-01   1.6152529e-01   3.0241838e-01   3.4926528e-01   2.7574221e-01   2.2115186e-01   2.3685747e-01   2.9328390e-01   4.1531462e-01   3.9768199e-01   5.8658804e-02   1.2066655e-01   2.0540964e-01   5.0344747e-01   2.6502053e-01   4.3844547e-01   1.8134409e-01   1.8757557e-01   3.3869664e-02   9.1618941e-02  -1.4835313e-01   3.8142738e-01   1.3704414e-02   3.6493061e-01   1.4694564e-01   6.2371910e-02   1.9516131e-01   2.5450204e-01   1.5743497e-01   1.6775383e-01   2.4146897e-01   2.1004293e-01   0.0000000e+00   5.8680130e-02  -4.5718543e-02  -1.7945452e-02   1.4360120e-01   8.3759331e-02   1.5600685e-01   2.8188238e-01   3.4243373e-01   5.1290415e-01   1.6875268e-01   1.3035579e-01   3.1325672e-01   1.4137739e-01   4.4403860e-01   7.1194395e-02   1.0902352e-01   4.6854835e-02   8.4408106e-02   1.2742744e-01  -9.7288125e-03   1.6208681e-02  -6.3151306e-02   2.4428085e-02  -4.5084680e-02  -6.5827501e-02  -1.2579704e-01  -8.2864821e-03   1.0093005e-01   1.5148518e-01   5.9352923e-02   2.4087135e-01  -1.0424522e-02   1.8191363e-01  -1.4663109e-02   2.4929177e-01   3.7919528e-01  -5.9349292e-02   2.6267328e-02   1.2149259e-01   0.0000000e+00   1.0725275e-01   1.0572999e-01   1.4155530e-01
  -2.6254267e-02   0.0000000e+00   3.1110454e-01   2.9729123e-01   8.6252021e-02   5.4416576e-02   1.5335774e-01  -1.4809566e-02   2.6074686e-01   4.3009917e-02   2.4960963e-01   1.4889539e-01   2.7693361e-01   1.8396168e-01   1.2600597e-01   3.2053872e-01   1.6928772e-01   1.2164818e-01   0.0000000e+00   4.2743148e-02   1.6426799e-01   9.0244650e-02   5.6661733e-02  -5.2962973e-03   1.7267144e-01   1.2463138e-01   4.4087864e-02   1.5620603e-01   7.1343163e-02   1.2345475e-01  -6.7091512e-02   2.4875709e-01   1.8822638e-01   1.1053566e-01   2.8493771e-01   2.6079516e-01   2.5183919e-01   3.3657942e-01   2.0366546e-01   1.2844907e-01   3.5819624e-01   2.7499440e-01   1.7962357e-01   3.4977363e-01   9.6726079e-02   3.6173136e-01   2.3152221e-01   1.0224406e-01   2.3599787e-01   9.3319522e-02  -5.7986733e-02   1.6085447e-01   2.4828119e-01   6.1096298e-02   3.3252024e-01   3.0280032e-01   1.5037094e-01   1.9540808e-01   5.7981481e-01   8.8154476e-02   1.3928478e-01   1.4123394e-01   1.2381220e-01   2.4060425e-01   3.1410720e-02   2.5040098e-01  -2.6095353e-02   2.6166606e-01   6.1815811e-03   1.6699595e-01  -7.6090066e-02   1.6917454e-01  -1.2635117e-01  -3.3043248e-03   0.0000000e+00   5.4872242e-02   1.0553962e-01   1.0707412e-01   1.1161326e-01  -1.7707446e-02   1.3512976e-01   2.7214520e-02   1.9629871e-03  -1.7597962e-02  -4.4566941e-02  -3.3537119e-02   3.7945176e-02  -1.1714744e-02   7.8751307e-02   6.6584684e-02   1.2683914e-02   1.7994905e-01   7.6783315e-02   1.8032964e-01   4.3588038e-01   1.7670037e-01   1.8725570e-02   3.1175174e-01   2.2367258e-01   2.7388326e-01   6.4229969e-02   1.3689287e-01   4.7629496e-02   2.5670876e-01   2.6794113e-01   1.0167095e-01   1.3792568e-01   3.3076766e-01  -1.7546504e-02   2.4045569e-01   1.2803953e-01   1.0540880e-01   6.4970261e-02   2.7895423e-01   0.0000000e+00   2.8712575e-02  -3.9722355e-02  -4.4532992e-02
  -5.7350006e-03   0.0000000e+00   1.6218889e-02  -5.2396263e-02   2.9440840e-01   2.5557862e-01  -1.3302975e-01   8.2699661e-02   3.4096690e-03   2.0524765e-01   6.5068915e-02   2.7011454e-01   1.4235700e-01   1.9149826e-01   1.7165834e-01   8.7632880e-02   3.9273537e-01   5.7077835e-01   4.2743148e-02   0.0000000e+00   1.2208793e-01   2.7116561e-01  -7.9983770e-02  -1.6591752e-02   3.9988811e-01   2.3666513e-01   5.3033206e-01   1.9225145e-01   2.4982609e-01   4.2196177e-01   4.6225850e-01   3.1071210e-01   1.9075962e-01   7.9347826e-02   2.5581992e-01   1.4178074e-01   4.8566613e-02   1.5797509e-01   6.0721068e-02   1.1194158e-01   8.9976229e-02   1.1009647e-01   2.4711664e-01   1.0460299e-01   4.6089969e-01   2.5798892e-01   2.6057849e-01   1.6780081e-01   3.6400381e-01   2.5607790e-01   3.8037174e-01   3.0918920e-01   5.7007838e-03   3.4352071e-02   1.1328521e-01   3.2197058e-01   4.4282971e-01   3.2812707e-01   5.2041935e-02   2.1015223e-01   1.1874669e-01   2.4965699e-01   7.3187239e-03   1.3970385e-01  -6.8578811e-02   2.0808467e-01   1.5133404e-01  -3.0382949e-02   2.7080518e-02   3.4000759e-01   2.3390703e-01   8.1593093e-02   1.3039889e-01   1.0164460e-01   0.0000000e+00  -5.6147177e-02  -1.9437890e-01  -5.0812697e-02   2.2458310e-01   7.0873359e-02   2.7714893e-01   2.2230624e-01   3.6075665e-01   7.7547766e-01   1.7070439e-01   2.9224207e-02   1.5968150e-01   1.3172233e-01   3.2453223e-01  -2.2254855e-03  -1.0626247e-02   1.2635916e-01   3.9146472e-02  -5.9897470e-02  -2.6141644e-02   5.3087530e-03   2.2384788e-02  -8.7648147e-02  -7.0361984e-02  -9.3919437e-02  -8.4018978e-02  -5.6678096e-02   5.4886134e-02   1.6574071e-01   1.0997865e-01   1.5721400e-01  -3.6005053e-02   1.9472522e-01  -3.3307114e-03   1.4679763e-01   1.4356723e-01  -7.5835154e-02  -7.3233632e-02   1.2146680e-01   0.0000000e+00   8.5370945e-02   6.0902165e-02   1.1583402e-01
   2.4968932e-02   0.0000000e+00   1.1581674e-01   1.4241722e-01   4.7762624e-02  -3.7897117e-03   1.0508993e-01   4.2339044e-03   5.7391176e-03   1.8427963e-01   4.5075616e-01   1.5081372e-02   3.4709828e-01   2.7702700e-01   2.6069516e-01   1.8812268e-01   4.1348587e-01   1.6846264e-01   1.6426799e-01   1.2208793e-01   0.0000000e+00   4.7985739e-01   4.2567720e-01   4.4645394e-01   3.7684274e-01   4.3689130e-01   4.7495695e-02   3.0640685e-01   3.4021774e-01   3.3645498e-01   9.5742579e-02   2.7053998e-01   7.6254569e-02   2.2016527e-01   3.5651027e-01   4.8952760e-01   3.4058080e-01   5.0060612e-01   2.5656418e-01   5.1077636e-01   1.7340985e-01   2.1428742e-01   1.3866600e-01   3.1791472e-01   1.1839646e-01   3.0674278e-01   3.3111945e-01   5.0084019e-01   2.0636182e-01  -1.5582787e-02   5.5577837e-02   1.0985470e-01  -1.1610966e-02   1.6980936e-01   1.5137717e-01   2.8105981e-01  -8.6985893e-03   3.0981065e-01   2.0251765e-01   1.6450643e-01   1.2380000e-01   5.8860884e-02   1.3669377e-01   1.0692182e-01  -4.5659360e-02   3.6169638e-02   5.0177603e-02   3.3627722e-02   5.7294605e-02   4.1006607e-02   3.1046902e-02  -4.3420803e-02  -4.8848045e-02  -3.4599003e-03   0.0000000e+00   4.2559953e-02   4.1125628e-02  -7.6875404e-03  -8.8978504e-02  -2.9948491e-02  -8.9818430e-02   1.3573150e-02   2.5989269e-01  -1.3953298e-02  -1.0499603e-02  -1.0736356e-02   1.4761522e-01  -8.2257627e-02  -3.2092686e-02   9.7451838e-02   2.6816989e-02   1.5734265e-02  -1.3340314e-01  -1.0097536e-01   1.2644183e-01   9.2192537e-02  -9.3310343e-02   1.0708848e-01  -3.9768679e-02   4.7632624e-02  -1.6024151e-01  -5.8511230e-02  -9.3743229e-02   1.7231334e-02  -1.7173047e-02   9.9112852e-02   6.5725188e-02   1.3356196e-01  -5.5735760e-02   1.9333834e-02   8.9997653e-02   3.5469793e-02  -2.6895667e-02   2.8841348e-02   0.0000000e+00  -2.6389288e-02  -3.3998720e-03   1.3677868e-01
