   0.0000000e+00   8.3447771e-02   0.0000000e+00   4.9614480e-02   1.3296041e-01   6.3925130e-02   2.2998793e-01  -1.7833680e-02   1.4937659e-01   4.6485256e-02   4.6517951e-02   1.7299147e-01   3.6310294e-02  -5.1757491e-03   1.2856297e-01  -1.5473820e-01  -2.3971625e-02   5.1618322e-02  -6.3869573e-02  -3.0768352e-03  -4.3901058e-02  -1.5746740e-01   5.8072098e-02   1.2632807e-02  -1.2913549e-01  -1.0042513e-02  -3.1614849e-02   4.5020069e-03  -1.0311084e-01   1.6081889e-02  -5.9341372e-02   6.5801059e-02  -4.0897274e-02   2.6257919e-02   7.1944736e-02  -1.5729805e-01  -1.4336424e-01   8.0979237e-03  -2.7327565e-02   4.2196217e-02   9.0702409e-02   2.2069303e-02  -9.3751267e-02  -7.4953791e-02   1.5603468e-02  -7.9411065e-02   2.5230936e-02   1.6528103e-02   1.1516609e-01  -5.0662539e-02  -4.3856697e-02   5.8689904e-02  -1.3705212e-01   2.1791731e-02  -1.4639201e-02   4.6450408e-02  -1.1107730e-01  -1.1284676e-02   1.1640520e-03  -9.3505108e-02  -5.0450234e-02  -4.2809339e-02   1.1489038e-02   1.1027358e-01   1.2448119e-01  -1.1372969e-01   4.4283055e-02   1.1019813e-01   2.5403650e-02   9.7821210e-02   8.3852326e-02   1.6978603e-01   6.4045859e-01   2.4147373e-01   0.0000000e+00   5.6120244e-02   2.2499426e-01   1.9210326e-01   1.0855919e-01   5.7929421e-02  -1.3113659e-02  -2.0071395e-02  -2.6847918e-02   5.4055969e-02  -1.8864333e-03   7.8626459e-02  -9.4254000e-03   1.1190873e-02   2.5080004e-01   1.8966578e-01   7.9417700e-02   9.9261283e-03   1.8930716e-01   1.4500567e-02  -7.8106793e-02  -2.4695081e-02  -1.4068382e-01  -1.2598208e-02   5.8469448e-02   6.0278410e-04  -2.0047123e-01   9.9164398e-02   1.5983940e-01  -7.8810061e-04  -1.1177539e-01  -4.0960383e-04  -2.9861949e-02   6.4319778e-02   5.9721780e-02  -4.9265695e-02   6.2426937e-03   2.0883851e-01   2.7342697e-01   1.8497360e-01   2.8795215e-01   2.9237793e-02   3.9291002e-02   3.3921965e-02
   8.3447771e-02   0.0000000e+00   0.0000000e+00   1.5971021e-01   9.8013180e-02   2.4740606e-01   7.4677103e-02   8.5210166e-02   1.3714943e-01  -2.1136517e-01   3.6377061e-03  -1.0301858e-01  -7.0988517e-02  -6.6379612e-02   8.3115740e-02  -5.5905803e-02   3.8336413e-03   1.1937001e-01  -3.7428943e-02   9.9918888e-04  -1.0911629e-01  -5.4168886e-02   1.3538014e-01   3.8029726e-02  -1.1265921e-01   1.8178132e-02  -4.5004064e-02  -2.5642771e-02  -3.2150701e-02   1.0702414e-01   6.7523495e-02   1.1076605e-01  -5.7653660e-02   1.1396577e-01   1.2979913e-01  -1.2798810e-01  -1.9131668e-01  -8.4550422e-02  -1.2190276e-01   1.2624553e-02  -2.1382071e-03  -4.0111944e-02  -2.0557975e-03  -7.8512632e-02  -1.0359949e-01  -1.9824669e-02  -5.5963781e-02  -3.8268128e-02   1.9137014e-01  -2.5909806e-02   1.2811896e-02  -5.4567905e-03  -4.2961058e-02  -8.7810286e-03   2.9284769e-02   4.2993416e-02  -1.2592219e-01   7.8531709e-02   4.0775927e-02  -8.2214778e-03  -5.9685761e-02   1.7306119e-02  -5.6778494e-02   1.9819757e-01   1.1593402e-01   6.1010766e-02   5.3841943e-02   1.8341583e-01   2.6118795e-01   3.3401709e-02   4.9781271e-02   7.4663381e-02   6.2477936e-02   1.9081969e-01   0.0000000e+00   2.1831188e-01   1.4343032e-01   9.0118626e-03   9.9040407e-02   1.8714255e-01   9.2917321e-02   4.2511949e-02   9.5362051e-02   1.5372061e-01  -3.4416564e-02   8.0322516e-02   1.6791825e-01   1.4657206e-01   6.6902926e-02   1.9792788e-01   2.6836943e-01  -6.8094784e-02   5.8809474e-02  -2.8696751e-02   1.8311156e-02   3.7902587e-02  -6.2464314e-02   5.1896983e-02   5.8202923e-02   1.4417423e-02  -4.9339846e-02  -4.3542567e-02   1.5797447e-01  -6.4497474e-02  -3.8519124e-02   8.4301721e-02   4.1358811e-02   4.5867699e-02  -2.4877105e-02  -2.0400191e-02   7.4710115e-02   1.9862039e-02  -6.8085706e-02  -8.0958404e-02  -2.0706449e-01   9.3516936e-02   1.5929785e-01   6.7246402e-02
   0.0000000e+00   0.0000000e+00   0.0000000e+00   0.0000000e+00   0.0000000e+00   0.0000000e+00   0.0000000e+00   0.0000000e+00   0.0000000e+00   0.0000000e+00   0.0000000e+00   0.0000000e+00   0.0000000e+00   0.0000000e+00   0.0000000e+00   0.0000000e+00   0.0000000e+00   0.0000000e+00   0.0000000e+00   0.0000000e+00   0.0000000e+00   0.0000000e+00   0.0000000e+00   0.0000000e+00   0.0000000e+00   0.0000000e+00   0.0000000e+00   0.0000000e+00   0.0000000e+00   0.0000000e+00   0.0000000e+00   0.0000000e+00   0.0000000e+00   0.0000000e+00   0.0000000e+00   0.0000000e+00   0.0000000e+00   0.0000000e+00   0.0000000e+00   0.0000000e+00   0.0000000e+00   0.0000000e+00   0.0000000e+00   0.0000000e+00   0.0000000e+00   0.0000000e+00   0.0000000e+00   0.0000000e+00   0.0000000e+00   0.0000000e+00   0.0000000e+00   0.0000000e+00   0.0000000e+00   0.0000000e+00   0.0000000e+00   0.0000000e+00   0.0000000e+00   0.0000000e+00   0.0000000e+00   0.0000000e+00   0.0000000e+00   0.0000000e+00   0.0000000e+00   0.0000000e+00   0.0000000e+00   0.0000000e+00   0.0000000e+00   0.0000000e+00   0.0000000e+00   0.0000000e+00   0.0000000e+00   0.0000000e+00   0.0000000e+00   0.0000000e+00   0.0000000e+00   0.0000000e+00   0.0000000e+00   0.0000000e+00   0.0000000e+00   0.0000000e+00   0.0000000e+00   0.0000000e+00   0.0000000e+00   0.0000000e+00   0.0000000e+00   0.0000000e+00   0.0000000e+00   0.0000000e+00   0.0000000e+00   0.0000000e+00   0.0000000e+00   0.0000000e+00   0.0000000e+00   0.0000000e+00   0.0000000e+00   0.0000000e+00   0.0000000e+00   0.0000000e+00   0.0000000e+00   0.0000000e+00   0.0000000e+00   0.0000000e+00   0.0000000e+00   0.0000000e+00   0.0000000e+00   0.0000000e+00   0.0000000e+00   0.0000000e+00   0.0000000e+00   0.0000000e+00   0.0000000e+00   0.0000000e+00   0.0000000e+00   0.0000000e+00   0.0000000e+00   0.0000000e+00   0.0000000e+00   0.0000000e+00
   4.9614480e-02   1.5971021e-01   0.0000000e+00   0.0000000e+00   1.3684086e-01   1.1509799e-01   1.8418199e-01   1.2941405e-02  -4.7064441e-02   2.8850639e-03   1.6392323e-01  -5.7799255e-02   6.7244684e-02   6.4038110e-02   1.3779284e-01   1.2902344e-01   3.3741952e-02   4.2327691e-02   5.2110239e-02   8.3756795e-02   9.6382965e-02  -2.1912754e-03   1.1265358e-01   2.8669976e-03   7.8143320e-03   1.1913325e-02   7.6441217e-02  -8.7540547e-02   4.3590016e-02   7.9993938e-02   4.1088124e-02   6.7356994e-02   1.1853005e-01   1.1801461e-01   4.4428767e-02   6.6812591e-02   7.8937621e-02   5.0186522e-02  -2.5080296e-02   2.3833297e-01   1.1689101e-01   5.4901615e-02   7.6490488e-02   1.2043697e-01   3.0965548e-02   8.6975051e-02   6.7280614e-03   4.6408203e-02   1.1481935e-01   7.5464820e-02   2.0920674e-01   6.8601957e-02   5.5659064e-02   8.3256597e-02   1.2352927e-01   1.0403247e-01   6.8967069e-02  -2.3436402e-02   1.7576946e-01   8.1773595e-02  -1.6489118e-02  -1.0112601e-02  -5.1714830e-02   1.4147302e-01  -4.7161669e-02   1.8383996e-01   6.9101202e-02   1.3827688e-01   1.4242802e-01   7.4851286e-02  -4.4006117e-02   4.3831206e-02   3.5997896e-02   8.8560727e-02   0.0000000e+00   1.2382461e-01   4.5889180e-02   6.2197414e-02  -1.3754151e-02   6.0905752e-03  -2.6720584e-02  -1.1295844e-02  -2.3449249e-02   6.5354999e-02   4.0153985e-02   6.0416651e-02   5.1811623e-02  -1.8225692e-02   3.1167757e-02   9.2699148e-02   7.2736627e-02  -1.1003424e-02   5.6331364e-02   4.1396887e-02   1.2801138e-01   8.1769647e-02   4.2033045e-02  -1.0312052e-02  -3.1309740e-02   2.6800559e-02   2.1931193e-02   1.2447092e-01   9.8661943e-02   3.7152328e-02   1.6070549e-02  -4.5343018e-02   3.6957806e-02   1.4316444e-01   1.2598011e-02   4.7207742e-02   1.3130710e-01   1.1104054e-01   6.7003765e-02   6.7764497e-02  -5.8110558e-03   1.2797187e-03  -6.6653338e-02   3.8805646e-02
   1.3296041e-01   9.8013180e-02   0.0000000e+00   1.3684086e-01   0.0000000e+00   4.4336613e-01   3.9313972e-01  -1.3773386e-01  -3.4813446e-02   1.2275221e-01   1.7937989e-01   7.4766591e-02   1.7694413e-02   2.3090364e-01   2.4174088e-01   4.8819669e-02   6.0273939e-01   4.4154713e-01   2.5676029e-01   6.0686973e-01   1.9016518e-01   1.5783943e-01   8.3245849e-02   8.9393057e-02   2.2943198e-01   2.4924595e-01   5.9374223e-01   4.0058964e-01   3.5829280e-01   2.6581718e-01   5.5342228e-01   2.9663637e-01   2.1253425e-01   2.3116798e-01   4.6513515e-02   2.9766387e-01   1.9777617e-01   1.4408732e-01   6.3850090e-02   3.0138738e-01   1.2803738e-01   2.4727003e-01   4.1878430e-01   2.5117089e-01   6.2390825e-02   2.6023658e-01   4.6014887e-01   6.1904001e-02   2.5369284e-01   6.5676696e-01   5.0905627e-01   2.4525559e-01   1.0993949e-01   2.0556251e-01   2.4236650e-01   2.3980319e-01   2.6118741e-01   8.6472908e-03   2.3230509e-01   2.8531169e-01   3.6116736e-02   9.7035826e-02  -1.3176193e-01   1.4934667e-01  -1.7440362e-03   3.4843923e-01   1.2568363e-01   2.7504427e-01   1.7655545e-01   4.1259981e-01  -1.6897992e-02   2.2318497e-01   3.0530402e-01   2.4612300e-01   0.0000000e+00   1.6496404e-01  -3.8006662e-02   8.8446562e-02   4.3958793e-01   1.5908475e-01   4.7691036e-01   4.3098238e-01   3.9930850e-01   4.3096747e-01   5.0215516e-01   3.3538546e-01   3.6837460e-01   3.0294339e-01   3.1108512e-01   3.4013763e-01   2.2566289e-01   4.6735667e-01   2.2310194e-01   1.7767913e-01   1.5245541e-01   5.8826204e-03   6.1176934e-02  -2.1216152e-02   2.0988424e-02   2.5905790e-02   3.8567285e-01  -1.9032808e-03   3.3856320e-01   1.9679613e-01   1.2460955e-01  -7.4519276e-02   9.0577897e-03   1.5069790e-01   2.2293690e-02   1.2109739e-01   2.5913734e-01   1.6291420e-01   1.0075560e-01   2.6717806e-01   1.4692600e-01  -1.2028854e-01   5.4415609e-02   1.0657594e-01
   6.3925130e-02   2.4740606e-01   0.0000000e+00   1.1509799e-01   4.4336613e-01   0.0000000e+00   1.9459778e-01   7.4715570e-03  -4.0085622e-03  -1.8601306e-01   1.4493144e-01  -1.0869999e-01  -3.6123299e-02   6.8496658e-02   4.1374722e-02  -5.4317307e-02   1.6320160e-01   2.2687508e-01   5.1327810e-02   1.4691621e-01   1.2831843e-02  -9.9069849e-03  -3.0604769e-02  -5.2857989e-02  -1.4541237e-02   7.6888895e-03   7.7319937e-02   1.7214707e-01   5.6023293e-02   1.0486818e-01   1.3603809e-01   2.6540232e-01   5.9673842e-03   6.2648870e-02   1.3169198e-01  -2.6710521e-02  -1.1973810e-01  -2.7466083e-02  -6.0221232e-02   5.2706507e-02   7.8061633e-02  -8.0575528e-03   1.1783822e-01   3.1463267e-02  -6.2779876e-02   4.8189267e-02   2.4078043e-01   3.5508823e-02   6.9525308e-02   2.4308753e-01   1.4259023e-01   1.4247837e-01   3.0561614e-02   1.8115085e-01   6.4684776e-02   6.8695732e-02   4.0327482e-02   2.8534505e-02   2.3726629e-02   9.2707993e-02  -1.8698887e-02   1.4899910e-02  -1.0555589e-01   8.6682104e-02   1.1801562e-01   7.6383118e-02   1.3203347e-01   2.5842501e-01   1.4073606e-01   1.8386310e-01   1.6180823e-01   3.3271631e-01   2.0405815e-01   2.1571035e-01   0.0000000e+00   1.7774941e-01   7.7929478e-02   3.5185971e-02   2.6600363e-01   2.0677000e-01   1.9703225e-01   2.5467087e-01   1.8855572e-01   2.8365236e-01   1.3414942e-01   2.0006800e-01   1.9090867e-01   2.5951609e-01   2.3557736e-01   3.3363499e-01   2.3710093e-01   2.0605479e-01   2.2231631e-01   3.8756971e-02   9.9592115e-02   1.2195571e-01   1.5804934e-02   2.8458471e-02   7.0828777e-02   1.4492875e-01   5.4395812e-02   5.0205269e-03   1.8951580e-01   5.0704334e-02   3.5530915e-02  -6.9910596e-02   3.2350284e-02   8.0572523e-02  -6.8708498e-04  -2.8967518e-03   5.0295764e-02  -9.9845283e-03  -4.2839758e-02   1.1079827e-02  -5.7565343e-02  -3.1504091e-02   1.8175740e-01   1.4626216e-01
   2.2998793e-01   7.4677103e-02   0.0000000e+00   1.8418199e-01   3.9313972e-01   1.9459778e-01   0.0000000e+00  -8.1384233e-02  -5.5458728e-02   1.1934342e-01   2.4212433e-01  -1.5387880e-02   4.5581536e-02   1.4049598e-01   2.5697824e-01  -2.3021372e-02   2.5974648e-01   2.2194599e-01   4.4491299e-02   3.6120315e-01   1.3184246e-01   1.0517650e-02   1.5284471e-01   9.1720417e-02   9.4890849e-02   8.6187658e-02   2.3908713e-01   2.0207518e-01   2.9899586e-01   4.2716149e-01   3.8769034e-01   3.2717013e-01   3.9037663e-01   4.6652204e-01   1.0157441e-01   1.7543902e-01   1.8552001e-01   1.0173060e-02   4.4227626e-02   3.1012710e-01   7.6054790e-02   8.0323252e-02   3.4186271e-01   1.4937797e-01  -5.4536824e-02   2.7175121e-01  -2.5757455e-02   2.8114899e-03   2.3365802e-01   3.0353645e-01   3.9088368e-01   2.2886006e-01   1.4442635e-01  -3.1500464e-03   1.3169855e-01   3.0044220e-01  -1.9881365e-02  -3.6337442e-02   1.4330238e-01   1.2386648e-01  -1.8752550e-01  -7.2322447e-02  -1.8920524e-01   2.3172486e-01   1.4252301e-01   4.3524044e-01   1.9669619e-01   3.7498182e-01   4.0891450e-01   1.6253308e-01  -1.8665589e-02   1.0872607e-01   2.7708722e-01   3.4951522e-01   0.0000000e+00   3.1460933e-01   1.0178545e-01   6.5223789e-02   2.1973454e-01   1.6480639e-01   2.0739262e-01   2.7485670e-01   1.4621783e-01   2.1117204e-01   3.3430787e-01   3.3238204e-01   5.0896429e-01   2.1103119e-01   2.9920663e-01   2.7116461e-01   3.5904391e-01   3.9939312e-02  -7.2858399e-03   1.5703683e-01  -1.8731041e-03   1.3185216e-01   1.9435434e-02  -1.0973380e-01   1.2180644e-02   5.2778005e-02   1.8365602e-01  -1.0790880e-01   2.6147144e-01   1.4047654e-02  -7.0092428e-02  -1.3742286e-02   2.5060926e-02   1.0035769e-01   3.8847689e-03   8.8846888e-02   4.2520887e-01   1.7181325e-01   1.6816935e-01   1.1876022e-01   1.3340467e-01  -1.1213461e-02   6.4884350e-02   6.1984364e-02
  -1.7833680e-02   8.5210166e-02   0.0000000e+00   1.2941405e-02  -1.3773386e-01   7.4715570e-03  -8.1384233e-02   0.0000000e+00   3.6850905e-01  -1.6327318e-01  -1.0545480e-01  -8.3206549e-02   1.5828260e-01   1.5391322e-02   5.5916335e-02   1.2621011e-01  -6.5559697e-02  -3.5365149e-02  -1.6072256e-02  -1.9086664e-01  -1.1273432e-01  -7.7973990e-02   7.8783937e-02   2.7184339e-02  -8.8969287e-02  -7.4155946e-02  -1.3736466e-01  -6.1051199e-02  -1.4129665e-01  -3.6853817e-02  -2.3674090e-01   1.5663598e-01  -8.0928353e-02  -5.0797910e-02   2.4950134e-01  -2.9961904e-03  -5.6961160e-02   2.9791470e-02   1.2351514e-01   5.5507060e-02   6.0271903e-02  -5.2096048e-02   7.5286982e-02   8.1528636e-02  -1.9457373e-01  -5.7125041e-02   2.2955560e-02   1.0386502e-01   1.2198095e-02  -1.0075313e-01  -1.1292537e-01   4.2656368e-03   1.1683828e-01   6.2676740e-02   6.2948890e-03  -2.0705265e-02  -1.1397192e-02   1.3903972e-01  -8.4693804e-03  -1.7322204e-01  -2.1684573e-02  -2.7344237e-02   7.9691839e-02   6.6776443e-03   1.1191208e-01  -9.5776446e-02   4.9506123e-02   7.6563326e-02   8.9932537e-02  -3.1514756e-02   1.2387311e-01   1.0372900e-01  -1.7929477e-01  -1.4117493e-01   0.0000000e+00   1.3394380e-01   2.1674932e-01   1.8612352e-01  -1.2442584e-02  -1.9306468e-02  -1.0764568e-01  -1.3680249e-01  -9.7477810e-02  -1.1081867e-01  -4.6287371e-02   5.1350029e-02  -1.2371540e-01  -9.7410177e-02   5.4937646e-02   7.6625721e-03   2.0327550e-01  -3.6780885e-02   6.2594801e-02   5.9456225e-02   1.4360654e-01   1.2492734e-01   2.0941783e-01   2.5942651e-01   3.0301520e-01   1.6937236e-01  -4.1614744e-02   1.9016287e-01  -6.5674688e-02  -7.7323246e-02   1.1953919e-01   1.3299396e-01   1.9612648e-01   1.8304607e-01   2.6347940e-01   3.3652601e-02   5.6091406e-02   6.3438858e-02   7.2515732e-02  -4.1350164e-02  -7.0357859e-02   6.4485021e-01   2.1969650e-01  -1.9421270e-02
   1.4937659e-01   1.3714943e-01   0.0000000e+00  -4.7064441e-02  -3.4813446e-02  -4.0085622e-03  -5.5458728e-02   3.6850905e-01   0.0000000e+00  -6.3724239e-02  -6.4907854e-02  -4.8110563e-02   1.1046893e-01  -8.0995556e-02   1.1089202e-01   3.5231443e-02   5.2271034e-02   6.3745336e-04   2.1822612e-02  -2.0401222e-01  -1.3824798e-01  -1.0263811e-01   1.5501603e-02  -1.5021779e-02  -1.2246405e-01  -1.4101218e-01  -1.1397334e-01   2.7114673e-03  -5.5415976e-02  -1.1481790e-02  -1.7408916e-01   2.1814361e-01  -3.8801183e-02   2.1172672e-02   2.2288264e-01   2.5999908e-02   1.8374870e-02   2.3639364e-01   2.1922545e-01   2.6706712e-02   1.7396952e-01   1.5000936e-01   2.0984356e-01   1.2772654e-01  -8.0713535e-02   9.3171941e-02   3.9447735e-02   1.4816155e-01   2.0238586e-01  -7.5914400e-02  -1.9797752e-01   1.1956077e-01   1.4881828e-01   8.0731568e-02   5.9636444e-02  -1.6698989e-02  -1.1610882e-02   1.2572510e-01   1.6036898e-01  -2.5163249e-01   9.6569728e-03  -3.5900973e-02   4.5914751e-03   1.6604556e-01   3.0471266e-01   7.3112958e-02   1.2077554e-01   9.1359616e-02   8.3302904e-02   5.5416447e-02   1.2246328e-01  -2.3371688e-03   6.0824372e-02   1.1754547e-01   0.0000000e+00   5.9266519e-02   3.8285155e-01   2.4181059e-01   1.4665054e-01   2.9220481e-02  -5.4560349e-02  -9.0186536e-02  -9.2889175e-02  -9.0259710e-02  -4.2359420e-02   1.1651912e-01  -1.3495861e-02  -3.1307813e-02   2.3805428e-01   9.1698935e-02   2.3796604e-01   6.3374696e-03   1.8022674e-01   1.1057519e-01   1.5290175e-01   1.6531922e-01   2.6631801e-01   4.5828387e-01   6.0626057e-01   2.5779035e-01  -6.0778097e-02   2.3869591e-01  -9.3389304e-03  -1.0865664e-01   7.3535235e-02   2.0455938e-01   2.4886076e-01   1.7337323e-01   2.8442707e-01   2.6990161e-01   1.6354146e-01   2.1748968e-01   2.2116666e-01   2.0273422e-01   1.1571811e-01   3.3866868e-01   2.8455806e-01  -4.6483970e-02
   4.6485256e-02  -2.1136517e-01   0.0000000e+00   2.8850639e-03   1.2275221e-01  -1.8601306e-01   1.1934342e-01  -1.6327318e-01  -6.3724239e-02   0.0000000e+00   2.0459541e-01   9.3206424e-02   2.9849752e-01   1.5596769e-01   8.9018855e-02   2.4823000e-01   3.2450709e-01   1.1051396e-01   1.1395949e-01   2.6404285e-01   3.0361644e-01   3.5354135e-01   6.3341924e-02   5.3489247e-02   3.2679442e-01   1.9581312e-01   4.1510619e-01   1.1997376e-01   3.5924042e-01   1.3237521e-01   3.1188350e-01  -1.8471357e-03   5.5552917e-01   1.5687063e-01  -6.6816585e-02   4.9271271e-01   7.3190689e-01   3.8428401e-01   3.7570729e-01   4.0526481e-01   2.5956434e-01   2.9697941e-01   1.8077854e-01   2.0258659e-01   3.4954722e-01   2.7921154e-01   1.4164279e-01   1.1832272e-01   8.7118241e-02   1.2892024e-01   1.7866983e-01   4.5346497e-02   1.1434142e-01   7.3085444e-02   2.1958946e-01   1.4831144e-01   1.7221359e-01  -7.7413567e-02   3.3639944e-01   1.4786771e-01   2.3816602e-03   2.7898044e-03   1.0304434e-01  -5.0042783e-02  -1.4328239e-01   2.0247378e-01  -4.2318237e-02  -1.5417159e-01  -1.7643402e-01   4.4847197e-02  -2.8419812e-01  -1.7547005e-01   5.0408757e-03  -8.0686452e-02   0.0000000e+00  -2.7279239e-01  -7.7806327e-02   4.1923032e-02  -8.9710743e-02  -2.3373126e-01  -9.4162265e-02  -1.2066592e-01   4.2870099e-02  -1.4116023e-01   1.0706619e-01   3.9777579e-02   9.8410262e-02  -2.1920977e-01   9.8017694e-03  -1.8630194e-01  -1.3451538e-01  -5.5815423e-02  -2.4245284e-01   5.5292581e-02  -5.8380566e-02  -5.4838589e-02   5.8366400e-02  -3.8429382e-02  -1.8476138e-02  -1.8785366e-02   2.7665524e-01  -6.3012002e-02  -1.6631880e-01   6.1351108e-02   4.7305218e-02  -6.3579445e-02  -6.7040010e-02   9.4819599e-03  -6.6590365e-04   1.8688192e-01   1.6087277e-01   1.4626266e-02   6.4720227e-02   1.4156345e-01   1.7887880e-01  -1.2424742e-01  -1.6835783e-01  -1.5045783e-01
   4.6517951e-02   3.6377061e-03   0.0000000e+00   1.6392323e-01   1.7937989e-01   1.4493144e-01   2.4212433e-01  -1.0545480e-01  -6.4907854e-02   2.0459541e-01   0.0000000e+00  -9.4098926e-02   1.7649171e-02   1.6717792e-01   2.1124896e-01   6.2719048e-02   2.1472707e-01   8.5234039e-02   1.1170202e-01   1.1605779e-01   1.7785565e-01   5.2939090e-02   1.2469850e-01   6.2848969e-02   1.2908570e-01   9.9143484e-02   8.0951971e-02   1.3940800e-01   1.8207949e-01   2.2792491e-01   1.8515563e-01   5.9666858e-02   4.3412281e-01   3.4509789e-01   1.3436295e-01   1.3657394e-01   1.9207270e-01   1.8864838e-01   7.9402626e-02   4.4054555e-01   2.9103197e-01   2.1165316e-01   1.5393443e-01   1.1267399e-01   1.7103738e-01   1.8507445e-01   7.4185418e-02   1.3390058e-01   1.3133072e-01   2.0204957e-02   2.4875110e-01   7.0692006e-02   8.5674992e-02   2.4127770e-01   1.3647796e-01   2.3850916e-01  -1.9690600e-02  -1.2161286e-02   2.8471574e-01   1.3714237e-01  -1.1220085e-01  -7.3183270e-02  -1.6909548e-02   2.3082030e-01   3.4931209e-02   2.4966606e-01   8.0931367e-02   1.6818294e-01   1.8892863e-02  -3.4530354e-03  -1.5099494e-02   3.3916828e-02   1.7447858e-01   2.2669115e-01   0.0000000e+00   4.0668047e-02  -8.0590204e-02  -1.7741333e-02  -1.3217019e-01  -2.7743379e-02  -1.1922659e-01   3.6465477e-02   2.8925522e-02  -3.4963180e-02   1.1989224e-02   4.8267671e-02   1.8160305e-01  -6.9781465e-02   9.8791961e-02   5.6960815e-02   1.9742091e-02  -8.7399013e-02  -2.7223904e-02   1.2062859e-02   2.8957103e-02   7.4701859e-02  -2.7611211e-02   1.6591484e-02  -2.9077639e-02   3.0502680e-02   1.1140200e-01   2.6287031e-02   1.0128759e-01   1.4607219e-02  -5.6801423e-02  -6.8156742e-02   1.9926683e-02   1.0731350e-01  -7.9532690e-02   1.1440651e-01   1.7636662e-01   4.4621493e-02   4.7778939e-02   2.9741975e-02   7.3380377e-02  -7.3108281e-02  -1.1609166e-01  -3.4144618e-02
   1.7299147e-01  -1.0301858e-01   0.0000000e+00  -5.7799255e-02   7.4766591e-02  -1.0869999e-01  -1.5387880e-02  -8.3206549e-02  -4.8110563e-02   9.3206424e-02  -9.4098926e-02   0.0000000e+00   1.7148076e-03  -1.8476481e-02   7.6207373e-02  -1.2256016e-02  -1.8806360e-02   9.5739697e-02   3.5211392e-04   6.7631812e-02  -2.2320376e-02  -2.9093686e-02  -1.6812192e-01  -4.6653541e-02  -2.1699666e-02  -1.6085718e-02   1.5903870e-01   2.7606663e-02   9.9522061e-02  -1.2686722e-03   9.7691375e-04   8.0435013e-02  -1.0304223e-01  -1.0613269e-01   3.3947077e-02   8.3961164e-03   1.4026776e-02  -7.0835756e-02  -1.6099703e-02  -6.1791956e-02  -9.9391107e-02  -5.3473549e-02   3.0220526e-02  -9.8963106e-02   1.4530977e-01   1.4806937e-03   6.1208602e-02  -1.5448625e-02   2.2092618e-03   8.4189405e-02   6.2343397e-02  -1.2378914e-01  -1.1280359e-01  -2.2826337e-02   1.5995276e-02   3.0335088e-02   3.0557269e-02  -2.6032907e-02   1.1881993e-01   6.0461214e-05  -1.7270562e-02  -1.4156506e-02  -3.5532855e-02  -7.9022640e-02  -2.3376150e-02  -1.7989622e-02  -3.6854070e-02  -7.9486400e-02  -1.2083777e-01   4.8217826e-02  -4.7281255e-03   9.1959258e-02   2.4581377e-02  -2.6754102e-01   0.0000000e+00  -9.5072486e-02  -3.7759418e-02  -5.1827847e-02   9.3193847e-02  -6.9506768e-02   1.0745142e-01   5.2202339e-02   6.9180210e-02   2.2104136e-03   6.2977965e-02  -2.0776500e-01  -8.9431950e-02  -1.0340137e-02  -7.8061380e-02   4.0469297e-02   1.3269823e-02   8.2451571e-02  -3.8345450e-02  -3.7506958e-04   3.2895749e-02  -5.7308527e-02  -1.3003323e-01  -4.5743055e-02   2.3521609e-02   1.4071721e-02  -5.8584401e-03  -3.6336694e-02   1.0645077e-01   7.6379558e-02  -7.0397568e-03  -7.4174680e-02  -1.6191694e-02   9.0725511e-03  -5.9463454e-02  -1.2139654e-01  -3.2954024e-02   1.6719671e-01   2.3691894e-01   1.1342736e-01   2.9251061e-01   1.0344422e-02  -2.5108082e-02  -2.4585404e-02
   3.6310294e-02  -7.0988517e-02   0.0000000e+00   6.7244684e-02   1.7694413e-02  -3.6123299e-02   4.5581536e-02   1.5828260e-01   1.1046893e-01   2.9849752e-01   1.7649171e-02   1.7148076e-03   0.0000000e+00   3.6271913e-01   1.9329871e-02   2.0550016e-01   1.3563467e-01   1.9797746e-01   1.3669227e-01   3.2647981e-01   2.0146618e-01   3.4515381e-01   8.8718412e-02  -1.8597805e-02   3.2637766e-01   2.7116994e-01   3.2586257e-01   5.4955947e-02   1.2130179e-01   1.3170843e-01   1.1229568e-01   1.2029024e-02   8.3068528e-02  -8.6118445e-02   5.0129194e-02   3.3026445e-01   3.0486258e-01   2.8083609e-01   3.0410772e-01   2.5102068e-01   2.2942093e-01   2.5735933e-01   1.2593883e-01   1.9311894e-01  -4.5088743e-02   1.7737352e-01   2.4677802e-01   1.8807301e-01   5.1095219e-02   1.4253066e-01   7.8726340e-02   1.1835180e-01   1.6250968e-01   1.2333660e-01   2.8079752e-01   1.5029835e-02   3.2512597e-01  -8.5731513e-02   2.2733681e-01   4.6922240e-02   3.1291554e-01   1.8186280e-01   3.9732052e-01  -1.8530660e-01  -5.3438483e-02   6.0282936e-02   6.0794262e-02  -1.8433728e-01  -1.3523870e-01   3.0482889e-01  -3.9176988e-02  -3.4632577e-02  -4.9520457e-02  -1.8466752e-02   0.0000000e+00  -2.1537670e-01   1.7528969e-01   2.4527368e-01   1.5168295e-01  -1.1539570e-01   7.6114926e-02  -5.7786128e-02   1.1006470e-01   1.8086746e-02   1.8865921e-01   6.3916953e-02   5.6260331e-02  -1.1939380e-01   9.1030803e-02  -1.2173766e-01  -1.8314839e-01   9.7439683e-02  -8.2721330e-02   1.3374363e-01   6.3729519e-02  -6.1385540e-02   2.1645556e-01   1.2495536e-01   7.1271959e-02   7.4335578e-03   1.4787016e-01   2.5538204e-01  -1.4339850e-01   9.0618599e-02   3.8413976e-01   1.3633005e-01   1.8662631e-02   5.9213996e-02   2.8802577e-01   1.1676423e-01   2.0799413e-01  -2.3624192e-02   2.3335479e-02   2.5165545e-01   1.3649050e-01   1.6305885e-01   5.6533569e-02   2.2673181e-02
  -5.1757491e-03  -6.6379612e-02   0.0000000e+00   6.4038110e-02   2.3090364e-01   6.8496658e-02   1.4049598e-01   1.5391322e-02  -8.0995556e-02   1.5596769e-01   1.6717792e-01  -1.8476481e-02   3.6271913e-01   0.0000000e+00   1.3165948e-01   6.2009780e-02   2.1102092e-01   9.9659404e-02   1.5700582e-01   4.3319793e-01   5.6510493e-01   4.5732566e-01   1.8753643e-01   4.6508539e-02   4.7872804e-01   3.7664688e-01   2.5369581e-01   1.4797147e-01   1.3259332e-01   1.4260240e-01   2.2113709e-01   3.7865740e-02   1.5130541e-01   1.1420065e-01   1.5861086e-01   2.3261059e-01   6.4111536e-02   1.7955247e-01   8.9965355e-02   2.3079224e-01   1.2103890e-01   1.7465787e-01   1.0001411e-01   1.2229640e-01   1.2060819e-01   9.3736055e-02   3.2835469e-01   2.4261860e-01   1.3074332e-01   2.1535384e-01   1.3989149e-01  -1.0591350e-02   6.9605754e-02   3.0241759e-01   1.1723233e-01   1.3979818e-01   4.7909040e-01  -3.1649698e-02   1.5421761e-01   2.8891447e-01   2.4418252e-01   1.6831465e-01   2.9955053e-01   9.0611024e-02  -7.8114633e-03   1.0469120e-01   1.9195727e-01   1.7683315e-01   7.6301697e-02   1.7452597e-01   2.8165533e-02   1.1919639e-01  -6.0450356e-02  -6.6562999e-04   0.0000000e+00   9.7360461e-02  -6.0970695e-02  -5.4338612e-02   3.9069940e-02   1.4482187e-01   1.0542591e-01   8.8706917e-02   2.4413132e-01   2.1311944e-01   1.4067317e-01   3.4927633e-02   7.8155555e-02   1.4625324e-01  -3.0135138e-02   3.1118262e-03  -6.6464512e-02   8.3865932e-02  -8.1787046e-03   1.4341641e-01   6.4222020e-02  -4.5447733e-02  -2.0117830e-02  -5.7478489e-02  -4.7607031e-02   2.5353641e-02   1.3615256e-01  -1.7515717e-02   4.4508111e-03   8.0534161e-02   5.8736726e-01   1.9843551e-01  -5.8349878e-03   6.3662197e-02   1.8266346e-01  -5.0060968e-03   2.0611438e-01   1.2238224e-02   1.8970029e-02   2.5069847e-02  -4.3049451e-02  -4.5508590e-04   8.5447958e-02   3.3228801e-01
   1.2856297e-01   8.3115740e-02   0.0000000e+00   1.3779284e-01   2.4174088e-01   4.1374722e-02   2.5697824e-01   5.5916335e-02   1.1089202e-01   8.9018855e-02   2.1124896e-01   7.6207373e-02   1.9329871e-02   1.3165948e-01   0.0000000e+00   2.9400960e-01   3.1291776e-01   1.6621217e-01   1.5996309e-01   2.1836063e-01   1.7467385e-01   3.0801711e-02   1.6144930e-01   1.2682878e-01   1.1116076e-01   2.9964217e-02   1.2666802e-01   1.3088339e-01   2.1522200e-01   3.1462194e-01   2.1890246e-01   8.8214779e-02   3.6143040e-01   2.9386335e-01   2.4023519e-02   1.7508701e-01   1.9040450e-01   1.3065627e-01   5.6525271e-02   1.9488762e-01   1.1395033e-01   2.3599944e-01   2.1976269e-01   2.4298738e-01   7.4601043e-02   2.2074867e-01   5.1392746e-02   1.9160055e-01   2.8006586e-01   1.2329702e-01   2.4536742e-01   1.8966689e-01   1.4548543e-01   2.0453490e-01   3.5662775e-01   5.9816480e-01   2.2927375e-02   4.5680179e-02   3.2695313e-01   8.4630171e-02  -6.7515798e-02  -3.9615450e-02  -1.1127292e-01   3.9055806e-01   1.9407305e-01   2.2692107e-01   1.6554848e-01   2.6106947e-01   2.3965026e-01   4.6911191e-02  -2.7643833e-02   8.9252736e-02   6.3453352e-02   1.4513645e-01   0.0000000e+00   1.6833679e-01   6.2985798e-02   8.6100181e-02   6.6975699e-02   7.2214102e-02   5.6821850e-02   1.5524060e-01   5.4566330e-02   3.5606267e-02   1.3012563e-01   8.3622485e-02   1.5736262e-01   2.3093550e-02   1.1086535e-01   1.1744619e-01   2.0794967e-01   5.9109822e-02   1.0839616e-03   1.1408361e-01   1.5591977e-01   9.9879313e-02   2.7937860e-02   3.8250374e-02   8.1760425e-02   7.3837572e-02   2.1288820e-01  -9.2007755e-03   2.3514520e-01   2.2034936e-02   2.9426713e-02   9.0809471e-02   1.2462008e-01   1.8805959e-01   8.1665870e-02   1.4902995e-01   4.4202161e-01   3.3251010e-01   3.1227690e-01   1.2756051e-01   2.3434549e-01   1.1517427e-01   5.3666240e-03   1.7126848e-02
  -1.5473820e-01  -5.5905803e-02   0.0000000e+00   1.2902344e-01   4.8819669e-02  -5.4317307e-02  -2.3021372e-02   1.2621011e-01   3.5231443e-02   2.4823000e-01   6.2719048e-02  -1.2256016e-02   2.0550016e-01   6.2009780e-02   2.9400960e-01   0.0000000e+00   2.1989352e-01   1.4939171e-01   1.5226086e-01   1.3146742e-01   1.2691666e-01   1.4940233e-01   2.5018600e-02   4.3755286e-02   1.7487625e-01   2.9479742e-02   2.4021752e-01   1.1479504e-02   1.7655689e-01   1.3735535e-01   1.2913681e-01  -1.9928644e-02   3.2137509e-01   8.2107949e-02  -6.4464756e-03   3.0732209e-01   3.9039585e-01   1.5837044e-01   2.1696852e-01   2.1653387e-01   1.6257902e-01   1.2821192e-01   1.5030348e-01   2.3457977e-01   7.5809187e-03   1.2825913e-01   1.4132509e-01   1.8376770e-01   2.8464327e-02   1.9958984e-01   1.2709429e-01   1.3123264e-01   1.9763319e-01   1.9877556e-01   5.9515890e-01   2.6560086e-01   2.2753440e-01  -1.9760075e-03   2.4751515e-01   7.5776163e-02   4.1675023e-02   2.1058153e-02   3.0420465e-02  -9.0313128e-03   5.2753668e-02   2.2351416e-01   5.2669432e-02  -3.1590921e-02   3.8632733e-02   6.3740107e-02  -1.2144742e-01  -7.3940532e-02  -1.7175944e-01  -1.5868277e-01   0.0000000e+00  -9.3531824e-02   1.1125890e-01   1.4323683e-01  -5.8467536e-02  -1.1298290e-01  -2.9647456e-02  -5.1475432e-02   4.6568816e-02  -5.6235293e-02   1.5249295e-01   4.7672567e-02   3.7997232e-02  -1.6476049e-01  -3.5912969e-02  -7.7934317e-02   1.8284159e-02   5.5032692e-02  -1.4357811e-01   1.8410473e-01   2.0907885e-01   1.4925819e-02   1.9765583e-01   4.6699087e-02   4.5497261e-02   1.6484831e-02   2.1347919e-01  -1.1800989e-02  -6.6623053e-02   5.3210051e-02   1.7956610e-01   8.3230224e-02   1.4133738e-01   1.9124916e-01   1.0531920e-01   2.8592741e-01   2.1659762e-01   1.9086884e-01   6.5723862e-02   1.8965187e-01   1.3761330e-02   1.4123243e-01  -5.7258281e-02  -1.0170410e-01
  -2.3971625e-02   3.8336413e-03   0.0000000e+00   3.3741952e-02   6.0273939e-01   1.6320160e-01   2.5974648e-01  -6.5559697e-02   5.2271034e-02   3.2450709e-01   2.1472707e-01  -1.8806360e-02   1.3563467e-01   2.1102092e-01   3.1291776e-01   2.1989352e-01   0.0000000e+00   5.2390055e-01   2.6228175e-01   5.8971150e-01   4.0917917e-01   2.4077206e-01   1.8714766e-01   1.8008931e-01   2.8497142e-01   1.6393348e-01   4.4785079e-01   1.8702735e-01   4.7426336e-01   2.3256363e-01   6.0372348e-01   1.7343331e-01   4.0678747e-01   3.8771556e-01  -4.2201944e-03   4.0011810e-01   3.6462855e-01   2.7951618e-01   1.7590155e-01   3.7952373e-01   1.5563714e-01   4.4474802e-01   4.6568156e-01   3.3814467e-01   1.4308175e-01   4.4795618e-01   2.3397678e-01   2.6960426e-01   2.7946706e-01   5.5767438e-01   5.2709538e-01   2.1476292e-01   1.9003377e-01   1.4957586e-01   3.3201329e-01   3.7990628e-01   2.2905330e-01   7.3423559e-02   3.7218175e-01   2.4295001e-01   7.0921716e-03   9.7954257e-03  -7.9544107e-02   2.8494520e-01   8.0086200e-02   3.6274460e-01   1.6974784e-01   1.9557661e-01   1.0789644e-01   2.5852871e-01  -1.4222585e-01   9.2836007e-02   1.6380778e-01   1.5817089e-01   0.0000000e+00   8.5313104e-02  -8.2868362e-02   3.8473390e-02   2.0581573e-01   7.2383337e-02   2.3654391e-01   1.8994100e-01   2.0860698e-01   2.2902401e-01   3.1565734e-01   2.2842444e-01   3.6043971e-01   1.7423037e-01   1.5483771e-01   1.6968981e-01   2.0185497e-01   1.8932621e-01   6.6999713e-02   2.0971695e-01   1.4053576e-01   1.2526706e-01   8.7703947e-02   6.2685316e-02   6.8233117e-02   7.0322928e-02   4.0664780e-01  -5.3440109e-02   2.2489649e-01   1.1503542e-01   1.5674979e-01   5.5330868e-02   5.3997165e-02   2.7517762e-01  -8.9421012e-03   2.4437784e-01   4.5789879e-01   1.8269356e-01   9.8757883e-02   1.9618473e-01   1.1130446e-01   2.5626834e-02   1.2996282e-02  -6.0749721e-02
   5.1618322e-02   1.1937001e-01   0.0000000e+00   4.2327691e-02   4.4154713e-01   2.2687508e-01   2.2194599e-01  -3.5365149e-02   6.3745336e-04   1.1051396e-01   8.5234039e-02   9.5739697e-02   1.9797746e-01   9.9659404e-02   1.6621217e-01   1.4939171e-01   5.2390055e-01   0.0000000e+00   2.3470413e-01   4.9025110e-01   2.0957845e-01   1.5563465e-01   3.6646316e-02   4.3432127e-02   1.7403272e-01   1.5861654e-01   4.0192395e-01   1.5959527e-01   2.8849051e-01   2.1833924e-01   3.7201098e-01   1.7485520e-01   1.2721534e-01   3.9950297e-02   3.8835834e-02   3.1343720e-01   1.9942045e-01   2.4094162e-01   1.9030498e-01   2.0718731e-01   1.3640847e-01   3.8707467e-01   3.7498915e-01   2.8258393e-01   7.3016625e-02   3.0424603e-01   2.2332749e-01   2.0770960e-01   1.1932399e-01   4.4462998e-01   3.2095578e-01   1.9838000e-01   1.3323694e-01   4.9223152e-02   2.4930803e-01   2.1159249e-01   2.7066624e-01  -1.2672026e-02   2.9768648e-01   1.4381324e-01   1.3242029e-01   9.1084180e-02  -3.7259070e-02   1.7140930e-02   4.9172179e-02   2.2649992e-01   8.8434553e-02   1.0563229e-01   1.2970194e-01   5.1267099e-01  -5.8880669e-02   3.9979702e-02   1.2252070e-01   1.0437475e-01   0.0000000e+00   5.3094326e-02   8.3376359e-02   1.5403193e-01   3.7121185e-01   1.0655716e-01   3.7976695e-01   2.0961578e-01   2.9491815e-01   3.8418516e-01   4.3273355e-01   3.2479162e-01   3.0975418e-01   2.2808986e-01   2.5318509e-01   3.0282046e-01   1.4293284e-01   3.3064142e-01   1.0534227e-01   2.2359794e-01   1.8627130e-01  -1.0690201e-02   1.2642433e-01   7.1915231e-02   2.3359630e-02   2.3273039e-02   3.0124688e-01   3.6592653e-02   2.7743024e-01   1.7514969e-01   1.8966293e-01   2.8771069e-02  -1.0167153e-02   1.2828654e-01  -4.8761322e-02   1.5670220e-01   3.2407448e-01   4.3399399e-02   4.7011749e-02   2.1659665e-01   1.6785213e-01   7.9168593e-03   8.8495238e-02  -6.2747996e-02
  -6.3869573e-02  -3.7428943e-02   0.0000000e+00   5.2110239e-02   2.5676029e-01   5.1327810e-02   4.4491299e-02  -1.6072256e-02   2.1822612e-02   1.1395949e-01   1.1170202e-01   3.5211392e-04   1.3669227e-01   1.5700582e-01   1.5996309e-01   1.5226086e-01   2.6228175e-01   2.3470413e-01   0.0000000e+00   2.0341390e-01   2.0108257e-01   1.7622628e-01   1.3495850e-01   1.1896462e-01   2.6069987e-01   9.0359213e-02   3.5168338e-01   1.5401416e-01   1.6704449e-01   1.7273197e-03   1.5250310e-01   6.9051944e-02   1.8878044e-01   1.9615655e-02   8.1541052e-02   4.4025600e-01   3.1778530e-01   3.9135308e-01   3.1882568e-01   1.8853663e-01   3.0770950e-01   4.3067064e-01   3.5603115e-01   3.6304685e-01   6.0431374e-02   3.3533620e-01   3.3995475e-01   1.9591103e-01  -3.6742119e-02   2.9979595e-01   1.1224090e-01   2.2537788e-01   2.8464682e-01   2.0785113e-01   2.5219057e-01   1.1919537e-01   3.4007137e-01   2.6900685e-02   4.4009405e-01   3.3877365e-02   7.6351485e-02   4.0509219e-02   2.7681782e-02   1.0739919e-01  -3.5532643e-02   3.5487159e-01   7.9923491e-02   1.6572136e-01  -1.5653168e-02   2.2469923e-01  -1.4518397e-01  -1.4371922e-02   1.9742386e-02   4.4696742e-02   0.0000000e+00  -2.2622420e-02  -1.8222294e-02   2.2673784e-01   1.4969764e-01  -2.7861037e-02   1.7664094e-01   6.1380237e-02   7.8386549e-02   8.2069688e-02   3.1818983e-01   9.8530358e-02   6.8354532e-02   1.9276958e-02   1.8382992e-01   5.9785753e-02  -2.1285135e-02   2.7099125e-01   1.4318986e-01   3.0110972e-01   6.1703411e-01   1.3588072e-01   2.0469393e-01   2.0516991e-01   1.2383298e-01   1.3964539e-01   3.2201174e-01   2.7108098e-01   4.0468011e-02   1.1712414e-01   2.8206472e-01   2.6672240e-02   7.3170536e-02   1.2223670e-01   1.0338456e-01   2.8959360e-01   1.4851122e-01  -1.1994665e-02  -2.0069999e-02   1.3224335e-01   4.2096428e-02  -6.5186450e-02   3.5789447e-02  -2.2370452e-02
  -3.0768352e-03   9.9918888e-04   0.0000000e+00   8.3756795e-02   6.0686973e-01   1.4691621e-01   3.6120315e-01  -1.9086664e-01  -2.0401222e-01   2.6404285e-01   1.1605779e-01   6.7631812e-02   3.2647981e-01   4.3319793e-01   2.1836063e-01   1.3146742e-01   5.8971150e-01   4.9025110e-01   2.0341390e-01   0.0000000e+00   4.8662538e-01   4.1493593e-01   1.5767263e-01   1.6676325e-01   5.2087893e-01   3.4109123e-01   7.3047840e-01   1.9037122e-01   5.3449780e-01   4.0113524e-01   7.8473262e-01   1.1239285e-01   2.7819633e-01   2.3049730e-01  -3.2203532e-03   3.3788595e-01   3.0980773e-01   1.6625528e-01   4.8060126e-02   2.8039882e-01   7.4360876e-02   3.0458105e-01   3.3648116e-01   2.4395872e-01   7.4979515e-02   3.1558926e-01   3.1857190e-01   1.1074053e-01   1.7233619e-01   5.9901248e-01   6.2682038e-01   2.1585346e-01   9.4677596e-02   8.8767295e-02   2.7586870e-01   2.9402209e-01   4.6280597e-01  -5.6467563e-02   2.3307911e-01   4.6094240e-01   1.9420963e-01   2.2268891e-01  -2.9073168e-03   1.6197753e-02  -6.7319827e-02   3.5743863e-01   9.2182243e-02   4.4715811e-02   6.4159622e-02   5.4047494e-01  -1.2892755e-01   6.1249370e-03   1.1708962e-01   1.1691128e-01   0.0000000e+00  -1.8866734e-02  -7.8217752e-02   3.4336478e-02   2.9781051e-01   8.5002518e-02   4.4626955e-01   2.9496319e-01   3.9894568e-01   5.6690588e-01   4.5389034e-01   1.9931043e-01   5.1252760e-01   2.4548905e-01   1.0073140e-01   1.6172374e-01   5.1306653e-03   3.1387322e-01   3.4476237e-02   1.8450624e-01   6.9264080e-02  -6.1687722e-02   5.4587196e-02  -8.4101022e-02  -1.2513906e-01  -3.9755600e-02   4.1118018e-01  -3.4739158e-02   1.6096622e-01   2.2189782e-01   2.5424804e-01   2.1480181e-03  -7.7569032e-02   5.2114272e-02  -8.1575044e-02   9.9925293e-02   4.2361663e-01   3.1124793e-02  -2.0558577e-02   2.0047988e-01   6.9097832e-02  -8.7844763e-02   3.0562017e-02   2.6551858e-01
  -4.3901058e-02  -1.0911629e-01   0.0000000e+00   9.6382965e-02   1.9016518e-01   1.2831843e-02   1.3184246e-01  -1.1273432e-01  -1.3824798e-01   3.0361644e-01   1.7785565e-01  -2.2320376e-02   2.0146618e-01   5.6510493e-01   1.7467385e-01   1.2691666e-01   4.0917917e-01   2.0957845e-01   2.0108257e-01   4.8662538e-01   0.0000000e+00   4.6969110e-01   2.8713353e-01   1.5729078e-01   5.8362496e-01   1.8911816e-01   3.2476655e-01   4.5535795e-02   3.2797254e-01   1.2983812e-01   3.7578588e-01  -3.0266287e-02   3.0540463e-01   1.5538281e-01  -5.0138129e-02   3.1489136e-01   2.6606667e-01   2.9382538e-01   1.2319840e-01   3.3234586e-01   1.0699123e-01   4.0086356e-01   1.8905315e-01   2.6456161e-01   2.2372662e-01   3.0698220e-01   1.8716217e-01   1.0186955e-01   4.4533672e-02   2.0687633e-01   2.7851675e-01   8.5560476e-02   1.9166186e-01   1.4562628e-01   1.9473108e-01   2.0909306e-01   4.1725948e-01  -2.6343912e-02   2.8883400e-01   3.9224151e-01   1.2853690e-01   1.2484773e-01   2.4927063e-02   1.3076402e-01  -1.3507313e-02   2.0092897e-01   5.2188205e-02   1.1926905e-01  -3.3159923e-02   9.6477359e-02  -9.7850870e-02  -5.5980782e-02  -6.7061980e-03   3.9002959e-02   0.0000000e+00  -5.1356323e-02  -1.5502649e-01  -2.8718245e-02  -3.2704908e-02  -6.6799642e-03   6.6339527e-02   2.3357785e-02   1.3607779e-01   1.5143356e-01   1.3873937e-01   9.2791136e-03   1.3003731e-01   3.6982596e-02  -8.5299636e-02  -1.4326289e-02  -6.1724132e-02   4.1050500e-02   9.3495324e-03   1.7270665e-01   5.9002175e-02   8.5614867e-02   1.3027227e-02   4.7615693e-02  -8.2386578e-02   5.4501316e-02   2.5965122e-01  -3.5794960e-02   6.1991855e-02   2.1154821e-01   3.0462029e-01   1.9570070e-02  -1.4636519e-02   1.2361772e-01  -6.5922975e-02   1.0409032e-01   2.7519959e-01   1.1795418e-02  -4.4112500e-02   4.2781518e-02  -3.6019482e-02  -9.4628037e-02  -4.4993584e-02   2.0303530e-01
