   0.0000000e+00   0.0000000e+00   6.6118676e-02   6.3587297e-02  -4.5015809e-02  -7.3754681e-02   1.6223559e-01   1.6566563e-01   2.0327796e-01   9.2378392e-02   3.0751980e-01   7.7120768e-02  -1.1550450e-01   1.4012225e-01  -8.2872987e-03   7.1981986e-02   1.8226896e-02  -9.7307508e-02   1.8194015e-01   1.2359608e-01  -1.0872402e-01  -5.3915258e-02  -2.3048736e-02   3.5644513e-02  -3.1064597e-02   1.3113395e-01  -3.7814549e-03   8.0363079e-02  -1.1831737e-02   6.0373210e-02  -8.0222656e-02   1.4308724e-01   9.5196895e-02   1.5864289e-02   7.9704035e-02   1.5877748e-01   4.2623762e-02   1.5569471e-01   2.1036201e-01   2.0585887e-01   7.8588956e-02   1.4252493e-01   1.2316245e-01   3.8713167e-02   1.0218985e-01   5.8856766e-02  -1.0582381e-01  -1.5490649e-01  -7.6560591e-02  -9.1967351e-02  -8.2575569e-02   2.1242822e-01   7.2015827e-02  -4.5051498e-02  -3.6866408e-02  -5.3420155e-02  -1.8138730e-01  -1.4319466e-01   6.5390964e-02   1.9790155e-02  -7.2938646e-02  -9.2418865e-02   7.5895907e-03  -5.9065623e-02   3.2621119e-02  -1.4243198e-01   4.5791963e-02   1.6535504e-01   3.0851051e-01   6.9557033e-02   2.2794431e-01   1.1330706e-01   2.4334710e-01   5.6554514e-02   5.5558823e-01   1.3797889e-01   4.0644130e-01   1.9968735e-01   1.4090954e-01   1.6811055e-01   5.0527347e-02   1.2433539e-01   3.6901700e-02   1.0632434e-01   2.2632160e-02   1.6419306e-01   1.2118296e-01   9.3037738e-02   4.1307667e-01   2.1850621e-01   1.2681873e-01   6.5914693e-02   3.7238891e-02   1.0365852e-01   7.2712563e-02   1.4006800e-01   7.4291039e-02   6.5123001e-02   1.0777992e-01   1.1073677e-01   5.8127491e-03   3.9124740e-02   2.8403131e-01  -1.5096693e-01  -1.9162151e-01  -1.0257864e-01  -4.4566192e-02  -1.2038616e-01  -2.2221339e-01   1.6074455e-01  -1.9958020e-02  -1.2902761e-01  -5.6660549e-03  -6.2248134e-02  -1.5038653e-01   8.7575114e-02   3.0541618e-01   2.3778889e-01
   0.0000000e+00   0.0000000e+00   0.0000000e+00   0.0000000e+00   0.0000000e+00   0.0000000e+00   0.0000000e+00   0.0000000e+00   0.0000000e+00   0.0000000e+00   0.0000000e+00   0.0000000e+00   0.0000000e+00   0.0000000e+00   0.0000000e+00   0.0000000e+00   0.0000000e+00   0.0000000e+00   0.0000000e+00   0.0000000e+00   0.0000000e+00   0.0000000e+00   0.0000000e+00   0.0000000e+00   0.0000000e+00   0.0000000e+00   0.0000000e+00   0.0000000e+00   0.0000000e+00   0.0000000e+00   0.0000000e+00   0.0000000e+00   0.0000000e+00   0.0000000e+00   0.0000000e+00   0.0000000e+00   0.0000000e+00   0.0000000e+00   0.0000000e+00   0.0000000e+00   0.0000000e+00   0.0000000e+00   0.0000000e+00   0.0000000e+00   0.0000000e+00   0.0000000e+00   0.0000000e+00   0.0000000e+00   0.0000000e+00   0.0000000e+00   0.0000000e+00   0.0000000e+00   0.0000000e+00   0.0000000e+00   0.0000000e+00   0.0000000e+00   0.0000000e+00   0.0000000e+00   0.0000000e+00   0.0000000e+00   0.0000000e+00   0.0000000e+00   0.0000000e+00   0.0000000e+00   0.0000000e+00   0.0000000e+00   0.0000000e+00   0.0000000e+00   0.0000000e+00   0.0000000e+00   0.0000000e+00   0.0000000e+00   0.0000000e+00   0.0000000e+00   0.0000000e+00   0.0000000e+00   0.0000000e+00   0.0000000e+00   0.0000000e+00   0.0000000e+00   0.0000000e+00   0.0000000e+00   0.0000000e+00   0.0000000e+00   0.0000000e+00   0.0000000e+00   0.0000000e+00   0.0000000e+00   0.0000000e+00   0.0000000e+00   0.0000000e+00   0.0000000e+00   0.0000000e+00   0.0000000e+00   0.0000000e+00   0.0000000e+00   0.0000000e+00   0.0000000e+00   0.0000000e+00   0.0000000e+00   0.0000000e+00   0.0000000e+00   0.0000000e+00   0.0000000e+00   0.0000000e+00   0.0000000e+00   0.0000000e+00   0.0000000e+00   0.0000000e+00   0.0000000e+00   0.0000000e+00   0.0000000e+00   0.0000000e+00   0.0000000e+00   0.0000000e+00   0.0000000e+00   0.0000000e+00   0.0000000e+00
   6.6118676e-02   0.0000000e+00   0.0000000e+00   1.3468646e-01   1.4426035e-01   3.5387107e-01   3.2096610e-02   8.4114353e-02   1.7150297e-01  -3.6004438e-01   2.4984482e-01  -2.7253877e-01   4.0881453e-02  -6.8404804e-02   1.1465978e-01   1.5592392e-01   1.3596969e-01   2.3113774e-01   1.9610183e-01  -1.1835004e-01   2.7616625e-03   1.0527136e-01  -5.4759965e-02   4.9353853e-02  -4.3139398e-03  -1.4673868e-01   4.3748295e-02  -1.5686579e-01   1.4687221e-02   5.4684438e-03  -9.5104991e-02  -1.6881180e-02   1.1865157e-02   2.0114106e-03   3.0853963e-04   1.3323112e-01   1.1428837e-01   3.2090651e-02   1.5073903e-01   4.7261078e-02  -4.8326025e-02   1.7534556e-01  -4.5428643e-02   4.8303602e-02   1.3406185e-02   4.2593190e-02   1.4001602e-01   5.6904481e-02   4.5148188e-02   2.0081965e-01   9.6331540e-02   1.8395889e-01   1.4095880e-01   7.9950244e-02   2.1748401e-01   2.9765430e-01   2.7563144e-02  -9.6365067e-03   2.1035850e-01  -5.1278881e-02  -1.7386054e-01  -1.2489344e-01  -1.3301499e-01   2.3494352e-01   1.3142878e-01   2.5026806e-01  -2.3627098e-02   1.0887809e-02   2.3983055e-02  -2.0715796e-01  -1.3399420e-01  -1.2264740e-01   4.9117754e-02   4.0857875e-01   2.0568222e-01   1.6463182e-02  -5.1886111e-03  -3.7223012e-02  -8.3711246e-02  -9.6649639e-02  -1.2716788e-01  -9.1973380e-03  -2.1103948e-01  -2.3536550e-01  -6.1140473e-02  -4.7382366e-02  -4.8001965e-02  -2.1044044e-01   3.0364033e-02  -1.6571969e-02  -2.7514593e-02  -5.6777654e-02   5.7940898e-02   7.5140849e-02  -2.2529303e-02  -5.5997714e-02  -2.6427718e-03   3.2880025e-02  -1.2429199e-01  -5.7246613e-02   4.2423394e-02   7.4771239e-02   4.4942295e-04  -2.9363074e-02   1.8107810e-02   1.0367246e-02   7.7519327e-02   1.5393347e-01  -6.6831066e-03   1.2796924e-01   8.0634403e-02  -1.2691894e-01   2.9068187e-02   1.9956396e-01   1.4416418e-01   1.5616517e-02  -6.7364808e-02  -1.5287126e-01
   6.3587297e-02   0.0000000e+00   1.3468646e-01   0.0000000e+00   2.0775014e-01   4.6640845e-02   1.5697313e-02   4.9217828e-02  -2.5573242e-02  -9.0911313e-02   2.0394820e-01  -4.9129051e-02   1.9093794e-02   1.2676057e-01   6.3251159e-02   5.5806123e-02   1.1677724e-01   8.1424967e-02   2.0929109e-01  -2.1661024e-02   8.4933292e-02   2.3879455e-02   1.7284837e-01   2.1604525e-01   2.2104337e-01  -1.2052824e-02   6.1076564e-02   6.1976063e-02   1.1369456e-02   9.0992115e-02  -1.1403078e-01  -4.3903499e-02  -8.2831224e-03   4.0752390e-02  -4.7382208e-02   2.0861634e-01   7.0538382e-02   3.7758050e-02   1.5060080e-01   1.2388512e-01   4.4169487e-02   1.1035237e-01  -6.5900666e-02   6.8610530e-02   9.8852782e-02   4.7887288e-02   7.5976277e-02  -3.3229950e-03   8.7565106e-03   8.1397881e-02  -3.6805316e-02   1.8929079e-01   6.1557725e-02   1.1716932e-01   1.2091129e-01   6.1786658e-02   4.5750280e-02   1.8389068e-02   1.6814540e-01   1.1936169e-01  -4.3767738e-02  -1.7101975e-02  -1.3969354e-02   4.3596964e-02  -3.9090655e-03   1.1750194e-02  -3.4383556e-02   1.3892550e-01  -7.1864982e-02  -1.1696781e-01   2.7264231e-02  -1.7940887e-02  -1.5139567e-03   1.5075944e-02   6.2861843e-02  -3.1958232e-03  -7.7972418e-02   8.5095089e-03  -2.5452466e-03  -1.0190482e-01   3.6956350e-02   1.0815094e-01  -1.7326535e-02  -1.4978170e-02  -1.3084640e-02   2.7649879e-02  -7.3891644e-02  -5.2296619e-02  -3.8058786e-03   1.1817373e-01  -7.5206880e-02  -1.0819593e-01   1.0650594e-01   7.8491312e-04  -7.2286701e-02   2.5553479e-02   6.2255135e-02   1.4480473e-01  -1.0392050e-03   7.1499575e-02   5.1767975e-02   1.2283269e-02   3.9151663e-02   2.5023126e-02  -9.3830340e-02  -5.5564595e-02  -1.8818149e-02   3.2059250e-02   4.6703762e-02  -2.8201314e-02  -1.1885224e-01   9.1832626e-02   1.9711673e-01   1.0189217e-01   9.7274903e-03  -9.9384605e-02  -9.7253442e-02  -8.1900445e-02
  -4.5015809e-02   0.0000000e+00   1.4426035e-01   2.0775014e-01   0.0000000e+00   4.3355849e-01   2.1182629e-01   3.7256401e-02  -5.9386692e-02  -3.6435488e-02   1.6217566e-01   1.9380363e-02   3.9879379e-01   5.3000551e-01   7.5880938e-02  -1.9879565e-02   4.0978183e-01   3.4900662e-01   2.3235686e-01   2.1833339e-01   3.1913245e-01   3.1463226e-01   1.2965531e-01   2.1100272e-01   3.6473998e-01   1.5525464e-01   7.0073761e-01   2.9057923e-01   1.4266162e-01   2.4059755e-01   2.2219336e-01   1.8839465e-01   8.7663256e-02   3.3786814e-02   1.5277815e-01   3.3307916e-01   2.9252764e-01   1.8044895e-01   2.8986032e-01   2.7891797e-01   2.2030838e-01   2.0285406e-01   2.7678563e-01   1.6701776e-01   3.4230161e-01   1.2522826e-01   8.1894104e-01   1.6442544e-01   5.9838058e-02   6.1513394e-01   2.8617282e-01   3.0194120e-01   4.2788437e-02   2.1105243e-01   1.1163594e-01   1.2090903e-01   6.1013955e-01   5.0998278e-02   2.0344790e-01   2.4322891e-01   1.8688773e-02   1.2575535e-01  -7.1327381e-02   2.6651727e-01  -7.2127230e-02  -6.2437749e-03   1.2026292e-02   2.1851625e-01  -6.4537786e-02   2.9334807e-02  -5.5278569e-02   1.2834509e-01   4.2910029e-02   8.0942973e-02  -1.6242730e-01  -5.5473678e-02  -2.7159289e-01   7.4077179e-02   1.8142366e-01  -9.6995346e-02   3.4872995e-01   3.0604939e-01   2.6518850e-01   9.0863096e-02   6.1109573e-02   2.4605596e-01   6.4981130e-02  -1.2655956e-02   3.4425659e-02   1.0036417e-01   1.3204197e-01   8.6010912e-02  -1.0682676e-01   1.2207670e-02   7.2119013e-02  -7.3315041e-03   4.9397414e-02   3.5916420e-02  -6.4960048e-02  -1.0431859e-01   2.9954713e-01   6.6949443e-02   3.3245050e-02   1.0920237e-01   5.1107384e-02   6.2372561e-03   6.2776850e-02   9.1015485e-02   1.3594901e-01  -9.0707720e-03  -1.6960926e-01   7.1150482e-02   1.1346820e-01   2.7433364e-01   2.0299518e-01  -5.0037705e-02  -1.8868577e-01  -1.2394420e-01
  -7.3754681e-02   0.0000000e+00   3.5387107e-01   4.6640845e-02   4.3355849e-01   0.0000000e+00   6.1237132e-02   4.3470491e-02  -3.8218225e-02  -8.4460499e-02   8.7575868e-02  -1.2254072e-01   1.5381527e-01   2.2589721e-01   1.2897401e-01  -4.7915981e-02   3.3578807e-01   2.5900241e-01   7.6677101e-02   7.3217000e-02   9.6313079e-02   1.6911700e-01   1.0428409e-01   2.7168163e-02   7.8646222e-02  -5.4804677e-02   1.8999017e-01  -1.2937679e-04   3.7337171e-02   1.2269109e-01  -2.0644582e-02  -6.6848196e-02   8.3292268e-02  -4.0796242e-02  -8.4561777e-02   1.0012689e-01   8.7505348e-02  -6.2014679e-02  -8.5949732e-03   2.9807034e-02  -6.6130644e-02  -8.4296620e-02   6.6605043e-02  -2.6880132e-02   1.0831564e-01  -2.5311321e-02   2.9780659e-01   1.1700935e-01   8.2105736e-02   2.4896009e-01   1.8557273e-01   5.2519352e-02  -8.0786045e-02   1.5124893e-01   4.2734900e-02   2.3387682e-01   2.2969989e-01   2.3043535e-01   8.5257845e-02   2.2645972e-01  -1.2843327e-01  -2.2014902e-02  -8.4681096e-02   1.9456247e-01   1.0929636e-02   1.4002840e-01  -1.0396857e-02   1.9962999e-01  -4.9973240e-03  -1.6461995e-01  -8.5763663e-02  -7.3249530e-03  -1.2108128e-01   3.4217587e-02  -5.0081696e-02   3.1661720e-02  -1.0648973e-01  -1.7425585e-01   4.4530572e-03  -7.4028708e-02   1.6254551e-01   1.0766170e-01   1.0979389e-01  -3.5488520e-02  -5.2338859e-02  -1.0945890e-01   9.3625665e-02  -1.5794226e-02  -7.4428402e-02   9.5540504e-02   6.2006041e-02  -1.8049483e-02   7.9538497e-03  -9.5834052e-02  -3.8902412e-02   9.8953608e-03   4.3944784e-02   6.2098866e-02  -3.1533462e-02  -1.6022185e-01  -2.5230246e-02  -5.2735928e-02   5.4978645e-02  -4.6187500e-02   1.0554905e-01   3.1856123e-02   2.7192323e-01   1.1080811e-01   2.4214975e-01   1.2008837e-03   3.8640971e-03   8.6627451e-02   5.0813406e-02   2.0078503e-01   1.9682197e-01   2.5738673e-02  -1.1837571e-01  -9.2020230e-02
   1.6223559e-01   0.0000000e+00   3.2096610e-02   1.5697313e-02   2.1182629e-01   6.1237132e-02   0.0000000e+00   2.1960469e-01   1.8533619e-02   2.5916759e-01   5.7839984e-01   1.0124020e-01   4.2555439e-02   3.4920344e-01   7.5158462e-02  -4.3081097e-03   1.9026666e-01   2.3518469e-01   2.3567974e-01   3.6768005e-01   1.5142859e-01   3.5803813e-01  -1.0546745e-01   5.8412121e-03   1.4721256e-01   2.6290574e-02   3.6268140e-01   1.6689676e-01   5.0032682e-01   3.5621197e-01   3.9087840e-02   3.9561006e-01   8.1708806e-01   3.9527283e-01   2.6791420e-01   2.5879624e-01   3.8163584e-01  -6.7650806e-02   1.6954075e-01   2.2823221e-01   1.1189430e-01   9.1825320e-02   6.3653475e-01   5.2489393e-02   3.3668895e-01   3.0055936e-01   6.0112781e-02   8.9741420e-02   2.3469876e-01   3.7778262e-01   2.5637230e-01   5.6803482e-01   4.7679452e-02   3.0727917e-01   1.8269965e-01   5.1091975e-02   1.6922855e-01   1.4638932e-01   2.0654561e-01   1.1375165e-01  -1.7965688e-01  -1.7799950e-01  -2.0306324e-01   6.7086074e-01   4.7782748e-02   5.0845396e-01   1.5418269e-01   5.9090822e-01   1.2712925e-01  -3.6251116e-02  -1.2498091e-01   1.7191682e-01   5.7863279e-01  -1.0000545e-01  -1.8210412e-01   2.4001332e-01  -9.0752087e-02   1.7764005e-02  -1.2920686e-01   9.3273283e-02   7.7260486e-02   2.6543969e-01   2.1172820e-01   2.1838146e-01   5.5151065e-01   1.9092999e-01   7.3654830e-01   4.2737647e-02   1.2399259e-01   3.9673530e-01   4.6196334e-01  -1.6519589e-02  -2.6776657e-02   2.5380627e-01   3.1771091e-01   2.0441893e-02   4.5075451e-02  -8.9899754e-02   2.5860859e-02   9.3154404e-02   4.4483432e-01   3.0615355e-01   1.9625558e-01  -1.5819487e-01  -3.8973383e-02   2.4082968e-01   3.6932078e-02   1.5097024e-01   1.7812707e-01   7.5493019e-01   1.0644486e-01   2.0060018e-01   8.9697422e-02   1.5734367e-01   8.2501705e-03  -1.8398731e-02  -1.8350175e-02  -2.4532937e-02
   1.6566563e-01   0.0000000e+00   8.4114353e-02   4.9217828e-02   3.7256401e-02   4.3470491e-02   2.1960469e-01   0.0000000e+00   2.9553030e-01   9.7584113e-02   2.4878204e-01   6.1595186e-03   5.1965276e-02   1.6072866e-01   5.6782263e-02   2.4109458e-01   2.1797868e-01   6.3011475e-02   1.6214186e-01   1.3339716e-01   6.8027625e-02   2.7771055e-01  -1.1045024e-01  -5.4795029e-02   1.1923636e-01   1.9939278e-01   1.9200777e-01   1.5284733e-01   2.8768653e-01   2.5445284e-01   8.9732903e-02   2.4596619e-01   2.8770852e-01   1.3691659e-01   2.1811260e-01   2.0450584e-01   1.9950500e-01   9.1299691e-02   1.4640926e-01   3.0178193e-01   1.9671977e-01   2.8708521e-02   1.7444766e-01   9.5967459e-03   8.6156853e-02   3.4576760e-01   9.3540022e-02   1.8317954e-01   3.0342235e-01   2.1148317e-01   3.2523179e-01   6.5709338e-02  -5.0055590e-02   2.6407007e-01   2.0811382e-01   2.0271657e-01   1.2943607e-01   6.0749070e-02   2.6039159e-01   2.8680974e-02  -1.5260048e-01  -1.1289656e-01  -1.2533093e-02   2.9227331e-01   1.6830794e-01   2.2943436e-01   2.5284370e-01  -2.6170375e-02  -2.4401030e-02   1.3052652e-01   1.4693889e-01  -7.5596349e-02  -1.3146057e-02   3.2282301e-02  -5.9975469e-02   1.5127297e-01   6.8201594e-02  -1.1377952e-01  -1.9100880e-01   1.5026497e-01  -1.5909256e-01  -2.3085499e-01  -3.3031644e-02   1.8751993e-02   2.1198944e-01  -1.0665271e-01   1.0216538e-01  -6.3282977e-02  -9.3871615e-03   6.1924607e-02   2.5366506e-02   8.1317696e-02   7.7733121e-02  -9.7332065e-02   1.1139854e-01   4.2433664e-02  -9.9468871e-02  -6.9383887e-02   6.7459447e-02   2.7035498e-01  -8.7197528e-02   7.8525519e-02  -1.4629774e-01  -9.2283101e-02   1.0254437e-02   2.3159905e-01   1.0562389e-01   2.4320077e-01   2.6228593e-03   7.4548628e-02   1.9642520e-01  -1.5725443e-02  -1.1182467e-01   1.4522216e-02  -1.5119134e-01   5.4726815e-01   1.7747980e-01   8.1727564e-02
   2.0327796e-01   0.0000000e+00   1.7150297e-01  -2.5573242e-02  -5.9386692e-02  -3.8218225e-02   1.8533619e-02   2.9553030e-01   0.0000000e+00  -2.1943760e-02   1.6188576e-01   3.0556662e-02   3.2196661e-02  -9.5150503e-02  -1.5666945e-02   3.0302520e-01  -2.0693391e-02   9.0373087e-02   1.8591672e-01  -1.2232968e-01  -6.2595140e-02   3.7470971e-02  -9.7428572e-02  -1.6281775e-01  -6.7757797e-02   2.0720694e-02  -6.9540115e-02   3.7144326e-03   4.4927063e-02   4.2535151e-03   4.9444060e-03   1.0136396e-01   7.2379871e-02  -7.7908893e-03   1.0112265e-01   6.9061286e-02   6.9828233e-03   1.7769675e-01   8.8927162e-02   1.6877582e-01   7.0822537e-02   1.1617986e-01  -7.9540868e-02  -2.5077554e-03  -1.1043523e-01   9.3837652e-02  -2.1486255e-02   2.4566866e-01   1.6804539e-01   2.8613933e-02   1.8643406e-01   4.3606361e-02   7.7735068e-02   1.8692496e-01   1.6407060e-01   3.3594595e-01  -1.0270848e-01   7.8698358e-02   1.7742706e-01  -1.1872433e-01  -1.2979338e-01  -1.9274917e-01   8.3912802e-02  -1.2781665e-02   2.1930615e-01   1.2315117e-01   3.2867281e-01  -1.1112744e-01   3.7642643e-02  -7.8736608e-03   4.3982497e-02  -5.0124087e-02   1.0920962e-01   7.7515020e-02   1.7932875e-01   1.5041160e-01   1.6899301e-01  -1.2787359e-02  -9.5403092e-02   3.9578999e-02  -1.9921364e-01  -1.8807774e-01  -2.5528999e-01  -1.9988453e-01   6.4038523e-02  -7.3570731e-02  -1.1188532e-01  -8.2476379e-02   1.1626673e-01  -1.4739689e-01  -1.4677621e-02   5.5210004e-02   2.4651394e-01   1.1001355e-01   1.4744484e-01   1.3367634e-01  -6.9274337e-02   1.0224464e-01   1.3702366e-01   3.0154629e-01  -1.6776066e-01   9.6846788e-02  -7.4514464e-02  -6.3859035e-02   8.5748444e-02   1.4736830e-01   6.8265545e-02   2.7842317e-01  -1.1202162e-01   4.1464905e-02   3.7923251e-01  -1.6364875e-01  -4.2893272e-02   8.4030362e-02  -1.5316442e-01   3.5465846e-01   9.9847304e-02   3.1544042e-02
   9.2378392e-02   0.0000000e+00  -3.6004438e-01  -9.0911313e-02  -3.6435488e-02  -8.4460499e-02   2.5916759e-01   9.7584113e-02  -2.1943760e-02   0.0000000e+00   2.1738001e-01   4.4390511e-01  -3.2769791e-02   3.6597938e-01   4.9549129e-02  -1.5423877e-01  -1.1268378e-01  -1.8849531e-01  -3.7063092e-02   1.5343255e-01   1.8455348e-01   1.7909509e-01   1.2520043e-01   4.1979174e-02   1.2491604e-01   1.0029443e-01   1.3037363e-01   4.2619161e-01   3.3445620e-01   3.6300553e-01  -5.2639595e-02   2.5090938e-01   3.8208813e-01   2.3753558e-01   1.1611724e-01   1.4313078e-01   1.6838496e-01   1.8474987e-02   9.5608055e-03   2.4984539e-01   1.7616693e-01  -2.3769805e-01   1.5969636e-01  -4.8708435e-02   1.3773083e-01   3.1888757e-02  -1.6669775e-01  -9.4628293e-02   9.6569569e-02  -2.8471152e-02   1.4169863e-02   5.6693024e-02  -9.3375065e-02   5.7637100e-02  -1.6260434e-01  -9.6994597e-02  -1.8370783e-02   1.2386309e-01  -4.3055017e-02   1.9910137e-01   1.9004697e-02  -2.7050972e-02  -2.1913349e-02  -6.2392196e-02   1.0042371e-02  -8.1610573e-03   6.8254668e-02   6.1781238e-02  -8.0557744e-02  -2.9228208e-02   6.0664745e-03   2.1780237e-01   7.1378014e-02  -6.1764583e-01  -2.4697039e-02   4.7333174e-02  -5.7611141e-02  -4.8057976e-02  -1.5278775e-01   4.0639447e-02  -1.4423604e-02   5.8693966e-02   2.0080660e-01   1.8124178e-01   1.9365666e-01  -2.2999329e-01   2.3758689e-01   3.9698300e-03  -4.0760154e-02   1.1135565e-01   4.2618971e-02  -1.9106599e-01  -2.2878097e-01  -8.2011388e-02   1.8627910e-01   9.0836440e-02  -5.4028380e-02  -5.9130663e-02   1.6808861e-01   6.0277219e-02  -1.1030577e-01  -1.9170787e-01  -1.2515100e-03  -5.3864560e-02  -1.1554373e-01  -2.4418695e-02  -1.4038280e-01  -2.9361019e-02  -8.3112974e-02   6.1495217e-02   3.3181353e-03   2.4692505e-01   1.0698649e-02  -9.6438041e-02  -8.7858354e-02   5.5637467e-02   6.7283339e-02   1.2090549e-01
   3.0751980e-01   0.0000000e+00   2.4984482e-01   2.0394820e-01   1.6217566e-01   8.7575868e-02   5.7839984e-01   2.4878204e-01   1.6188576e-01   2.1738001e-01   0.0000000e+00   4.1643319e-02   1.4162074e-01   3.4718591e-01   2.5840268e-01   1.8603338e-01   1.9103711e-01   1.6745286e-01   3.4227540e-01   1.0370458e-01   3.0947718e-01   3.6443061e-01   1.6928614e-01   1.6631347e-01   3.0638233e-01  -3.5212426e-03   2.6179754e-01   3.0457469e-01   5.5773890e-01   5.9548590e-01  -1.2597694e-01   4.2284006e-01   6.6673974e-01   3.6021205e-01   2.6826530e-01   5.8240138e-01   4.3057213e-01   2.8838207e-01   5.6558924e-01   6.3956250e-01   3.8275898e-01   2.9347645e-01   2.3022795e-01   1.7329084e-01   3.2520164e-01   3.5287304e-01   8.7469251e-02   1.3977060e-01   3.1369294e-01   3.2155947e-01   3.1742781e-01   5.4559705e-01   2.1555179e-01   3.2793727e-01   2.5730151e-01   1.9723200e-01  -1.0018384e-02   1.5203013e-01   3.9077786e-01   1.2649796e-01  -1.6715652e-01  -2.0574394e-01  -8.3624866e-02   4.9690227e-01   1.7192169e-01   4.2617458e-01   1.8254395e-01   2.0690408e-01  -9.6954285e-02  -1.6846910e-01  -2.2059162e-02   3.6584087e-02   4.7365771e-01  -1.5639647e-02   5.5206048e-02   1.0314876e-01  -8.4812608e-03  -4.5807506e-02  -2.7015985e-01  -1.0918558e-01  -1.7010323e-01   4.3084686e-02  -1.1672133e-01  -6.1818561e-02   3.1690005e-01  -1.9256675e-02   2.7093561e-01  -2.6652708e-01   9.5652833e-02   1.5507601e-01   1.0442039e-01  -1.5206812e-01   3.2751135e-02   1.9629290e-01   2.6373734e-01   1.4057383e-01  -4.0274673e-02   2.3293245e-02   1.7013149e-02   1.0192021e-01   1.2887531e-01   1.7983995e-01   5.7179743e-02  -1.1526398e-01  -7.2781820e-02   1.5691772e-01   8.4869069e-02   2.6253227e-01   3.2869111e-02   3.8248471e-01   1.9793006e-01   6.2083683e-02   1.3202329e-01   1.7356768e-01   1.1607524e-02   1.2836008e-04  -1.2861147e-01  -1.2606170e-01
   7.7120768e-02   0.0000000e+00  -2.7253877e-01  -4.9129051e-02   1.9380363e-02  -1.2254072e-01   1.0124020e-01   6.1595186e-03   3.0556662e-02   4.4390511e-01   4.1643319e-02   0.0000000e+00  -6.0999828e-02   1.8798284e-01  -2.4003049e-01  -1.6223864e-01   1.3132723e-01  -7.1876713e-02   6.8131874e-02   2.7980356e-01   9.0365330e-02   1.5835285e-01  -2.0374574e-02  -1.0492849e-01   1.8988979e-01   1.7642112e-01   6.2628650e-02   4.4069401e-01   1.4673905e-01   2.5093165e-02   2.4921031e-01   4.6820253e-01   1.4828314e-01   3.1957718e-01   5.2405047e-01  -6.4125373e-02   1.1848629e-03   2.7824049e-01  -2.9036879e-02   6.3476503e-02   2.4133800e-01  -6.8034737e-02   2.5931304e-01   1.5372967e-01   1.0041377e-01   1.8762223e-01   1.6575931e-02   6.1210270e-02   9.9685273e-02  -1.1102347e-01   2.2683211e-02   7.7891093e-03   2.9334744e-02  -7.5618074e-02  -2.8846129e-01  -9.1844130e-02   1.1103528e-01   6.3995038e-02   6.5742591e-02   1.6892363e-01   4.7657199e-01   3.6889430e-01   1.8298639e-01  -1.2435552e-01   1.4403119e-01  -1.7936864e-01   9.1173790e-02   4.0986489e-02  -3.6537327e-02   4.2739312e-01   1.4509726e-01   1.2993007e-01   2.2947184e-01  -1.3424737e-01   7.3306008e-02   7.9216648e-02   4.1068962e-02   1.1274351e-01   2.2443680e-01   2.9715500e-01   1.9204277e-01   1.6106939e-01   3.0209160e-01   5.4154792e-01   3.1820180e-01   1.3209688e-01  -4.8115046e-02   2.1925522e-01   1.4152989e-01   7.3683961e-02   2.2278355e-01   6.4344543e-02   7.5933144e-02  -8.8635999e-02   3.7158392e-01   2.8819904e-01   3.7622038e-01   2.8315866e-01   4.2543322e-01   1.7807664e-01   6.3615776e-02   2.8923631e-01   3.9992983e-02   1.3994725e-01   7.1174476e-02   1.6665773e-01   2.4425369e-02   1.7553873e-02   6.1071817e-02  -4.8297305e-02   7.9997155e-03   6.8937386e-02  -1.8297439e-01  -8.9395421e-02  -1.4041710e-01  -1.7749386e-02   1.9209852e-01   2.0608134e-01
  -1.1550450e-01   0.0000000e+00   4.0881453e-02   1.9093794e-02   3.9879379e-01   1.5381527e-01   4.2555439e-02   5.1965276e-02   3.2196661e-02  -3.2769791e-02   1.4162074e-01  -6.0999828e-02   0.0000000e+00   3.3786464e-01   3.3416295e-01   1.0617706e-01   2.5281590e-01   2.7627565e-01   1.9881761e-01   1.5461867e-01   5.2399027e-01   2.7083417e-01   3.2990337e-01   2.5405149e-01   4.0831304e-01   1.3262881e-01   4.9667248e-01   2.8517197e-01   2.0409678e-01   3.4454524e-01   1.8568601e-01   2.0301819e-01   7.2361654e-02  -9.8042702e-02   1.3790716e-01   4.0521809e-01   1.6582718e-01   3.1766549e-01   4.5650812e-01   3.2198563e-01   2.6747033e-01   3.7576865e-01  -1.0565550e-02   2.6352000e-01   3.0985380e-01   2.1755917e-01   4.3098485e-01   1.1805769e-01  -7.1124271e-02   4.2478031e-01   2.4793844e-01   2.1305790e-01   8.3438088e-02   5.0392473e-02   1.4256547e-01   1.9320992e-01   4.0597109e-01  -5.5077220e-02   2.4675400e-01   1.3275251e-01   1.8236602e-01   1.4354177e-01   2.8208049e-02   2.5109071e-01   1.0816371e-01   4.1239849e-02   3.9272534e-03  -8.1368506e-02   1.0670108e-02   2.2275289e-02   9.4442625e-03   6.7468940e-02  -9.6345249e-02  -7.3570388e-02  -2.0495118e-01  -2.7506467e-01  -9.9505586e-02  -5.2424817e-02  -6.8552749e-02  -2.2807999e-01   5.8909056e-02  -9.5026487e-02  -9.9111205e-02  -1.1917229e-02  -1.0760266e-01   1.2623595e-01  -1.7799755e-02  -2.1719182e-01  -3.7382678e-02  -1.0133581e-01   1.1766949e-02   7.5881491e-02  -2.0861527e-01   2.6399669e-02   6.4863561e-02   3.1760060e-04  -2.3329621e-01  -1.1424832e-02  -2.3281107e-01  -7.5469018e-02   5.8609961e-02  -1.0803387e-01  -9.0499584e-02   1.8004524e-01   1.5750414e-01   2.4176856e-02   3.2701383e-02   1.0099090e-01   7.9246616e-02  -7.8927904e-02  -4.2288416e-02  -1.0266597e-01   9.5352566e-02   2.0653930e-01   2.4304248e-01   1.0167157e-02  -2.5023508e-01  -2.2147196e-01
   1.4012225e-01   0.0000000e+00  -6.8404804e-02   1.2676057e-01   5.3000551e-01   2.2589721e-01   3.4920344e-01   1.6072866e-01  -9.5150503e-02   3.6597938e-01   3.4718591e-01   1.8798284e-01   3.3786464e-01   0.0000000e+00   1.1281059e-01  -6.6199350e-02   2.6387283e-01   1.4545847e-01   2.1366735e-01   3.1430513e-01   3.8991698e-01   4.1593454e-01   4.3416893e-01   3.1458201e-01   4.8339385e-01   4.7123592e-01   5.8488885e-01   5.4448417e-01   2.3745978e-01   4.3929984e-01   1.0564779e-01   3.0596571e-01   2.4190949e-01   2.0953914e-01   1.5533517e-01   5.2773886e-01   3.9042502e-01   2.4726310e-01   3.3472277e-01   3.7282497e-01   3.5946510e-01   6.5462762e-02   3.0220984e-01   1.2099539e-01   5.2375304e-01   2.0168314e-01   3.7644537e-01   4.7948511e-02   3.0322795e-02   3.4231286e-01   1.0855707e-01   1.9261717e-01  -1.5775434e-02   2.1886137e-01  -2.0954910e-02   3.0642004e-02   5.1107831e-01   1.8771866e-02   1.8867102e-01   3.2725503e-01   5.4379559e-02   1.0001894e-01   8.1619923e-02   1.5857354e-01  -4.9166666e-02   3.0670886e-02   1.4944220e-01   2.4553296e-01   7.4487737e-03   7.9273107e-02   1.7335048e-01   2.0715513e-01   8.6423553e-03  -1.7796728e-01  -1.2163188e-01   2.8342876e-04  -1.0428321e-01   5.0214471e-02   2.0915100e-02   4.5747858e-02   2.5558088e-01   2.0607300e-01   3.9673867e-01   2.4925494e-01   1.6227799e-01   1.5574713e-01   1.7892023e-01   5.9971171e-02  -2.1392538e-02   1.9844305e-01   1.6768364e-01   7.6257767e-02  -1.7856584e-01  -4.8491953e-02   1.1870513e-01   5.8182651e-02  -9.7318657e-03  -2.0846842e-02  -1.0697382e-02  -3.1783187e-02   2.0646294e-01  -7.7623350e-02   1.1361276e-01   2.8116348e-02  -2.5149234e-03   1.0293994e-01   9.5521903e-02  -8.6170680e-04   1.0935814e-01   7.1944419e-02  -1.3346407e-01   1.0227857e-01   2.8382780e-02   4.2773699e-02   6.2344654e-02  -2.8001017e-02  -8.9427623e-02   1.6669550e-02
  -8.2872987e-03   0.0000000e+00   1.1465978e-01   6.3251159e-02   7.5880938e-02   1.2897401e-01   7.5158462e-02   5.6782263e-02  -1.5666945e-02   4.9549129e-02   2.5840268e-01  -2.4003049e-01   3.3416295e-01   1.1281059e-01   0.0000000e+00   3.4866799e-01  -2.3799357e-02   5.4972215e-02   1.4954296e-01  -1.3905119e-01   1.9356882e-01   8.2844046e-02   2.2609373e-01   1.3257129e-01   7.0500554e-02  -1.0329857e-01   1.4434719e-01   7.0861393e-02   3.1562278e-01   3.8681419e-01  -1.0250955e-01  -4.8158123e-02   1.7304215e-01  -3.1241657e-02  -1.0215694e-01   4.8235133e-01   1.9220003e-01   1.6259730e-01   3.8066963e-01   2.3761344e-01   1.3793234e-01   2.8244006e-01  -1.4497322e-01   2.6009939e-01   1.3587976e-01   1.1684234e-01   2.2211338e-01   8.4634701e-02   7.0041583e-02   2.4279314e-01   1.3271668e-01   2.3852368e-01   2.3963263e-01   2.1376910e-01   3.8507845e-01   3.4606700e-01   6.7478951e-03   7.3986293e-02   1.7010924e-01   7.8695760e-02  -2.1823449e-01  -2.0506737e-01  -1.1880621e-01   2.3961446e-01   1.3785322e-01   2.6776086e-01  -2.1866620e-02  -6.3325525e-02  -4.5480963e-02  -3.0944125e-01  -8.1056436e-02  -2.9214397e-03  -1.4150482e-01  -1.2561204e-02  -4.7012671e-02  -9.7419465e-02  -3.0329182e-02   1.1485930e-02  -2.3171841e-01  -2.7632773e-01  -1.3775886e-01  -9.6005205e-02  -2.1443070e-01  -2.7281115e-01  -1.0738863e-01  -4.9167665e-02   1.5590636e-01  -2.9035313e-01  -8.5971084e-03  -1.1579589e-01  -1.3473476e-01  -1.5994247e-01  -1.8726369e-01   1.8973142e-01  -1.5367876e-02   1.5225702e-02  -1.6633466e-01  -3.1120505e-02  -1.8303009e-01  -9.2619517e-02   5.9631764e-02  -2.1834729e-01   5.8908759e-02  -1.2424344e-02   6.8388473e-02   2.4526670e-02   2.2587038e-01   1.6608067e-01   1.2614582e-01   1.3658927e-01   3.5353139e-02   6.2748512e-02   3.1451079e-01   2.9623390e-01   3.8940412e-01   5.3789422e-02  -2.2743700e-01  -2.2632545e-01
   7.1981986e-02   0.0000000e+00   1.5592392e-01   5.5806123e-02  -1.9879565e-02  -4.7915981e-02  -4.3081097e-03   2.4109458e-01   3.0302520e-01  -1.5423877e-01   1.8603338e-01  -1.6223864e-01   1.0617706e-01  -6.6199350e-02   3.4866799e-01   0.0000000e+00  -1.9744620e-02   9.1102064e-02   3.2375167e-01  -2.3131193e-01  -2.7875897e-03   5.7685563e-02   2.8799975e-02  -4.4522952e-02  -2.0681663e-03   3.6767196e-04  -8.5931312e-03   6.7703362e-03   1.4672961e-01   9.8604046e-02  -3.2773698e-02   2.9909447e-02   9.7339066e-02  -9.9531987e-03   2.7570572e-02   3.9031329e-01   1.6952765e-01   2.5234171e-01   3.3470676e-01   2.2264311e-01   1.6157659e-01   3.9704856e-01  -7.3050608e-02   2.7439313e-01   3.6228068e-02   3.2746159e-01   2.2653655e-01   3.8393774e-01   1.9990713e-01   1.7717945e-01   2.4375630e-01   1.3434002e-01   2.0922792e-01   3.8383257e-01   6.6429981e-01   5.3867438e-01  -2.8305658e-02   1.2208740e-01   3.3922917e-01  -6.2108072e-02  -1.6653544e-01  -1.8836488e-01   2.9545052e-02   1.6671611e-01   2.0743551e-01   3.2936657e-01   1.8613682e-01  -9.1682248e-02  -9.9629268e-02  -8.9549604e-02  -3.6914635e-02  -1.6772153e-01  -6.7870008e-02   2.5686254e-01  -3.1021354e-02   6.1056788e-02   3.3446728e-02   5.7472524e-02  -2.0674967e-01  -8.1190160e-02  -2.1241953e-01  -2.3190277e-01  -2.9985543e-01  -3.1312266e-01   5.3932778e-02   7.6837838e-02  -1.0745073e-01  -2.2351272e-01   6.7119646e-02  -2.0678574e-01  -1.1896697e-01   9.6056525e-03   9.9463472e-02   2.1579632e-01   7.0481105e-02   1.0171761e-01  -1.1053057e-01   5.5251632e-02  -3.7230653e-02   1.1612502e-01   5.3349839e-02   4.2707134e-02  -9.6819033e-02   2.7212354e-03   1.3376314e-01   2.7546123e-01   2.3050343e-01   3.9934513e-01   1.0302728e-01   1.3084367e-01   1.5236237e-01  -5.8787793e-02   1.0013764e-01   2.9334872e-01   7.8670020e-02   2.8464703e-01  -8.6126179e-02  -1.1268427e-01
   1.8226896e-02   0.0000000e+00   1.3596969e-01   1.1677724e-01   4.0978183e-01   3.3578807e-01   1.9026666e-01   2.1797868e-01  -2.0693391e-02  -1.1268378e-01   1.9103711e-01   1.3132723e-01   2.5281590e-01   2.6387283e-01  -2.3799357e-02  -1.9744620e-02   0.0000000e+00   5.1295804e-01   2.2121223e-01   2.8969565e-01   2.1063434e-01   4.6633437e-01   1.4219670e-02   1.4154705e-01   3.4841495e-01   2.2957424e-01   3.2661597e-01   1.7138034e-01   9.5895960e-02   8.4568143e-02   1.3241446e-01   2.4962949e-01   1.9158299e-01   1.4964924e-01   3.3338586e-01   8.2919658e-02   1.0701741e-01   8.7845323e-02   1.6738619e-01   2.0675692e-01   1.4462319e-01   1.8224680e-01   2.8767846e-01   8.7913652e-02   9.7228951e-02   3.3324665e-01   3.6869074e-01   2.4302918e-01   2.7169544e-01   3.2866945e-01   4.0792440e-01   2.4808123e-01  -4.4741659e-02   1.4033461e-01   1.8360467e-03   3.9477525e-02   3.9069353e-01   1.7575103e-01   4.5468430e-01   1.8159953e-01   6.7501859e-02   1.6043755e-01   1.0423823e-01   4.0220830e-01   2.4851898e-01   1.9370244e-01   1.2427916e-01   1.4215553e-01  -6.1064436e-02   2.3813966e-01   1.0019457e-01  -1.9932881e-02   1.6512152e-01   9.3186997e-03  -8.6907664e-02   1.5978529e-01  -1.0961658e-01  -1.9121992e-01   8.4590471e-02   9.9705101e-02   1.6121580e-01   1.2523746e-01   1.0117711e-01   2.1274133e-01   1.5066142e-01   1.8056358e-01  -1.0625820e-02  -9.8176629e-07  -4.3009956e-02   7.2120065e-02   2.1880288e-01   1.4742848e-01   9.9919760e-02  -4.5001507e-02   2.6314714e-01   2.0648966e-01   1.4460143e-01   2.1976532e-01   1.2734591e-01   1.5805586e-01  -3.2165408e-02   2.9355771e-01  -1.7007105e-01   7.4172619e-02   1.3017077e-01   1.6007942e-01   5.8173330e-02   2.1624298e-01   1.7417789e-01   4.1435086e-02   6.0404979e-02  -1.1550085e-01  -6.6275897e-02   3.9009135e-02   7.1583023e-02  -3.6771413e-02  -2.8740300e-02   3.6265487e-02
  -9.7307508e-02   0.0000000e+00   2.3113774e-01   8.1424967e-02   3.4900662e-01   2.5900241e-01   2.3518469e-01   6.3011475e-02   9.0373087e-02  -1.8849531e-01   1.6745286e-01  -7.1876713e-02   2.7627565e-01   1.4545847e-01   5.4972215e-02   9.1102064e-02   5.1295804e-01   0.0000000e+00   1.5663859e-01   1.2678378e-01   1.7630230e-01   3.1474045e-01  -4.6466216e-02   7.7621675e-02   2.2865267e-01  -5.3409968e-03   2.2819759e-01  -6.8128600e-02   8.5128309e-02   5.0964729e-02   7.5185962e-02   3.5369130e-02   1.7192249e-01   9.9497930e-02   1.3429476e-01   6.0127215e-02   1.2827640e-01  -4.9976636e-02   1.0542807e-01  -4.4078863e-02  -4.8712134e-02   2.6162481e-01   2.5598362e-01   1.0709556e-01   1.9520341e-01   2.6089862e-01   4.0050437e-01   4.2184596e-01   2.7345471e-01   3.7768429e-01   3.4506983e-01   2.8093816e-01   1.2747825e-01   1.7732254e-01   2.0119736e-01   3.1811993e-01   3.8100696e-01   2.6955257e-01   3.6369654e-01   1.2732520e-01   1.2062060e-02   4.3318174e-02   3.0795783e-02   4.3560714e-01   1.8805685e-01   3.0542083e-01   1.1369520e-01   2.8859264e-01   6.6280788e-02   7.3789521e-02   1.1965235e-02   5.6141781e-02   1.9524346e-01   8.8139044e-02  -1.5149849e-01   2.1159770e-01  -1.1472599e-01  -1.0972458e-01   2.6053164e-02  -1.2613454e-01   1.2188904e-01   1.7417737e-01   1.9827906e-02   3.3541266e-02   1.0730797e-01   2.4237526e-01   1.2137112e-01  -2.1734781e-02  -1.0929061e-01   1.9209357e-01   2.8422571e-01   1.7878708e-01   2.0139692e-01   1.9528156e-01   1.2758453e-01   9.4479548e-02   1.9627442e-01   1.7934350e-01   4.4241273e-02   1.0071202e-01   1.9492886e-01   4.3334406e-01  -4.6956718e-03   9.5182864e-03   1.6722091e-01   2.0041632e-01   1.0815917e-01   1.8612835e-01   2.6409042e-01   2.4682869e-01   8.5114735e-02  -6.6914535e-02   1.1077801e-01   1.9803487e-01   1.7885528e-01  -5.2045944e-02  -1.5556515e-01  -6.5211542e-02
   1.8194015e-01   0.0000000e+00   1.9610183e-01   2.0929109e-01   2.3235686e-01   7.6677101e-02   2.3567974e-01   1.6214186e-01   1.8591672e-01  -3.7063092e-02   3.4227540e-01   6.8131874e-02   1.9881761e-01   2.1366735e-01   1.4954296e-01   3.2375167e-01   2.2121223e-01   1.5663859e-01   0.0000000e+00   3.4821409e-02   2.8199126e-01   3.0022174e-01   1.5230206e-01   4.5991464e-02   3.1377138e-01   2.0629588e-01   2.3186823e-01   1.9467487e-01   2.2232218e-01   2.8735406e-01  -7.0185927e-03   3.2547250e-01   1.7679456e-01   3.0582464e-02   2.6172608e-01   4.9157455e-01   2.3453294e-01   3.5476949e-01   5.8138872e-01   4.4220259e-01   3.2490840e-01   4.8283809e-01   2.0319980e-01   4.3925088e-01   2.3733089e-01   5.3896739e-01   3.3249560e-01   1.5342901e-01   1.0758691e-01   3.5722108e-01   1.7507024e-01   4.1156676e-01   3.5562824e-01   3.1921002e-01   3.5741237e-01   2.0832940e-01   1.8493223e-01  -5.2945573e-02   7.0890699e-01   1.7551650e-01  -1.7786372e-02  -1.6014687e-02   5.3292951e-02   2.9049714e-01   3.2090651e-01   2.7417199e-01   7.8697268e-02   9.1195248e-02  -1.4842220e-03   8.6093941e-03   4.6744424e-02   2.1537737e-02   1.0739575e-01   9.9861028e-02  -1.8653831e-02   4.6749466e-02   5.7359021e-02   9.0911911e-02  -1.2870177e-01  -8.8393658e-02  -8.1065582e-02  -7.8744024e-02  -1.3390426e-01  -5.1260545e-02   1.0092852e-01   1.2659027e-01  -9.1596533e-03  -2.0597251e-01   2.3049636e-01  -2.8085175e-02   1.5210030e-01   4.5431833e-02   8.9098064e-02   2.1084663e-01   4.2411121e-01   3.3686742e-01   3.0970118e-02   3.2256710e-01   1.4321387e-01   2.4307749e-01   1.4452003e-01   2.1897560e-01   3.2343288e-02   1.3973927e-01   1.0714393e-01   1.7409677e-01   8.5953066e-02   2.1786725e-01   1.5563957e-02   1.8708588e-01   1.3350676e-01   1.8062352e-02   1.7231736e-01   2.7887849e-01   6.4316803e-02   8.2104409e-02  -1.0672417e-01  -1.4730143e-01
   1.2359608e-01   0.0000000e+00  -1.1835004e-01  -2.1661024e-02   2.1833339e-01   7.3217000e-02   3.6768005e-01   1.3339716e-01  -1.2232968e-01   1.5343255e-01   1.0370458e-01   2.7980356e-01   1.5461867e-01   3.1430513e-01  -1.3905119e-01  -2.3131193e-01   2.8969565e-01   1.2678378e-01   3.4821409e-02   0.0000000e+00   2.7933334e-01   4.1044998e-01  -4.5925027e-02   1.4951574e-01   3.5570117e-01   3.3333101e-01   3.4260603e-01   2.1190603e-01   1.8844650e-01   1.4155320e-01   3.5459822e-01   2.4471214e-01   2.2032063e-01   2.4924633e-01   2.8171997e-01  -6.1166396e-02   1.1101030e-01  -1.6072732e-02  -9.9989576e-03   5.7785465e-02   7.9302391e-02  -4.5021402e-02   4.5995350e-01   3.6618981e-02   3.4487402e-01   1.4145074e-01   8.2387400e-02  -1.0440765e-02   3.8398185e-02   8.2626362e-02   7.2430666e-02   1.8492781e-01  -4.6822049e-02   5.8839579e-02  -1.6397424e-01  -2.1096388e-01   4.0338818e-01   7.3900428e-02   8.9180721e-02   4.3181892e-01   3.1451287e-01   3.2216803e-01   1.1529346e-01   1.3363742e-01   5.6620434e-02  -1.0111044e-02   1.5820058e-01   2.8642873e-01   2.7405125e-01   4.0971952e-01   1.6080636e-01   1.6273852e-01   1.6390746e-01  -1.1752875e-01  -5.4446265e-02   2.1207191e-01   1.8314864e-01   3.5450648e-02   2.4804302e-01   2.9214327e-01   2.7763859e-01   3.2706978e-01   4.6752307e-01   6.6673124e-01   2.3897281e-01   2.8160421e-01   3.4759558e-01   3.0114184e-01   7.9015260e-02   4.9879939e-01   4.5175328e-01   1.7897842e-01  -6.6564439e-02  -4.7862408e-02   2.2334964e-01   1.1290937e-01   2.0896865e-01   5.1822659e-02   1.5443761e-01   1.0165331e-01   1.7948256e-01   2.0343647e-01   2.0601808e-01   1.6139152e-01   4.8493553e-02   1.5528481e-01  -4.6302713e-02  -6.1659337e-02   1.9519831e-01   1.6974155e-01  -1.1620755e-01   3.7636095e-02  -4.4649759e-02  -6.6095561e-02   5.2825824e-02  -1.4999176e-01   2.3597462e-01   2.9679130e-01
  -1.0872402e-01   0.0000000e+00   2.7616625e-03   8.4933292e-02   3.1913245e-01   9.6313079e-02   1.5142859e-01   6.8027625e-02  -6.2595140e-02   1.8455348e-01   3.0947718e-01   9.0365330e-02   5.2399027e-01   3.8991698e-01   1.9356882e-01  -2.7875897e-03   2.1063434e-01   1.7630230e-01   2.8199126e-01   2.7933334e-01   0.0000000e+00   5.8409296e-01   4.0743850e-01   3.6571954e-01   7.1773317e-01   2.3509491e-01   3.9402566e-01   3.2167923e-01   3.3452995e-01   4.9067677e-01   6.5160341e-03   2.4581616e-01   2.2735472e-01   1.7007552e-01   1.9853305e-01   3.6371342e-01   2.3606426e-01   1.8601708e-01   3.8590496e-01   3.1805117e-01   2.2090401e-01   2.7453959e-01   5.9358526e-02   2.1228034e-01   3.4009809e-01   3.1399598e-01   3.2835883e-01   1.3295472e-01   9.8541520e-02   3.6175674e-01   2.3797542e-01   2.1836425e-01   1.4650811e-01   2.0366591e-01   8.2950414e-02   7.7580232e-02   3.1588447e-01   9.7783968e-02   2.4198571e-01   3.4497266e-01   2.0468022e-01   1.8379197e-01   1.1117587e-01   2.3210525e-01   1.7578688e-01   1.4945633e-01   1.1731238e-01   2.0117409e-02  -1.9132687e-01  -4.5430508e-02  -5.7716823e-03  -6.3318992e-03  -5.6900527e-02  -1.6509394e-01  -2.2010883e-01  -6.6059058e-02  -1.9716136e-01  -1.9598988e-01  -1.8893604e-01  -9.3300073e-02  -8.8899849e-02  -3.9802536e-02   1.0945781e-02   5.4985487e-02   7.5457530e-02  -5.8062151e-02  -1.2504192e-02  -1.7797994e-01  -1.9567281e-01   2.0361976e-02   2.2647116e-02  -2.6496429e-02  -1.3855301e-01   3.7522245e-02   1.3490678e-01   1.4811461e-01  -1.4771062e-01   5.4111655e-02  -3.7373475e-02   8.7530742e-02  -2.0130154e-03   1.2865847e-02  -1.6927409e-01   2.6264294e-01   5.0589254e-02   1.4804106e-01   1.6333533e-02   1.5871368e-01   6.6922309e-02   4.4149584e-02   4.1624867e-02   1.0284532e-01   1.8398458e-01   1.6229207e-01   1.6833206e-01  -1.0011208e-01  -2.2261283e-01  -7.6772240e-02
