   0.0000000e+00  -1.5161566e-02   3.3608353e-02  -1.7646497e-02   1.9658150e-01   3.2982138e-01   3.8890352e-01   1.1440320e-01  -6.0742184e-02   1.7504065e-01   2.0523576e-01  -1.2191102e-01  -2.3463234e-02   1.2171633e-01   2.8534650e-02  -6.6274547e-03   1.6451299e-01  -6.1924400e-02  -5.1823887e-02  -8.2920458e-02  -5.6781062e-02  -1.9618251e-01   1.5123016e-01   5.0867654e-02  -8.8570570e-02  -1.4555647e-01  -1.9207305e-01  -1.6625811e-01  -2.2965885e-02   1.8712856e-02  -7.9563043e-02  -7.1317038e-02  -3.4834619e-03  -6.2610315e-02  -1.3152762e-01  -1.6167966e-01   4.6617332e-02  -2.7302748e-03  -3.8969016e-02   1.9104363e-01   1.0612871e-01  -8.3355000e-02  -8.4132381e-02  -4.8916481e-02   1.4033700e-01  -7.6902665e-02   3.3637627e-01   2.5253328e-02  -2.1333536e-01  -1.0394959e-01  -1.0364660e-01  -6.5511932e-02  -4.1916316e-02  -2.7793897e-02  -1.3779943e-02  -2.2010220e-02  -1.9247461e-01   1.0318660e-01  -6.2099374e-02   1.2458968e-01  -1.2560898e-01  -1.4878752e-01   8.3881269e-02   2.4845325e-01  -7.4593843e-02   7.6105607e-02   1.7259706e-02   2.2196661e-01   8.2480586e-02  -1.9756917e-01  -3.9558187e-02   1.6700945e-01   4.8610924e-01  -1.4291765e-01   0.0000000e+00   9.5923758e-02   1.0426033e-01  -9.3225633e-02  -1.7599416e-01  -3.0833958e-02  -1.9787491e-01  -7.4901717e-02  -5.4167344e-02  -4.1147340e-02  -1.1531282e-01  -3.8040550e-02   1.2504136e-01  -1.5343472e-01   1.0698860e-01   4.0142256e-02   1.5113877e-01  -1.0388838e-01  -1.9066053e-01  -1.0184596e-01  -1.3493996e-01  -3.9554090e-02  -1.1379213e-01  -2.0698307e-02   9.7718469e-02  -1.3388006e-03  -3.5227924e-02  -1.5793190e-01   7.2093694e-02  -1.3985986e-01  -1.6708965e-01   7.0601377e-02  -7.6773615e-02  -1.8333352e-01  -4.3155783e-02  -2.1148328e-02  -9.3183678e-04   2.1276821e-01   1.8872493e-01  -7.9316764e-02  -2.7131508e-02  -2.8511137e-02  -2.5190605e-02   6.0368829e-02
  -1.5161566e-02   0.0000000e+00   1.2394737e-01   1.7446296e-03  -1.3437844e-01   3.3652439e-02  -5.4919203e-02   3.6165017e-02  -2.5095998e-02  -1.5734789e-02  -7.4265117e-02  -1.3236447e-01  -2.0520618e-01   6.2346807e-02   3.9819674e-02  -3.0713358e-02  -6.3285136e-02  -3.3786084e-02  -2.2821604e-01  -2.1606529e-01  -5.2803292e-02  -1.9863421e-01   1.1342923e-01   1.4830227e-01  -1.0258914e-01  -1.5459481e-01  -2.1638859e-01  -9.3922164e-02   1.4278772e-02   1.6737893e-02   1.1013127e-02  -8.1294035e-02  -1.2747109e-01   8.9466803e-03  -2.4721939e-01  -1.6680556e-01  -1.8217454e-01  -6.7699102e-02  -1.4607212e-01   2.2029294e-02  -1.7001032e-01  -1.6758217e-01  -1.9101540e-01  -1.6856650e-01   1.0268587e-01  -1.7014450e-01  -1.2382102e-01  -7.2015983e-02  -1.6701768e-01  -5.3702493e-05  -9.9730148e-02  -1.7310818e-01  -1.2417560e-01  -1.1896450e-01  -1.8387144e-01  -6.8696216e-02  -2.0131406e-01   1.0065311e-01   3.5316321e-02   6.3130880e-02  -1.3958916e-01  -9.1682856e-02  -4.1531061e-02  -1.3497025e-01  -7.2306193e-02  -1.3818648e-01  -2.8698483e-02   5.3609815e-03   2.1822520e-01  -1.9940852e-01  -8.5438825e-02   1.3747470e-01   1.2610032e-02  -4.2951193e-02   0.0000000e+00   1.0799166e-01  -5.3529288e-02  -1.2602007e-01  -1.6633582e-01   1.2847864e-02  -1.3940872e-01  -1.2418374e-01  -1.4711904e-01  -9.8349558e-03  -2.4493858e-01  -1.3725923e-01   7.6730455e-02  -1.7286262e-02   3.8024514e-02   1.5501917e-01   5.4972743e-02  -1.8299859e-01  -1.2559642e-01  -1.6601595e-01  -1.8983857e-01  -3.7821771e-02  -2.3336874e-01  -1.3605012e-01  -4.1592812e-02  -7.3821595e-02  -1.2370283e-01  -5.1517378e-02  -2.0209409e-01  -1.5496993e-01  -1.5441573e-01  -1.4024113e-01   1.4409221e-01  -1.6038399e-01  -7.5676071e-02  -3.4482294e-02  -1.3145216e-01  -4.3864385e-02  -2.7736831e-02  -1.2879782e-01  -1.7769135e-01  -1.5104199e-02  -1.2193272e-01   1.6753451e-01
   3.3608353e-02   1.2394737e-01   0.0000000e+00   5.9564687e-02   6.5060911e-02  -4.5102399e-02   1.5421172e-01  -8.1716261e-02  -6.2885252e-03   9.6849706e-02   1.8641254e-01  -1.6636705e-02   1.1236077e-01  -4.0250908e-02   1.7924325e-01   1.8381403e-01   7.0758506e-02   9.6649776e-02  -3.1859100e-02   5.9961901e-02   7.6767081e-02  -2.0563016e-02  -5.0166937e-02   4.1342830e-02   4.8594922e-02  -9.6001890e-02   2.3958219e-02  -4.7281080e-02   1.0651461e-01   6.7629066e-02   9.9117557e-02  -5.4622780e-02  -7.2547851e-02   1.3296085e-01  -1.1015611e-01   1.1291638e-01   1.2839517e-01   7.0101426e-02   5.3687882e-02   1.4564294e-01  -3.1741834e-02   6.3699423e-02   7.5376280e-02   1.0921013e-01   1.6955701e-01   9.2647160e-02  -2.9994504e-02  -2.4772252e-02  -7.0950643e-03   1.5263454e-01   4.2182297e-02   1.1177272e-01   2.6255086e-02  -5.9127052e-02   1.7848362e-01   2.3425562e-01  -3.1652829e-02   8.5395734e-02   2.1508716e-01   2.2902269e-02  -9.7865190e-02  -5.7612722e-02  -6.1015672e-02   1.3296107e-01   4.2183651e-02   1.0102726e-01  -1.0036495e-01  -5.3998742e-03   1.8920264e-01  -8.0597730e-03  -6.1684998e-02   2.8409690e-02   6.7193972e-02  -3.3941959e-02   0.0000000e+00  -2.5242841e-03   5.0690074e-02  -7.1264555e-03  -1.9154332e-02   3.3359856e-02   2.6309449e-02  -1.6031149e-02   1.0938072e-01   7.2916456e-02   8.0616154e-02   7.3809981e-02   1.6978186e-01  -5.4904659e-02   1.3291520e-01  -3.7513381e-02   1.4693212e-01   1.1269498e-02  -5.8385976e-03   8.5593181e-02   2.9002517e-02   3.5910393e-02   7.4867321e-02   2.0037364e-02  -2.7008206e-02   1.0323467e-01   8.7495821e-02   1.2854159e-03   9.1662759e-02   2.1042692e-03  -5.9326607e-02  -2.0656127e-02   6.1381369e-02  -9.2708931e-02  -1.8967634e-02   7.9557704e-02   4.5898438e-02   6.9218728e-02   6.7444494e-02   1.4426467e-01   5.1050209e-02   1.1696148e-02  -9.0758856e-02   1.8501225e-02
  -1.7646497e-02   1.7446296e-03   5.9564687e-02   0.0000000e+00  -9.5503073e-02  -5.8006309e-03  -6.5847424e-02   1.0752723e-01   1.9276355e-01   1.5420932e-01   8.0746125e-02  -2.4179740e-01  -4.8311087e-04   4.7432766e-02   1.3754212e-01   8.6756269e-02   1.8745093e-01  -1.5192561e-02   4.6959869e-02  -7.8443480e-02   1.3089435e-01  -9.3346323e-02   1.4919052e-01   1.3223607e-01   2.0767793e-03   1.3622438e-01  -1.5660542e-01   1.6793187e-01   1.5731155e-01   1.7524046e-01   6.2376044e-02  -2.1166697e-01  -5.1111369e-03   6.8486689e-02  -1.7565537e-01  -1.2179394e-03  -8.4391758e-02   2.0930018e-01  -3.6590748e-02   1.5285203e-01   1.0900264e-01   7.7466027e-02  -2.1161657e-02  -1.4603440e-02   1.4258617e-01   8.5045715e-02  -7.7297906e-02   7.2322232e-02   1.2215228e-01  -1.1699557e-01   9.1034339e-02  -1.0205582e-01  -9.6234998e-02  -4.1714366e-02   2.0036257e-02   1.8588591e-01  -1.2192571e-01   1.6132495e-01   2.0758675e-01  -5.3022379e-02  -6.1986200e-02  -6.5003604e-02   1.1039707e-01   5.7003035e-02  -7.0957345e-02  -2.5684549e-01   1.7454988e-01   1.2893711e-01   1.5857059e-01  -4.6220314e-02  -6.4663323e-02   7.5738720e-02  -1.0153578e-01  -1.0377446e-01   0.0000000e+00   1.3269981e-01  -1.8652792e-01  -9.5060120e-02  -3.6395024e-02   1.3099229e-01  -6.4281106e-02  -2.4407966e-02   5.2248062e-02   1.9663372e-02  -1.3483404e-01  -9.6709162e-02   9.5432097e-03   7.0978024e-02   9.0946240e-02   2.3320508e-01  -4.6126265e-02  -2.5939149e-01  -8.1901128e-03  -8.0449091e-02  -8.2833511e-02   9.5574765e-03  -2.8273399e-02   1.0833271e-01  -1.9952437e-01   4.0764271e-02  -1.1546230e-02   6.3557999e-02   4.7119261e-04  -1.1247595e-04  -1.8689645e-02   1.2368525e-01   3.0046368e-04   4.4857679e-02   3.2320599e-02   9.2097304e-02   3.4062845e-02   1.3775407e-01   2.4060958e-01   4.0489054e-02  -5.0423692e-03   1.1021187e-01   1.2351135e-01  -3.6484461e-02
   1.9658150e-01  -1.3437844e-01   6.5060911e-02  -9.5503073e-02   0.0000000e+00  -5.8912159e-02   1.6401426e-01  -8.9652105e-02  -1.2804910e-01   3.7907303e-02   5.9010874e-02   5.6265417e-02   1.6404876e-01  -1.1214410e-01   1.0006486e-01  -3.0502580e-02   4.2032612e-02   1.1196358e-01   6.6097605e-02   1.7080299e-01   7.7096195e-02   1.0078452e-01   5.2336908e-02  -7.3558928e-02   9.8351312e-02  -3.4602612e-02   2.9038221e-01  -1.7324145e-02   1.1785431e-01   7.4370917e-02   1.4061937e-01   1.7683064e-01   1.1784012e-01   1.4072661e-01   1.1858274e-01   9.8022302e-02   1.6590500e-01   8.8900665e-03   1.0515283e-01   8.7923364e-02   1.2308786e-01   6.7144446e-02   1.0765976e-01   1.2241165e-01   3.7284557e-02   3.3116075e-02   3.0281582e-01   2.9371443e-02  -2.7845037e-02   2.9544719e-01   1.2436038e-01   2.3549758e-01   8.9104578e-02   1.1440762e-01   3.1246396e-02  -4.2718355e-03   2.2461238e-01  -1.1097440e-01  -1.0194985e-02   1.0173289e-01  -4.9555711e-03   7.0736101e-02  -1.2253148e-01   2.0476759e-01   8.7962137e-02   2.7124551e-01  -1.0799329e-01  -1.1191795e-01  -1.1478604e-01   1.1397590e-01   1.1924387e-01   5.1624939e-02   2.5008254e-01   1.6366215e-01   0.0000000e+00  -9.2791467e-02   1.7303904e-01   1.8022571e-01   1.0626567e-01  -7.4634499e-03   2.4785763e-01   1.4359013e-01   1.7016740e-01   7.1037682e-02   1.8842163e-01   1.5371937e-01   8.0842349e-02  -5.2329474e-02   2.3401163e-02  -1.3107992e-01   3.4947935e-02   2.6954998e-01   1.3246501e-01   6.7642875e-02   7.6244820e-02  -1.1198745e-02   1.3376794e-01   6.2278210e-02   2.3107236e-02  -5.3996772e-02   8.4411122e-02   1.5900263e-02   1.5224644e-01   1.1075165e-01   1.2599174e-02   5.9701284e-03   5.9430477e-02  -4.9305166e-02  -3.2559854e-02  -2.9290663e-02  -1.8461961e-02   1.0363697e-01   3.6970713e-02   1.9870787e-01   9.8061290e-02  -7.8580475e-02  -1.3558050e-01   3.0068057e-02
   3.2982138e-01   3.3652439e-02  -4.5102399e-02  -5.8006309e-03  -5.8912159e-02   0.0000000e+00   6.3850217e-02   2.5382961e-02  -2.4915433e-02  -7.7852195e-03  -3.1350443e-02  -1.3805969e-01  -1.5204990e-02  -2.0246817e-03  -3.9849902e-02   2.6778393e-02   1.1815856e-01   4.1928271e-02  -8.1078948e-02  -4.7173459e-02  -1.3289124e-01  -2.7858908e-02   1.0725327e-02  -1.3092256e-02  -5.9688332e-02   3.3184895e-02  -1.1921760e-01  -3.7962783e-02   2.5886878e-03   1.2675031e-02   3.5252958e-02  -1.2214387e-01   1.0871657e-02  -6.3271902e-02  -1.4217341e-01  -7.9408003e-02   8.6889284e-03  -5.3025412e-02  -1.2939740e-01  -4.6334482e-02  -4.7286926e-02  -1.8302580e-01  -1.0882958e-01  -1.2700356e-01   3.9958823e-02  -1.1213718e-01   2.8151662e-01  -6.0139417e-02  -7.4555717e-03  -9.8527633e-02  -5.6514515e-02  -1.0042740e-01  -1.5405996e-01  -6.4990298e-02   5.0894535e-02  -2.9154069e-02  -7.9370643e-02   6.3671596e-02  -7.8717838e-02   4.3619398e-02   1.8379551e-02  -1.0760149e-02  -5.4888749e-02   6.8348991e-02  -5.2080735e-02   5.9082919e-03  -1.2013879e-02   4.0139938e-02   2.8312633e-02  -5.9427758e-02  -3.0112281e-02   1.7987116e-01   1.6157640e-01  -1.1653975e-01   0.0000000e+00  -5.3199723e-02   1.0673250e-01  -4.7465298e-02  -7.4720386e-03   3.2891092e-02  -7.8604375e-02   4.4010564e-02   3.3722033e-02   4.9066928e-02  -4.8117228e-02  -2.2323701e-02   6.8742667e-02   2.2880945e-02   6.8679095e-02   1.4789901e-02  -1.4120605e-02  -7.6780059e-02  -5.6167415e-02  -1.2490951e-01  -1.0974210e-01  -1.6185540e-01  -2.1273604e-02  -1.1315053e-01  -7.0841863e-02  -6.6053969e-02  -6.7033676e-02  -1.4366458e-01  -4.0084131e-02  -5.6164289e-02  -3.5831720e-02  -6.0133230e-02  -3.9798818e-02  -3.0658503e-03  -1.3310585e-01  -8.1110268e-02   9.2565577e-03   7.3686313e-02   3.6484966e-02  -3.4413145e-02   7.5324165e-02  -8.4000298e-03   1.3685786e-02   5.4641211e-02
   3.8890352e-01  -5.4919203e-02   1.5421172e-01  -6.5847424e-02   1.6401426e-01   6.3850217e-02   0.0000000e+00  -9.1695978e-03  -1.0687474e-02   1.6846350e-01   3.1857679e-01  -5.9306771e-02   1.2477908e-01  -7.2395439e-03   2.5420476e-01   1.7488768e-01   1.1053219e-01   2.1579027e-01   3.7943982e-02   1.5224116e-01   1.2558006e-01  -3.4812336e-02   1.4418007e-01   7.8182149e-02   7.4029648e-02  -2.1705518e-03   6.6333563e-02  -4.4486706e-02   1.1919233e-01   1.0922637e-01   6.0628336e-02   3.7877617e-02   2.9415751e-01   2.5136256e-01   1.9489270e-01   2.3303477e-01   2.3378874e-01   1.4720991e-01   1.7411618e-01   3.5225668e-01   1.7257630e-01   1.6832000e-01   7.8797730e-02   2.3937814e-01  -5.1957928e-02   2.4079937e-01   2.5145363e-01   1.2704439e-01   1.7996841e-02   2.4156081e-02   3.7053548e-03   2.0118567e-01   2.0151772e-01  -2.3489655e-02   2.2886956e-01   1.5917753e-01   1.3042300e-03   1.8950235e-02   1.2443907e-01   1.2838642e-01  -5.0727402e-02  -1.2494364e-01  -5.2585102e-02   3.5777366e-01   1.0455396e-01   1.1556279e-01  -1.2973299e-01  -7.0329370e-02  -4.8846510e-02   9.2522052e-03  -1.4624719e-02  -1.2791255e-01   4.9833439e-01   5.5683972e-02   0.0000000e+00  -8.8329552e-02  -5.0888826e-02   2.7095421e-02  -8.3341336e-02  -1.3430195e-01  -8.8950265e-02  -2.9636717e-02   1.0483560e-01  -8.3527396e-02   3.0706115e-02  -1.0672791e-01  -2.7668339e-02  -1.9373257e-01  -2.8266173e-02  -1.4379483e-01   4.3195696e-02   1.4285368e-01   3.4856442e-03  -7.6981795e-02   1.2617277e-01   4.4204167e-02   6.5087591e-02   1.0436077e-01   1.2344863e-01   2.2221298e-02  -3.1945597e-03   2.2553966e-02  -1.5036228e-02  -4.5430603e-02  -1.0312818e-01  -4.2067597e-03   6.0936136e-03  -9.4427113e-02  -6.7279635e-02   1.5701733e-01   1.0656789e-01   1.3731758e-01   1.0350107e-01   6.1128875e-02   1.2611357e-01  -5.9466083e-03  -7.7860310e-02  -5.5652902e-02
   1.1440320e-01   3.6165017e-02  -8.1716261e-02   1.0752723e-01  -8.9652105e-02   2.5382961e-02  -9.1695978e-03   0.0000000e+00   3.0722318e-01   9.1362127e-02   1.0070283e-01  -6.8844607e-02  -1.3035580e-01   1.6138749e-01  -1.5854017e-02   4.3195024e-02   3.7541359e-02  -1.3357794e-01  -3.1348786e-02  -1.4169123e-01  -4.3639597e-03  -7.5247308e-02   5.5893488e-02   2.6997728e-02  -1.0903683e-01   8.7757725e-02  -1.5083776e-01   4.0142821e-03  -4.6018242e-02  -5.6399536e-02  -1.4019459e-01  -1.0844309e-01  -3.7458459e-02  -3.5583389e-02  -4.7803118e-02  -1.2126661e-01  -8.6042447e-02   2.7627207e-02  -4.9528758e-02   1.0042916e-01  -1.8048736e-03  -5.5543435e-02  -1.1577994e-01  -2.2057359e-02   1.0307988e-02  -3.4577363e-03   1.2914730e-02   1.0870411e-01  -1.7477841e-02  -1.3888778e-01  -9.9343181e-02  -1.6286370e-01  -4.7001258e-02  -6.8145546e-02   8.6305146e-03   2.0755575e-02  -1.3524674e-01   1.3297108e-01   3.4959092e-02  -8.3031517e-02   9.4722771e-03  -3.8426294e-02   1.2574117e-01  -1.1534245e-01  -2.8984195e-02  -8.6799164e-02   2.5541885e-01   9.4520722e-02   4.7996943e-03  -1.2986161e-01  -8.2492757e-02   5.4077308e-02  -9.5591047e-04  -1.8600446e-02   0.0000000e+00   4.4318535e-02  -1.0047268e-01  -7.7809396e-02  -9.0108949e-02  -2.8015028e-02  -1.6424827e-01  -1.3248353e-01  -1.2166234e-01  -1.3370022e-01  -1.4432640e-01  -2.6474525e-01   1.4645899e-03   3.8306208e-02  -3.8904713e-02   1.8076047e-01  -4.7348445e-02  -1.6611447e-01  -1.1650932e-01  -8.0819415e-02  -8.4265456e-02  -4.3464660e-02  -1.6635633e-01  -5.1250924e-02  -3.2007528e-02  -5.6394807e-02  -6.3241101e-02   4.1391433e-03  -1.4460410e-01  -1.0323698e-01  -5.8524411e-02   2.0127193e-02  -3.6296944e-02  -3.6956159e-02   3.0432109e-02   8.6387093e-02   7.4393430e-02   3.2262576e-02   2.5105906e-02  -9.6683424e-02  -1.2049671e-01   4.4096388e-01   4.2727652e-01   4.0097701e-02
  -6.0742184e-02  -2.5095998e-02  -6.2885252e-03   1.9276355e-01  -1.2804910e-01  -2.4915433e-02  -1.0687474e-02   3.0722318e-01   0.0000000e+00  -1.6277276e-01   8.3951495e-02   2.3840686e-02  -3.7937717e-02  -9.7553529e-03  -7.0231222e-02   7.3529362e-02  -5.2470514e-02  -1.3125753e-01   3.8325699e-02  -1.1536995e-01  -4.2951770e-02  -8.9941082e-02  -1.5439189e-02  -3.6385929e-02  -1.0293496e-01   7.7388066e-02  -1.1848648e-01   5.6933355e-02  -1.0341473e-02  -9.5490351e-02  -1.0028321e-01  -1.2318075e-01   6.0316304e-02   6.4258063e-02   1.1832193e-01   9.0565818e-02  -8.0315148e-02   1.4132178e-01  -3.1467466e-02  -5.6854800e-03  -7.0225358e-02   1.1124121e-01  -6.2455689e-02   1.1421946e-01  -1.2174028e-01   2.1562889e-01  -1.4403965e-01   2.6035265e-02   1.9982617e-01  -5.6967864e-02  -1.4644985e-02  -1.9553278e-01   3.6444934e-02   1.0540521e-01   7.3893460e-02   6.8087067e-02  -6.2755949e-02   2.2000131e-01   1.3852700e-01  -1.2671607e-01  -1.0360913e-02  -1.7728462e-02   1.5704451e-01  -6.1113885e-02   2.3631706e-01  -2.1125422e-01   3.8499266e-01   6.6866347e-02   3.1590700e-02   1.6243740e-02   6.0317124e-03  -6.9246246e-02  -8.5067988e-02   7.4643658e-02   0.0000000e+00   4.1883610e-02  -1.1724908e-01  -4.8067860e-02  -3.1908997e-02   3.6605608e-02  -1.7610481e-01  -1.3777488e-01  -1.3436463e-01  -4.7042943e-02  -1.9226812e-01  -2.3945890e-01  -5.7426272e-02   6.5048590e-02  -3.2065927e-02   2.4475599e-01  -5.1444616e-02  -1.1850648e-01   1.2265232e-01   9.5984750e-03  -2.8888946e-02   1.4328097e-01  -1.6372408e-01   2.0950774e-01   6.2924154e-02   1.4199066e-01  -1.4562636e-01   1.4817319e-01  -1.1739196e-01  -5.8681521e-02   5.1785244e-02   1.3993354e-01   1.8245191e-01   5.6957191e-02   1.8530815e-01   2.9239779e-01   2.7736719e-01  -6.4621015e-02  -8.6856713e-02  -9.6931780e-02  -9.4882901e-02   2.0782743e-01   3.0817326e-01  -2.9317026e-02
   1.7504065e-01  -1.5734789e-02   9.6849706e-02   1.5420932e-01   3.7907303e-02  -7.7852195e-03   1.6846350e-01   9.1362127e-02  -1.6277276e-01   0.0000000e+00   5.0853419e-01  -2.7292200e-02   7.5665477e-02   1.0863915e-01   2.5397357e-01   2.0335509e-01   3.3414817e-01   1.1603907e-01   2.4307894e-03   1.0813620e-01   1.9855454e-01   1.7417587e-02   2.0747178e-01   2.0869862e-01   1.8463325e-01  -1.0062439e-02   1.1121102e-02   1.0449966e-01   1.8966838e-01   2.2347799e-01   2.6444734e-02  -1.2546822e-01  -4.0679233e-02   9.6159533e-02  -1.1689388e-01   3.9402518e-02   3.4261561e-01   1.8940680e-01   4.5358771e-02   5.1321183e-01   1.0978446e-01   8.2276162e-02   5.1320299e-02   7.3056661e-02   1.8020769e-01   1.2154928e-01   3.5172288e-01   2.3349435e-01  -1.2916074e-02   7.5344703e-02   3.5097804e-02   2.0674285e-01   4.9830675e-03  -5.3693981e-02   1.8477844e-01   2.0702321e-01  -1.0776916e-01   1.5893032e-01   8.7567328e-02   9.5207186e-02  -1.7203637e-01  -1.7117370e-01   1.6710937e-02   7.4439748e-02  -9.9709520e-02   8.1675843e-02  -3.1496192e-02   1.4431346e-01   7.1318754e-02  -1.4333986e-01  -1.8270785e-01   8.4344569e-02   3.8667493e-02  -1.0472485e-01   0.0000000e+00   7.9095241e-02  -5.7891081e-05  -1.1408621e-01  -1.3972742e-01   9.9025446e-03  -9.7197896e-02   2.1757291e-02   3.4542719e-01  -2.9968923e-02   7.6276894e-02  -1.7297486e-01   6.0756621e-02  -1.1271142e-01   1.3319723e-01  -2.4687662e-02   1.4387238e-01  -1.2077288e-01  -2.4711178e-01  -1.1739012e-01  -3.8399709e-02  -4.4060455e-02   1.1244573e-01  -1.3323577e-01  -2.3288971e-02  -1.0367349e-01   3.4603307e-01  -1.6283100e-01   1.0508242e-01  -1.0893456e-01  -1.0948702e-01   2.2514006e-02  -7.9400904e-02  -4.7472823e-02  -8.7120991e-02  -7.1683183e-03  -5.7226758e-03   1.4495149e-01   1.0337733e-01   3.6830706e-03   2.7923422e-03  -3.7465193e-02  -6.3284788e-02   8.3107873e-02
   2.0523576e-01  -7.4265117e-02   1.8641254e-01   8.0746125e-02   5.9010874e-02  -3.1350443e-02   3.1857679e-01   1.0070283e-01   8.3951495e-02   5.0853419e-01   0.0000000e+00   7.8991766e-02   1.3173699e-01   9.1845514e-02   2.6880552e-01   3.3493996e-01   3.3195169e-01   2.0637767e-01   9.2946722e-02   1.4762395e-01   2.0900004e-01  -2.3832640e-02   2.5385745e-01   1.1958803e-01   2.3848679e-01  -6.5192450e-02  -4.0326000e-02   5.6383182e-02   2.2063465e-01   2.5000086e-01  -1.5034949e-02  -3.7412093e-02   5.0554321e-02   2.0274751e-01   4.9336641e-02   1.9503110e-01   4.0607095e-01   2.5767679e-01   9.8194941e-02   6.5787858e-01   1.5996120e-01   1.6181441e-01   2.0527744e-01   2.3091453e-01   1.5760430e-01   2.6590281e-01   3.3973888e-01   3.3259511e-01   4.6394762e-02   8.2325479e-02   1.2567548e-01   1.0825783e-01   5.1662025e-02   8.4510554e-02   2.5819641e-01   3.0680241e-01  -8.3177077e-02   1.8154167e-01   1.8116958e-01   1.3692474e-01  -1.6819996e-01  -1.9061328e-01  -1.0307531e-02   2.2475538e-01   8.9920023e-02   7.8555433e-02   5.0443672e-02   1.7788470e-01   8.1332548e-02  -1.3183232e-01  -3.9658466e-02   1.0431210e-02  -2.7429931e-02  -6.2519392e-03   0.0000000e+00   1.3786300e-01   1.2123296e-02  -2.6926664e-02  -1.9900617e-01   1.5521342e-02  -1.9057805e-01  -2.9409962e-02   2.5922522e-01  -2.8951610e-02   5.3473332e-02  -1.1121402e-01   6.2269721e-02  -1.6241572e-01   9.7647084e-02  -2.2691078e-02   1.8339587e-01  -6.9405303e-02  -1.1823380e-01  -1.1317156e-02   3.3184663e-02   8.4643149e-02   1.9266457e-01   2.2816776e-02   1.3123966e-01   4.1517532e-02   2.3515003e-01  -4.2474928e-02   9.9908186e-02  -9.3190282e-02  -1.3332428e-01   9.3209319e-02   1.4195089e-02  -5.3152099e-02   3.5086673e-02   2.2446894e-01   1.3200611e-01   6.8812658e-02   3.4552631e-02  -2.1305931e-02   4.8075605e-02   3.8727794e-03   3.9231317e-03   5.7999576e-02
  -1.2191102e-01  -1.3236447e-01  -1.6636705e-02  -2.4179740e-01   5.6265417e-02  -1.3805969e-01  -5.9306771e-02  -6.8844607e-02   2.3840686e-02  -2.7292200e-02   7.8991766e-02   0.0000000e+00   1.1649725e-01   1.0135168e-03   8.6645717e-03   5.7949577e-02  -1.1950478e-01   8.5512391e-02   4.5348065e-02   1.3695201e-01   4.1756571e-02   1.5411604e-01  -1.5603145e-02  -1.1597317e-01   1.2526818e-01  -4.5021525e-02   1.5678693e-01   9.9753780e-03  -7.1086774e-02  -3.0165255e-02  -1.6730576e-02   1.9866197e-01  -3.2144544e-02   1.8157229e-02   3.2045648e-01   3.2156256e-02   6.8430752e-02  -5.7305208e-02   6.6555167e-02  -4.6952631e-02  -6.4567695e-02   1.0174790e-01   3.2425834e-01   1.7466263e-01   4.1608108e-02   4.6995734e-02  -7.9216287e-03   5.2783771e-02   7.8396682e-02   2.1057106e-01   9.0114992e-02   7.5031218e-02   1.1203433e-01   1.8728810e-01   1.2895053e-01  -4.2232536e-02   1.4997593e-01  -6.8204120e-02  -1.7859656e-02   4.1234627e-02   4.2402919e-02   2.8080990e-02   1.2380396e-02  -2.1827873e-02   7.0727289e-02   3.4676148e-01   2.9218858e-02   4.9256692e-02   4.3094273e-02   6.4315355e-02   9.0127258e-02  -5.1691352e-02  -1.8377279e-01   1.8026510e-01   0.0000000e+00   8.9589786e-02   1.9728836e-01   1.4674234e-01   4.4637846e-02   3.7532769e-02   2.0639247e-02  -1.9132144e-05   1.9444242e-03   7.4130145e-02   2.0772539e-01   2.0570072e-01   1.3422261e-01  -5.2247345e-02   3.6558403e-03  -3.7792662e-02   2.5256058e-01   2.0797885e-01   1.8085161e-02   2.3665632e-01   1.4544279e-01   1.8309392e-01   2.0666196e-01   1.5018565e-01   2.4890755e-01   8.7942677e-02   1.3834199e-01   5.6969195e-02   2.1317043e-01   7.0088471e-02   1.0429881e-01   9.5668199e-02   1.0694432e-02   1.2833361e-01   1.6449896e-01   4.2686112e-02   3.5182870e-02  -2.7369358e-02  -1.4139578e-01   3.7282816e-02   1.9232524e-02   7.8577908e-03   1.1952445e-02   3.4528298e-02
  -2.3463234e-02  -2.0520618e-01   1.1236077e-01  -4.8311087e-04   1.6404876e-01  -1.5204990e-02   1.2477908e-01  -1.3035580e-01  -3.7937717e-02   7.5665477e-02   1.3173699e-01   1.1649725e-01   0.0000000e+00  -5.2189593e-02   4.1307810e-01   3.0612059e-01   2.1832671e-01   5.1019700e-01   1.8224137e-01   6.3891986e-01   5.3052154e-01   3.6640843e-01   2.6614003e-01  -7.2216557e-02   3.8371428e-01   2.8612075e-01   4.3488961e-01   1.0345456e-01   2.3990171e-01   2.7817608e-01   2.4588220e-01   1.4200369e-01   1.4941192e-01   2.3798626e-01   3.7072989e-01   3.3673927e-01   2.3067080e-01   2.6421150e-01   1.8667865e-01   8.8714428e-02   2.0212895e-01   4.0947710e-01   3.8107162e-01   5.3474659e-01  -1.6437426e-02   3.6005535e-01   1.2540668e-01   2.3951275e-01   6.1203547e-01   3.0342970e-01   6.2388120e-01   2.8565855e-01   2.0467926e-01   1.9695811e-01   3.9550245e-01   4.0876935e-01   4.3425519e-01   7.4244478e-02   1.2355817e-01   8.8249727e-02   3.2034832e-01   2.2131153e-01  -2.1323240e-02   3.2977478e-01   4.1480709e-01   7.6728498e-02   8.2936257e-02  -1.8140243e-01  -1.6129026e-01   4.5391408e-01   1.9441981e-01   2.2097313e-02   7.9818130e-02   2.7783129e-02   0.0000000e+00  -9.8056762e-02   6.3944084e-02   1.1131872e-01   1.8265821e-01   2.7348185e-01   2.7227510e-01   1.6865221e-01   3.7819921e-01   2.2413906e-01   2.9811079e-01   2.4145946e-02  -2.6259050e-01   1.2511557e-01  -1.4804493e-01  -3.3239557e-01  -1.4021394e-01   3.1128970e-01   1.5903176e-01   8.9868659e-02   2.2825107e-01   7.5828702e-02   4.5413963e-01   2.0682122e-01  -2.0120980e-02   1.3651990e-01   1.7384646e-01   1.2193460e-01   6.0385355e-02   2.0068338e-01   3.4954681e-01   1.7283937e-01   1.1025053e-01   2.6318160e-01   1.8597083e-01   4.0084239e-02   1.2273155e-01  -2.4562094e-02  -6.8547517e-02   2.1489679e-01   2.2108818e-01   5.0742676e-02   4.7994035e-02   1.7592464e-01
   1.2171633e-01   6.2346807e-02  -4.0250908e-02   4.7432766e-02  -1.1214410e-01  -2.0246817e-03  -7.2395439e-03   1.6138749e-01  -9.7553529e-03   1.0863915e-01   9.1845514e-02   1.0135168e-03  -5.2189593e-02   0.0000000e+00   4.9613985e-02   6.0921269e-02   2.1255524e-02  -8.6234818e-02  -2.2144767e-02  -6.7832105e-02   1.9431810e-03  -1.1718957e-01   2.1115094e-01   7.3835269e-02   8.8585425e-02   1.0499521e-01  -1.7118336e-01   8.9149386e-03  -1.7350894e-01  -2.2740510e-02  -1.7279813e-01  -1.4178727e-01  -1.3140365e-01  -1.0810193e-01  -1.4256703e-01  -1.9323115e-01  -5.7895488e-02  -7.6963310e-02  -5.5673923e-02   1.0772197e-01   3.2914224e-02  -7.5669604e-02  -6.5945661e-02  -5.6985157e-02   1.2072858e-01  -1.0149488e-01   2.5674899e-02   1.4583236e-01  -5.7199755e-02  -3.5353091e-02  -1.5878926e-02  -2.7403915e-01  -9.2888225e-02   1.1968778e-01  -2.0326107e-02  -8.4487207e-03  -8.1293480e-02   5.5455994e-02  -2.2218992e-02   1.9795502e-04   2.2155952e-01  -2.1723146e-02   5.0932335e-01  -6.5787526e-02  -1.4033869e-01  -3.4224693e-02   1.1939105e-01   1.4385466e-01   5.8752009e-03  -1.8332221e-01   1.6981365e-02   2.8198268e-01   1.8745727e-02  -8.1727124e-02   0.0000000e+00   1.0476319e-01  -1.4526772e-01  -1.3101261e-01  -1.0575216e-01  -2.7897631e-02  -1.8680914e-01  -8.2082129e-02  -4.7141156e-02  -1.5743102e-01  -1.0608272e-01  -1.4474357e-01   8.4272375e-03   1.0184871e-02  -8.4581118e-02  -6.5796255e-02   1.3039465e-02  -6.4659657e-02  -1.4214332e-01  -1.8743472e-02  -2.7648891e-02  -5.8329954e-02  -1.0345525e-01  -6.8160747e-02  -1.7903271e-02  -3.0068219e-04   2.2293744e-03  -6.9573162e-02   3.8918798e-02  -1.0639910e-01   1.8518915e-01   1.3176615e-01  -2.3715663e-03  -2.4568730e-02   2.6643113e-01   6.0990426e-02  -1.4920704e-01   8.5839179e-02   7.1097272e-02  -4.0580726e-02  -9.8455203e-02   6.5551560e-02   2.0927431e-01   6.8466742e-02
   2.8534650e-02   3.9819674e-02   1.7924325e-01   1.3754212e-01   1.0006486e-01  -3.9849902e-02   2.5420476e-01  -1.5854017e-02  -7.0231222e-02   2.5397357e-01   2.6880552e-01   8.6645717e-03   4.1307810e-01   4.9613985e-02   0.0000000e+00   3.3217374e-01   3.7000740e-01   5.1071474e-01   1.3797653e-01   2.6636184e-01   3.8136398e-01  -5.9118161e-02   2.5329689e-01   8.5004229e-02   1.5895964e-01   8.3481716e-02   6.0453679e-02   6.7833816e-02   4.2276330e-01   4.7429167e-01   3.2695180e-01  -3.1987633e-02   2.5619774e-02   4.7184038e-01   7.3971484e-02   1.7863104e-01   2.1617575e-01   2.2781440e-01   7.0425480e-02   3.7548049e-01   9.1990884e-02   3.1325760e-01   2.9554298e-01   3.7523956e-01   5.5665239e-02   2.9981840e-01   1.9631632e-01   2.7898133e-01   2.1159373e-01   1.4020665e-01   4.6041488e-01   2.1409779e-01   1.3035560e-01   1.8673038e-02   3.1847851e-01   5.8842685e-01   2.6958597e-02   4.6846531e-02   2.3952643e-01   1.4534788e-01  -3.6902150e-02  -1.0726358e-01  -4.9591857e-02   4.3769297e-01   1.3323004e-01   5.4624866e-03   5.2653192e-03  -8.2400803e-02  -5.7193677e-04   3.1801432e-02  -8.1804947e-02   2.8095068e-02  -1.1316957e-02   6.4023481e-02   0.0000000e+00   4.7766484e-02  -5.3392181e-02   3.4379585e-04  -1.1534895e-01   9.5352539e-02  -6.3359293e-02  -5.6456831e-02   1.6506608e-01  -1.0550525e-02   6.3333036e-02  -5.8409428e-02  -7.5166133e-02  -8.0013464e-02   6.2464409e-03  -2.6603168e-01   4.9058702e-03  -3.4614456e-03  -8.1053079e-02   1.6411177e-02   4.2801432e-02   5.3228453e-02   2.5176799e-01   5.6067783e-02  -2.8318244e-02   7.9553193e-02   9.7911393e-02  -9.4842402e-03  -2.2157363e-02  -2.5410299e-02   1.5909828e-02   7.3847290e-02   1.0063891e-02   6.9201794e-03   4.0896219e-02   4.6795002e-02   4.9033336e-02   1.4775989e-01   9.8487557e-02   1.5863423e-01   2.9744449e-01   6.4050389e-02  -5.4652729e-02   1.3670930e-02
  -6.6274547e-03  -3.0713358e-02   1.8381403e-01   8.6756269e-02  -3.0502580e-02   2.6778393e-02   1.7488768e-01   4.3195024e-02   7.3529362e-02   2.0335509e-01   3.3493996e-01   5.7949577e-02   3.0612059e-01   6.0921269e-02   3.3217374e-01   0.0000000e+00   2.1869749e-01   3.2826723e-01   2.0012428e-01   1.6116391e-01   2.7008239e-01   6.7476441e-02   1.3968195e-01   4.4790100e-02   2.3763498e-01   1.2049398e-01   6.9959532e-02   8.2731664e-02   1.7027037e-01   2.5553525e-01   9.3714293e-02  -5.7029328e-02   7.1206363e-02   1.2805530e-01   6.9237655e-02   2.8367442e-01   3.2679169e-01   2.1663479e-01   1.6184290e-01   2.6219968e-01   1.4262992e-01   1.7375865e-01   2.1828057e-01   3.0902605e-01   3.8911420e-02   2.8332166e-01   1.6430341e-01   3.3497786e-01   3.3148935e-01   2.1609886e-01   2.4586717e-01   1.5564680e-01   1.7507645e-01   1.6611675e-01   6.2071744e-01   4.5586740e-01   7.5537077e-02   1.3478645e-01   2.2884426e-01   8.8230726e-02  -3.7521928e-03  -6.5497242e-02   3.0305991e-02   2.1966495e-01   1.7667135e-01   1.7565754e-02   9.7179008e-02  -6.6086014e-03   3.9081429e-02   5.7489277e-02  -1.1816683e-01   3.5217258e-02  -8.6451256e-02   3.8914107e-02   0.0000000e+00   4.5636672e-02  -3.2163994e-02  -3.2245943e-02  -1.1537417e-01   4.9098106e-02  -1.1136302e-01  -2.3000208e-02   1.7279659e-01  -1.7471887e-02   3.3912579e-02  -1.2509755e-01  -7.3073104e-02  -6.4866119e-02  -2.5466238e-02  -1.2795745e-01   1.7275189e-02  -2.2511691e-02  -7.7673442e-02   1.6623273e-02   1.1054585e-01   5.1799997e-02   2.1390554e-01   1.0304501e-01  -4.1598174e-02   8.0499199e-02   9.4021424e-02   8.9263916e-02   3.9998382e-02   3.2465009e-03   5.7917648e-02   6.8330572e-02   6.4213598e-02   1.8914391e-01   1.3343461e-01   2.5088465e-01   1.4541784e-01   3.2072308e-02  -9.1652251e-03   1.1189300e-01   1.9760217e-01   9.7778160e-02  -3.0573180e-02   2.8898783e-02
   1.6451299e-01  -6.3285136e-02   7.0758506e-02   1.8745093e-01   4.2032612e-02   1.1815856e-01   1.1053219e-01   3.7541359e-02  -5.2470514e-02   3.3414817e-01   3.3195169e-01  -1.1950478e-01   2.1832671e-01   2.1255524e-02   3.7000740e-01   2.1869749e-01   0.0000000e+00   3.1536000e-01   1.1101361e-01   1.7914421e-01   2.8388543e-01   9.1296538e-02   2.0094624e-01   1.8892974e-01   1.8972350e-01   7.5837571e-02   9.7995920e-02   5.1633038e-02   4.2418952e-01   4.4376759e-01   1.5244908e-01  -7.3768953e-02   7.1255541e-02   2.3244259e-01   4.5271813e-02   1.4232218e-01   2.4435063e-01   2.6051312e-01   7.8628564e-02   3.4034612e-01   7.6389642e-02   1.6570382e-01   2.0684074e-01   1.2830966e-01   1.8202454e-01   1.4302027e-01   3.4201770e-01   2.1654086e-01   1.4139310e-01  -3.6529206e-02   2.6761922e-01   1.4921800e-01   3.8767470e-02   2.7098003e-02   1.7673254e-01   3.1796889e-01   7.0293336e-03   1.5652971e-01   1.3360690e-01   1.1074966e-01  -4.4542676e-02  -6.6227205e-02   2.3091185e-02   2.7136273e-01   2.3511298e-02  -5.9961751e-02   4.4685335e-02   3.3896306e-02   2.6737635e-02  -9.7816101e-04  -3.1006899e-02  -3.1198086e-02   3.7461587e-03  -9.1842761e-02   0.0000000e+00   4.9759127e-02  -4.8712380e-02  -4.5513966e-02  -1.1321003e-01   7.3583145e-02  -8.9553929e-02   3.2124957e-02   2.3817434e-01   9.2495607e-04   5.5651468e-02  -7.2034802e-02  -4.5809665e-02  -9.8738454e-02  -2.3781081e-02  -6.2652789e-02   4.3646876e-02  -6.0466820e-02  -8.9073461e-02  -2.6954870e-02   1.4600797e-02  -1.9093086e-02   3.0423059e-01   1.3682412e-02  -9.3913984e-03  -9.5278542e-04   1.4092616e-01   4.5650355e-02  -5.7859990e-02  -4.6371417e-02  -2.5712931e-02   4.3515603e-02  -3.5659883e-02   6.6066485e-02  -3.8380428e-02   1.4264060e-02   4.7254312e-02   8.1395940e-02   1.1060558e-01   7.9649271e-02   2.2005419e-01  -4.1520587e-03  -3.9029352e-02   2.3703953e-02
  -6.1924400e-02  -3.3786084e-02   9.6649776e-02  -1.5192561e-02   1.1196358e-01   4.1928271e-02   2.1579027e-01  -1.3357794e-01  -1.3125753e-01   1.1603907e-01   2.0637767e-01   8.5512391e-02   5.1019700e-01  -8.6234818e-02   5.1071474e-01   3.2826723e-01   3.1536000e-01   0.0000000e+00   1.2489430e-01   5.4943834e-01   3.2175428e-01   1.3098260e-01   1.9491381e-01  -1.6490640e-02   2.5645793e-01   1.1338618e-01   2.4570316e-01   2.7824721e-05   3.7611440e-01   5.3335869e-01   4.3194180e-01   5.1886731e-02   7.7207509e-02   3.7476894e-01   1.5060840e-01   1.5935157e-01   2.2105321e-01   1.5171709e-01   7.8427963e-02   2.2747350e-01   1.1117759e-01   3.0393513e-01   4.1323861e-01   2.6003504e-01   7.7021723e-03   2.0775647e-01   1.6918378e-01   2.6286641e-01   4.0411085e-01   2.0234109e-01   5.4080934e-01   2.8261580e-01   8.7622960e-02   4.8927072e-02   3.3216022e-01   3.6967541e-01   1.5950075e-01   3.8190585e-02   2.3490984e-01   2.3361862e-01   5.4997290e-02   4.4329807e-02  -1.4642702e-01   4.7619935e-01   1.7476856e-01   9.1729808e-02  -5.2420436e-02  -9.6570740e-02  -2.0773153e-02   2.8605877e-01   5.9830999e-02   7.2592102e-03   1.3683632e-02   7.4967510e-02   0.0000000e+00  -2.7449392e-03   9.6750942e-02   8.5346353e-02   6.3878595e-02   1.6984625e-01   1.1670139e-01   1.0602006e-01   2.8709860e-01   2.3835454e-01   2.3023966e-01   1.4228723e-01  -6.2772798e-02   3.0589211e-02  -5.3109217e-03  -2.7766185e-01   6.9849121e-02   2.0355529e-01   6.6843125e-02   3.5103683e-02   1.4921592e-01   5.1885042e-02   3.8290346e-01  -1.1277719e-02  -2.8583236e-02   3.6179341e-02   7.0839619e-02  -9.2170366e-03   1.1408317e-02   1.2149915e-01   6.7426566e-02   8.8134880e-02   1.4142569e-02   8.2969801e-02   7.8580363e-03  -1.0661431e-03   1.5091485e-01   1.2424529e-03  -6.0098158e-02   1.2282733e-01   3.8535332e-01   3.2323024e-02  -9.2234922e-02   1.4721241e-01
  -5.1823887e-02  -2.2821604e-01  -3.1859100e-02   4.6959869e-02   6.6097605e-02  -8.1078948e-02   3.7943982e-02  -3.1348786e-02   3.8325699e-02   2.4307894e-03   9.2946722e-02   4.5348065e-02   1.8224137e-01  -2.2144767e-02   1.3797653e-01   2.0012428e-01   1.1101361e-01   1.2489430e-01   0.0000000e+00   1.4291705e-01   2.1262031e-01   1.7472645e-01   2.7483294e-03  -4.1461276e-02   2.8486859e-01   2.5530110e-01   3.3820328e-01   1.6223698e-01   8.0664472e-02   2.0327950e-02   4.7738013e-02   6.3485902e-02   2.3315427e-01   1.2371053e-01   2.3727993e-01   3.0651006e-01   1.0874180e-01   2.3913922e-01   4.4328801e-01   1.0353973e-01   2.5053254e-01   3.8254927e-01   3.1088601e-01   3.2686727e-01  -1.1167600e-01   2.6111490e-01   6.0551737e-02   1.3532507e-01   2.5835508e-01   1.4961603e-01   1.6262339e-01   2.9596732e-01   2.8272649e-01   1.2480247e-01   2.2325466e-01   1.5438388e-01   3.6523313e-01  -9.4429009e-02   3.0844038e-01  -8.5998466e-02   6.4154373e-02   1.4708994e-01   1.3560336e-02   1.9300797e-01   1.8518069e-01   1.2878447e-01   7.9982697e-02  -3.0652140e-02  -1.6921790e-01   1.3237473e-01   6.5269441e-03  -7.8731542e-02  -1.8561906e-01  -5.4186826e-02   0.0000000e+00   2.9365213e-02  -1.8651403e-01   6.8150170e-02   1.6986858e-01   6.3412722e-02   1.3643267e-01   2.6039458e-02   1.6378528e-01  -2.9673172e-02   3.0069680e-01  -9.6167175e-03  -1.3641244e-01   1.0172230e-01  -1.0494353e-01  -1.6084947e-01  -7.2016940e-02   2.3079785e-01   1.6484720e-01   2.8518797e-01   5.7661344e-01   1.6625208e-01   6.5932735e-02   3.3587155e-01   7.6716892e-02   1.5778220e-01   4.8920154e-02   2.5650611e-01   7.0345561e-02   2.6105820e-01   2.3803372e-01   2.2803932e-01  -4.7346720e-02   4.8761714e-01   1.7625219e-01   1.7664153e-01   1.2584681e-01  -1.2437910e-01  -9.2060350e-02   2.3834453e-01   1.8193542e-01   3.2648797e-02   4.8973604e-02  -1.5433492e-01
  -8.2920458e-02  -2.1606529e-01   5.9961901e-02  -7.8443480e-02   1.7080299e-01  -4.7173459e-02   1.5224116e-01  -1.4169123e-01  -1.1536995e-01   1.0813620e-01   1.4762395e-01   1.3695201e-01   6.3891986e-01  -6.7832105e-02   2.6636184e-01   1.6116391e-01   1.7914421e-01   5.4943834e-01   1.4291705e-01   0.0000000e+00   5.8189240e-01   3.4260988e-01   2.6775741e-01  -7.2137783e-02   4.4112346e-01   2.7203232e-01   6.0791439e-01   9.0785582e-02   2.4091377e-01   3.2912762e-01   3.8920069e-01   1.6993933e-01   1.2330957e-01   3.5211841e-01   3.9685671e-01   2.0299457e-01   2.4725335e-01   3.2811469e-01   1.9376358e-01   1.7331681e-01   1.9725150e-01   3.8155739e-01   3.3127150e-01   3.0461644e-01  -4.7612021e-02   2.1751217e-01   2.1646961e-01   9.3124084e-02   3.6066250e-01   2.8134753e-01   5.2774497e-01   3.3589378e-01   1.8118522e-01   1.0158131e-01   2.4991658e-01   1.7848537e-01   4.0423160e-01  -7.8363708e-02   1.2405668e-01   2.0051084e-01   2.8675053e-01   2.3995396e-01  -1.2402597e-01   1.9348822e-01   2.2731590e-01   1.0470663e-01  -1.7974721e-01  -2.5543651e-01  -2.4721449e-01   5.6715582e-01   2.8707665e-01  -2.4309103e-02  -1.5318008e-02   1.0133246e-01   0.0000000e+00  -2.2913419e-01   1.5327742e-01   1.4887991e-01   2.7741449e-01   1.4623146e-01   3.7656542e-01   2.4609541e-01   5.3769451e-01   4.1407283e-01   4.1297177e-01   2.1622848e-01  -1.0138227e-01   6.1961307e-02  -1.9802903e-02  -3.5697718e-01  -4.4938870e-02   5.6458459e-01   1.8346146e-01   5.4876983e-02   2.4645679e-01   7.0985878e-02   4.6585760e-01   1.0423763e-01   2.3534459e-02   4.1351087e-02   1.3709550e-01  -8.0776925e-03   2.6488840e-01   3.3060226e-01   1.6314188e-01   6.4268650e-02   1.2698946e-02   1.2906709e-01   2.2714077e-02  -4.6647204e-02  -2.8283551e-02  -3.1913580e-02  -9.7563417e-02   1.6433065e-01   3.1517031e-01   1.8990897e-03   1.2313869e-02   1.8573666e-01
  -5.6781062e-02  -5.2803292e-02   7.6767081e-02   1.3089435e-01   7.7096195e-02  -1.3289124e-01   1.2558006e-01  -4.3639597e-03  -4.2951770e-02   1.9855454e-01   2.0900004e-01   4.1756571e-02   5.3052154e-01   1.9431810e-03   3.8136398e-01   2.7008239e-01   2.8388543e-01   3.2175428e-01   2.1262031e-01   5.8189240e-01   0.0000000e+00   3.0918293e-01   3.3375035e-01   1.1082427e-01   4.7150840e-01   2.8069089e-01   2.8813255e-01   1.9207196e-01   3.0912668e-01   3.0607909e-01   1.7833642e-01  -1.3075150e-03   1.3388169e-01   2.0235245e-01   3.5463133e-01   2.5733116e-01   1.9952488e-01   3.8730588e-01   2.3243670e-01   2.3977425e-01   1.3033979e-01   3.6207887e-01   2.2962054e-01   3.1366838e-01   3.1571426e-02   3.6175920e-01   1.5633053e-01   2.2672364e-01   3.0394139e-01   1.5338147e-01   4.3621590e-01   2.5690707e-01   1.8672576e-01   3.3743160e-02   2.1818462e-01   3.7811423e-01   2.5106879e-01   5.1315487e-02   3.0888997e-01   1.2243110e-01   1.7639427e-01   1.4601499e-01   6.5270254e-02   1.8576351e-01   1.7912210e-01  -3.1751113e-02   3.0566013e-02  -1.5352382e-01  -1.5112828e-01   3.1283802e-01   1.2818788e-01  -2.0202464e-02  -3.5161096e-02   4.2215954e-02   0.0000000e+00  -6.6101639e-02  -1.6021346e-01  -1.1184377e-02   8.5435817e-02   1.1931249e-01   9.5950456e-02   4.5646816e-02   3.1892980e-01   9.4788648e-02   1.4223215e-01  -7.0248016e-02  -2.2701840e-01   9.7479866e-02  -1.4742340e-01  -1.5119776e-01  -1.1791805e-01   1.7449221e-01   1.1159317e-01   1.7778364e-02   1.3293433e-01   5.3019289e-02   3.7948839e-01   1.2981644e-01  -9.5154724e-02   1.1485396e-01   1.0204314e-01   1.5286253e-01   1.2405827e-01   2.6196889e-01   2.0901529e-01   1.3632581e-01   5.9885981e-02   1.3825719e-01   1.0995854e-01   1.2935034e-01   5.6197010e-02  -4.1642454e-02   4.6248796e-04   1.1197007e-01   2.1641910e-01   7.9069260e-02   8.7178648e-02   4.7331480e-02
