   0.0000000e+00   0.0000000e+00   3.4170890e-01   1.3894426e-01   5.1266047e-03  -7.0472217e-02   7.7732738e-01   1.6489104e-01   1.1332977e-01   1.4236244e-01   1.7994711e-01  -2.3925197e-02  -7.2205735e-02  -1.1143083e-01   1.4382261e-01  -9.4832040e-02  -5.5405855e-02  -2.1885964e-02   2.0602951e-02  -1.1817258e-01  -4.6584191e-02  -2.5428801e-02  -7.2652882e-02  -5.2630143e-02  -8.7099378e-02   3.0353483e-02  -4.1864066e-02  -7.5522977e-02  -1.6190434e-02  -5.9024476e-02   6.8992916e-02  -5.8792262e-02   9.5154378e-02  -7.2691602e-02   5.5284888e-02   1.4568526e-02  -2.3317273e-02   3.0253106e-02   4.1242261e-02  -3.7698494e-03   2.3948014e-02   5.2590746e-02   3.7987633e-02   1.5205895e-01   2.2591620e-02   9.7021598e-02   1.0536151e-01  -1.3565704e-01   9.0330975e-02  -2.2388850e-03   2.1207375e-01   1.8614168e-01  -6.3673640e-02   8.8367285e-02  -9.6854532e-03  -2.9051046e-02  -1.0140328e-01   1.0595418e-01   2.1140142e-03   4.5101307e-02  -4.7034488e-02   1.3063371e-02   2.6380690e-02   1.5110286e-01   1.0348134e-01   4.4598546e-01  -6.4991351e-03   1.1313544e-01   1.1996863e-01   8.8014408e-02   8.9751826e-02  -5.4638416e-03   5.4488542e-01   6.0607154e-01   2.3238757e-01   1.1819591e-01   5.1492546e-02   1.7335012e-01   5.7255994e-02   2.3389789e-02   8.1159023e-02   1.7470982e-01  -1.5829453e-02   4.0635166e-02   1.0520448e-01   2.1787064e-01  -3.4821784e-02   1.2922543e-01   1.4108418e-01  -1.1615443e-01   7.7659510e-02   5.5173922e-02   3.9519577e-02   1.1067474e-01   1.2542597e-01  -1.2224733e-01   1.6365890e-02   5.7766025e-02   4.4357922e-02  -1.2963640e-02   1.6519514e-01   1.4958907e-02  -1.4715797e-02   3.6997083e-02  -1.6248010e-02  -1.4103772e-02   6.2796477e-02   1.2055931e-02   4.5924244e-02   3.2737318e-01   1.1468781e-01   2.9788923e-02   1.9431313e-01   1.9308508e-01  -1.1357882e-01  -2.3912775e-02   1.1433262e-01  -7.3957596e-02
   0.0000000e+00   0.0000000e+00   0.0000000e+00   0.0000000e+00   0.0000000e+00   0.0000000e+00   0.0000000e+00   0.0000000e+00   0.0000000e+00   0.0000000e+00   0.0000000e+00   0.0000000e+00   0.0000000e+00   0.0000000e+00   0.0000000e+00   0.0000000e+00   0.0000000e+00   0.0000000e+00   0.0000000e+00   0.0000000e+00   0.0000000e+00   0.0000000e+00   0.0000000e+00   0.0000000e+00   0.0000000e+00   0.0000000e+00   0.0000000e+00   0.0000000e+00   0.0000000e+00   0.0000000e+00   0.0000000e+00   0.0000000e+00   0.0000000e+00   0.0000000e+00   0.0000000e+00   0.0000000e+00   0.0000000e+00   0.0000000e+00   0.0000000e+00   0.0000000e+00   0.0000000e+00   0.0000000e+00   0.0000000e+00   0.0000000e+00   0.0000000e+00   0.0000000e+00   0.0000000e+00   0.0000000e+00   0.0000000e+00   0.0000000e+00   0.0000000e+00   0.0000000e+00   0.0000000e+00   0.0000000e+00   0.0000000e+00   0.0000000e+00   0.0000000e+00   0.0000000e+00   0.0000000e+00   0.0000000e+00   0.0000000e+00   0.0000000e+00   0.0000000e+00   0.0000000e+00   0.0000000e+00   0.0000000e+00   0.0000000e+00   0.0000000e+00   0.0000000e+00   0.0000000e+00   0.0000000e+00   0.0000000e+00   0.0000000e+00   0.0000000e+00   0.0000000e+00   0.0000000e+00   0.0000000e+00   0.0000000e+00   0.0000000e+00   0.0000000e+00   0.0000000e+00   0.0000000e+00   0.0000000e+00   0.0000000e+00   0.0000000e+00   0.0000000e+00   0.0000000e+00   0.0000000e+00   0.0000000e+00   0.0000000e+00   0.0000000e+00   0.0000000e+00   0.0000000e+00   0.0000000e+00   0.0000000e+00   0.0000000e+00   0.0000000e+00   0.0000000e+00   0.0000000e+00   0.0000000e+00   0.0000000e+00   0.0000000e+00   0.0000000e+00   0.0000000e+00   0.0000000e+00   0.0000000e+00   0.0000000e+00   0.0000000e+00   0.0000000e+00   0.0000000e+00   0.0000000e+00   0.0000000e+00   0.0000000e+00   0.0000000e+00   0.0000000e+00   0.0000000e+00   0.0000000e+00   0.0000000e+00
   3.4170890e-01   0.0000000e+00   0.0000000e+00   6.3702622e-02  -6.4314806e-03   5.0366961e-02   9.3947560e-03   2.2079602e-01   4.2214851e-02   2.5497720e-01   4.8599682e-01  -7.7722620e-02  -7.5640256e-02  -4.6294412e-02   4.6127856e-02  -2.9662836e-02   1.5745910e-02  -2.5927827e-03   1.7572781e-01  -4.3382946e-02   3.5495159e-02  -3.4028393e-02   2.3655856e-02   8.9541038e-02   1.2996176e-02  -6.5806311e-02  -7.1496270e-02   1.3144698e-01  -1.6782377e-02   1.7870605e-01   2.1186939e-01   1.1052813e-01   2.7670120e-01   8.9406380e-02   2.5038282e-01   1.8337264e-01   2.0920392e-01   2.2560627e-01   1.9317442e-01   1.3417289e-01   2.2789837e-01   3.4054891e-02   6.2080899e-02   1.6960469e-01   1.5802565e-01   1.7249551e-01   3.1822375e-03  -1.0751692e-01   1.1502164e-02  -4.3273483e-04   1.4425450e-01   1.5739090e-02  -5.5973490e-02  -9.0505166e-02  -8.7049884e-02   1.6095307e-01  -6.2725689e-02  -1.7537343e-02   4.0848316e-01   2.8684413e-02   5.9127061e-02   4.3034166e-02  -2.9643244e-02   1.0392722e-01   1.2134601e-01   2.2061068e-01  -5.0121834e-02   6.3206113e-02   2.5644802e-01   1.6737055e-01   9.3895183e-02  -4.6628497e-02   1.4411415e-01   2.9887859e-01   4.3462771e-01   5.0272654e-02  -3.4977685e-03   2.5822839e-01   2.6488772e-02   7.1990300e-02   1.0392644e-01   2.0268758e-01  -6.2996082e-02  -6.1789087e-02   6.6295812e-02   2.7718619e-01   2.2039283e-01   8.9322233e-02   2.6638466e-01   2.5135022e-02   3.0374999e-02   1.3218539e-01   4.7555235e-02   9.4974047e-02  -4.0439106e-02   1.6564440e-03   9.2770807e-02   7.6330037e-04  -3.6628567e-03   3.4080353e-02   2.5385534e-01  -1.9898098e-02   3.9689368e-03   5.1148879e-02   3.6748813e-02  -6.7036769e-02  -7.2269582e-05   2.3794567e-04  -7.5806822e-02   3.1677760e-03   1.8615879e-01   4.5692399e-03   5.5508341e-02  -4.0964836e-02  -1.9321632e-01   1.0881906e-01   8.0604494e-02  -4.0922781e-02
   1.3894426e-01   0.0000000e+00   6.3702622e-02   0.0000000e+00  -1.4135259e-02   4.1657921e-02   1.2918256e-01  -8.9643580e-02  -9.9060994e-03   1.3475293e-02   1.5465819e-02  -8.3635776e-02   1.2828022e-02  -9.5319536e-03   1.3931295e-01   3.9202017e-02   1.1877800e-01   3.9676136e-02   7.1689672e-02  -8.1559030e-02   9.2623734e-02   1.2986069e-01   1.4651009e-01   7.1527916e-02   4.2719240e-03   1.1166830e-01  -7.8089834e-02  -2.7775516e-02   5.0307337e-03  -5.7926589e-02  -1.7955325e-02  -1.3352218e-01   3.6213651e-02   6.9636154e-03   1.3563940e-02   4.2266259e-02  -4.7006497e-02  -1.1357209e-03  -6.0645542e-02  -6.4588004e-03  -2.2991004e-02  -1.2930612e-01  -8.9790962e-02   1.0138609e-02   2.3016474e-02  -8.4415085e-03   1.4482688e-01   3.6168192e-02  -7.8763136e-02  -9.1177522e-02   4.9479377e-02  -2.7150297e-02  -1.2589823e-01   2.4740111e-01   8.2616776e-02   1.4845351e-01  -1.4766584e-01   6.9782582e-02  -3.3149600e-02  -1.5534574e-02  -5.5303181e-02  -3.5685894e-02   1.6593606e-02   9.9369323e-02  -7.7316438e-02   8.4653788e-02  -2.8477842e-02  -2.7715956e-02  -6.0084018e-02  -7.7465507e-02   5.1889182e-02   9.2723617e-02   5.4142877e-02   5.6487853e-02   1.4556557e-02  -4.7050748e-04  -5.6471090e-02  -7.8422039e-03  -1.5060829e-02  -5.7105576e-02  -5.1340488e-02   1.7443419e-02   3.1810282e-02  -4.8828076e-02  -1.1736990e-01  -7.2836800e-02  -9.1958384e-02  -4.0184966e-02  -8.1148791e-02  -7.1370234e-02   1.2258258e-03  -3.0700297e-03  -4.1478103e-02  -3.0288110e-02  -8.9338876e-03  -6.1152737e-02  -1.0305771e-01  -4.4851285e-02  -6.4364563e-02  -9.5475574e-02  -8.5954637e-02  -7.6941610e-02  -1.8190046e-02  -1.6419575e-01  -3.1734014e-02  -3.5476102e-02   3.5371967e-02  -4.0520295e-02  -4.3366353e-02  -6.1865958e-02  -3.3893808e-03   2.0803985e-01   1.6913843e-01   6.6628098e-02   6.9413472e-02   1.5088678e-02   7.6607962e-02   4.5767869e-02
   5.1266047e-03   0.0000000e+00  -6.4314806e-03  -1.4135259e-02   0.0000000e+00   3.3556278e-01  -6.3213035e-02  -2.0612084e-02  -7.5991274e-02   2.1759758e-01   9.7780594e-02   2.1954729e-01   6.3408430e-02   9.9319748e-02   1.3069372e-01   2.3438330e-01   4.7498456e-02   4.6646645e-01   1.5923495e-01   1.9813434e-01   8.9695887e-02   5.3122899e-02  -3.4206048e-02  -6.4089629e-02   2.8519579e-02   3.6543508e-02   1.1271731e-01   3.5285629e-03   6.9162288e-02   1.8368738e-01  -1.8174746e-01   2.6521513e-02  -1.5103103e-01   1.4903876e-02  -6.9204591e-02  -1.7175567e-02   9.9935574e-02  -1.9454882e-02  -2.8225277e-02   9.0272591e-02   1.1995753e-01  -6.5849677e-02   1.5409845e-02  -3.5390607e-02   2.5689934e-02  -7.4633889e-03   4.2454356e-01   2.9341257e-01   1.0408468e-02   3.9181815e-01  -2.0158731e-02   1.0568355e-01  -1.4872726e-02   2.2887202e-01   2.8860495e-01   1.9226105e-01   2.8809148e-01   5.1628020e-03   8.5755416e-02   1.3129843e-01   1.7609877e-02  -3.5286549e-03   1.0955202e-01   1.5778052e-01   1.3199173e-01   1.0552074e-01   1.2440912e-01   8.4453458e-02   2.4914304e-02  -1.9433167e-02  -5.7208722e-02   6.4176879e-02   9.6485131e-02  -1.0183395e-01   2.9870930e-01  -5.0960106e-02  -6.1737602e-02  -1.4497848e-02   1.0205523e-01   1.1994299e-01   9.9796122e-02   7.0745402e-02   2.0846918e-01   1.7904249e-01   3.5606631e-02  -8.3665631e-02   1.7566720e-02   6.3346441e-02  -5.7171277e-02   3.6707779e-02  -3.6311386e-02   9.4475476e-02  -8.4660039e-02  -2.0105966e-02   9.0588282e-02   4.7134692e-02  -1.8698471e-01   1.0328975e-02   5.9505932e-02  -3.3481310e-02  -5.3872281e-02  -1.0609383e-01   1.0404550e-01   1.0403995e-01   4.5855702e-03   5.0955874e-02   3.2702533e-02   1.4128492e-01   9.9580270e-03  -9.1822060e-02  -1.2001587e-01   7.8217438e-02   6.5797696e-02   7.7868745e-02   2.3411415e-01   2.2720894e-02   4.3001551e-02  -9.3932741e-02
  -7.0472217e-02   0.0000000e+00   5.0366961e-02   4.1657921e-02   3.3556278e-01   0.0000000e+00  -1.8770807e-01   6.3358994e-02  -1.8267920e-02   2.7675357e-01   1.0913108e-01   2.7695099e-01   3.7974939e-02  -4.3280338e-02  -3.4225507e-02   2.4511357e-01  -5.0959465e-03   1.1515971e-01   1.6211298e-01  -1.0604451e-01  -6.2196587e-02  -3.5237474e-02   3.8229317e-02  -5.5506868e-02  -1.2358635e-01  -5.7742732e-03  -5.2197154e-02  -1.6966361e-02  -3.5643117e-02   1.3743786e-01  -1.9945235e-01  -1.9880371e-02  -2.3261974e-01   1.1305288e-02  -1.4292079e-01  -7.7056729e-02   5.7814482e-02  -1.4429088e-01  -5.1130909e-02   3.0838763e-02   6.8806948e-02  -1.9714882e-01  -1.2219840e-01  -1.8185944e-01  -3.3832593e-02  -1.8540886e-01   4.1579145e-02   1.8874604e-01   1.2552427e-02   3.9148594e-02   1.3403447e-01   5.3374020e-03  -1.3494201e-01   1.6151807e-01   1.6978271e-01   1.4176214e-01   3.5826500e-02   1.8291254e-02   6.5227389e-02  -9.2344642e-02  -1.3322382e-01  -8.6327720e-02  -4.2710484e-02   3.0932683e-01   3.1004785e-02   1.5778621e-02   1.1641711e-01   7.3672260e-02   1.1806841e-01   1.4014559e-03  -1.0674622e-01   2.0547987e-01   1.3290779e-01  -7.9014633e-02   3.1199477e-01  -4.8275392e-03  -9.1747006e-02  -3.6072775e-02   8.9887093e-02  -1.2948930e-02   4.7587435e-02   1.0747293e-01   7.6282574e-02   2.3743913e-02  -3.0982879e-02  -1.8716038e-01   8.8623770e-02  -1.5205746e-02  -1.1417739e-01   4.5424088e-02  -9.3101244e-02  -4.6494096e-02  -2.4874643e-04  -6.0144101e-02  -2.5137815e-02  -2.6803302e-04  -1.9649893e-01  -1.1001008e-01   9.4576293e-03  -5.7455013e-02  -1.0383382e-01  -1.2278671e-01   2.8986463e-02   1.5387672e-02  -3.3658037e-02   3.6750286e-02  -3.7426682e-03   2.4013030e-02  -1.1257052e-02  -1.6295380e-01   2.2877409e-02   1.8657936e-01  -9.2652730e-03  -1.6296153e-01  -1.0102512e-01   7.6567809e-02   2.4466142e-02  -2.0530190e-02
   7.7732738e-01   0.0000000e+00   9.3947560e-03   1.2918256e-01  -6.3213035e-02  -1.8770807e-01   0.0000000e+00   1.0725336e-01   9.8992375e-02  -2.5116312e-03   1.1510112e-01  -1.9957998e-01   7.3249303e-02   6.4082105e-02   1.7329477e-01  -4.8387223e-03   3.2671988e-02  -1.5924921e-02  -4.1677101e-02   2.3587151e-02   7.8012332e-02   7.4848829e-02   2.8685793e-02   8.5044715e-03  -3.6328200e-02   1.0555874e-01   6.7853463e-02  -3.5241649e-02   6.6877125e-02  -1.0288118e-01   9.5182051e-02  -3.5798616e-02   2.0440475e-01   6.5931905e-02   1.8319691e-01   1.5904612e-01   4.0618002e-02   1.2988620e-01   1.8276772e-01   6.1401785e-02  -1.0286189e-02   3.0326297e-01   1.9345473e-01   2.2592335e-01   1.2721413e-01   2.9589700e-01   1.3058017e-01  -1.2067809e-01   1.5406261e-01  -6.7977060e-02   1.5146189e-01   2.0730539e-01   1.9987032e-01   9.7839535e-02   3.3454701e-02  -3.9365216e-02  -6.9344132e-02   1.2469790e-01  -1.7992278e-01   6.3386376e-02  -3.8475454e-02   8.2644833e-02   5.4160722e-02   6.5513248e-02   1.0754726e-01   2.4169624e-01   7.5488860e-02   1.3382894e-01   8.3839714e-02   4.7742567e-02   7.2782744e-02  -4.8730156e-04   6.7187461e-01   7.4618013e-01  -9.3233653e-02   1.9880561e-01   2.5136810e-01   1.0555972e-01   6.0375510e-02   4.1008039e-02   5.0188379e-02   1.0780810e-01   1.5306071e-01   1.6915918e-01   5.9589871e-02   3.1871003e-01  -1.3493812e-01   1.4103272e-01   1.2280975e-01  -2.7304568e-02   3.0181346e-01  -1.1619875e-02   1.6849859e-01   1.8184708e-01   2.2850859e-01   1.0560871e-01   2.0830759e-01   2.4827181e-01   1.4590287e-01   1.6123064e-01   2.5109444e-01   2.0253952e-01   1.5900318e-01  -4.3212050e-02  -5.9113813e-02   3.6178715e-02   3.5832872e-02  -4.7765507e-02   2.7467991e-02   4.3822554e-01   9.6828828e-02   1.6710719e-02   1.0033224e-01   1.4144278e-01  -2.6446094e-02  -5.4457955e-02   1.7007019e-01   5.8506950e-02
   1.6489104e-01   0.0000000e+00   2.2079602e-01  -8.9643580e-02  -2.0612084e-02   6.3358994e-02   1.0725336e-01   0.0000000e+00   4.2334216e-02   7.2526334e-02   2.3503844e-01  -9.1712897e-02   4.1898333e-02   1.7463131e-02  -5.1334139e-02   9.9608630e-02  -4.8448707e-02  -4.6569820e-03   1.5188794e-01   5.9582276e-02  -5.3262702e-03   6.5330704e-02   1.7024376e-02   2.9534220e-02   7.3629426e-02   4.5628780e-02   2.7389300e-02   1.2180633e-01   8.1067569e-02   1.4782562e-01   1.0586262e-01   2.6770052e-01   3.3794095e-05   6.7558990e-02   1.7558783e-01   1.9332649e-01   4.2234500e-02   1.2103046e-01   1.9696805e-01   1.7540864e-01   2.2525488e-01   1.2950151e-01   1.9796906e-01   1.4557214e-01   1.0842232e-01   1.0938536e-01   8.1067561e-02   1.3810630e-01   1.6061699e-01  -1.8881856e-02   1.0547831e-01   1.4466177e-01   1.3357279e-01   4.8942407e-02   1.8945548e-02   5.6783343e-02  -1.6894093e-02   1.8661328e-01   2.0364578e-01   4.6239341e-04   1.5635833e-01   1.9487233e-01   1.5508488e-01   1.0304344e-01   9.4876232e-02   2.8129758e-03   1.9183868e-01   2.7253257e-01   2.7193437e-01   2.1183609e-01   6.9908224e-02  -7.3701306e-03   2.3428385e-01   1.2305003e-01   1.3480720e-01   1.9688232e-01   1.0327802e-01   1.2853419e-01   2.0169388e-01   2.4481744e-01   2.0102014e-01   1.6771686e-01   3.2082891e-02   1.1801089e-01   2.1137777e-01   1.9458087e-01   1.8880867e-01   1.8562956e-01   1.6643975e-01   2.0309434e-01   1.4923847e-01   1.3180296e-01   1.7881225e-01   1.1074525e-01   1.5626754e-01   8.6320982e-02   1.3501904e-01   1.8071641e-01   3.1806756e-01   2.0640640e-01   2.1834293e-01   1.7296447e-01   3.2415130e-02   1.3917461e-01   4.0234616e-02   2.3885839e-01   1.4507216e-01   1.5612672e-01   7.4402604e-02   4.1153391e-02   1.1147034e-01  -1.1662885e-01  -6.8117236e-02  -1.1548611e-01  -1.4826472e-01   2.9161420e-01   4.0913944e-01   6.4216448e-02
   1.1332977e-01   0.0000000e+00   4.2214851e-02  -9.9060994e-03  -7.5991274e-02  -1.8267920e-02   9.8992375e-02   4.2334216e-02   0.0000000e+00  -2.3038390e-02   9.2897228e-02   9.9162812e-03   1.8663800e-02  -4.2481950e-04   4.8492411e-02   7.7274999e-02  -2.6817595e-03  -7.2660302e-02   3.8646748e-02  -7.2671487e-02  -3.7639787e-02  -9.4554627e-02  -1.4487274e-02  -3.5425825e-02  -1.7677350e-02   1.3898269e-02   6.2243281e-03   2.3179119e-01   5.8364882e-02   1.7834038e-01  -3.1951830e-03   1.2298402e-01   4.1745899e-02  -5.7477329e-02   1.2845210e-01   4.7248881e-02   9.0198330e-02   1.5429791e-01   4.0243131e-02   2.0677644e-01   6.9277891e-02   2.5208901e-02   1.3256797e-01   1.3784619e-01   2.3123951e-02   4.4947237e-02  -1.1244163e-01   7.8546406e-02   1.8143450e-01  -6.6836792e-02   5.1089106e-02   2.1608044e-01   8.4865959e-02   7.5459649e-02   8.7671941e-02   1.0314414e-01   4.0856168e-02  -8.3711062e-04   6.1423872e-02  -9.3757003e-02   5.2463723e-02   1.2506198e-01  -4.6498128e-03   1.6464000e-01   3.4340036e-02   2.9809119e-01   1.0968572e-01   9.3471732e-02   1.3244935e-01   9.4607992e-02   1.4637810e-01  -3.2712147e-02  -2.3497014e-03   2.4539208e-02   9.1181053e-02   1.0607213e-01   3.7803673e-02   1.8342978e-01   1.3294004e-01   3.7100097e-02   8.7268967e-02   1.7341556e-01  -7.5123258e-02  -4.3531834e-02   1.7118246e-01   1.1521846e-01   1.4063144e-01   1.0613142e-01   1.0807819e-01  -3.2428029e-02   1.8011587e-01   9.4405510e-03   4.0957113e-02   5.8519779e-02   1.4955703e-01   1.5500145e-01   1.3584158e-01   1.5352428e-01   1.7885639e-01   1.0296764e-01   2.3512376e-02   1.1179486e-01   6.9129840e-02   1.1887406e-01   1.5512009e-01   4.8338849e-02   1.1779123e-02   2.9328051e-01   1.2355540e-01   8.5335951e-02   3.5569719e-01   4.8589812e-02   1.7116709e-02   1.1451476e-01  -7.7221389e-02   1.5838233e-01   9.2920380e-02  -5.1891622e-02
   1.4236244e-01   0.0000000e+00   2.5497720e-01   1.3475293e-02   2.1759758e-01   2.7675357e-01  -2.5116312e-03   7.2526334e-02  -2.3038390e-02   0.0000000e+00   2.0663195e-01   3.7845633e-01  -2.7378787e-02   5.3874345e-02  -6.4563104e-04   1.8794233e-01   7.2223206e-02   1.2066139e-01   1.4029791e-01  -1.5628918e-02   3.9897189e-02  -6.4596931e-04  -1.0960157e-02  -9.8334054e-02   2.0976527e-02  -2.4423466e-02  -1.3985048e-02   3.2425200e-02   1.0425203e-01   2.5884674e-01  -1.5627179e-01  -9.5979208e-02  -7.3354637e-02   4.2425169e-02  -1.2850300e-01   3.4363440e-02   2.5728567e-01   2.7178140e-02   5.7543778e-02   1.3145329e-01   1.8012384e-01  -8.8056628e-02  -6.4954385e-02  -9.3932311e-02   8.0637132e-02  -1.0406683e-01   1.5605573e-01   2.1912295e-01   7.6089937e-02   1.6345697e-01   1.1340183e-01   5.5753104e-02  -1.4606898e-01   7.5645790e-02   2.2548580e-01   1.5800444e-01  -3.5109224e-02   6.0643609e-02   1.6068208e-01   5.7621282e-02  -7.5415989e-02  -1.0358640e-02   3.1336808e-02   1.9299768e-01  -4.0236310e-04   1.5734352e-01   3.8060690e-02   1.5641366e-01   9.3639042e-02  -1.3026169e-01  -1.7564753e-01   1.0684896e-01   2.0217626e-01  -2.2009322e-02   2.1094812e-01  -9.9847576e-02  -2.6089923e-01  -1.4719715e-02   2.8975530e-02  -8.0731603e-02  -2.4685283e-03   1.4350524e-01   5.0283974e-03  -9.1499261e-02  -2.1374153e-02  -4.0650970e-02   1.6079873e-01   3.3082069e-02  -2.8583443e-02  -6.4911084e-02  -1.1398356e-01  -1.1631440e-01  -8.8219992e-02  -4.3150560e-02   2.4599660e-02  -3.1689808e-02  -2.7220508e-01  -1.0171436e-01  -6.0869985e-02  -7.2107971e-02  -1.0117517e-01  -2.3556125e-01   8.7222508e-02   8.1335898e-02   1.2262305e-02   1.7790494e-01   3.3154137e-02   4.3221520e-02   5.2820888e-02   1.6906610e-02   1.5161857e-01   2.3811373e-01   1.5494775e-01  -3.5707364e-03   2.6907496e-02   7.7282895e-02   1.7636329e-02  -1.7870556e-01
   1.7994711e-01   0.0000000e+00   4.8599682e-01   1.5465819e-02   9.7780594e-02   1.0913108e-01   1.1510112e-01   2.3503844e-01   9.2897228e-02   2.0663195e-01   0.0000000e+00   5.6968728e-03   2.4748897e-01   2.1690031e-01   8.9913630e-02   9.2451218e-02   5.5416236e-02   5.7646749e-02   2.2782466e-01   1.5951807e-01   2.4594438e-01   2.4777728e-01   2.0213435e-01   2.3631209e-01   1.8364553e-01   7.4115548e-02  -1.8672741e-02   3.4149346e-01   1.9887482e-01   3.2266114e-01   1.5563942e-01   2.8422881e-01   1.2054395e-01   2.5021986e-01   2.9765344e-01   2.3808523e-01   2.0248600e-01   3.8959346e-01   3.0222962e-01   6.2305850e-01   5.5838150e-01   1.7285351e-01   1.3274057e-01   1.4592332e-01   1.5976007e-01   3.4309421e-01   2.2647152e-01   2.0665133e-01   5.5675740e-02  -6.2359531e-02   1.1956427e-01   9.2190658e-02   8.4324964e-02   6.0195715e-02   1.4340129e-03   9.9538899e-02  -8.1464960e-02   6.1494491e-03   1.9046543e-01  -2.7229547e-03   1.0620720e-01   1.3149882e-01   7.2297800e-02   2.9145551e-01   8.7620743e-02   1.0215387e-01   2.0982426e-01   1.7241003e-01   2.7132831e-01   3.9004938e-02   9.4553427e-02  -2.1147359e-02   2.9693494e-01   1.1234127e-01   4.8826703e-01   1.1207846e-01   8.7055347e-02   2.0192281e-01   4.1646531e-02   1.3429161e-01   1.7960531e-02   6.6089517e-02   7.6545287e-02  -7.3911603e-02   3.4654766e-02   2.2216947e-01   3.4142655e-01   1.1141035e-02   1.5201877e-01   3.4206430e-01   1.4246944e-01  -5.8739040e-02   5.9181725e-02  -1.2014075e-02   5.4619136e-02   2.3665516e-01   1.4867779e-01   1.7022081e-01   1.9567307e-01   1.4723424e-01   2.5410587e-01   1.1295677e-01   1.5523311e-01  -1.0574107e-01  -8.7786733e-02   1.1243849e-01  -1.7251495e-02  -2.5426173e-02  -1.0248148e-01  -8.2948463e-02   1.8705908e-01  -3.7348018e-02  -8.0005932e-03  -8.6037303e-02  -9.1686200e-02   7.3261761e-02   1.7126455e-01   7.7173437e-02
  -2.3925197e-02   0.0000000e+00  -7.7722620e-02  -8.3635776e-02   2.1954729e-01   2.7695099e-01  -1.9957998e-01  -9.1712897e-02   9.9162812e-03   3.7845633e-01   5.6968728e-03   0.0000000e+00   2.1215105e-02  -6.7785285e-02   1.6605801e-01   1.2032785e-01   7.2058855e-03   7.2157976e-02   1.0702428e-01  -4.8032227e-02  -1.1542348e-01   1.2405122e-02  -6.3679239e-02  -1.7543796e-01  -2.4904436e-02  -4.7263376e-02   5.3881067e-04   8.3779272e-02  -4.9991027e-02   1.1894690e-01  -7.7759712e-02  -9.1228307e-02  -2.2591981e-01  -9.2044971e-03  -1.6450417e-01  -2.8306297e-01   2.4318816e-01  -1.7763680e-01  -2.5205374e-01   1.0876973e-01   4.2085779e-03  -3.2892630e-01  -7.2931766e-02  -2.1109160e-01  -2.1463846e-01  -1.9038912e-01   5.3837065e-02   2.0215034e-01  -4.2276371e-02   1.4081449e-01   1.3218145e-01   2.2925761e-02  -2.1070349e-01   5.8593603e-02   1.9400878e-01   1.1024765e-01  -1.0000443e-01   2.7276846e-02   2.2325221e-02  -4.3573939e-02  -8.0803584e-02  -7.3247386e-02  -1.3491874e-02   2.4593586e-01  -1.0067855e-01   2.8768949e-01   2.7631133e-02   5.9040619e-02   6.4563330e-02  -8.0668660e-02  -7.5419242e-02   1.8338266e-01  -9.9637391e-02  -2.5913727e-01   3.3949605e-01  -4.7657881e-02  -1.7019366e-01  -8.4862369e-02   1.5541463e-02  -5.9272386e-02  -5.0548935e-02   1.7993991e-02  -1.1269826e-01  -1.0991681e-01  -5.9529838e-02  -3.2027238e-01  -3.3292911e-02  -5.9863498e-02  -2.3702180e-01   3.1191404e-02  -1.9632213e-01  -1.2952508e-01  -2.3625210e-01  -1.3115927e-01   2.9147321e-03  -9.2784792e-02  -3.8348458e-01  -1.7015905e-01  -7.9481537e-02  -1.3687368e-01  -3.3372609e-01  -3.3995025e-01  -3.5849149e-02   2.1729820e-02   1.2016583e-02   8.6999565e-02   3.1134123e-02  -8.4594052e-02   4.3444566e-02  -5.4785653e-02   4.6304518e-02   2.3130092e-01   2.6595019e-01   1.0105391e-01   1.2581389e-01  -3.3478992e-02  -2.4973473e-02  -7.7226896e-02
  -7.2205735e-02   0.0000000e+00  -7.5640256e-02   1.2828022e-02   6.3408430e-02   3.7974939e-02   7.3249303e-02   4.1898333e-02   1.8663800e-02  -2.7378787e-02   2.4748897e-01   2.1215105e-02   0.0000000e+00   3.0283686e-01   1.2585383e-01   9.8213822e-02   1.4417984e-01   1.5303166e-01  -2.4624511e-03   3.7040448e-01   3.8241015e-01   4.6135631e-01   3.7593487e-01   4.8209949e-01   2.9887826e-01   1.9759073e-01   6.0980205e-02   1.7147130e-01   2.7357310e-01   1.9179199e-01   1.6198814e-01  -3.1855172e-02  -1.3399052e-02   1.6049146e-01   1.0294282e-01   2.2682809e-01   7.7104802e-02   2.7272942e-01   1.6701565e-01   3.1772013e-01   1.8545105e-01   2.2708261e-01   1.2977123e-01   1.5110335e-01   1.9030383e-01   2.6214311e-01   2.0412724e-01   1.8595530e-01   5.2869435e-02  -1.7963660e-01   1.0254896e-01   1.9707319e-02   1.6809960e-01   7.4654258e-02   1.0785207e-01   1.2838850e-01  -1.9296364e-02   2.1663297e-01  -1.2171291e-01   3.7584409e-02   1.8387368e-01   1.3992069e-01   2.0090149e-01   1.9814508e-01   1.1389456e-01  -4.3828679e-02   2.0448947e-01   4.9044701e-02   1.5361480e-01   7.6725048e-02   1.0680201e-01   3.5612290e-03   1.0006025e-01   4.4810641e-02  -3.2641225e-03   1.3994110e-01   2.0981318e-01  -1.4097190e-01   7.9330511e-02   5.5010290e-02  -6.5559350e-02   9.2534381e-03   1.2561469e-01   7.4223210e-02  -9.3730681e-02   4.9540060e-03   1.9276580e-01   9.6603719e-03  -8.5759212e-02   2.3104754e-01   1.8164885e-01  -1.1093770e-01  -6.6546195e-02   2.1693846e-02   6.0949590e-02   1.0619110e-01   1.4224450e-01   6.8439455e-02   7.6370870e-02   1.4630742e-01   8.1680768e-02  -1.0095781e-02   1.5613129e-01  -8.3478546e-02  -6.1312905e-02   2.8132334e-01   5.0361552e-02   9.5888273e-02   4.9109932e-03   2.5217851e-02   6.5076752e-02   2.2596010e-02   2.5037478e-02  -9.8807515e-02  -3.5460746e-02   8.4278424e-02   1.4074658e-01   1.9935522e-01
  -1.1143083e-01   0.0000000e+00  -4.6294412e-02  -9.5319536e-03   9.9319748e-02  -4.3280338e-02   6.4082105e-02   1.7463131e-02  -4.2481950e-04   5.3874345e-02   2.1690031e-01  -6.7785285e-02   3.0283686e-01   0.0000000e+00   5.0039577e-02   1.2335054e-01  -5.1747072e-03  -5.8828897e-02  -5.7343658e-02   3.7649467e-01   3.3466863e-01   4.7421996e-01   3.9173535e-01   2.6775646e-01   3.4277762e-01   1.1388293e-01   2.3075665e-01   1.2487608e-01  -2.4299661e-02  -4.6092466e-02  -7.6633641e-02   1.0043326e-01   7.3556031e-02   2.5558454e-01   1.1562208e-01   5.6609695e-02   1.6336000e-01   1.6372766e-01   1.6493248e-01   1.2659413e-01   1.0513360e-01   2.6884936e-01   1.3341508e-01   1.2892798e-02   3.3343661e-02   3.1719775e-01   1.3574939e-01   3.1046848e-03  -5.3026976e-02   5.4219747e-02  -1.0163607e-01  -9.6967832e-02   2.3254072e-01   7.5350958e-02   7.4665407e-02   5.7365986e-02   3.4841712e-01  -2.1538083e-03  -1.4709754e-01   4.2419680e-02   1.1560207e-01   2.4805530e-01   3.5123638e-01   5.3833963e-02  -3.4476887e-02  -5.8442830e-02  -3.1497483e-02   8.9844015e-02   6.5601111e-02   4.3439330e-02  -9.8632160e-02   1.0742143e-01   1.7564741e-01   1.9948000e-02  -2.8895509e-02  -8.7068660e-03   1.4384873e-01  -1.1038305e-01   2.8839394e-01   1.0260084e-01   2.0032176e-01   3.6315373e-03   5.3300129e-01   1.0061938e-01  -3.1751504e-03   1.3704070e-01   7.4023976e-02   2.8252088e-01   4.6987181e-05   1.1747922e-01   1.0628084e-02   1.2054896e-01   1.3840296e-01  -7.1357050e-02   2.9396741e-02   2.5699388e-01   2.1999202e-01   1.1974780e-01   6.3536643e-02   1.6408721e-01   1.0514905e-01   1.8565645e-01   5.6015703e-02  -5.0809272e-03   1.2978043e-01   1.3907947e-01   9.7462978e-02   1.2225941e-01   1.2474856e-01   4.6118480e-02  -5.1142173e-02   2.6689708e-02  -2.7545835e-02  -6.6965600e-03   3.8147351e-02   1.1296107e-01   1.6165265e-01   1.5504806e-01
   1.4382261e-01   0.0000000e+00   4.6127856e-02   1.3931295e-01   1.3069372e-01  -3.4225507e-02   1.7329477e-01  -5.1334139e-02   4.8492411e-02  -6.4563104e-04   8.9913630e-02   1.6605801e-01   1.2585383e-01   5.0039577e-02   0.0000000e+00   2.2969251e-01  -2.6055116e-02   1.4115893e-01   6.5067169e-02   5.4490739e-03   4.8366148e-02   2.4840580e-02   2.0027717e-02   8.1790558e-02   1.2895894e-01  -4.6125576e-02   5.0353547e-02  -1.3163713e-02   8.5938210e-02  -1.0158501e-01   1.2699116e-01  -8.2167232e-02   2.3204409e-01   5.6017313e-02   9.2111808e-02   1.1994889e-01   1.2222714e-01   5.3191854e-02  -4.3796402e-02  -4.1652077e-03  -4.1292920e-02  -2.6226850e-03   6.5320390e-02   2.1982877e-01   7.2760021e-02   1.3367269e-01   1.6209911e-01   6.1585454e-02   6.5434238e-02   1.1334369e-01  -2.8368231e-02   6.3537532e-02  -7.9598857e-02   5.3563176e-02   3.1179852e-01   3.2484777e-01   5.1302432e-03   1.5533325e-01  -6.2160837e-02   1.0511028e-01  -4.6561451e-02  -4.4798571e-02  -2.2677777e-02   1.1399023e-01   6.3719737e-02   3.1251512e-01  -3.4063403e-02   3.2613656e-02   1.1091176e-01   6.6092977e-02   1.4614910e-01   5.0120991e-02  -1.3336349e-01   1.0031668e-01   1.0249896e-01   9.3447294e-02   1.6222655e-01   8.8427395e-02  -2.1618871e-03   3.0716295e-02  -2.2712358e-02   6.2979180e-02   1.8888192e-02   3.4246722e-02   3.4106414e-03   1.6132669e-02  -6.8477221e-03   4.7758489e-02   7.7116853e-02  -1.9450337e-02   4.9984667e-02   4.3197252e-02  -1.9145044e-01   9.3017139e-02   1.3152575e-01  -2.5064185e-04   1.8544630e-02  -6.6426352e-03  -1.1861420e-01  -8.9799005e-02   2.2127566e-02  -1.5979142e-01   1.6576995e-02  -1.6913336e-02   4.5957337e-02   3.0282625e-02   2.2482167e-02   8.2685223e-03   8.3602833e-02   1.4822843e-01   9.0254008e-02   2.1113634e-01   4.5876285e-01   3.8746461e-01   2.0268530e-01  -4.4670204e-02  -2.5431433e-02   1.5575021e-02
  -9.4832040e-02   0.0000000e+00  -2.9662836e-02   3.9202017e-02   2.3438330e-01   2.4511357e-01  -4.8387223e-03   9.9608630e-02   7.7274999e-02   1.8794233e-01   9.2451218e-02   1.2032785e-01   9.8213822e-02   1.2335054e-01   2.2969251e-01   0.0000000e+00  -2.6431713e-02   2.0533886e-01   1.5197098e-01   1.0681829e-01   2.0124656e-02   1.8577380e-02   2.6995574e-02  -1.2807990e-01   1.3950693e-02  -6.1632713e-02   2.2122997e-01  -9.1615714e-02   5.4782332e-02   1.4761560e-01  -9.3948838e-02   1.0595873e-01  -4.1186406e-02   1.6533299e-01  -2.2271832e-02   8.9909479e-02   2.0841824e-01   2.0226439e-02   8.1298674e-02   8.6741183e-02   1.5219805e-01   5.1106145e-02   2.0613039e-01   7.1284381e-02   8.8108718e-02   1.8761182e-01   5.7032761e-02   2.4281612e-01   1.0410883e-01   1.7767026e-01   8.4430732e-02   2.5054368e-01   2.4623709e-01   2.2629335e-01   7.0667588e-01   3.7668062e-01   1.5699525e-01   1.8258965e-01   5.5378847e-02  -6.0907448e-03   7.0975466e-02   1.5804526e-01   6.7462942e-02   2.1528099e-01   3.8660949e-02   1.3758832e-01   1.3639172e-01   2.9495774e-01   1.7552144e-01   6.9324406e-02  -8.2125077e-02   1.8804347e-01   1.3112112e-01  -9.7532396e-02   4.9620430e-02   4.7456663e-02   1.8355843e-02  -1.5191359e-02   1.7509526e-01   8.2732385e-02   2.0366603e-01   2.1426948e-01   1.0448356e-01   6.5387371e-02   1.9827517e-01   1.8256566e-02   1.3136766e-01   1.9081648e-01   4.4728011e-02   3.8973529e-02   3.7145865e-02   1.6069226e-01   1.6164570e-01   1.4027827e-01   1.6916222e-01   2.5339512e-01   6.8782185e-02   2.0610851e-01   1.2701323e-01   1.4749927e-01  -8.0783722e-02   1.9116648e-01   1.0519101e-01   1.9999402e-01   3.4585702e-01   3.6637372e-01   2.7770051e-01   3.7293512e-01   3.2208892e-01   1.3281724e-01   2.1682947e-01   2.7067682e-01   5.9899003e-02   1.8207346e-01   1.2593302e-01   2.9454130e-02   1.2086518e-01   1.0746375e-02
  -5.5405855e-02   0.0000000e+00   1.5745910e-02   1.1877800e-01   4.7498456e-02  -5.0959465e-03   3.2671988e-02  -4.8448707e-02  -2.6817595e-03   7.2223206e-02   5.5416236e-02   7.2058855e-03   1.4417984e-01  -5.1747072e-03  -2.6055116e-02  -2.6431713e-02   0.0000000e+00   2.8416299e-01  -3.2976360e-02   2.0349162e-01   1.9095264e-01   1.1361138e-01  -1.3622577e-02   5.4422517e-02   5.7882710e-02   8.3451178e-02   7.6736904e-02   1.3626189e-01   1.8268441e-01   9.4755365e-02   1.0123353e-01   2.6497442e-02   8.0610627e-02   1.5623442e-01   1.8227366e-01   1.1708431e-01   2.2116831e-01   1.3079562e-01   1.0479296e-01   1.8916814e-01   6.3863185e-02   1.5564198e-01   9.6380331e-02   1.2959058e-01   1.4729421e-02   2.4606694e-01   2.0252114e-01   2.2841052e-01   4.6558071e-02  -6.6473079e-02   1.3804719e-01   1.0475309e-02   1.2952010e-01   4.5716636e-02  -1.0492072e-01   1.0519897e-01  -6.5457684e-02  -1.0539764e-02   1.0866889e-01  -1.2270296e-02  -5.9621972e-02  -6.0134232e-02  -6.2258070e-03   5.3390546e-02   1.2605174e-01  -1.0537099e-01   7.1191921e-02  -9.3805876e-03   2.1770324e-02  -3.9543887e-02  -7.6005115e-02  -1.4807635e-01   1.4493127e-02   7.7186662e-02  -8.5316449e-02  -8.8352288e-03  -1.4000101e-02  -2.1063751e-02  -1.4921174e-01  -6.7169200e-02  -1.4523261e-01  -7.3355132e-02  -1.1746404e-01  -9.8316583e-02  -6.1874370e-02   3.3754151e-02  -1.1386324e-01  -1.7666760e-01  -3.2711966e-02   5.2423316e-02   5.7422478e-02  -5.9241034e-02   1.3637404e-02   6.6151817e-02  -2.9256540e-02   1.4620660e-01   9.3895106e-02   1.6023091e-01   1.1031561e-02   1.2984560e-01   6.2251977e-02  -5.0092624e-02   1.4546940e-02   3.1415293e-02  -1.0077995e-01   8.5198928e-02  -7.3513608e-02   1.6996858e-02  -1.5642066e-01  -2.2471068e-02  -6.1457769e-03  -7.7304375e-02  -1.3978247e-01  -3.3324957e-02   1.4732642e-01  -4.0972054e-04   7.4922047e-02  -8.0533094e-02
  -2.1885964e-02   0.0000000e+00  -2.5927827e-03   3.9676136e-02   4.6646645e-01   1.1515971e-01  -1.5924921e-02  -4.6569820e-03  -7.2660302e-02   1.2066139e-01   5.7646749e-02   7.2157976e-02   1.5303166e-01  -5.8828897e-02   1.4115893e-01   2.0533886e-01   2.8416299e-01   0.0000000e+00   9.6225078e-02   3.2085815e-01   2.2465819e-01   4.4257106e-02  -1.8845567e-02   5.3284753e-02   2.1678275e-02   1.1182065e-01   7.3772765e-02   7.7470831e-02   2.6019218e-01   3.2790261e-01   1.9195292e-02   6.6313033e-02  -1.2994174e-02   8.2393174e-02   5.0068660e-02   2.0045299e-01   1.1985473e-01   9.0941922e-02   1.2836570e-01   1.4314142e-01   1.6171935e-01   9.7102678e-02   1.0365138e-01   1.4073362e-01   1.4005881e-01   1.2024310e-01   3.9623908e-01   3.1609224e-01   1.6877478e-01   2.3544066e-01   7.0050161e-02   1.4375555e-01   1.0191874e-01   1.5089263e-01   1.4845387e-01   2.1743924e-01   9.3657214e-02   8.1206136e-02   1.3023218e-01   9.3287514e-02   3.7998789e-02  -2.3307201e-02   1.8621694e-02   1.5571496e-01   2.5909326e-01   7.0860727e-02   2.0898403e-01   8.3894505e-02   6.6771866e-02  -6.6432823e-03   2.7402306e-03  -6.5164976e-02   3.3807872e-03  -3.7262628e-02   8.1012916e-02  -3.5590849e-03   1.7209421e-02   4.3275111e-04  -6.3312875e-02   6.9192252e-02  -8.7928733e-02   9.4249283e-02  -1.4395183e-02   1.4472991e-01   4.3920099e-02  -1.0982404e-02   4.7205039e-02  -1.1010952e-01  -4.7285159e-02   7.6188466e-02   1.1479158e-01  -4.4793678e-03  -3.0478059e-02   5.7188129e-02   1.0019474e-01   1.2244725e-01  -3.5729461e-02   7.9552862e-02   4.2221753e-02   2.9910289e-02   2.2111312e-02  -8.0444819e-02   7.8320680e-02   8.3657118e-02  -9.5435930e-02   6.4140546e-02   3.1304521e-02   5.7661223e-02  -1.2538526e-01  -1.9187530e-02  -4.8717123e-02  -6.0746752e-02  -2.5861484e-02   1.9509060e-02   1.7248865e-01  -2.0021687e-02   3.2739909e-02  -8.2044590e-02
   2.0602951e-02   0.0000000e+00   1.7572781e-01   7.1689672e-02   1.5923495e-01   1.6211298e-01  -4.1677101e-02   1.5188794e-01   3.8646748e-02   1.4029791e-01   2.2782466e-01   1.0702428e-01  -2.4624511e-03  -5.7343658e-02   6.5067169e-02   1.5197098e-01  -3.2976360e-02   9.6225078e-02   0.0000000e+00  -6.9791109e-02  -3.7042156e-03  -3.2265985e-02   3.2729683e-02  -3.0414111e-02  -3.7080299e-02  -7.8427380e-02   3.3349532e-02   3.0131875e-02   7.7695656e-02   2.1835511e-01  -2.4840699e-02   1.6884185e-01   4.6091593e-02   5.7223172e-02   4.1441290e-02   6.6861416e-02   1.4202162e-01   1.3364685e-01   6.6845805e-02   1.1102176e-01   2.0182658e-01   1.0151014e-02   5.9104177e-02   7.7219922e-02  -1.1513153e-03   1.8077839e-02   1.1885145e-01   1.9072489e-01   1.1725860e-02   1.2334762e-01   1.2912924e-01   1.4199497e-01  -1.3832624e-02   9.5776959e-02   9.6260112e-02   4.2067908e-02   2.5931937e-02   1.0430581e-01   2.6735486e-01  -1.4421129e-02   3.2806165e-02   8.1484302e-02  -9.8946678e-05   2.2180083e-01   4.2234278e-02   1.4966067e-01   1.4191893e-01   1.3797827e-01   8.2564423e-02   5.7278316e-02   6.9922857e-02   5.1453097e-02  -8.2546827e-03  -9.5217886e-02   3.0329348e-01  -3.0974958e-02  -1.0454740e-01   2.1856488e-01   2.9578750e-02   2.9656439e-02   7.9664564e-02   1.6044215e-01   7.7594919e-03  -6.5654677e-02   1.5991909e-01  -9.1178716e-03   1.2116428e-01   2.9830740e-02   7.9586276e-02   3.9215044e-02   1.7174344e-02   1.1655824e-01  -1.0240946e-03   1.7512476e-01   3.4402039e-01   4.7965329e-02  -6.9942599e-02   1.0201608e-01   7.5000668e-02   4.7792310e-02   1.7690687e-02  -1.9990176e-02   6.3831260e-03   7.9209291e-02   9.7287399e-02   7.9884117e-02   9.1252614e-02   2.4007691e-02   7.2469009e-02  -8.6035459e-02   8.9601809e-02   3.3106728e-02   7.7921116e-02   4.1001811e-02  -3.8369846e-03  -3.6195819e-02   5.4727258e-02  -4.5310652e-02
  -1.1817258e-01   0.0000000e+00  -4.3382946e-02  -8.1559030e-02   1.9813434e-01  -1.0604451e-01   2.3587151e-02   5.9582276e-02  -7.2671487e-02  -1.5628918e-02   1.5951807e-01  -4.8032227e-02   3.7040448e-01   3.7649467e-01   5.4490739e-03   1.0681829e-01   2.0349162e-01   3.2085815e-01  -6.9791109e-02   0.0000000e+00   5.1758355e-01   3.8300398e-01   1.5282045e-01   8.7561527e-02   4.0452230e-01   2.8039500e-01   3.6572315e-01   2.2273174e-01   2.3499026e-01   2.9021371e-01   2.3282502e-01   1.9830721e-01   7.5303865e-02   2.3967161e-01   2.4837273e-01   2.0531749e-01   1.2698310e-01   2.2916112e-01   2.3489241e-01   2.3864522e-01   1.9708541e-01   2.7708156e-01   2.5859652e-01   1.6461294e-01   1.6352846e-01   3.2615883e-01   2.7883084e-01   1.0105759e-01   7.1196798e-02   1.2094515e-01   1.0246296e-01   1.1720397e-01   2.4123651e-01  -2.1646658e-02  -7.2786609e-03   1.2189365e-01   2.1687051e-01  -2.0586201e-03   7.0872095e-02   2.1630787e-01   4.0586184e-01   2.0050979e-01   2.0959950e-01  -6.1119994e-02   1.6449792e-01  -1.4118983e-01   1.9679558e-01   1.6325105e-02  -3.7357118e-02   2.2713467e-01  -3.4149663e-04  -1.1280176e-01   7.7375568e-02  -1.9150630e-02  -5.3453918e-02   3.1171839e-03   1.1654560e-01  -8.7401424e-02   5.9665438e-02   1.7117207e-01   5.8393254e-02   5.7759275e-02   1.6940985e-01   3.4047220e-01   1.0121686e-01   1.6571141e-01   1.8779901e-01   3.3204975e-02   4.6513123e-02   1.8490041e-01   1.9152958e-01   6.1663721e-02   1.2009892e-01   6.8136461e-02   1.0123913e-01   2.1702064e-01   2.0081608e-01   2.3391666e-01   9.6555458e-02   1.6507093e-01   1.3913308e-01   1.6157198e-01   1.3038814e-01   1.0944742e-01  -1.5724411e-03   2.7487130e-01   1.0134498e-01   5.5329208e-03  -7.3464761e-02   7.2111216e-02  -1.2514508e-01  -1.4925742e-01  -1.2433963e-01  -6.6879055e-02   5.4606629e-02  -6.6848014e-02   1.2891249e-01   1.1201994e-01
  -4.6584191e-02   0.0000000e+00   3.5495159e-02   9.2623734e-02   8.9695887e-02  -6.2196587e-02   7.8012332e-02  -5.3262702e-03  -3.7639787e-02   3.9897189e-02   2.4594438e-01  -1.1542348e-01   3.8241015e-01   3.3466863e-01   4.8366148e-02   2.0124656e-02   1.9095264e-01   2.2465819e-01  -3.7042156e-03   5.1758355e-01   0.0000000e+00   4.7064167e-01   3.8922106e-01   4.7467800e-01   4.5222848e-01   2.9162581e-01  -1.2744892e-02   2.7329568e-01   1.4940704e-01   1.1410909e-01   9.9452466e-02   4.0572994e-02   9.2619873e-02   1.7791851e-01   1.9720670e-01   2.1254535e-01   1.0533719e-01   3.1651177e-01   2.1617392e-01   3.1846566e-01   1.6008810e-01   2.0201756e-01   4.9730305e-02   1.4877267e-01   1.5336880e-01   3.5845802e-01   2.6135962e-01   2.5636974e-01  -1.2085805e-02   2.4606730e-02   3.1702407e-02  -1.0332946e-02   1.2924298e-01   2.4459219e-02  -3.8846879e-02   2.2386676e-01   8.8132738e-03  -4.5235823e-02  -4.2596928e-02   1.5168451e-01   1.3691790e-01   2.6238260e-02   9.8845669e-02   5.5950225e-02   6.0390354e-02  -1.1134658e-01   8.5208372e-02  -1.5580564e-02   7.8582467e-02  -8.7781940e-02   2.0333434e-02  -1.2550637e-01   6.2425458e-02   2.8920950e-02  -5.2550679e-03   5.6218377e-02   1.3043158e-01  -9.6388545e-02  -3.8711224e-02   1.0086420e-01  -1.4960606e-01  -4.8175269e-02   1.2187568e-01   4.6795945e-02  -1.8979271e-01   3.2826618e-02  -5.7869904e-02  -5.6832216e-02  -1.4251270e-01   1.9612585e-01   1.3367932e-01  -1.4147991e-01  -3.2459136e-03  -1.3060087e-01   8.9570509e-03   1.5632259e-01   8.5973384e-02   1.4485362e-01   5.7114253e-02   6.8450529e-02   2.7887125e-02   5.4649762e-02  -9.1081332e-03  -8.6758588e-02  -8.8679767e-02   1.1694870e-01   4.0609507e-02  -6.8227125e-02  -2.0146513e-01  -1.4231697e-01  -4.5618116e-02  -9.7001729e-02  -1.8040759e-02  -9.3208554e-02   8.9683418e-03  -1.6422647e-02   6.1888093e-02   1.7371854e-01
