   0.0000000e+00   0.0000000e+00   0.0000000e+00   1.2110164e-01   2.6335713e-01   1.2930224e-01   2.0226884e-01  -8.6562667e-02  -7.0200085e-02   5.9038355e-02   7.7468110e-02  -1.1340119e-02   9.0041091e-02  -9.4451557e-02   2.1458329e-01   1.5516995e-01   9.8132829e-02   3.5334361e-02   1.8373454e-01  -7.4568374e-02   1.5051684e-01  -1.3826361e-01   7.7773141e-02  -7.1696828e-03   3.0749677e-02  -1.0524818e-01  -2.0883049e-02   9.0172251e-02   2.3141516e-02  -1.0931700e-01  -7.7035160e-02  -8.8954798e-02  -1.5063988e-01  -5.5705806e-02   7.5846111e-02  -5.9322806e-02   8.9959980e-02  -2.1495799e-01  -6.6232744e-03  -5.2283508e-02   2.5819810e-02  -1.0323373e-01   7.4921907e-03  -9.5120077e-02   1.5873199e-02   2.0468122e-01   1.6952446e-01  -5.5880669e-02   1.5277689e-01   8.1010589e-03   0.0000000e+00  -3.5674596e-02   1.2929284e-02   3.1505515e-01   2.9799964e-01   5.9830965e-02   2.1724156e-02  -6.8500158e-02   4.1851779e-02  -2.2397165e-02  -1.9760274e-01  -1.7895103e-01  -8.2268259e-02   2.8824098e-01   6.5731423e-02  -2.6774565e-02  -4.4197577e-03   3.8843496e-01   2.0400280e-01  -1.5216884e-01   7.9250240e-02  -6.1325069e-02   3.3079299e-01  -1.3341583e-01   5.3151354e-01   1.9151833e-01  -1.0882249e-01   2.1261227e-02  -1.0403590e-01   8.5658457e-02   8.1811327e-02   1.9042190e-01  -1.0804705e-01  -1.0096467e-01   2.9866529e-01   1.9968461e-01  -5.2631814e-02  -8.8515122e-02   1.8433177e-01   1.3726261e-01  -1.8349881e-01  -1.6660982e-01   1.9001130e-01  -1.1127648e-01  -1.7479713e-01  -5.2330440e-02  -1.2011643e-02  -4.3928960e-02  -7.9527096e-02   7.9711454e-02  -5.2404415e-02   6.7311523e-02  -5.9512712e-02   2.1669503e-02   1.8434878e-02   1.0102430e-01   1.1203149e-01   1.8827102e-01  -5.9104632e-02   6.4487882e-02  -5.8752403e-02   2.2048923e-01   2.1308897e-01   2.8162404e-01   0.0000000e+00   5.6404115e-02  -1.9113340e-01  -9.4364191e-02
   0.0000000e+00   0.0000000e+00   0.0000000e+00   0.0000000e+00   0.0000000e+00   0.0000000e+00   0.0000000e+00   0.0000000e+00   0.0000000e+00   0.0000000e+00   0.0000000e+00   0.0000000e+00   0.0000000e+00   0.0000000e+00   0.0000000e+00   0.0000000e+00   0.0000000e+00   0.0000000e+00   0.0000000e+00   0.0000000e+00   0.0000000e+00   0.0000000e+00   0.0000000e+00   0.0000000e+00   0.0000000e+00   0.0000000e+00   0.0000000e+00   0.0000000e+00   0.0000000e+00   0.0000000e+00   0.0000000e+00   0.0000000e+00   0.0000000e+00   0.0000000e+00   0.0000000e+00   0.0000000e+00   0.0000000e+00   0.0000000e+00   0.0000000e+00   0.0000000e+00   0.0000000e+00   0.0000000e+00   0.0000000e+00   0.0000000e+00   0.0000000e+00   0.0000000e+00   0.0000000e+00   0.0000000e+00   0.0000000e+00   0.0000000e+00   0.0000000e+00   0.0000000e+00   0.0000000e+00   0.0000000e+00   0.0000000e+00   0.0000000e+00   0.0000000e+00   0.0000000e+00   0.0000000e+00   0.0000000e+00   0.0000000e+00   0.0000000e+00   0.0000000e+00   0.0000000e+00   0.0000000e+00   0.0000000e+00   0.0000000e+00   0.0000000e+00   0.0000000e+00   0.0000000e+00   0.0000000e+00   0.0000000e+00   0.0000000e+00   0.0000000e+00   0.0000000e+00   0.0000000e+00   0.0000000e+00   0.0000000e+00   0.0000000e+00   0.0000000e+00   0.0000000e+00   0.0000000e+00   0.0000000e+00   0.0000000e+00   0.0000000e+00   0.0000000e+00   0.0000000e+00   0.0000000e+00   0.0000000e+00   0.0000000e+00   0.0000000e+00   0.0000000e+00   0.0000000e+00   0.0000000e+00   0.0000000e+00   0.0000000e+00   0.0000000e+00   0.0000000e+00   0.0000000e+00   0.0000000e+00   0.0000000e+00   0.0000000e+00   0.0000000e+00   0.0000000e+00   0.0000000e+00   0.0000000e+00   0.0000000e+00   0.0000000e+00   0.0000000e+00   0.0000000e+00   0.0000000e+00   0.0000000e+00   0.0000000e+00   0.0000000e+00   0.0000000e+00   0.0000000e+00   0.0000000e+00   0.0000000e+00
   0.0000000e+00   0.0000000e+00   0.0000000e+00   0.0000000e+00   0.0000000e+00   0.0000000e+00   0.0000000e+00   0.0000000e+00   0.0000000e+00   0.0000000e+00   0.0000000e+00   0.0000000e+00   0.0000000e+00   0.0000000e+00   0.0000000e+00   0.0000000e+00   0.0000000e+00   0.0000000e+00   0.0000000e+00   0.0000000e+00   0.0000000e+00   0.0000000e+00   0.0000000e+00   0.0000000e+00   0.0000000e+00   0.0000000e+00   0.0000000e+00   0.0000000e+00   0.0000000e+00   0.0000000e+00   0.0000000e+00   0.0000000e+00   0.0000000e+00   0.0000000e+00   0.0000000e+00   0.0000000e+00   0.0000000e+00   0.0000000e+00   0.0000000e+00   0.0000000e+00   0.0000000e+00   0.0000000e+00   0.0000000e+00   0.0000000e+00   0.0000000e+00   0.0000000e+00   0.0000000e+00   0.0000000e+00   0.0000000e+00   0.0000000e+00   0.0000000e+00   0.0000000e+00   0.0000000e+00   0.0000000e+00   0.0000000e+00   0.0000000e+00   0.0000000e+00   0.0000000e+00   0.0000000e+00   0.0000000e+00   0.0000000e+00   0.0000000e+00   0.0000000e+00   0.0000000e+00   0.0000000e+00   0.0000000e+00   0.0000000e+00   0.0000000e+00   0.0000000e+00   0.0000000e+00   0.0000000e+00   0.0000000e+00   0.0000000e+00   0.0000000e+00   0.0000000e+00   0.0000000e+00   0.0000000e+00   0.0000000e+00   0.0000000e+00   0.0000000e+00   0.0000000e+00   0.0000000e+00   0.0000000e+00   0.0000000e+00   0.0000000e+00   0.0000000e+00   0.0000000e+00   0.0000000e+00   0.0000000e+00   0.0000000e+00   0.0000000e+00   0.0000000e+00   0.0000000e+00   0.0000000e+00   0.0000000e+00   0.0000000e+00   0.0000000e+00   0.0000000e+00   0.0000000e+00   0.0000000e+00   0.0000000e+00   0.0000000e+00   0.0000000e+00   0.0000000e+00   0.0000000e+00   0.0000000e+00   0.0000000e+00   0.0000000e+00   0.0000000e+00   0.0000000e+00   0.0000000e+00   0.0000000e+00   0.0000000e+00   0.0000000e+00   0.0000000e+00   0.0000000e+00   0.0000000e+00   0.0000000e+00
   1.2110164e-01   0.0000000e+00   0.0000000e+00   0.0000000e+00   3.4530487e-01   2.3544764e-01   9.9656254e-02   1.8040485e-02   6.2614558e-02  -4.5252856e-02   1.3486385e-01   2.3001532e-01   2.2715496e-01   1.4384083e-01   2.7578096e-01   2.0099706e-01   2.2389304e-01   2.7829140e-01   3.5149982e-01   4.3340044e-02   2.7713322e-01   1.1160849e-01   1.7228462e-01   1.5205624e-01   2.4562453e-01   1.3398079e-02   6.9869216e-02  -1.4561629e-01  -3.2870385e-02  -1.2020987e-01  -3.4682447e-02  -9.4992515e-03  -4.6585926e-02   1.2224523e-01   1.1855757e-01   8.0653909e-02   5.6810858e-02   1.5723627e-03  -1.5629788e-02   1.5726239e-01   1.4405437e-01   5.0154756e-02   4.3677648e-02   1.4530473e-01  -1.3079291e-02   6.8021505e-02   3.1748645e-01   1.8565576e-01   1.1102735e-01   1.0605605e-01   0.0000000e+00  -5.8294724e-02   1.8178706e-02   3.2965545e-01   1.8726974e-01   1.9451429e-01   2.3323202e-01   4.7758264e-02   3.0511809e-01   2.9651283e-02  -4.9131405e-02   3.6482554e-02   9.4201242e-02   2.0118164e-01  -1.5696464e-02  -4.0790908e-02  -9.4650951e-02   1.6012774e-01  -9.3740987e-03  -8.4472792e-02  -3.6500877e-02   1.4172293e-02  -6.0710347e-02  -1.8522276e-01  -6.4406956e-02   1.1633236e-01  -8.6113166e-02  -6.0074880e-02  -3.7580121e-02  -9.7341325e-04  -7.4910940e-02  -9.9661789e-02  -5.5677035e-02  -1.3244368e-01   1.2301271e-01   4.0075023e-02  -1.7446127e-02  -6.1018215e-02  -1.2301940e-01   1.2248593e-01  -3.9709452e-02   5.7790550e-02  -4.5028600e-03   1.9821835e-03   1.4391361e-01   1.7380784e-01  -6.0816718e-02   2.5672932e-01   6.9116406e-02   2.0336302e-01  -9.5914494e-02   1.2217502e-02  -2.7223469e-02   1.2050789e-01   2.4657599e-01   2.0047149e-01   2.1073428e-01   5.1677397e-02   1.1185758e-01   3.6116476e-03   3.7969559e-02   2.1878258e-01   2.1104498e-01   1.1396788e-01   0.0000000e+00  -4.2851441e-02  -7.0826796e-02  -5.1240278e-02
   2.6335713e-01   0.0000000e+00   0.0000000e+00   3.4530487e-01   0.0000000e+00   5.8060193e-01   1.0755206e-01  -9.2748637e-02   1.3240265e-02  -1.9721734e-02   1.7210822e-01   1.3745817e-01   2.4639424e-01   1.6997661e-01   1.3947789e-01   1.8012807e-01   3.0664133e-01   3.3330995e-01   3.3025181e-01   1.7529126e-01   3.0084754e-01   1.1171565e-01   9.8852249e-02  -9.2309062e-02   2.1049728e-01   3.1116181e-02   1.4660832e-01   4.7541672e-02  -8.9878092e-05   3.2404162e-02  -5.6083632e-03   5.8619128e-02   6.7343095e-02   2.1165103e-01   2.3268877e-01   4.1634271e-02   6.8655399e-02   1.8570400e-02   1.4611657e-01   1.2386099e-01   7.0814534e-02   1.8602140e-02   2.3109907e-01   5.4236398e-02  -5.0668505e-02   9.2542443e-02   5.4760537e-01   1.6281502e-01   1.9608275e-01   4.1061076e-01   0.0000000e+00   5.3835870e-02   8.4805898e-02   3.6538276e-01   2.0429310e-01   5.4625677e-02   2.4573777e-01   3.2418184e-02   3.1229659e-01   2.2760531e-03  -6.7155473e-02   1.4477296e-02   1.9589355e-01   1.8566306e-01   3.1667396e-02   9.4736313e-02  -1.1533713e-01   1.6692256e-01  -5.8130409e-02   2.4188807e-02  -3.2911434e-02   2.0236921e-01   1.3129242e-01  -1.4405474e-01   5.8803762e-02   8.8809079e-02  -1.3386698e-01   3.7652650e-02   9.1570977e-02   1.1098715e-01   1.1000438e-01   5.8611680e-02   9.9829133e-03   5.0339194e-02   1.9765533e-01   1.0279449e-01  -4.0928896e-02   5.4274520e-03   1.2207613e-01   1.4303330e-01  -3.0145940e-02   8.5909823e-02   1.9003417e-01   1.0522449e-01   1.4065963e-01   1.3030766e-01  -1.1575132e-01   1.5614696e-01  -2.9018154e-02   2.9137035e-01   1.1600355e-02   1.5263724e-01  -1.3594648e-01   1.8962786e-01   2.5582765e-01   1.2803065e-01   1.5134122e-01   2.2116014e-01   1.2992036e-02   5.3144952e-02  -4.6802496e-02   2.6486991e-01   2.1642434e-01   1.7260168e-01   0.0000000e+00   5.9932928e-02  -1.3871552e-01  -1.4838198e-01
   1.2930224e-01   0.0000000e+00   0.0000000e+00   2.3544764e-01   5.8060193e-01   0.0000000e+00   8.9401610e-02  -1.0818902e-01   2.1471675e-02  -7.0525208e-03   7.2439938e-02   1.1948319e-01   1.5125031e-01   1.4119333e-01   1.4643621e-01   8.8088765e-02   2.3341668e-01   2.8030818e-01   2.3877992e-01   1.1457948e-01   1.6257674e-01   1.3995806e-01   3.4495800e-02  -1.4499465e-01   1.5897880e-01   9.1678443e-02   1.5972773e-01   2.8887610e-02   2.1687807e-02   3.6674921e-02   9.6992236e-02   1.5659945e-01   9.8842134e-02   1.3712641e-01   1.3056058e-01   6.1667951e-02  -2.1758711e-02   7.0496598e-02   9.2239459e-03   5.3996545e-02   3.7046641e-02  -9.0449159e-02   2.4461232e-01  -1.6618139e-02  -1.1593562e-01  -1.4530557e-02   2.3842706e-01   9.2970106e-02   9.2985603e-02   3.1713207e-01   0.0000000e+00  -7.2673215e-02  -3.1537243e-02   2.5585112e-01   1.1522833e-01   1.3642182e-01   1.8231146e-01   4.7482442e-03   2.0134399e-01   4.8445080e-02  -6.1118579e-02  -7.3536458e-03   6.9003695e-02   2.1404053e-01  -8.9586656e-02   1.5023999e-01  -8.6941306e-02   1.4366635e-01  -2.1631382e-02   8.8509881e-02  -1.3670499e-01   2.8866231e-02   2.4493883e-01   6.6704432e-02  -3.4990101e-02   3.2489239e-02  -1.2714860e-01   1.1197436e-01   1.8053479e-01  -6.3086413e-02   3.4557919e-02  -1.1409730e-02   2.2344419e-03   2.0611978e-02   1.4938872e-01   5.4035246e-02   2.2305178e-01  -7.2008427e-03   1.3932329e-01   1.4918420e-01  -2.0317510e-02   1.5648639e-01   9.5075868e-02   8.4032362e-02   5.6262222e-02  -9.2109580e-04  -1.5916874e-01   7.9003005e-02   1.5435879e-02   1.1600210e-01   6.5171146e-03   4.0117518e-02  -1.4960378e-01   1.1388982e-01   1.7140187e-01   2.8704185e-02   1.1629341e-01   1.1354903e-01  -2.5693213e-02   7.0292801e-02  -8.7722666e-02   2.0108791e-01   5.6205030e-02   2.3667041e-01   0.0000000e+00   9.5447859e-02  -5.9641809e-02  -1.8371448e-01
   2.0226884e-01   0.0000000e+00   0.0000000e+00   9.9656254e-02   1.0755206e-01   8.9401610e-02   0.0000000e+00   2.1415295e-01   3.4785207e-01   2.2503485e-01   2.9552390e-01  -1.1062065e-01  -3.9632416e-03  -7.4198780e-02   3.2641995e-02   2.1363539e-01   3.7849041e-02   1.5101800e-02   2.0494562e-01  -1.0382677e-02  -7.1101348e-02   6.3952105e-02  -1.1231930e-02   3.7167656e-02   8.7769216e-02   1.9855073e-01   1.2362262e-01   2.9117827e-01   3.8307132e-02   7.1805065e-02   2.3471727e-01   3.4288621e-01   2.7076971e-01   2.5764483e-01   3.6347243e-01   1.4262164e-01   7.4093441e-02   1.8570642e-01   2.0210739e-01   3.5485759e-01   2.4790465e-01   3.9809020e-02   3.2626496e-01   1.3134321e-01   8.8998402e-02  -4.3811716e-02   2.1442361e-01   2.5269732e-01   2.1837634e-01   2.0674017e-01   0.0000000e+00  -2.2960040e-01  -8.4580327e-02   2.0960264e-01   2.7901036e-01   2.7074079e-02   1.7950290e-03   1.6613349e-01   6.1276081e-02   1.3004712e-03  -7.5855724e-02  -8.5300575e-04  -9.6798517e-02   1.4238390e-01  -9.8181647e-02   3.3182630e-01   1.8501564e-01   2.2607980e-01   1.0187836e-01  -1.2995650e-01  -1.9447879e-02   1.0729787e-01   5.9337620e-01   9.2298500e-02   1.0802694e-01   1.7358133e-01   7.1233410e-02   9.4046620e-02  -8.2970895e-02   6.9410230e-02  -7.1749446e-02  -5.4306609e-02   6.8939461e-02   3.3096355e-02   2.0455015e-01   2.8626209e-02   2.2642458e-01   9.0684349e-02   2.7190137e-01   2.6518441e-02   1.5280006e-01   3.6799176e-02   1.1878712e-01  -2.1387148e-01   3.7978136e-01   3.5234211e-02  -8.3679589e-02   1.7827725e-01   2.4028139e-01   8.8948532e-02   3.8650332e-02   4.3814810e-02  -2.3535380e-02  -7.3618769e-02   6.8586241e-02   2.6088125e-02   2.0159741e-02   2.4097372e-01  -1.2193690e-02   4.4696551e-01   1.9949321e-01   4.9390497e-02  -3.6936242e-02   7.6324912e-02   0.0000000e+00   1.2644391e-01   1.4267261e-01   2.3455748e-01
  -8.6562667e-02   0.0000000e+00   0.0000000e+00   1.8040485e-02  -9.2748637e-02  -1.0818902e-01   2.1415295e-01   0.0000000e+00   3.5846541e-01   9.0443432e-02   2.6763680e-02   5.2078372e-02  -6.2380429e-02   9.5518096e-02  -9.1599667e-02   5.5855221e-03  -7.4418743e-02  -7.3642922e-02   1.0371472e-02   2.4945785e-02  -6.0130978e-02   2.1568270e-01   2.4929382e-01   2.1039815e-01   3.0297691e-02   1.4830345e-01   3.8485743e-02   4.5719820e-02   7.1450186e-02   6.5772844e-02   8.7255811e-03   7.5385706e-02   3.0910404e-02   9.0093057e-02   5.5101027e-02  -8.2603757e-02  -1.2346631e-01   2.1160219e-01  -1.6765841e-02   1.6800972e-01   1.4522811e-01  -2.0250248e-02   4.8838150e-02   1.0323840e-01  -5.7780199e-02  -1.3094856e-01  -4.2357203e-04   2.6337427e-01  -6.0925658e-03   3.7474441e-02   0.0000000e+00  -1.7622037e-01  -4.8640979e-02   2.2647955e-02   2.8145010e-02  -1.1984489e-01  -1.3939965e-02   1.1655513e-01   5.4847996e-02   4.2229947e-02   2.2790317e-01   3.1190881e-01   1.4169333e-02  -3.3805507e-02   1.1198803e-01   1.1730325e-01   1.0828962e-01  -8.0500355e-02   2.0577016e-01   8.7257300e-02   3.1286116e-02   8.6007242e-02   6.4555399e-02   1.3928773e-02  -4.6812340e-03   1.5249346e-01   3.4631941e-01   1.2344972e-01   4.6339821e-02   1.2122001e-01  -6.0653972e-02  -1.9171974e-01   7.2109981e-02   1.0900362e-01   8.4973094e-03  -1.0463441e-01   6.7359320e-02   2.0751862e-01   1.4491595e-02  -8.9657686e-02   7.2426137e-02   5.0694394e-02  -5.5460351e-02  -7.4990221e-02   2.5768294e-01   7.1155902e-02  -6.2336466e-02   1.0053684e-01   2.6751341e-01   5.0919273e-02  -1.9736390e-02  -1.1015527e-02   8.1118591e-02  -1.6251627e-03  -6.7271782e-03   1.5331164e-01   5.9310337e-03   7.0838221e-02   3.2438395e-02   1.7443961e-01   2.2543140e-01  -5.1410543e-02  -1.7508706e-01  -3.8761953e-02   0.0000000e+00   3.1663333e-01   4.3566261e-01   3.3334493e-01
  -7.0200085e-02   0.0000000e+00   0.0000000e+00   6.2614558e-02   1.3240265e-02   2.1471675e-02   3.4785207e-01   3.5846541e-01   0.0000000e+00   6.6317751e-02   1.5925034e-01   4.9561191e-02  -4.8682362e-02  -1.8093341e-01   8.2220570e-02   5.6112142e-02   1.4597785e-01   6.0532546e-02   9.8159216e-02  -6.7553427e-02  -2.3127504e-01  -2.7754294e-02  -6.6577134e-02  -1.0750758e-01  -6.5824681e-02   2.5811643e-01  -5.8976045e-02   9.9636306e-02   1.6941767e-01   1.0373779e-01   2.0547174e-01   3.5261057e-02   9.6629117e-02   2.2100631e-01   1.6924350e-01   2.3817640e-02   1.9003443e-02   1.5367331e-01  -7.1075030e-02   1.9688011e-01   1.2157269e-01  -4.1194783e-02   2.6387206e-01   1.2003735e-01   5.1054799e-02  -6.5759282e-02   8.5601647e-02   5.1583215e-01   1.1592245e-01   2.0115286e-01   0.0000000e+00  -1.0832149e-01  -7.6733098e-03   1.5651509e-01   6.0889330e-02   5.1956932e-02  -6.8604173e-02   2.7664119e-01   1.4425028e-01   5.3433955e-02  -2.3104706e-02   9.7024790e-02  -1.9410578e-02   1.4125250e-01   1.2178963e-01   2.4062395e-01   6.3614690e-01   4.4555840e-02   2.0466879e-01   1.5449749e-01  -1.1114192e-01   7.2518990e-02   8.4652816e-02   1.1189092e-01   1.1287877e-01   3.0912575e-01   1.8736121e-01   8.4268176e-03  -3.9081789e-02   1.4808304e-01  -1.2460168e-01  -2.3686514e-01  -8.0568477e-02   4.6091909e-02  -1.0094737e-02   3.1935385e-02   2.8215315e-01   1.1108993e-01   2.7312919e-03   8.5518958e-02   3.5641072e-01   7.0182493e-02   1.4525878e-02   5.0997901e-02   3.4527052e-01   1.4835675e-01   1.7481767e-01   2.6060549e-01   5.0693482e-01   3.5251164e-01  -4.1376191e-02   1.0734877e-02   1.4690331e-01  -4.2503057e-02   1.1463025e-01   2.3906518e-01  -4.2138166e-03   9.6932446e-02   1.9003538e-01   3.5509339e-01   5.8903755e-01   1.5947068e-01   7.0268194e-02   1.1135236e-01   0.0000000e+00   5.5365196e-02   2.3718377e-01   2.2115328e-01
   5.9038355e-02   0.0000000e+00   0.0000000e+00  -4.5252856e-02  -1.9721734e-02  -7.0525208e-03   2.2503485e-01   9.0443432e-02   6.6317751e-02   0.0000000e+00   3.5579406e-01  -6.3759530e-03   1.5629504e-01  -2.0523566e-01   9.3393078e-02   2.7023911e-01   9.3724114e-02   3.3803830e-02   2.0838088e-01   7.4307924e-02   1.3784762e-01   3.5218479e-02  -1.5090935e-01   9.7572574e-02   1.5088551e-01  -5.3981512e-03   2.6601534e-01   1.8882344e-01   8.3081437e-02  -4.5374322e-02   1.5618460e-01   2.0211813e-01   2.9404630e-01   2.6882972e-01   2.4985833e-01   1.3322654e-01   2.0306840e-01   4.8601811e-02   1.3894842e-01   2.1825250e-01   6.4241789e-02   5.5762304e-02   6.5197969e-02  -1.8090994e-01  -1.4622169e-01  -1.1792307e-01   2.2398200e-01   2.0620503e-01   2.1505140e-01   2.3157473e-01   0.0000000e+00  -1.7172586e-01  -1.8060280e-01   2.1357878e-01   2.4738344e-01   1.4847603e-01   2.0083511e-01   2.5819220e-01   7.7810133e-02  -3.4135473e-02  -3.1840094e-01  -1.8863718e-01  -2.1511373e-01   1.5239893e-01  -2.7116748e-01   3.4015139e-01   6.5924127e-02  -9.5079316e-02  -7.7123496e-02  -3.8649322e-02  -2.6762681e-01   2.6889152e-02   8.3632263e-02   9.2924203e-02   8.0414621e-03  -5.3329031e-02  -8.8280583e-02  -1.4196294e-01  -2.4436959e-01  -9.7964644e-02  -1.8152788e-01  -1.5337553e-01  -5.9603174e-02   1.8897252e-02  -8.0652753e-02  -1.3517004e-01   6.5896250e-02  -9.4292812e-02   2.0448863e-01  -1.6432725e-01  -1.1234616e-01   7.9387029e-02   8.9316650e-02  -2.3034750e-01   8.2605969e-02  -6.3584037e-02  -2.6728964e-01  -1.1369989e-01  -6.8274734e-02  -4.2217081e-02  -7.1353902e-02  -1.4563450e-01  -2.8533788e-01  -7.8537555e-02   7.6885163e-02  -6.0046884e-02   3.0751096e-02   1.9762531e-01  -1.1739042e-01   2.9459755e-01   1.8473320e-01   1.0789095e-01  -3.1620246e-02   1.4599172e-01   0.0000000e+00  -2.0420820e-01  -9.4379325e-03  -5.8371152e-02
   7.7468110e-02   0.0000000e+00   0.0000000e+00   1.3486385e-01   1.7210822e-01   7.2439938e-02   2.9552390e-01   2.6763680e-02   1.5925034e-01   3.5579406e-01   0.0000000e+00  -3.7294531e-02   3.4648301e-01  -8.7134372e-02   3.0704472e-01   4.9276782e-01   3.5921398e-01   3.4722433e-01   4.4188782e-01   2.0867004e-01   2.5240655e-01   1.2087914e-01  -1.5587499e-02   6.6138886e-02   1.6965475e-01   1.3235343e-01   4.2526602e-01   2.7003471e-01   2.1718546e-01   1.6286341e-02   1.5229968e-01   2.4710635e-01   6.5020190e-01   5.3524758e-01   3.8133130e-01   4.1696360e-01   3.6470370e-01   2.1764232e-01   4.2970460e-01   6.3584371e-01   4.4410786e-01   2.0488371e-01   2.2222815e-01   9.2448496e-02   1.4355563e-01   1.1539331e-01   3.0708900e-01   4.5023284e-01   3.6431292e-01   4.3954752e-01   0.0000000e+00  -2.0376579e-02  -1.1330907e-01   2.3764147e-01   3.7191256e-01   2.9089103e-01   3.5975636e-01   3.7608901e-01   3.3123186e-01  -8.2063462e-02  -1.3857456e-01   1.3127564e-02  -3.6685794e-02   2.8420433e-01  -1.4120875e-01   6.5588318e-01   8.7273239e-02   1.7675285e-02  -1.4657011e-01   3.5422871e-02  -2.2602779e-01   8.7656525e-03   7.8995263e-02   2.8450757e-01   4.1550554e-02   1.3629114e-02  -3.2693234e-01  -1.8122256e-01   2.1820503e-02   2.9989728e-02   8.8310985e-03  -1.0912027e-01   5.6643234e-02  -2.0063391e-02   3.3967366e-02   1.8104666e-02   1.7509300e-02  -7.7433306e-04   1.0505033e-01  -8.7392683e-02  -1.0335038e-01   3.1356656e-01   1.7180246e-01  -1.2493705e-01   1.8014844e-01   3.9667582e-02  -1.2421531e-01  -6.1345242e-02  -3.2040736e-02   1.4667441e-01  -1.0417190e-01   4.8503813e-02  -2.1711146e-01   8.3278163e-02   2.5240555e-01   1.9974748e-01   2.2705859e-01   2.8725687e-01   1.0579891e-01   3.4446137e-01   2.1843826e-01   6.4969918e-02  -2.4262772e-02   2.2082328e-01   0.0000000e+00  -9.0849087e-02  -1.6050021e-02  -1.1421408e-01
  -1.1340119e-02   0.0000000e+00   0.0000000e+00   2.3001532e-01   1.3745817e-01   1.1948319e-01  -1.1062065e-01   5.2078372e-02   4.9561191e-02  -6.3759530e-03  -3.7294531e-02   0.0000000e+00  -4.5062957e-03   2.2372344e-01   1.0126226e-02   3.5564377e-03   1.2483937e-01   2.4365292e-01   1.0589322e-01   7.4380970e-02   1.3863133e-01   1.8098873e-01   8.1749274e-02   3.1436864e-02   2.2621418e-01   1.5890934e-01   8.0753775e-02   7.5692238e-02  -1.7141414e-02  -2.7362032e-02   1.2116009e-01   2.5359932e-02  -1.3543269e-01  -6.3528952e-02  -8.7633538e-03  -5.6216940e-02  -1.3991505e-01  -7.0697257e-02  -1.7022897e-01   7.7582050e-02   1.3251775e-01  -1.1661885e-01   6.5983921e-02   5.2237024e-02  -2.9368342e-02  -5.9481116e-02   5.3521814e-02   1.8716315e-01   1.6233926e-01   1.4715919e-01   0.0000000e+00  -1.3660753e-01  -5.5399576e-02   5.7981623e-02  -6.3985158e-02   5.6206613e-02   1.3100906e-01   4.5083952e-02   1.9051798e-01   9.9326777e-02   6.5527453e-02   1.9001382e-01   1.0804682e-01  -2.0615133e-02  -3.3935164e-02   4.6577266e-02   2.4615934e-02   1.0572525e-01   5.4579746e-02   6.6260899e-02  -8.3662297e-04   9.9862431e-02  -1.8653700e-01  -1.7864449e-01   2.5040908e-02   7.4256513e-02   8.2953981e-03  -3.6610472e-02   1.2543918e-01   1.8224836e-01   1.5025422e-01   7.4836175e-02   7.0325849e-02   7.6369709e-02   2.4924057e-01  -9.6505907e-03   1.7182360e-02   1.3701746e-01   5.3076722e-02   8.7483688e-02   9.6830754e-02   7.3946536e-02   8.5189541e-02   4.0777096e-02   1.4532677e-01   6.8261247e-02  -7.2310001e-02   6.8493792e-02   9.0336116e-02   1.7087711e-01  -1.7695013e-01  -5.0750172e-02  -3.0234638e-02   1.8275042e-01   7.3510599e-04   1.4098789e-01   3.8102617e-02   2.2674485e-01   4.3780606e-02   5.6502486e-04   8.8492264e-03   1.3220179e-01  -1.4114259e-02  -2.5002685e-02   0.0000000e+00   1.0716398e-01   1.9559190e-01   6.3382192e-02
   9.0041091e-02   0.0000000e+00   0.0000000e+00   2.2715496e-01   2.4639424e-01   1.5125031e-01  -3.9632416e-03  -6.2380429e-02  -4.8682362e-02   1.5629504e-01   3.4648301e-01  -4.5062957e-03   0.0000000e+00   1.1005064e-02   5.0948634e-01   4.2910272e-01   3.7982790e-01   3.4293327e-01   4.2438492e-01   5.1249634e-01   6.8823347e-01   1.4691847e-01   4.9118957e-02   8.0333157e-02   1.8302514e-01   1.4580166e-02   6.0148478e-01  -1.2808142e-01   2.4565356e-01   9.0337889e-03   1.4549726e-01   2.3215447e-02   3.8299799e-01   7.0813310e-01   3.3498579e-01   4.8770449e-01   5.6804065e-01   1.1028752e-01   3.0964854e-01   3.5981766e-01   2.5371286e-01   4.2379877e-01  -7.1076406e-03   9.0275094e-02  -1.3768784e-01   2.8272441e-01   4.0052621e-01   3.6465570e-01   4.4229878e-01   4.0982053e-01   0.0000000e+00   2.3859410e-01   2.4997904e-03   3.1221743e-01   3.9524229e-01   4.7624679e-01   7.8289957e-01   6.0048596e-01   4.1839397e-01  -1.7381325e-01  -2.2795809e-01  -1.5878204e-01   2.5924515e-01   7.4485106e-01  -6.6608744e-03   3.5312387e-01  -1.8639210e-01  -1.6164713e-01  -1.9719566e-01   3.2417643e-01  -1.6723945e-01  -2.3407555e-01  -5.5012656e-02  -6.2783628e-02  -7.2330193e-02  -1.4423707e-01  -2.5775245e-01  -2.0251338e-01   1.2660732e-01  -7.8428027e-02  -8.4907208e-02  -1.3569408e-02  -1.6713342e-01  -6.2017204e-03  -1.9670513e-01   1.4771883e-01   2.7682845e-02  -2.3672810e-01   1.1161998e-01  -1.7525621e-01  -3.4285922e-01   5.7319734e-01   1.0274972e-01   2.1146883e-03  -4.7749629e-02   6.9337414e-02  -1.5390950e-01  -3.9048012e-03  -3.2837551e-01   1.2099847e-01  -4.3743745e-02   3.2055604e-02  -4.0594135e-01   1.5112763e-01   7.4529107e-01   4.5227178e-01   4.1808057e-01   2.3980166e-01   3.0279070e-01   3.1728255e-01   3.3930670e-01   3.3310687e-02   8.4533385e-02   4.5527913e-01   0.0000000e+00  -2.9168143e-01  -2.4351538e-01  -4.0568832e-01
  -9.4451557e-02   0.0000000e+00   0.0000000e+00   1.4384083e-01   1.6997661e-01   1.4119333e-01  -7.4198780e-02   9.5518096e-02  -1.8093341e-01  -2.0523566e-01  -8.7134372e-02   2.2372344e-01   1.1005064e-02   0.0000000e+00  -2.1464501e-01  -1.2999658e-01   3.9892251e-02   2.0207883e-01  -5.5917570e-03   3.2938867e-01   1.4105839e-01   4.8718585e-01   3.2301370e-01   1.0002223e-01   4.2403518e-01   2.0296841e-01   2.5778730e-01   1.9990778e-01  -8.9452398e-02   4.2903914e-02   1.6633499e-01   3.8151193e-01  -9.2732995e-02  -2.3556963e-02   9.0001203e-02  -6.4514046e-03  -1.8218199e-01   1.1695535e-01  -5.4146878e-02   1.3197570e-01   2.4836841e-01  -1.6715228e-02   8.6950036e-02   1.5029643e-01   1.6547265e-02   1.1391914e-02   4.1808948e-02  -8.7727460e-02   6.1214639e-03   9.5806823e-02   0.0000000e+00   8.6402606e-02   2.2831998e-02  -1.3747196e-01  -8.2881254e-02  -1.1326103e-01   1.6225347e-01  -4.1581711e-02   8.7701022e-02   9.4342646e-02   3.6644594e-01   4.2004243e-01   2.8264362e-01  -1.3266265e-01   3.3529133e-02  -1.0324971e-02  -2.6260157e-01   1.3780135e-01  -1.5119217e-01   1.6640027e-01   2.2079217e-01   2.1056161e-01   6.0885814e-02  -1.0915685e-01  -3.7837126e-02  -1.8420546e-01   1.8850333e-01   2.0272442e-01   4.0738077e-01   1.8711106e-01   4.9461672e-01   3.5407113e-01   4.0378675e-01   2.1197477e-01   3.6551959e-01   6.2677607e-02   2.5162382e-02   3.5262323e-01   1.4434824e-01  -6.3332916e-02  -2.3474035e-02   1.9017590e-01   6.4719309e-02   1.0506309e-01   1.8013876e-01   4.7969237e-02  -7.3009721e-02   1.1527463e-01  -5.1172107e-05  -2.5757191e-02   5.5103465e-02   2.5235929e-01   5.5614713e-02   2.4572835e-01  -4.8678304e-02   6.4042576e-05  -4.2069619e-02   2.0010430e-01  -1.0570326e-01  -1.3442639e-01  -1.4045636e-01  -9.9965559e-02  -1.1351525e-01  -1.5098049e-01   0.0000000e+00   3.0405469e-01   1.0817009e-01   1.0281688e-01
   2.1458329e-01   0.0000000e+00   0.0000000e+00   2.7578096e-01   1.3947789e-01   1.4643621e-01   3.2641995e-02  -9.1599667e-02   8.2220570e-02   9.3393078e-02   3.0704472e-01   1.0126226e-02   5.0948634e-01  -2.1464501e-01   0.0000000e+00   7.1515314e-01   4.0389402e-01   2.5798691e-01   3.8003976e-01   7.4382148e-02   3.1926149e-01  -8.4787859e-02   9.0023494e-02   7.5606740e-02   6.9616285e-02  -1.5978391e-01   2.3974711e-01  -8.6957029e-02   3.9473357e-03  -1.1403049e-01   6.4158825e-03  -1.0704013e-01   1.9199692e-01   3.4099744e-01   1.3250783e-01   4.8642622e-01   5.0527627e-01  -1.2787102e-01   1.3604194e-01   1.8302179e-01   2.3530982e-02   3.3854957e-01  -9.1054415e-02   1.3073331e-01   1.4023054e-01   1.8682908e-01   2.7490637e-01   3.6039216e-01   3.1633142e-01   1.6369226e-01   0.0000000e+00   1.2955048e-01   1.0306065e-01   3.5665563e-01   5.6326264e-01   7.8889170e-01   4.0959236e-01   2.2604521e-01   3.2691632e-01  -1.1629575e-01  -3.8410541e-01  -2.3746431e-01  -1.0296957e-02   5.8847860e-01   5.9964149e-02   1.7849359e-01  -5.3334987e-02   1.7206256e-02   7.5013022e-02   8.2583480e-03  -1.3793681e-01  -2.3204215e-01  -1.2649240e-01  -4.7030333e-02   3.6182510e-03   6.5708958e-02  -1.3117989e-01  -7.4322173e-02  -1.2443072e-01  -4.2461758e-02  -1.8179302e-01  -4.2982926e-02  -2.2706210e-01  -2.2792617e-01  -1.5638535e-01   2.8288650e-02   1.0578727e-01  -2.0094147e-01  -1.5346419e-01   1.6964905e-02  -1.4165108e-01   2.1592756e-01  -3.0837273e-03   3.5217085e-02  -1.2421682e-01   6.9087221e-02   4.4103988e-03  -1.3201802e-01  -2.0151271e-01  -7.7712304e-03  -2.6680470e-02  -9.9236989e-02  -1.1958181e-01  -6.2864217e-02   4.5518610e-01   4.2205039e-01   2.6973965e-01   3.0572094e-02   3.5013104e-01   1.7589332e-01   2.1800069e-01   4.4327554e-01   4.5586720e-01   5.9284860e-01   0.0000000e+00  -2.7006120e-01  -1.6596613e-01  -2.5729079e-01
   1.5516995e-01   0.0000000e+00   0.0000000e+00   2.0099706e-01   1.8012807e-01   8.8088765e-02   2.1363539e-01   5.5855221e-03   5.6112142e-02   2.7023911e-01   4.9276782e-01   3.5564377e-03   4.2910272e-01  -1.2999658e-01   7.1515314e-01   0.0000000e+00   3.2247699e-01   1.3196787e-01   4.2537924e-01   7.2979952e-02   2.3420355e-01   7.9773793e-02   4.3362320e-03   1.0409860e-01   1.5476963e-01  -4.4078816e-02   4.6055220e-01   9.5320233e-02   3.0834365e-03  -9.7154695e-02   4.5969805e-02   7.2973763e-02   3.2463984e-01   3.3829862e-01   1.7767992e-01   6.2356292e-01   6.3563191e-01  -5.4716379e-02   2.8396638e-01   3.2901694e-01   1.6494210e-01   2.3936256e-01  -9.4998925e-04   6.3380878e-02   5.3708328e-02   1.3790448e-01   4.9457701e-01   3.6768576e-01   2.5573518e-01   3.3849372e-01   0.0000000e+00   6.1672262e-02   4.9479245e-02   5.7739558e-01   9.7815495e-01   5.5977302e-01   6.0584334e-01   3.4501091e-01   2.8289425e-01  -1.0157391e-01  -2.7017246e-01  -9.8517887e-02   2.8617312e-02   3.2186876e-01  -3.3156538e-02   3.5619855e-01  -3.6395106e-02   7.6689220e-02  -7.2220034e-02  -3.8539059e-02  -2.7742912e-01  -1.1192959e-01   1.4650330e-02  -1.5505200e-01  -8.7949741e-02  -1.8926168e-02  -1.0618248e-01  -6.1457667e-02  -3.1670633e-02   2.1653357e-02  -1.6411752e-01  -3.2594846e-02  -1.6006816e-01  -1.5912706e-01  -8.8611132e-02  -9.1614215e-02   3.2787485e-03  -5.4485483e-02   3.7963812e-02  -1.2444525e-01  -1.9338730e-01   3.5558549e-01   3.0408005e-02  -8.5159027e-03   5.6583223e-02   3.4698714e-02  -6.6667127e-02  -1.5585509e-01  -1.1033093e-01  -8.3652563e-02  -2.1339105e-02  -6.2133707e-02  -2.2616621e-01  -4.8917433e-03   6.1675960e-01   3.5410047e-01   3.4679670e-01   2.2029102e-01   3.1874281e-01   3.7295668e-01   1.1461199e-01   2.5971226e-01   2.1177939e-01   4.3984466e-01   0.0000000e+00  -1.6128118e-01  -5.4899199e-02  -2.2583354e-01
   9.8132829e-02   0.0000000e+00   0.0000000e+00   2.2389304e-01   3.0664133e-01   2.3341668e-01   3.7849041e-02  -7.4418743e-02   1.4597785e-01   9.3724114e-02   3.5921398e-01   1.2483937e-01   3.7982790e-01   3.9892251e-02   4.0389402e-01   3.2247699e-01   0.0000000e+00   5.4692829e-01   3.8290713e-01   3.1393107e-01   2.8802045e-01   1.2676587e-01   3.8271939e-02  -1.3253304e-02   2.1516663e-01   1.3680531e-01   3.6178960e-01   1.9274293e-01   2.5263138e-01   1.0864269e-01   2.6331448e-01   9.9846815e-02   3.0375161e-01   4.5973056e-01   3.5737751e-01   3.1810358e-01   3.3276950e-01   6.8933218e-02   1.8345347e-01   2.3191019e-01   2.2794480e-01   2.8951883e-01   2.5211618e-01   2.1464504e-01   1.2784464e-01   2.2436953e-01   3.2375698e-01   3.1694215e-01   3.1448983e-01   3.0829190e-01   0.0000000e+00   1.4693970e-01   1.1372844e-01   1.3403546e-01   2.8308946e-01   3.5485626e-01   3.7739778e-01   3.1591487e-01   4.2714517e-01  -4.8539288e-02  -1.8975756e-01  -2.8345418e-02   1.4805525e-01   5.2417261e-01   3.9782858e-02   3.1845575e-01   4.8677174e-02   7.8129264e-02  -1.4616866e-01   2.4816060e-01  -1.3089125e-01  -1.0082483e-01  -1.3838913e-02   5.3044479e-02   5.6709624e-02   2.2257349e-02  -1.6799259e-01  -3.0018878e-02   1.7914619e-01   1.2429437e-01   1.4319975e-01   1.7685157e-02   5.1657723e-02   1.4198902e-01   3.2319313e-02   1.6336434e-01   1.5575888e-01   4.9237752e-02   7.6155828e-03   2.6441360e-02   3.3925122e-02   3.6260071e-01   1.2003210e-01   3.2270651e-02   8.4998115e-02   1.0363659e-01  -1.8241375e-03   3.5247465e-03  -6.5559749e-03   1.2789897e-01   3.0160024e-02   9.4624864e-02  -6.0890327e-02   9.5727883e-03   3.4913734e-01   2.4072644e-01   1.5628271e-01   2.9524747e-01   1.8938004e-01   7.1437261e-02   2.3177584e-01   2.3384115e-01   2.5186341e-01   2.3333490e-01   0.0000000e+00  -6.3331329e-02  -3.6575395e-02  -1.3806268e-01
   3.5334361e-02   0.0000000e+00   0.0000000e+00   2.7829140e-01   3.3330995e-01   2.8030818e-01   1.5101800e-02  -7.3642922e-02   6.0532546e-02   3.3803830e-02   3.4722433e-01   2.4365292e-01   3.4293327e-01   2.0207883e-01   2.5798691e-01   1.3196787e-01   5.4692829e-01   0.0000000e+00   2.6311887e-01   5.2444919e-01   2.8168924e-01   2.1514531e-01   7.5125820e-02  -6.8391971e-02   2.1715942e-01   2.4784101e-01   3.8503111e-01   1.8413143e-01   3.6020519e-01   3.0513174e-01   2.1953598e-01   1.9239553e-01   3.2038800e-01   4.1255687e-01   3.8773645e-01   2.1802424e-01   1.8368175e-01   1.4327061e-01   2.3216309e-01   3.1807009e-01   2.9380496e-01   2.0129510e-01   2.9708027e-01   1.7707724e-01   8.8571443e-02   2.4404359e-01   1.9081428e-01   2.7783556e-01   3.0173676e-01   4.3767766e-01   0.0000000e+00   1.8082354e-01   1.3307226e-01   1.0527285e-01   1.9270729e-01   2.5663221e-01   3.5182813e-01   2.9245596e-01   4.6537431e-01  -5.1054172e-02  -3.5833150e-02   3.1059437e-02   2.0402943e-01   3.7004456e-01   1.4401746e-02   3.0606047e-01   2.8780988e-02  -5.2544498e-02  -1.1728889e-01   4.4668048e-01  -1.4298311e-01  -2.2673224e-02   1.2673137e-01   1.4156587e-01   6.1437478e-02  -1.0562702e-01  -1.4170835e-01   5.4317497e-02   3.1778166e-01   6.9219816e-02   1.9939420e-01   5.9991119e-02   1.5203522e-01   1.8227431e-01   7.7936900e-02   1.3574721e-01   1.5523840e-01   3.7678295e-02   1.1622528e-01   2.3054278e-02  -1.3957007e-02   4.3557399e-01   1.8046710e-01   4.9752649e-02   1.2597732e-01   5.8117350e-02   2.8472325e-02   4.7742099e-02  -2.4438382e-02   1.4315037e-01   2.0894194e-02   1.5657322e-01  -9.2218197e-02   1.9491429e-01   1.8112486e-01   2.3759360e-01   1.2641447e-01   1.9620157e-01   9.5610023e-02   1.3986002e-01   2.0243260e-01   1.8718812e-01   1.4761393e-01   3.1138445e-01   0.0000000e+00   9.7860932e-03  -8.2893624e-02  -1.5643490e-01
   1.8373454e-01   0.0000000e+00   0.0000000e+00   3.5149982e-01   3.3025181e-01   2.3877992e-01   2.0494562e-01   1.0371472e-02   9.8159216e-02   2.0838088e-01   4.4188782e-01   1.0589322e-01   4.2438492e-01  -5.5917570e-03   3.8003976e-01   4.2537924e-01   3.8290713e-01   2.6311887e-01   0.0000000e+00   1.5539119e-01   4.3268478e-01   2.0335199e-02   7.6251603e-02   5.4366425e-02   2.1663468e-01   6.1382291e-03   2.5630126e-01  -5.2127826e-02   7.4689863e-02   6.0658714e-03   3.6992638e-03   5.5433170e-02   2.8927002e-01   3.7775813e-01   3.2465202e-01   4.0044620e-01   3.9487837e-01   1.3872861e-01   2.1034704e-01   3.8891096e-01   2.4727435e-01   2.7114403e-01   1.5764072e-01   2.8437687e-01  -4.1126497e-02   2.3136772e-01   5.0658716e-01   2.7138102e-01   2.3466404e-01   2.7380461e-01   0.0000000e+00   1.1527571e-01   1.6784211e-01   4.7402199e-01   3.8465164e-01   2.3045600e-01   4.0714192e-01   1.7402996e-01   7.4038724e-01  -2.9197475e-03  -1.9947253e-01  -1.4740344e-01   5.3760228e-02   4.3387213e-01   3.8947893e-02   2.6146859e-01  -1.1793130e-01   1.2923422e-01  -2.7960496e-02   2.1517428e-02  -2.3000618e-01  -4.2090630e-02  -3.9780644e-02  -1.0697173e-01   6.3755283e-03   1.5524768e-01  -3.9663148e-02   4.8164670e-02  -5.0393804e-02  -1.2738890e-01  -1.0053826e-01  -7.6247178e-02  -2.4276247e-01  -1.8790953e-01   2.8109938e-02   1.5889018e-02   4.9717919e-03  -2.0394708e-01   5.3225951e-02  -2.0120182e-02  -1.4618374e-01   2.1680514e-01   1.3589012e-01   7.2223206e-02   3.1574427e-01   2.2043775e-01  -1.4189532e-01   1.9936848e-01   7.1294722e-03   2.8323407e-01   1.1052420e-01   1.4181681e-01  -1.1698535e-01   1.7522640e-01   4.4006020e-01   1.7377874e-01   3.5217517e-01   1.7675715e-01   1.6557692e-01   2.4925301e-01   1.4142978e-01   2.1375453e-01   1.0739824e-01   3.4062285e-01   0.0000000e+00  -1.3211714e-01  -2.2804283e-01  -2.4235361e-01
  -7.4568374e-02   0.0000000e+00   0.0000000e+00   4.3340044e-02   1.7529126e-01   1.1457948e-01  -1.0382677e-02   2.4945785e-02  -6.7553427e-02   7.4307924e-02   2.0867004e-01   7.4380970e-02   5.1249634e-01   3.2938867e-01   7.4382148e-02   7.2979952e-02   3.1393107e-01   5.2444919e-01   1.5539119e-01   0.0000000e+00   3.8149698e-01   5.6083074e-01   3.0650615e-02  -8.4334005e-03   2.1682606e-01   4.5749764e-01   6.8525361e-01   2.2187977e-01   4.3322190e-01   3.3893464e-01   4.3224328e-01   3.3956198e-01   3.7103883e-01   4.6971932e-01   4.2330252e-01   2.9541445e-01   1.7938821e-01   4.0859898e-01   3.6367063e-01   4.6181902e-01   4.2806304e-01   2.7889240e-01   2.6505980e-01   2.1015306e-01   1.1911713e-02   2.7116548e-01   1.3619292e-01   3.1797395e-01   3.2470813e-01   5.4247696e-01   0.0000000e+00   3.0571109e-01   1.2123105e-01  -4.7184737e-02   8.5789704e-02   1.2446276e-01   4.4117564e-01   4.3246946e-01   2.9229727e-01   3.3861634e-02   2.4448383e-01   1.9272881e-01   3.8147715e-01   4.0158706e-01  -8.2022997e-02   4.6657850e-01  -1.4406436e-01  -1.8127009e-01  -3.8973916e-01   6.8322853e-01  -1.3367606e-01  -3.1487013e-02   1.0969023e-01   1.1530188e-01   2.6828454e-02  -3.3733500e-01  -1.6026622e-01   5.2717635e-03   5.9165796e-01   8.7932294e-02   3.4944510e-01   1.5409291e-01   4.4611612e-01   6.2341369e-01   1.4413927e-01   2.0913798e-01   2.0469606e-01   1.6581932e-01   3.7514929e-01  -2.9138009e-01  -6.0225959e-02   7.3415992e-01   2.0486742e-01   2.0261596e-02   3.1902272e-01  -3.9492980e-02  -4.1274913e-02   3.8186499e-02  -1.2446764e-01   4.8658861e-02   3.0285847e-02   2.0242997e-01  -1.5369739e-01   3.5253736e-01   1.8469979e-01   1.4855480e-01   3.7405098e-02   3.9357025e-01  -4.4003295e-02   1.3099081e-01   1.9912852e-01  -5.9022285e-02  -1.2217732e-01   1.9388693e-01   0.0000000e+00   2.4715793e-03   1.1412346e-02  -5.8921973e-02
   1.5051684e-01   0.0000000e+00   0.0000000e+00   2.7713322e-01   3.0084754e-01   1.6257674e-01  -7.1101348e-02  -6.0130978e-02  -2.3127504e-01   1.3784762e-01   2.5240655e-01   1.3863133e-01   6.8823347e-01   1.4105839e-01   3.1926149e-01   2.3420355e-01   2.8802045e-01   2.8168924e-01   4.3268478e-01   3.8149698e-01   0.0000000e+00   2.6551535e-01   1.7366092e-01   2.6789339e-01   3.9167755e-01   2.0332448e-02   4.8507389e-01  -9.2729811e-02   7.0866660e-02  -1.0727092e-01   5.8143677e-02   7.4716711e-02   1.7110224e-01   3.4856051e-01   3.0940803e-01   3.3279648e-01   3.6720327e-01   1.6724705e-01   3.1420194e-01   4.4275724e-01   3.2898561e-01   4.1700901e-01  -6.8469795e-02   1.6089243e-01  -5.6704223e-02   2.0757097e-01   4.1079365e-01   1.2115604e-01   2.8868742e-01   2.2768359e-01   0.0000000e+00   1.4352067e-01   1.0967115e-01   2.3394771e-01   1.9453142e-01   2.4275290e-01   5.8411874e-01   1.1991651e-01   3.5526013e-01   4.7217522e-02  -9.9666765e-02  -5.6971858e-02   2.4856537e-01   3.2645291e-01  -1.1360138e-02   8.0873612e-02  -2.2176264e-01  -2.7693453e-02  -1.3177881e-01   3.5900127e-03  -8.9577530e-02  -1.5272678e-01  -1.8447468e-01  -2.1930572e-01  -3.2567803e-02  -5.2518699e-02  -2.0872384e-01  -1.6441070e-01   1.2666590e-02  -1.0050391e-01  -8.8369020e-02   7.3944783e-02  -1.5837074e-02  -2.7818563e-02  -6.3550111e-02   4.8218148e-02  -1.4609536e-01  -2.7209326e-01   8.0538326e-03  -9.0399842e-02  -3.1816506e-01   2.5949138e-01   5.8261723e-02  -2.6954853e-02  -1.0633976e-02   1.3778831e-01  -1.9157740e-01   9.5055005e-02  -2.2047465e-01   1.1629462e-01  -9.4190425e-03   2.1973349e-02  -2.5742905e-01   3.4161537e-01   4.5184828e-01   1.2855453e-01   2.7590107e-01   1.6647142e-01   5.6281086e-02   4.1762450e-02   4.2098528e-02   5.2584817e-02   1.2673068e-01   2.0373488e-01   0.0000000e+00  -2.2445874e-01  -1.8353951e-01  -2.6184987e-01
