   0.0000000e+00   0.0000000e+00   0.0000000e+00   1.7720396e-02   3.0934532e-04   2.5308817e-02   2.9663761e-01  -1.2571026e-02  -7.6682047e-02  -5.6263880e-02  -1.4335660e-01   2.9633744e-01  -1.8217796e-01  -7.1325913e-02   7.2987090e-02   5.3228828e-02   1.6113849e-01   1.1692975e-01   1.3259803e-01  -7.4006628e-02  -6.7817676e-02  -9.9576108e-02   8.6627790e-03  -7.1765265e-02  -1.5774075e-02  -1.8167383e-02   5.6832285e-02   3.2190883e-02  -1.5004452e-01  -5.4205444e-02  -4.3301750e-02  -9.3781388e-02   6.3509664e-02   9.2768530e-02   8.6705174e-02   1.6010182e-01   8.4187834e-02   5.9656441e-02   6.3375955e-02   3.0957366e-02   1.6277378e-01   1.0855820e-01  -1.1470831e-02   1.2870018e-01  -1.3904368e-01  -8.8029846e-02   8.1555538e-02   1.9203543e-01   3.7327712e-03  -8.3572484e-02   5.0197476e-02  -8.3704982e-02   1.5567847e-02   1.7740284e-01  -1.3194454e-03   3.6639044e-02  -2.8032881e-02  -4.9711647e-02   5.9943335e-02  -3.3762576e-02   7.1419614e-03  -1.0642405e-02   5.5705623e-02   4.9269362e-01   3.1339735e-02   1.6945306e-01   7.6115930e-02   7.1539400e-02   1.2796218e-01   2.0437360e-02  -8.6345227e-02   0.0000000e+00   4.7136379e-01  -2.0194239e-01   3.9791908e-01   1.5414892e-01   1.3632195e-01   2.6292901e-01   5.9382598e-02   1.7487219e-01   1.4608190e-01  -6.7534967e-02   7.8362927e-03   4.5165870e-02   3.9835544e-03  -1.7782509e-01  -6.5465514e-02   8.2722240e-02   1.2727240e-01  -2.0370124e-02   4.4952968e-02   6.0659080e-02  -2.9142497e-02   4.6539344e-02   1.8889751e-01   2.6063508e-01  -9.1321028e-02   1.4860124e-01   1.5562758e-01   1.0261863e-01   4.6642230e-02   1.5040748e-01  -1.6418593e-02   1.0472225e-01   4.4120870e-02   8.1838136e-02   1.0062437e-01  -5.3250692e-02   3.0784605e-02  -4.0339402e-02  -3.6131182e-02   0.0000000e+00   0.0000000e+00   0.0000000e+00   0.0000000e+00   3.7937218e-03   4.6870487e-02   9.8819703e-02
   0.0000000e+00   0.0000000e+00   0.0000000e+00   0.0000000e+00   0.0000000e+00   0.0000000e+00   0.0000000e+00   0.0000000e+00   0.0000000e+00   0.0000000e+00   0.0000000e+00   0.0000000e+00   0.0000000e+00   0.0000000e+00   0.0000000e+00   0.0000000e+00   0.0000000e+00   0.0000000e+00   0.0000000e+00   0.0000000e+00   0.0000000e+00   0.0000000e+00   0.0000000e+00   0.0000000e+00   0.0000000e+00   0.0000000e+00   0.0000000e+00   0.0000000e+00   0.0000000e+00   0.0000000e+00   0.0000000e+00   0.0000000e+00   0.0000000e+00   0.0000000e+00   0.0000000e+00   0.0000000e+00   0.0000000e+00   0.0000000e+00   0.0000000e+00   0.0000000e+00   0.0000000e+00   0.0000000e+00   0.0000000e+00   0.0000000e+00   0.0000000e+00   0.0000000e+00   0.0000000e+00   0.0000000e+00   0.0000000e+00   0.0000000e+00   0.0000000e+00   0.0000000e+00   0.0000000e+00   0.0000000e+00   0.0000000e+00   0.0000000e+00   0.0000000e+00   0.0000000e+00   0.0000000e+00   0.0000000e+00   0.0000000e+00   0.0000000e+00   0.0000000e+00   0.0000000e+00   0.0000000e+00   0.0000000e+00   0.0000000e+00   0.0000000e+00   0.0000000e+00   0.0000000e+00   0.0000000e+00   0.0000000e+00   0.0000000e+00   0.0000000e+00   0.0000000e+00   0.0000000e+00   0.0000000e+00   0.0000000e+00   0.0000000e+00   0.0000000e+00   0.0000000e+00   0.0000000e+00   0.0000000e+00   0.0000000e+00   0.0000000e+00   0.0000000e+00   0.0000000e+00   0.0000000e+00   0.0000000e+00   0.0000000e+00   0.0000000e+00   0.0000000e+00   0.0000000e+00   0.0000000e+00   0.0000000e+00   0.0000000e+00   0.0000000e+00   0.0000000e+00   0.0000000e+00   0.0000000e+00   0.0000000e+00   0.0000000e+00   0.0000000e+00   0.0000000e+00   0.0000000e+00   0.0000000e+00   0.0000000e+00   0.0000000e+00   0.0000000e+00   0.0000000e+00   0.0000000e+00   0.0000000e+00   0.0000000e+00   0.0000000e+00   0.0000000e+00   0.0000000e+00   0.0000000e+00   0.0000000e+00
   0.0000000e+00   0.0000000e+00   0.0000000e+00   0.0000000e+00   0.0000000e+00   0.0000000e+00   0.0000000e+00   0.0000000e+00   0.0000000e+00   0.0000000e+00   0.0000000e+00   0.0000000e+00   0.0000000e+00   0.0000000e+00   0.0000000e+00   0.0000000e+00   0.0000000e+00   0.0000000e+00   0.0000000e+00   0.0000000e+00   0.0000000e+00   0.0000000e+00   0.0000000e+00   0.0000000e+00   0.0000000e+00   0.0000000e+00   0.0000000e+00   0.0000000e+00   0.0000000e+00   0.0000000e+00   0.0000000e+00   0.0000000e+00   0.0000000e+00   0.0000000e+00   0.0000000e+00   0.0000000e+00   0.0000000e+00   0.0000000e+00   0.0000000e+00   0.0000000e+00   0.0000000e+00   0.0000000e+00   0.0000000e+00   0.0000000e+00   0.0000000e+00   0.0000000e+00   0.0000000e+00   0.0000000e+00   0.0000000e+00   0.0000000e+00   0.0000000e+00   0.0000000e+00   0.0000000e+00   0.0000000e+00   0.0000000e+00   0.0000000e+00   0.0000000e+00   0.0000000e+00   0.0000000e+00   0.0000000e+00   0.0000000e+00   0.0000000e+00   0.0000000e+00   0.0000000e+00   0.0000000e+00   0.0000000e+00   0.0000000e+00   0.0000000e+00   0.0000000e+00   0.0000000e+00   0.0000000e+00   0.0000000e+00   0.0000000e+00   0.0000000e+00   0.0000000e+00   0.0000000e+00   0.0000000e+00   0.0000000e+00   0.0000000e+00   0.0000000e+00   0.0000000e+00   0.0000000e+00   0.0000000e+00   0.0000000e+00   0.0000000e+00   0.0000000e+00   0.0000000e+00   0.0000000e+00   0.0000000e+00   0.0000000e+00   0.0000000e+00   0.0000000e+00   0.0000000e+00   0.0000000e+00   0.0000000e+00   0.0000000e+00   0.0000000e+00   0.0000000e+00   0.0000000e+00   0.0000000e+00   0.0000000e+00   0.0000000e+00   0.0000000e+00   0.0000000e+00   0.0000000e+00   0.0000000e+00   0.0000000e+00   0.0000000e+00   0.0000000e+00   0.0000000e+00   0.0000000e+00   0.0000000e+00   0.0000000e+00   0.0000000e+00   0.0000000e+00   0.0000000e+00   0.0000000e+00   0.0000000e+00
   1.7720396e-02   0.0000000e+00   0.0000000e+00   0.0000000e+00   7.9183436e-02   4.4674604e-03   1.7465737e-01   5.1942314e-02  -5.6610374e-02   1.2380830e-01   2.7774638e-02  -4.2731011e-02   1.9203273e-01   1.9572576e-02   3.2233305e-01   1.5554960e-01   2.7553367e-02   3.9172569e-02   1.0457046e-01   1.9807915e-01   1.0340042e-01   1.4584939e-01   2.4412226e-01   1.5718932e-01   9.4832515e-02   1.1464105e-02  -2.8664683e-02   8.2713463e-02   2.3446593e-01   1.2251645e-01  -9.0722965e-03   9.1820702e-02   1.2084348e-01   1.4364128e-01  -2.4651233e-02  -7.5348201e-02   4.6646189e-02   1.1999606e-01   1.2554176e-01   2.5933031e-01   1.3732888e-01   1.5553439e-01   6.8701167e-02   1.4786084e-01   2.1628004e-01   2.1683327e-01   3.8819959e-03   8.6496057e-02  -3.0247346e-02  -2.6186273e-02   1.1768849e-03   8.9001854e-02   2.0718869e-01   1.8299575e-01   1.5004228e-01   1.0765471e-01  -1.6024029e-02  -1.1842505e-01   2.1071915e-01   8.9644533e-02  -7.2587939e-03  -5.0087743e-02  -1.2857980e-02   1.4240834e-01  -2.8457382e-03   3.9288086e-02  -1.1290164e-01  -4.0105886e-03   1.4546251e-02  -3.6528866e-02   1.4990701e-01   0.0000000e+00   3.0310283e-02  -3.1151901e-02  -4.2211871e-02   2.0143608e-02  -5.6003560e-02  -3.5720371e-02  -8.8300556e-02  -6.4702978e-02  -1.2282820e-01  -5.9750745e-02  -1.7909776e-01  -3.5626658e-02  -7.5716888e-02  -3.5375747e-02   5.5853383e-02  -9.6718007e-02   2.7433914e-02   2.3510525e-02  -9.8884764e-02  -8.5722158e-02   1.2087553e-01  -7.6825477e-02   9.3388268e-02   5.8577076e-02  -4.8828190e-02   7.4388160e-02  -2.1194303e-02   1.7322165e-02   2.0115725e-02  -8.3932350e-02  -1.2723677e-01  -3.9129905e-02   4.4710208e-02   1.2384150e-02   7.1446781e-02   2.4820233e-02   5.2419972e-02  -3.5762240e-02   4.8407195e-02   0.0000000e+00   0.0000000e+00   0.0000000e+00   0.0000000e+00   2.9389355e-02  -6.3068426e-02  -7.5096116e-02
   3.0934532e-04   0.0000000e+00   0.0000000e+00   7.9183436e-02   0.0000000e+00   3.9914390e-01   8.8561515e-02   9.4805957e-02   6.3708339e-02   2.2056398e-01   8.5879128e-02  -6.4145643e-02   5.7042547e-02   2.0838152e-01   7.0682701e-02   2.9793946e-01   4.9982748e-02   8.1801998e-02   2.6090457e-01   4.3259599e-02   1.0975634e-01   2.0265229e-01  -6.7458653e-02  -7.6862093e-02   1.6688382e-01   2.7388872e-01   4.3082327e-01   1.6393582e-01  -8.7368041e-03  -1.2575097e-01   1.5279392e-02   1.2979276e-01   3.6937241e-02  -3.1925926e-02   1.9080240e-01   1.7687778e-01   1.3960606e-01   8.2285308e-02   1.1808720e-01  -1.0774659e-02  -1.0264671e-01   5.8887841e-02   2.9440860e-01   1.4001701e-01  -5.4152267e-02   1.4565217e-01   3.8990225e-01   6.9275729e-02  -4.7246542e-02   2.8282164e-01  -3.3510046e-01   1.7238962e-01   1.6543747e-01   1.5133329e-01   3.6159682e-01   2.1021866e-02   3.6206440e-01   1.4925670e-01   2.1205034e-01   1.8742673e-01   1.7694195e-01   3.1576387e-01   1.2368642e-01  -1.7032807e-01   1.6321231e-01   2.2063073e-01   1.7411834e-01   1.4730806e-01  -2.3928932e-02   2.6293711e-01   1.1039113e-01   0.0000000e+00  -8.5154323e-04   2.4208252e-01  -3.5326448e-02   3.8302719e-02   9.7376241e-02   2.1435869e-01   3.0962174e-01   1.2026318e-01   4.2332004e-01   1.6405749e-01   2.6797758e-01   3.1386390e-01   2.3964779e-01   1.2160194e-01   1.2544843e-02   2.3551157e-01   1.4690963e-01  -1.1006585e-02   5.7319791e-02   3.2423858e-01  -9.6978469e-02   1.8719359e-01   2.1095502e-01   3.3102749e-02   1.9279550e-01   1.3859996e-01   2.6837901e-01   3.6828661e-02   2.2637780e-01   2.5737531e-01   3.2527081e-01   2.4229608e-01   2.9451606e-01   8.5244327e-02  -3.1048085e-02  -9.1692603e-04   1.2961744e-01   3.5304755e-02   9.2126312e-02   0.0000000e+00   0.0000000e+00   0.0000000e+00   0.0000000e+00   2.1340101e-01   1.7283877e-01  -4.9226201e-02
   2.5308817e-02   0.0000000e+00   0.0000000e+00   4.4674604e-03   3.9914390e-01   0.0000000e+00   7.9685160e-02  -8.3593262e-03   5.5864265e-02   2.0489987e-01   7.4651096e-02   1.0374896e-01   1.1481266e-01   6.9969652e-02  -3.5079729e-02   1.2871113e-01  -2.6744549e-02   2.1157588e-01   3.1790546e-01   1.9078766e-01  -3.0872110e-03   4.7515215e-02   1.8114956e-02   3.4718928e-02  -1.6653317e-02   1.5459390e-01   1.8394935e-01  -5.0232462e-02  -7.9686370e-02  -8.7505769e-02   2.1007084e-01  -4.7050606e-02  -3.0668576e-02  -1.2384193e-01  -3.6489848e-02  -2.0834169e-02  -2.8398387e-02  -6.1996044e-02   1.3456406e-02   8.5209522e-02  -6.3285929e-02   6.4540366e-03   1.5035109e-01  -4.1436510e-02  -1.1349293e-01   2.5887970e-02   1.9201713e-01   1.1071026e-01   8.8519299e-02   3.1214985e-01   7.3155633e-02   1.6695450e-01   1.2420235e-02   1.4291243e-01   1.6173226e-01   1.0696580e-02   1.7694702e-01   2.1926531e-01   1.4390458e-01   6.7839837e-02   9.3904509e-02   1.4277148e-01   5.0744783e-02   1.7480916e-02  -4.0531990e-03   2.3969839e-01   1.1959747e-01   4.7950156e-02   1.2674144e-01   1.9498969e-01   9.4737612e-02   0.0000000e+00  -7.6460597e-02   3.0481311e-01   3.2067451e-02  -1.0403416e-02   1.3779150e-01   2.4887410e-02   1.7115807e-01   6.6406217e-02   2.1980871e-01   2.5974894e-01   2.5606554e-01   2.3160292e-01   9.7635029e-02   1.5802588e-01   2.1241666e-01   2.5253814e-01   1.6377872e-01   9.1038922e-02   1.1455036e-01   1.1525942e-01  -4.1800540e-02   1.2011699e-01   1.7672308e-01  -7.8414617e-02   8.3092808e-02  -8.3690633e-02   6.5424900e-02  -2.4678524e-02   5.6948594e-02   4.2035109e-02   2.2078542e-01   7.9169303e-02   2.5674982e-02   7.3160777e-02  -2.8843330e-02   9.4346234e-02   2.8050921e-03   4.3805974e-02   1.5696864e-01   0.0000000e+00   0.0000000e+00   0.0000000e+00   0.0000000e+00   1.2672297e-01   2.1464422e-01   3.5589137e-02
   2.9663761e-01   0.0000000e+00   0.0000000e+00   1.7465737e-01   8.8561515e-02   7.9685160e-02   0.0000000e+00   6.3702931e-02   5.9930327e-03   1.2826607e-01   6.4465130e-02   1.9344742e-01   1.6408855e-01  -1.9204576e-01   2.8316451e-01   3.0120582e-01  -3.2391572e-02  -3.1946598e-03   1.7455802e-01   1.2842865e-01   9.2753130e-02  -8.8126919e-02   1.0529762e-01   2.0967475e-01   3.7949595e-02  -1.2548167e-02   4.7789490e-02   2.1096827e-02   2.7450394e-01   1.8189795e-01   8.1562897e-02   1.8142653e-01   2.7012575e-01   2.7298682e-01   4.2254507e-02   7.4148415e-02   8.6905001e-02   1.6966240e-01   3.3536901e-01   3.7169775e-01   2.0559435e-01   1.3058583e-01   1.6243418e-01   2.3840946e-01   3.1979904e-01   1.8992704e-01   2.1035353e-02   8.0341023e-02   8.6515363e-02   4.3571929e-02   6.8762228e-02   1.0888578e-01   9.5185498e-02   2.1598678e-01   2.4851076e-01   1.4492254e-01  -1.0152956e-01   6.2959463e-02   9.6622992e-02   1.8384250e-02  -2.2543901e-01  -3.1219047e-01  -1.3008470e-01   2.8928725e-01  -8.6186476e-02   3.6209272e-01  -1.3909684e-02   2.7720605e-02   6.3319191e-02  -1.4232208e-01  -1.2657701e-01   0.0000000e+00   3.2478607e-01  -5.0532289e-02   1.4940469e-01  -3.2566591e-02  -2.9637357e-02   2.5744457e-02  -2.2158430e-01  -4.5667651e-02  -8.8451160e-02  -1.9109469e-01  -2.7135680e-01  -6.3779838e-02  -6.3645366e-02   5.4860775e-02   1.8621972e-01  -1.0845662e-01   1.1109368e-01   7.4725980e-02  -9.2588543e-04  -1.5478070e-01  -6.3999669e-02   2.6973030e-02   3.7107550e-01   8.1039304e-02  -3.9852660e-02   1.3540375e-01   4.8764197e-02   5.5263450e-02   1.9960715e-02  -7.9196663e-02  -7.5804067e-02  -4.1243905e-02  -1.3705685e-01   1.1932867e-02   2.5830927e-02   1.1567059e-01   2.1263807e-02   7.8232368e-02   2.1011352e-01   0.0000000e+00   0.0000000e+00   0.0000000e+00   0.0000000e+00   2.4361200e-02  -2.0891809e-01  -1.7019396e-01
  -1.2571026e-02   0.0000000e+00   0.0000000e+00   5.1942314e-02   9.4805957e-02  -8.3593262e-03   6.3702931e-02   0.0000000e+00   8.0079361e-02  -7.0784366e-04  -1.0942784e-01   2.1056611e-02  -6.4881766e-02  -8.1184140e-02   1.0959551e-01   2.9927831e-02   1.7665805e-01  -2.1253523e-02   3.5148648e-02  -6.4622066e-02  -2.0599959e-03  -1.2156136e-01  -4.3399782e-02  -3.5779153e-02  -1.2092690e-01  -3.8799512e-02  -6.3667173e-02  -7.2597074e-03   7.6372784e-03   4.9441719e-02   3.4817923e-02   6.4448602e-02   2.7308836e-03   2.8606102e-03  -5.2768961e-02   4.5969998e-02   5.5240333e-03  -7.8655808e-02  -4.3541532e-02   2.5820078e-02  -3.8324858e-02  -3.2456536e-02   5.4812117e-02  -2.5924383e-02  -6.4929820e-02  -5.5384068e-02   3.5120311e-02   1.2604666e-01   6.8349770e-03  -3.3425123e-02  -8.3480395e-02  -6.2024446e-02  -5.4401172e-02   9.7549394e-02   4.2079908e-02   8.9032413e-02  -7.9662034e-02   2.7245766e-02   6.2123180e-02  -5.4733187e-02  -6.7278014e-02  -6.7415041e-02  -3.5878818e-03   8.6915515e-02   3.8661117e-02   3.9428622e-02   9.0620918e-02  -7.6507215e-02   5.4469914e-02  -4.8105505e-02   4.4589880e-02   0.0000000e+00   2.1990076e-02  -3.0491788e-02  -1.5715827e-02   5.2263371e-02  -6.2261149e-03  -3.2987172e-02  -8.2110303e-02   7.5246555e-02  -3.2829176e-02  -1.0429085e-01  -1.1999782e-01  -2.0771974e-02  -5.1893230e-02  -6.2415416e-02   4.8265372e-02  -3.3826246e-02   5.8031733e-02   3.3859467e-02   8.6061099e-02  -6.8256622e-02   1.3119158e-01   6.5023041e-02   1.4804841e-01   7.8991478e-02  -5.8272770e-02  -2.8625437e-02   9.3733390e-02   8.4106921e-02   1.4151267e-02   2.7652236e-02  -7.7312403e-02  -1.4624174e-02  -8.6595009e-02   3.5520624e-02  -1.4757884e-02   5.9622495e-02  -6.3941610e-02  -7.4754714e-02   6.4783153e-02   0.0000000e+00   0.0000000e+00   0.0000000e+00   0.0000000e+00   4.8912518e-01   4.5973898e-02  -2.7875657e-02
  -7.6682047e-02   0.0000000e+00   0.0000000e+00  -5.6610374e-02   6.3708339e-02   5.5864265e-02   5.9930327e-03   8.0079361e-02   0.0000000e+00  -3.4605804e-03  -4.4459700e-02   2.4511443e-01  -1.9029063e-01  -1.6446472e-01  -5.3400158e-03   3.2144623e-02  -2.6274673e-01  -8.9566307e-02   1.0558632e-01  -2.3335112e-01  -1.6939241e-01  -2.6391236e-01  -1.2693255e-01  -1.6247469e-01  -2.5227937e-01   3.1404447e-02  -1.5952087e-01   7.0268829e-02  -1.2513666e-01  -9.4461484e-02  -1.4532464e-02   1.0869558e-01  -3.3568695e-02   8.4001888e-02   1.1468931e-01   8.9498993e-02  -4.9845058e-02   5.9252313e-02   5.3153161e-03   1.6166759e-01   4.3994730e-02   4.2460009e-02   9.7316372e-02   6.7279859e-02  -1.9482302e-01  -1.0903519e-01  -2.2344511e-02   5.9434881e-02   1.2310934e-01   2.1618751e-01   1.3070775e-03   3.8003272e-02  -7.5472157e-02   2.7139766e-02  -1.1076220e-02  -2.6257527e-04  -9.5725755e-02   4.5820998e-01   1.3073846e-01  -7.1811585e-02  -1.6114504e-01  -2.9816987e-02  -1.6113064e-03  -9.4291799e-02   1.4304657e-01   1.3126353e-01   2.9851836e-01  -6.4839183e-02   5.9154933e-02   6.9329173e-02   5.8002610e-02   0.0000000e+00  -2.4742933e-01   2.4107269e-01  -5.1921174e-02  -7.5344397e-02   1.9591243e-01   4.4026566e-02   7.0344715e-02   3.5268590e-02  -3.7135798e-02   1.6784442e-01  -2.2716098e-02   2.4190468e-03  -2.2645126e-02  -2.3873657e-03   9.8168916e-02   2.6292439e-02   3.3912576e-02  -1.3367649e-01   1.7476724e-01  -1.5701491e-02   6.0726562e-02   8.9507300e-02   1.1526014e-01  -3.8958802e-02   1.5231925e-01   1.5516373e-01   1.1880801e-01   1.1270985e-01  -6.2159218e-02   1.3721819e-01   1.1279687e-01   3.7316392e-02  -2.9970204e-02   1.6979093e-01   3.4401995e-02   3.5603716e-01  -8.0261335e-02   2.4027740e-01   2.8564590e-01   0.0000000e+00   0.0000000e+00   0.0000000e+00   0.0000000e+00   1.3827660e-01   1.3799613e-01   4.2262104e-02
  -5.6263880e-02   0.0000000e+00   0.0000000e+00   1.2380830e-01   2.2056398e-01   2.0489987e-01   1.2826607e-01  -7.0784366e-04  -3.4605804e-03   0.0000000e+00   2.2057374e-01  -1.5462959e-01   2.2182140e-01   1.0208754e-01   1.1378884e-01   2.6421249e-01  -3.1326455e-02  -4.3281868e-03   2.9269782e-01   3.1114343e-01   1.4435166e-01   1.6626119e-01   1.4434221e-01   1.4538506e-01   1.8187741e-01   2.1711596e-01   1.5010095e-01  -6.1901297e-02   1.9742380e-01   1.5975957e-03   1.7481334e-01   4.1419088e-03  -5.8681854e-02  -2.2391327e-01  -1.6147486e-01  -7.3616509e-02  -1.9337614e-02  -1.3704419e-02   9.1052618e-03   5.6344532e-02   3.2511345e-02  -1.0742771e-01   5.6225438e-02   1.1669936e-02   2.1771847e-01   1.2152888e-01   3.8752375e-02  -1.0346063e-01  -8.0634972e-02   1.1253029e-01  -7.6557930e-02   8.2861753e-02   1.0504862e-01   1.5274387e-01   2.3198148e-01  -2.0610918e-02   5.4350773e-02   6.4095906e-02   1.6503873e-01   2.8520569e-01   1.5525265e-01   4.8818098e-03   8.5699278e-02  -1.0467688e-01  -1.1047990e-01   2.0698737e-01  -4.4057694e-02   1.5642724e-01   1.0014914e-01  -8.6422389e-02   1.6757777e-02   0.0000000e+00  -1.1811134e-01   2.4676967e-01  -1.5613892e-01   7.3112679e-02  -9.8758698e-02   8.5629688e-03  -6.7962685e-02   1.8995111e-01   1.2347923e-01   1.2531172e-02   1.6382100e-01  -1.3377424e-02   1.5671998e-01   1.7137129e-01   2.3471704e-01   2.4316497e-01   1.4479417e-01   1.5913121e-01   1.0784213e-03  -3.9034519e-02  -1.0637834e-01  -7.7074006e-02   4.6554297e-02  -1.9445532e-01  -1.4972775e-01  -1.5489989e-01  -1.1321121e-01  -1.7770830e-01  -8.1844695e-02  -9.3909654e-02   1.2071258e-01   1.7239817e-01  -4.5179234e-03   3.7145290e-02  -1.5069447e-02  -5.0639782e-02   3.2887324e-02   4.2586290e-02   2.5763922e-02   0.0000000e+00   0.0000000e+00   0.0000000e+00   0.0000000e+00  -3.9211214e-02  -1.3791293e-02   2.9577794e-02
  -1.4335660e-01   0.0000000e+00   0.0000000e+00   2.7774638e-02   8.5879128e-02   7.4651096e-02   6.4465130e-02  -1.0942784e-01  -4.4459700e-02   2.2057374e-01   0.0000000e+00  -1.9234842e-01   2.4814549e-01  -2.5467595e-02   4.7375577e-02   7.4893126e-02   3.8586440e-02   1.0339464e-01   1.4033846e-01   1.1577405e-01   2.0805210e-01   1.0161200e-01   1.3209228e-02   9.2791609e-02   1.4915692e-01   2.1987121e-02   1.8408688e-01   5.2085353e-02   1.9011064e-01   1.7439792e-01   7.3244412e-02   1.4404438e-01   1.9122598e-01   8.1413890e-02   9.0731824e-02   3.9669963e-02   5.0019353e-02   1.8710127e-01   1.5993513e-01   1.6606092e-01   1.2809289e-01  -2.3546499e-03   7.6966736e-02   9.7741227e-02   2.7947939e-01   2.6581758e-01   1.4815837e-01   1.7145920e-02  -5.8620691e-02   8.6569040e-02   2.0524502e-02   3.2299153e-01   1.7110939e-01  -6.9512632e-02   9.0726343e-02   8.6718075e-02   1.2011132e-01  -5.4576555e-02   1.6608579e-01   6.3386928e-02  -1.3616304e-01  -4.0852980e-02  -6.4149390e-02  -1.5464094e-01  -1.3374337e-02   8.3059878e-05  -1.2395668e-01   2.1392246e-02  -3.0122736e-02   5.6826695e-03  -9.4287772e-02   0.0000000e+00  -1.0173976e-01   1.4516316e-01   4.9832127e-02  -1.8889139e-01  -6.8289616e-02  -6.8097744e-02  -8.1264649e-02  -1.4928480e-01  -1.7875358e-02   5.3327034e-02  -1.0135992e-02   1.2520961e-01   1.3625216e-01   2.9962420e-01   1.6688588e-01  -1.2106139e-01   8.9422096e-02   3.6346077e-02   5.5279179e-02  -1.3288292e-03  -1.0200744e-01   8.5705216e-03  -1.1163238e-01  -8.6994608e-02   7.7484881e-02   2.0030922e-03   1.3549441e-02  -1.2352961e-01   1.0453798e-01  -7.6586335e-02   1.2550296e-01  -2.8637420e-02  -6.3973535e-02  -5.4311766e-02   4.5182872e-02  -1.4283107e-01  -1.6083854e-02   6.4590170e-02  -2.9154570e-02   0.0000000e+00   0.0000000e+00   0.0000000e+00   0.0000000e+00  -1.2450121e-01  -1.1394691e-01  -1.9616739e-01
   2.9633744e-01   0.0000000e+00   0.0000000e+00  -4.2731011e-02  -6.4145643e-02   1.0374896e-01   1.9344742e-01   2.1056611e-02   2.4511443e-01  -1.5462959e-01  -1.9234842e-01   0.0000000e+00  -1.7827448e-01  -1.6456333e-01  -1.1142198e-01  -4.6445972e-02  -4.3168168e-02   6.9974319e-02   2.1280094e-02  -1.2788867e-02  -1.3047868e-01  -1.5467082e-01  -4.8459709e-02  -3.2080693e-02  -1.8007824e-01   4.6494469e-02  -1.2941449e-01   2.9902832e-02  -2.2061246e-01   7.8531110e-02   8.4478963e-02  -4.3629213e-02  -1.0256135e-03   5.0294816e-02   1.0357175e-01   4.3517949e-03  -6.9142050e-02  -4.5911520e-02  -1.2840335e-02   1.8986994e-01   1.7305790e-01   2.2185653e-02   7.9039407e-02   4.7171132e-02  -1.6449085e-01  -2.0928166e-01  -7.5429967e-02   1.4103327e-01   1.6081318e-01   7.9245104e-02   2.6705905e-01  -1.0608921e-01  -5.6312525e-02   9.4581048e-02  -4.2237221e-02   8.0371765e-02  -1.1278437e-01   1.9136804e-01   3.7867506e-02   3.3542016e-02   2.8776131e-03   9.5418791e-03   3.4509817e-02   3.5152122e-01  -4.9656271e-02   2.3949759e-01   1.1113872e-01  -3.3053753e-02   2.0321778e-01   3.7888144e-02  -1.4452261e-02   0.0000000e+00   2.2515050e-01  -1.2142795e-02   3.3911262e-01   1.1152692e-01   2.7357705e-01   6.5089025e-02   2.5962425e-02   1.6334435e-01   3.9140306e-02   7.8246424e-02  -5.6864132e-02   3.9180692e-02  -8.9488382e-02  -1.0201749e-01   8.5591968e-02   8.8231895e-02   8.1445161e-02   3.1235476e-02   1.6401051e-01  -8.1062886e-02   1.3678206e-01   2.9349777e-02   1.5728339e-01   1.8908305e-01   2.2117099e-02   1.3538492e-01   8.0927404e-02   1.7404024e-01  -5.6274284e-02   4.6219172e-02  -2.0316667e-02   1.1390307e-01  -1.5310088e-01   4.0835937e-02  -1.8284549e-02   2.3978189e-01  -8.3271931e-02   7.6678470e-04   1.8969793e-01   0.0000000e+00   0.0000000e+00   0.0000000e+00   0.0000000e+00   6.3980333e-02   7.8430582e-02   4.2489242e-02
  -1.8217796e-01   0.0000000e+00   0.0000000e+00   1.9203273e-01   5.7042547e-02   1.1481266e-01   1.6408855e-01  -6.4881766e-02  -1.9029063e-01   2.2182140e-01   2.4814549e-01  -1.7827448e-01   0.0000000e+00   5.7968783e-02   3.0887154e-01   1.8709806e-01  -2.6082815e-02   9.8121100e-02   6.0537587e-02   6.5565085e-01   5.0671396e-01   3.1808092e-01   1.8156092e-01   4.1066770e-01   3.3029526e-01   1.1579612e-01   1.5524015e-01  -2.4849179e-01   4.9970597e-01   3.0299556e-01   5.2441949e-01   5.6765967e-02   1.9035194e-01   1.5833093e-01  -1.2008551e-01  -1.2393716e-01  -4.5305786e-02  -1.0627711e-02   1.3361854e-01   2.4006804e-01  -8.4052364e-03  -4.4534194e-03   1.3548044e-01   4.1607993e-02   5.7972398e-01   2.8651056e-01  -1.3627702e-02   7.3451335e-02   1.9022674e-01   2.1229664e-02   1.7899332e-01   2.5552633e-01   4.1617239e-02   8.6019272e-02   1.8981587e-01   3.5050219e-01   6.6570696e-02  -1.3402572e-02   4.5868824e-02   2.4810483e-01   3.4032402e-02  -1.0952016e-01  -1.0884512e-01   2.5409201e-02  -5.7464721e-02   6.3012995e-02  -1.2736920e-01  -4.7179137e-02   1.1064401e-01  -3.8572133e-02   3.4898383e-02   0.0000000e+00  -1.5942843e-01   4.3343936e-02  -9.6899376e-02  -7.5139429e-02  -1.6695400e-01  -2.0766957e-01  -2.6394378e-01  -6.4969498e-02  -1.8667248e-01  -7.5256642e-02  -5.6194686e-02   2.0474475e-01  -4.9190262e-02   2.0219312e-01   1.5532128e-01  -8.1355206e-02  -4.8228998e-02   3.4087861e-01  -6.0606151e-02  -1.7553873e-01  -8.7247673e-02  -4.6425694e-03  -8.2808203e-02  -6.8087021e-02  -2.7025021e-03  -1.8898562e-01  -2.4161873e-01  -7.1920933e-02   1.6587917e-03  -3.5399918e-01  -3.8415284e-02  -9.8189419e-02  -6.6484316e-02   8.9662109e-02  -1.5462365e-01   1.5199764e-02  -8.1935896e-02  -1.3557735e-01   1.9201624e-01   0.0000000e+00   0.0000000e+00   0.0000000e+00   0.0000000e+00  -1.4082615e-01  -1.3523101e-01  -1.9931171e-01
  -7.1325913e-02   0.0000000e+00   0.0000000e+00   1.9572576e-02   2.0838152e-01   6.9969652e-02  -1.9204576e-01  -8.1184140e-02  -1.6446472e-01   1.0208754e-01  -2.5467595e-02  -1.6456333e-01   5.7968783e-02   0.0000000e+00  -1.8710785e-01   8.1986209e-02   5.9217111e-02   8.4856781e-02  -5.4180520e-03   1.0772537e-01   1.0311798e-01   4.3133769e-01   3.1010686e-01   3.8493566e-02   3.4117714e-01   2.5598926e-01   2.7775801e-01   1.7403791e-01  -2.0990096e-01   1.6532935e-02  -1.2974105e-01   1.5469572e-01  -1.9390306e-02  -2.4054166e-01   1.7153826e-01   1.0959407e-01   4.7514993e-02   6.3562495e-02  -3.3112532e-02  -4.1586638e-02   3.9137911e-02   8.8050470e-02  -3.9639153e-02  -7.7728508e-02  -6.1411771e-02  -8.8766488e-02   2.5202223e-01  -4.0549990e-02  -1.1571359e-01   1.0137305e-01  -2.4232294e-01   3.3522854e-02   5.0616109e-02   1.3497304e-02   5.6906511e-02  -8.8750294e-02   2.9590581e-01  -1.2742678e-01  -1.7698639e-02   8.6172462e-02   3.9883432e-01   5.8827879e-01   4.2427633e-01  -2.4336688e-01  -2.1458750e-02  -2.4841177e-03  -4.7736251e-02   2.2384544e-01  -1.5350233e-01   3.6100438e-01   2.8314350e-01   0.0000000e+00  -2.5892425e-02  -1.1312418e-02  -1.3552401e-01   6.0706307e-02  -1.0205828e-01   6.4158479e-02   4.3558730e-01   2.7438415e-03   3.1037807e-01   2.5667072e-01   5.0900384e-01   1.4045031e-01   3.0825420e-01  -3.5307693e-02  -1.9182832e-01   1.9677674e-01  -7.2232293e-02  -8.4409346e-03  -1.0213424e-01   4.7442952e-01  -5.6087497e-02   2.1286569e-02  -2.5013385e-02  -2.5281933e-02  -2.3645723e-02  -1.3605491e-02   6.7391376e-02   1.7709543e-03   1.1169708e-01   1.3587682e-01   9.3513646e-02   2.7721259e-02   3.8412591e-01   7.0766068e-02  -7.7205944e-02  -1.4879763e-01   1.6613778e-01  -5.7813449e-02  -2.6489974e-01   0.0000000e+00   0.0000000e+00   0.0000000e+00   0.0000000e+00   9.9274105e-03   1.8293731e-01   4.2244948e-01
   7.2987090e-02   0.0000000e+00   0.0000000e+00   3.2233305e-01   7.0682701e-02  -3.5079729e-02   2.8316451e-01   1.0959551e-01  -5.3400158e-03   1.1378884e-01   4.7375577e-02  -1.1142198e-01   3.0887154e-01  -1.8710785e-01   0.0000000e+00   3.7517759e-01  -8.3783887e-02  -1.5383502e-04   6.5539640e-02   1.2418265e-01   1.0638325e-01  -3.3310194e-04   7.0269026e-02   1.0883828e-01   9.7929304e-02   8.7705687e-03  -7.9791593e-02   6.7776992e-03   3.9171068e-01   1.4377211e-01   1.6500108e-01   6.0717117e-02   1.3943469e-01   3.2731849e-01  -6.7852466e-03   7.9919144e-02   6.1175222e-02   8.8821259e-02   2.3071822e-01   2.0157683e-01   1.7021603e-01   1.4491076e-01   1.4724976e-01   2.6540627e-01   3.0179755e-01   3.3192631e-01  -3.7287472e-02   1.6303736e-01   1.7231200e-01   5.1772741e-03   1.1974280e-01   1.6767878e-01   1.9843548e-01   2.2446518e-01   3.1027793e-01   4.1563800e-01  -1.1627510e-01  -2.1753968e-02   8.3698525e-02   9.4888399e-02  -1.0591087e-01  -1.9930810e-01  -1.2502319e-01   2.3210239e-01   4.2801522e-02   1.8656378e-01   2.6606502e-03   1.4526268e-02   1.9399845e-02  -1.2186473e-01  -2.5051230e-02   0.0000000e+00   3.0036374e-04  -4.4031767e-02  -3.0443580e-02  -7.3335653e-02  -5.6921497e-02  -2.6902520e-04  -1.7522535e-01  -6.1002290e-02  -1.6474314e-01  -1.1825866e-01  -2.6837588e-01  -2.8159358e-02  -9.2768397e-02   5.7894254e-02   1.1051561e-01  -1.4368787e-01  -1.9635351e-02   1.4195479e-02  -1.1293951e-01  -2.1366650e-01   7.0636187e-02   7.1191822e-02   1.1546383e-01   3.9404941e-02   1.7210763e-02   4.4710116e-02  -3.8422863e-02   3.3802605e-02   4.9390915e-02  -1.2569880e-01  -1.9484655e-02  -2.5688378e-02  -1.0028510e-01   9.3573041e-02  -1.0007505e-02   8.3878112e-02   5.1299020e-02  -2.5116607e-02   2.0497959e-01   0.0000000e+00   0.0000000e+00   0.0000000e+00   0.0000000e+00  -2.8410098e-02  -1.9249896e-01  -2.5695306e-01
   5.3228828e-02   0.0000000e+00   0.0000000e+00   1.5554960e-01   2.9793946e-01   1.2871113e-01   3.0120582e-01   2.9927831e-02   3.2144623e-02   2.6421249e-01   7.4893126e-02  -4.6445972e-02   1.8709806e-01   8.1986209e-02   3.7517759e-01   0.0000000e+00  -2.1402913e-01  -3.0770821e-02   3.1880094e-01   7.8671356e-02   1.3053589e-01   1.2826418e-01   1.1440539e-01   1.7146302e-01   2.7858392e-01   1.4981031e-01   1.1072009e-01   8.2169638e-02   1.6989873e-01  -1.6435661e-02   7.1228828e-02   1.3509140e-01   2.4545220e-01   5.9501905e-02   8.7567646e-02   2.0987744e-01   2.3028683e-01   1.7259176e-01   3.2138105e-01   1.5002416e-01   1.5992176e-01   1.5459416e-01   1.5101975e-01   3.2315465e-01   1.9731372e-01   3.7520778e-01   2.1011113e-01   1.4475791e-01   6.4624639e-02   1.5584186e-01  -9.8812393e-02   1.9245724e-01   2.0015060e-01   3.5862158e-01   7.6325725e-01   2.5444689e-01   1.3972168e-01   8.0418861e-02   1.8235455e-01   2.1380431e-01   1.4646771e-02  -5.4065933e-02   5.7349528e-02   4.6214049e-02  -3.9728235e-02   2.0062255e-01  -2.2608709e-02   8.5642208e-02  -7.8974633e-02  -3.6207760e-02  -5.2924295e-02   0.0000000e+00   1.1112291e-03   1.3576627e-01  -7.3968595e-02  -5.1887533e-02   8.1906074e-03   2.6425490e-02  -6.1288317e-02   2.9366668e-02   5.9161190e-03  -1.0648572e-01  -5.9243723e-02   7.2019637e-03   1.3123957e-01  -3.0483340e-02  -6.5058952e-02   1.7016724e-04  -7.2114364e-02  -7.5247643e-02  -1.5853478e-01   5.1698427e-02  -1.5416762e-01   1.0998563e-01   2.2977293e-01   3.8744388e-02   1.3719021e-01   7.8181055e-02   1.0377948e-01   1.4571210e-02   2.1271436e-01   6.1629996e-02   1.7239365e-01   1.9444785e-01   1.7212558e-01   5.0072524e-02   4.5963376e-02   1.5056816e-01   1.7856597e-01   7.0950567e-03   1.0204812e-01   0.0000000e+00   0.0000000e+00   0.0000000e+00   0.0000000e+00  -4.9150215e-02  -1.9813382e-01  -8.5558821e-02
   1.6113849e-01   0.0000000e+00   0.0000000e+00   2.7553367e-02   4.9982748e-02  -2.6744549e-02  -3.2391572e-02   1.7665805e-01  -2.6274673e-01  -3.1326455e-02   3.8586440e-02  -4.3168168e-02  -2.6082815e-02   5.9217111e-02  -8.3783887e-02  -2.1402913e-01   0.0000000e+00   3.7073443e-01  -1.3874625e-01   8.1459678e-02   2.3672917e-02   5.8138002e-02  -8.0953173e-02  -6.4553918e-02  -1.6340224e-02  -1.6150827e-03   1.3866682e-01   8.3100854e-02  -1.5028004e-02   5.7191506e-02   5.5632680e-02  -1.8275384e-02  -1.6029807e-02   7.1265571e-02   7.9666144e-02  -3.9219100e-02  -1.9827797e-02  -3.1618254e-02  -8.5791551e-02  -7.9483034e-02  -5.2969298e-02  -1.3283640e-01   1.9741276e-02  -1.0607756e-01  -4.2043187e-02  -1.2826107e-01   1.0013318e-01   4.8500160e-02   5.7669829e-02  -3.7433822e-02   8.9576815e-02  -8.2231468e-02  -5.5613906e-02   8.6473499e-03  -1.2903828e-01   9.6007722e-02  -1.3970008e-02  -2.1992762e-01   9.5314699e-02  -4.9487378e-02   8.0485220e-02   8.8590542e-02   3.2497045e-02   1.0200547e-01   1.2360692e-01   1.2733211e-01   1.1208682e-01   2.5134706e-02   1.8712812e-01   7.9314900e-02   3.3949932e-02   0.0000000e+00   9.2454568e-02  -1.5316469e-01   1.8477796e-01   2.0690161e-01   6.4782629e-02   4.0967128e-02   8.5665371e-02   6.9082492e-02   1.5038233e-01   7.7026394e-02   1.2461248e-01   9.8172121e-02  -7.2946132e-03  -2.7381264e-02   1.8779873e-02   5.0242571e-02   1.7776725e-01   2.3352108e-01   1.1775149e-01   6.0847632e-02   9.5697499e-02  -6.2734207e-02   4.3200664e-02   9.3198252e-02  -4.7868390e-02  -5.9777621e-02   1.7160095e-02   4.1178882e-02  -6.9655474e-02   2.4181175e-02   3.9276870e-02  -1.0358287e-01  -3.2226476e-02   7.0147763e-04  -3.0924411e-02  -1.6205745e-01   1.2137970e-02  -7.8555490e-03  -1.1064992e-01   0.0000000e+00   0.0000000e+00   0.0000000e+00   0.0000000e+00   1.8058403e-01   1.9290690e-01   2.4830870e-02
   1.1692975e-01   0.0000000e+00   0.0000000e+00   3.9172569e-02   8.1801998e-02   2.1157588e-01  -3.1946598e-03  -2.1253523e-02  -8.9566307e-02  -4.3281868e-03   1.0339464e-01   6.9974319e-02   9.8121100e-02   8.4856781e-02  -1.5383502e-04  -3.0770821e-02   3.7073443e-01   0.0000000e+00   9.4387698e-02   7.5265491e-02  -1.4260236e-02   5.4008497e-02  -1.6322554e-01  -1.3942636e-01   2.1522680e-02   1.4010440e-01   2.7443508e-01   9.9754489e-02  -6.3087414e-02  -4.0164601e-03   1.9348498e-01   3.4127317e-02   1.6097234e-01   1.3160073e-01   1.9522196e-01   1.3597396e-01   6.9771377e-02   5.3571727e-02   1.0014562e-01   1.3523724e-01   4.4330272e-02   1.0093537e-01   1.9750340e-01   5.6623021e-02  -1.0216762e-01   1.5993661e-02   3.0763148e-01   2.9421960e-01   4.1651836e-01   2.3042315e-01   2.5121892e-01   1.4932190e-01   5.7382782e-02   5.6319017e-02  -1.1180210e-03   2.7702048e-01   1.5334428e-01   5.8402057e-02   6.8348872e-02   1.4311585e-03   2.4311423e-02   1.5401753e-01  -9.2082429e-03   1.8315105e-01   7.1597665e-02   2.1724585e-01   9.3220597e-02   7.9399156e-02   4.4514397e-02   3.7414466e-01  -3.2144467e-02   0.0000000e+00   1.4122635e-01   5.5581546e-02   2.1671952e-01   1.0297286e-02   1.4922179e-01   8.0656679e-02   2.3191992e-01   5.3624796e-02   1.6203397e-01   1.3837001e-01   1.5257252e-01   3.3278889e-01   2.4399162e-01   1.5187582e-01   4.2715676e-02   2.5321889e-02   1.1127120e-01   3.3692895e-03  -3.6111700e-02   2.2425250e-01   5.0034184e-02   6.3075247e-02   9.6943924e-02   3.3079817e-02   1.4754735e-01  -8.6022532e-02   3.0740339e-02   9.5977445e-02   1.1101751e-01   4.5242470e-02   3.1742699e-01  -3.7140949e-02   9.9267725e-02   8.1185925e-02  -6.4017062e-02  -1.9954474e-02  -7.1980592e-03   2.0026906e-02   1.3189998e-01   0.0000000e+00   0.0000000e+00   0.0000000e+00   0.0000000e+00   3.3657605e-02   1.2671318e-01  -3.3643640e-02
   1.3259803e-01   0.0000000e+00   0.0000000e+00   1.0457046e-01   2.6090457e-01   3.1790546e-01   1.7455802e-01   3.5148648e-02   1.0558632e-01   2.9269782e-01   1.4033846e-01   2.1280094e-02   6.0537587e-02  -5.4180520e-03   6.5539640e-02   3.1880094e-01  -1.3874625e-01   9.4387698e-02   0.0000000e+00  -3.5382531e-02   6.3613518e-02   1.4634913e-02   7.4820417e-02   5.0080147e-02   1.1627466e-01   2.1257704e-01   1.5983970e-01   5.5159123e-02  -2.7343100e-02  -1.2165016e-01   8.9461375e-02   6.2767808e-02   3.9560131e-02  -1.0343045e-01   6.9917947e-02   2.0021790e-01   1.6957254e-01   1.0365955e-01   2.3717379e-01   9.7791336e-02   3.7939163e-02   1.6235828e-01   1.8750911e-01   2.5494025e-01  -3.4676898e-02   2.1879063e-01   2.8973109e-01   2.6952546e-01  -1.4045477e-03   1.9579328e-01  -5.5543313e-02   1.7588551e-01   9.1634019e-02   3.7891058e-01   2.5310819e-01   5.5319553e-02   2.1001168e-01   2.5371350e-01   3.8499735e-01   1.4336696e-01  -3.1559433e-02   7.9314448e-02   1.0728706e-01   3.8093419e-02   4.1633487e-02   1.1353605e-01  -6.5559659e-03   3.4132435e-02  -6.1308261e-02   8.2635139e-02  -6.8364887e-02   0.0000000e+00  -1.2719961e-02   2.7052599e-01  -1.9062175e-02  -8.3030676e-02   6.3344012e-03   1.8776533e-02   4.7193072e-02   1.1356221e-01   6.9220637e-02  -7.2842270e-02  -8.1372820e-03   5.3139338e-02   1.8498773e-01   2.7145852e-02   9.7365007e-03   4.5747126e-02  -9.4905048e-02  -9.7465257e-02  -2.5800508e-03   1.2721352e-01  -8.6951521e-02   1.1979330e-01   3.6928411e-01  -3.9411583e-03   1.1775674e-01   1.5854168e-01   2.3656720e-01  -1.1990816e-03   1.2210009e-01   2.0163441e-01   2.1916505e-01   2.2268861e-01   1.4657504e-01   1.2662905e-01   1.1075577e-01   1.0184645e-01   1.2489766e-01   4.8879780e-02   1.2324910e-01   0.0000000e+00   0.0000000e+00   0.0000000e+00   0.0000000e+00   6.2592827e-02  -6.1705682e-02   1.0033560e-02
  -7.4006628e-02   0.0000000e+00   0.0000000e+00   1.9807915e-01   4.3259599e-02   1.9078766e-01   1.2842865e-01  -6.4622066e-02  -2.3335112e-01   3.1114343e-01   1.1577405e-01  -1.2788867e-02   6.5565085e-01   1.0772537e-01   1.2418265e-01   7.8671356e-02   8.1459678e-02   7.5265491e-02  -3.5382531e-02   0.0000000e+00   2.3202744e-01   3.4770442e-01   2.3073994e-01   3.1995221e-01   1.2144862e-01   8.4850013e-02   1.0268145e-01  -2.7965686e-01   2.9146473e-01   2.0527886e-01   3.9536478e-01  -1.4309400e-01  -5.8651904e-02  -5.3118282e-02  -2.1874458e-01  -3.9881432e-01  -3.2065723e-01  -1.5466359e-01  -7.6940307e-02   1.2008153e-01  -3.8985781e-02  -1.3192768e-01   3.4986569e-02  -8.6759778e-02   4.3630870e-01   2.5296684e-02  -1.5673612e-01  -1.1073587e-01   1.0175738e-01  -4.5972226e-02   1.7373100e-01   3.9308331e-02   9.3696852e-03   1.6684163e-02   1.2407546e-01   1.9401481e-01  -5.1404407e-02  -7.8967753e-02   5.1905634e-02   2.7216238e-01   2.7847953e-01  -5.3962361e-02  -3.6873729e-02   5.9282154e-02  -1.5324924e-01   3.9399774e-02  -5.2748810e-02   3.1033447e-02   3.7536381e-01  -5.5401039e-02   2.5669725e-01   0.0000000e+00  -1.2834390e-01   1.2725652e-02  -8.9959236e-02   1.2010192e-01   6.3416899e-02  -9.0989327e-02  -2.4824322e-01   9.4291893e-02  -1.8411142e-02   3.5934475e-02   1.3716198e-01   2.5832560e-01  -1.1679035e-01   2.6186631e-01   3.7156857e-01   1.2394773e-01   1.6498189e-01   6.2184351e-01   1.2414200e-01  -2.4694594e-01  -4.2843782e-02  -9.4695587e-02  -1.2322819e-01  -4.0914369e-02  -1.0592169e-01  -2.7816646e-01  -2.4364800e-01  -1.0252727e-01  -1.2600615e-01  -3.5906996e-01  -2.6316785e-02  -8.9400109e-02  -1.3755515e-01   4.7811850e-03  -1.8744520e-01  -3.6882604e-02  -1.1979374e-01  -1.9622089e-01   7.6885471e-02   0.0000000e+00   0.0000000e+00   0.0000000e+00   0.0000000e+00  -2.4769381e-02   1.2165910e-01  -1.6247273e-02
  -6.7817676e-02   0.0000000e+00   0.0000000e+00   1.0340042e-01   1.0975634e-01  -3.0872110e-03   9.2753130e-02  -2.0599959e-03  -1.6939241e-01   1.4435166e-01   2.0805210e-01  -1.3047868e-01   5.0671396e-01   1.0311798e-01   1.0638325e-01   1.3053589e-01   2.3672917e-02  -1.4260236e-02   6.3613518e-02   2.3202744e-01   0.0000000e+00   3.0076504e-01   9.9349659e-02   2.5786110e-01   4.8741999e-01   2.6095874e-01   2.8459764e-01   3.7352375e-02   1.9295588e-01   1.2863919e-01   1.6300009e-01   1.7176351e-01   2.3966361e-01   1.3639682e-01   5.9683540e-02   9.0971076e-02   1.5671854e-01   1.4270860e-01   2.2180115e-01   1.2612182e-01   6.1961180e-02   7.2029104e-02   9.2733332e-02   1.2294265e-01   3.1724241e-01   1.9700870e-01   1.8265383e-01   2.9480204e-02   6.3586877e-02   6.9146269e-02  -1.9379377e-02   2.8461983e-01   4.0185690e-02   1.3248932e-01   1.3702611e-01   1.8290422e-01   2.4384517e-01  -1.1075343e-01   2.1012780e-02   2.8300176e-01  -1.8482832e-03  -3.5042806e-04   5.5404571e-02  -9.0101682e-02   2.4479150e-02   2.2162952e-02  -1.3816467e-01   2.6231283e-02  -1.4391254e-01   6.7696710e-02  -8.9939203e-02   0.0000000e+00  -4.2225292e-02   3.0021251e-02  -8.1809717e-02  -2.0018429e-01  -2.0181949e-01  -1.2684899e-02  -2.2120943e-02  -7.5716726e-02   5.0199860e-02  -1.1080405e-01  -5.9471685e-03   2.0531717e-01   9.6484022e-02   2.5676545e-02  -1.3283631e-01  -1.0565995e-01  -5.4400510e-02  -1.0832840e-02  -1.7540112e-01   6.5045327e-02  -1.1441350e-01   3.6177661e-02   1.4591393e-03   6.5997183e-03   1.5642007e-02  -6.0248007e-03  -7.2741336e-02  -2.5054334e-02   9.7506950e-02  -1.2278491e-01  -1.7733724e-02   1.1196455e-01   5.4767886e-02  -2.1606199e-02  -2.1366065e-02  -3.4880525e-02   3.0664144e-02  -8.7947451e-02   3.4098659e-02   0.0000000e+00   0.0000000e+00   0.0000000e+00   0.0000000e+00  -2.6685603e-02  -1.6425006e-01  -2.0728248e-01
