   0.0000000e+00  -6.4025358e-02   1.9333455e-01   1.2350039e-01   1.4966908e-01   2.6761992e-01   4.4244978e-01   1.4495171e-01   3.7578789e-02   1.1125969e-01   1.8277314e-01  -2.7726082e-02  -3.0958436e-02   3.9679364e-02  -1.3199413e-01   4.3250634e-02   2.5547330e-02  -8.4494616e-03   1.8811088e-01  -2.8552128e-02  -6.1289187e-02  -1.0702127e-01   2.9873665e-02  -1.5689779e-02  -1.1027542e-01  -5.0814245e-02  -5.1815053e-02  -6.9234651e-04  -1.3522202e-01  -9.3171474e-02   1.1288631e-01   2.5166566e-01  -2.0011174e-01  -9.8640993e-02  -3.2888931e-01  -1.5925040e-01  -2.1746706e-02  -2.6639817e-02  -2.0020852e-01  -3.6492577e-02   4.1321974e-02  -3.9033322e-02  -9.6961461e-02  -7.6313095e-02  -4.6126078e-02   1.2666824e-02  -4.4873084e-02  -6.8446301e-02  -7.1521906e-02  -1.8988222e-02   1.3625365e-01  -1.4030441e-01  -6.3424506e-04  -2.8064481e-02  -1.3718012e-01  -2.2068219e-01  -6.7838477e-02  -6.6837480e-03   4.6744803e-02  -1.0196040e-01  -4.2624938e-02  -2.1657569e-02  -4.5333382e-02   2.9355360e-01  -4.1335648e-02   1.8826438e-01  -3.8625360e-02   2.3399877e-01   7.9123107e-02  -1.1254357e-01  -1.0674878e-01   1.2954500e-01   9.1400671e-01   4.8496853e-01   1.8343714e-01   1.4451785e-01   1.1057653e-01   1.9701798e-01  -3.6669411e-02   1.7635784e-02  -5.2716456e-02  -1.5262620e-01   1.0979465e-01  -3.1413720e-02  -8.1926848e-04  -1.2873346e-02   1.1438464e-01   8.7860700e-02   1.5185811e-01   7.0228984e-02  -2.5506089e-02  -1.3975462e-01  -2.3458907e-01  -1.0278311e-01  -6.0552089e-02  -7.7342318e-02  -2.6412211e-01  -1.0669705e-01  -1.1882689e-01  -7.9136940e-02  -6.2233115e-02  -2.2673335e-01  -7.1601494e-02  -4.3690811e-02  -5.1847041e-02   1.1845291e-01  -7.4467604e-02  -6.6771897e-02   1.5436982e-02   3.1703452e-02   5.2717437e-02   2.4905982e-02   3.5469088e-02  -1.8530169e-01  -1.5677687e-01   2.1803900e-02   1.2654493e-01   1.8514473e-01
  -6.4025358e-02   0.0000000e+00  -1.5823261e-03  -2.3935060e-01   3.9215498e-02  -3.2982820e-02   1.3916181e-02  -2.3368075e-02   5.5955946e-03  -7.1541009e-02   3.6658682e-02  -9.0591580e-02  -5.1307852e-03  -6.1576572e-02  -1.5893276e-01   5.5950677e-02  -1.3427097e-02   1.1592113e-01  -1.5281398e-01   8.0513152e-02  -6.2858085e-02  -4.8800843e-02   1.6569126e-02   4.4692057e-02  -6.6390413e-02  -1.0042167e-01  -1.5887253e-02  -1.3385452e-02   2.5371815e-02   1.8704753e-02   9.2204735e-02   9.7060547e-02  -4.6298567e-02  -1.7968029e-02   1.5557427e-02  -1.5825993e-01  -9.8244136e-02   8.5370040e-02   5.2052312e-03   6.6291995e-02  -3.1639860e-04   2.8200219e-02  -6.7558209e-04  -7.4435787e-02  -2.2508568e-02  -1.0994398e-01   1.0748991e-02   1.7712911e-03  -1.2752014e-01  -7.1986003e-02   1.7291645e-01  -1.4003414e-01  -7.7538573e-04   1.3401976e-02  -4.3503434e-03  -6.4423191e-02  -1.7357858e-01  -1.0051766e-02  -1.0013268e-01   3.5983095e-03  -1.1697002e-01  -1.0314238e-01  -5.7093845e-02  -1.9410257e-02   2.8062337e-02  -8.0492013e-02  -1.5393612e-02   7.7336969e-02   1.4014817e-01  -5.3988790e-02   7.2354656e-02   6.3819874e-02  -3.7375655e-02  -1.4362099e-01   2.1924853e-02   1.2954394e-01   9.3065386e-02   4.5792340e-02  -5.9589206e-02  -1.6982097e-02  -1.0760309e-01   8.2109574e-02  -1.5721010e-02   1.4222402e-02  -2.1812882e-02   7.6654230e-02   1.3156425e-01   2.0094873e-02   9.5809051e-02   9.6905027e-02   1.1145238e-01  -1.0777271e-01  -7.5216034e-02   5.4221083e-02  -1.1976227e-01   6.8697282e-02  -7.1168644e-03   3.3775782e-02   5.9037038e-02   3.8874145e-02  -3.1268608e-02  -6.7320927e-02   5.4559121e-02  -2.8308326e-02  -4.9192739e-02   1.0622095e-02   4.8381700e-03  -5.2895966e-02   1.0606207e-01  -7.3590850e-03   5.6990718e-02  -7.1344168e-02  -3.1560222e-02  -1.1010475e-01  -1.4938228e-01   5.6839606e-02   3.8326990e-02   1.2190138e-01
   1.9333455e-01  -1.5823261e-03   0.0000000e+00   2.6798825e-02   1.9682916e-01  -4.0976315e-03   2.6229831e-01   5.1758257e-02  -3.6721230e-02   3.2439109e-02   3.1860626e-01  -1.2238427e-01   9.7644405e-03   4.5010457e-02  -6.0993551e-02   4.5193636e-02   9.6958432e-02   1.0139150e-01  -8.7481810e-02   8.7829852e-02  -3.0176232e-02  -2.2018305e-02   1.8570201e-02   4.4341480e-02   3.8284147e-02  -8.8075527e-02   1.4389223e-01   1.5368759e-01  -1.0599066e-02   7.6560037e-02   1.7996704e-01   8.6717267e-02  -3.3262821e-03   4.0605506e-02   2.4553658e-02   4.5323566e-02   1.4668213e-01   1.4627162e-01   3.7444468e-02   9.0637517e-02   1.3710113e-01   2.2239298e-02   7.5593380e-02   1.1197262e-01  -1.0201393e-01  -3.6101882e-03   8.4273538e-02  -1.4780259e-03   7.3061716e-03   8.2713840e-02   1.1792885e-01  -6.1165006e-02   7.2400719e-02  -2.3822494e-02   1.4058861e-01  -1.5930740e-02  -1.1981599e-03  -1.9404450e-02  -3.3256960e-03   3.4093797e-02  -3.3343637e-02   1.8577535e-02  -7.6998924e-02   2.5576378e-01   6.0155359e-03   2.4255217e-01   9.0148453e-03   1.3166657e-01   1.4148361e-01   2.4149468e-02   1.1907455e-02   7.7061942e-02   9.5326574e-02   2.0034265e-01   2.5909985e-01   1.4056164e-01   1.5225917e-01   1.4699544e-01   8.5646356e-02   9.4417288e-02   5.5703577e-02   1.9179395e-02   2.1316378e-01   8.2325293e-02   5.4454052e-02   1.8949156e-01   2.1301377e-01   1.0059924e-01   1.7391789e-01   1.7856885e-01   5.5326901e-02  -4.9544233e-02  -2.1296948e-02   3.4680328e-02  -1.4323360e-01   4.5130624e-02  -1.3735075e-03  -1.7833725e-02   1.4228250e-03   5.9782364e-02   7.6708391e-02  -1.0524690e-01   1.2574593e-01  -8.4145836e-02  -4.3615285e-02  -1.1460207e-04  -5.4010237e-02   9.7010458e-03   1.8758507e-02   1.8414508e-01   7.5397293e-02   4.8088350e-02   5.5523252e-03   7.6065166e-03   3.2918921e-02   1.0780711e-01   1.4848053e-02   1.9438280e-01
   1.2350039e-01  -2.3935060e-01   2.6798825e-02   0.0000000e+00   1.4020147e-02   1.1925575e-01   1.5927307e-01   6.4979694e-02   9.8043665e-03   5.4517546e-02   7.2113246e-02  -8.1353301e-05   1.9931332e-02   7.1792304e-03   1.1720436e-01   8.0237597e-02   1.7048157e-01   8.6094139e-02   7.5371289e-02   7.7580395e-02   9.1241377e-02  -7.9240669e-03   9.4074150e-02   8.1121800e-02  -3.8703996e-02  -1.1622816e-02  -3.8557463e-02   5.4669112e-02   2.3777677e-02  -3.7547907e-02   9.7220000e-02   3.7727884e-02  -6.3382386e-02   3.2245885e-02  -1.8872585e-02   7.6214754e-02   9.9604244e-02   1.4587247e-01  -1.3749970e-03   1.5268511e-01   1.7982021e-01   1.2586354e-03  -4.6225103e-02   2.2039265e-02  -8.0453403e-02   6.4166291e-02   7.4933254e-02   5.2475066e-02   1.1722509e-02  -7.0652701e-02   1.7579332e-02  -1.9412061e-03   2.1459685e-02  -4.6802356e-02   4.9478494e-03   4.5950043e-02  -5.5094758e-02   7.4847162e-02  -1.2243187e-01  -8.2249418e-02  -5.9302535e-02  -7.6392825e-02  -5.9666232e-02   1.3875138e-01  -3.9088025e-02   8.6805574e-02  -5.2191372e-02  -1.2781468e-01  -1.9496251e-02  -6.3868756e-03  -2.0970047e-02   2.1969208e-02   1.4323867e-01   1.2338681e-01   4.6896340e-02  -6.9511420e-02  -5.0332559e-02  -3.9551653e-02  -5.0005402e-02  -4.1924505e-02  -1.5248777e-02  -5.3907711e-02   1.2016326e-02  -3.4290525e-02   4.9288637e-03  -8.7929455e-02   2.4251911e-02  -7.5177625e-02  -7.8201206e-02  -2.4069383e-02   2.9531997e-03  -7.0186264e-02   5.9263277e-03  -1.0274892e-01   1.1457253e-01   7.8184912e-03  -1.1838888e-01   2.3396413e-02  -1.1098983e-01  -1.1748682e-01  -1.5722378e-01  -4.4995694e-02  -3.2736984e-02  -7.7676840e-02  -1.0225814e-01  -5.0098126e-02  -3.8041226e-02  -9.9534296e-03  -4.8057121e-02  -4.2484154e-02   2.7221178e-02   5.5783769e-02   1.5223462e-01  -5.4792068e-02   3.2834637e-02  -1.8126061e-02  -1.1083902e-01  -5.1532969e-02
   1.4966908e-01   3.9215498e-02   1.9682916e-01   1.4020147e-02   0.0000000e+00   3.2933487e-01   2.7379777e-01  -6.0204202e-02   3.5554295e-02   1.8571693e-02   2.4340069e-01   3.3651973e-03   1.0153716e-01   1.1636533e-01  -1.0506471e-03   7.7380863e-02   1.8883867e-01   1.8665904e-01   2.6578917e-02   2.0586649e-01   6.4899552e-02   6.9154588e-02  -3.0447425e-02   1.9812445e-02   2.0779594e-01   1.1357276e-01   4.3856385e-01   4.2849229e-01   2.0517898e-01   3.0969102e-01   9.2731516e-02   3.3248246e-01   2.4137404e-01   1.6397771e-01   1.9303258e-01   8.0273437e-02   1.3745727e-01   1.6300959e-01   9.2231394e-02   1.6478721e-01   1.4702079e-01   1.2808687e-01   2.2458116e-01   1.4477332e-01  -1.1659290e-01   1.4155310e-01   3.3708532e-01   1.0623791e-01   1.1553886e-01   4.2780251e-01   2.1668643e-01   1.7707814e-01   1.5420984e-01   1.3822262e-01   4.7415772e-02   1.8817220e-01   1.3034011e-01   2.3704738e-02  -3.4014553e-02   1.0861823e-01   3.3338699e-02   9.9679404e-02  -9.5163095e-02   1.1813221e-01   2.9064682e-02   3.1513324e-01   4.6262798e-02   2.0993815e-01   1.6531328e-01   3.2102467e-01   9.0031528e-02   3.1586096e-01   1.3968980e-01   1.0830699e-01   8.9200936e-03   3.5821396e-02   4.5241095e-02   9.6498220e-02   4.2639668e-01   4.7307078e-02   3.9642617e-01   3.0140675e-01   2.1448469e-01   1.6382149e-01   3.0662642e-01   1.4908797e-01   1.8346974e-01   2.4004356e-01   2.5098233e-01   3.0699929e-02   4.3834964e-02   2.6739806e-01   2.2204023e-02   2.6649694e-01   1.0210716e-02   8.4367380e-02   6.5115401e-02   1.3584595e-01   1.1812195e-01   7.8095278e-02   2.0701565e-01  -4.1362547e-02   2.3444334e-01   7.2581482e-02   3.5521755e-02  -4.0875006e-02   3.5242877e-02   2.1392644e-01   1.2285843e-01   3.5961075e-01   1.1928124e-01   6.6240561e-02   2.4581833e-02   1.7324745e-01   9.9398833e-02   1.5227825e-01  -4.5678891e-02   5.8664677e-02
   2.6761992e-01  -3.2982820e-02  -4.0976315e-03   1.1925575e-01   3.2933487e-01   0.0000000e+00   8.6959963e-02  -3.1750244e-02  -1.7972371e-03   4.4524929e-02   1.0823464e-01   2.6011722e-02  -2.2981039e-02  -1.1396332e-02  -8.7580148e-02  -2.3401004e-02  -1.5236182e-03   8.1483002e-02   7.7289401e-02  -8.8976009e-02  -6.2755110e-02  -6.4273477e-03  -8.3864941e-02  -7.2445700e-02   5.3006907e-02   6.0856605e-02   1.0110535e-01   5.1857529e-02   1.5500271e-02   7.2880562e-02  -7.4790937e-02   1.5381916e-01  -4.8837410e-03  -7.6341548e-02  -7.5763335e-02   4.6505867e-02  -1.3919544e-02  -1.7178461e-02   1.4979297e-02   6.5878673e-02   8.9216023e-02   6.5767773e-02   1.0576929e-03   3.0735394e-02  -2.4398376e-02   1.0737761e-01  -8.3195825e-04   1.3785325e-02  -9.7415407e-02   6.7962477e-02   8.2081998e-02   6.5273307e-02   3.4324356e-02   1.3595201e-01  -1.0664209e-01  -4.4854259e-02   1.1568842e-01   2.7620477e-02  -7.0269919e-02   2.7118814e-02   1.1612423e-01   1.5020233e-01   5.4431006e-02   2.3510580e-02  -6.7409185e-03   1.1452160e-01  -3.8061688e-02   1.0470750e-01  -1.7508380e-02   1.3433444e-01   7.5324565e-02   1.5978214e-01   2.8088416e-01   2.5470012e-01   9.8805003e-02  -7.5062668e-02  -7.3072015e-02   1.9335924e-02   2.1726694e-01   9.3980728e-03   1.9712726e-01   1.3474338e-01   1.0223687e-01   4.6296874e-02   1.7478262e-01   1.9436391e-02  -1.7906601e-03   6.8448525e-02   3.6469028e-02  -1.3594429e-01  -1.6206843e-01   1.6329657e-01  -9.8440168e-03   8.6274493e-02  -4.3042808e-02   5.7950623e-03  -1.7985307e-02  -2.5541576e-02  -4.5600951e-02  -3.2144332e-02   1.1489911e-01   1.6109810e-03   8.2490509e-02   1.0512227e-01   7.0011164e-02   1.2770445e-02  -1.1051218e-01   1.5008671e-01   6.8773316e-02   4.0491123e-02  -6.2939348e-02  -3.2662867e-02  -5.2615730e-02   3.7549328e-02  -4.5240601e-02   1.2345822e-01  -5.7179437e-02  -3.6117862e-02
   4.4244978e-01   1.3916181e-02   2.6229831e-01   1.5927307e-01   2.7379777e-01   8.6959963e-02   0.0000000e+00   1.3914878e-01   8.5349977e-02  -3.5946369e-02   3.1676260e-01  -1.2027684e-01   1.2831134e-01   1.9605979e-01   4.8228994e-02   9.6737971e-02   1.0732136e-01   7.3363026e-02   1.5109219e-01   2.0099576e-01   2.4375382e-02  -3.4045488e-02   1.4556870e-01   1.0882578e-01  -3.2652465e-02  -6.9094357e-02   8.0524241e-02   2.4988347e-01  -4.7518065e-02  -1.7007394e-02   2.3360395e-01   1.4423551e-01  -1.0672292e-01  -1.0334173e-02  -1.5563380e-01  -3.0938313e-02   2.6279250e-01   2.8154295e-01  -2.3383904e-02   2.0949381e-01   2.4392491e-01   2.8872936e-03   4.9359624e-02   8.4999589e-02  -1.6422979e-01   3.7263391e-02   1.8107548e-01   1.1963399e-02  -5.0504247e-02   6.3278319e-02   2.5611520e-01  -1.2720828e-01   1.4594185e-01   3.7963437e-02  -4.9714535e-02  -1.4395463e-01  -1.0479917e-01  -5.3950468e-02   1.4537960e-01  -7.7764278e-02  -1.6843378e-01  -7.8878883e-02  -1.4760717e-01   4.7751534e-01  -9.7159588e-02   3.6075108e-01   5.9232617e-02   1.8001898e-01   2.8568695e-01  -9.6309389e-02  -3.0316759e-02   2.8485294e-01   3.7476251e-01   4.3041310e-01   1.2665320e-01   3.1104524e-01   3.0354506e-01   3.0844119e-01   2.0513335e-02   7.6654822e-02  -4.2386849e-02  -2.6110579e-02   1.6690395e-01   3.2718055e-02  -2.8194942e-02   9.3801813e-02   3.1207687e-01   1.5448359e-01   4.0943237e-01   2.1041137e-01   1.8550470e-01  -1.8767665e-01  -3.2414367e-02   7.7240888e-02   8.3766115e-02   1.0294862e-01  -1.4656213e-01   4.2016261e-02  -4.6241059e-02  -5.8738277e-03   7.0065834e-04  -1.3232476e-01   1.4640174e-01  -1.2481342e-01   1.7902870e-02   7.6651869e-02  -7.7366040e-02  -1.5242270e-01   1.0676875e-01   1.7020417e-01   2.9039446e-01   7.6498997e-02   9.1391301e-02  -8.2817651e-02  -4.8575681e-02   5.5963867e-02   1.6099197e-01   2.6443069e-01
   1.4495171e-01  -2.3368075e-02   5.1758257e-02   6.4979694e-02  -6.0204202e-02  -3.1750244e-02   1.3914878e-01   0.0000000e+00   7.6388406e-02   2.0126764e-02   4.8180611e-02  -3.3332014e-02   6.0949517e-02   1.4790496e-01   1.5536262e-02  -5.6605692e-02   5.7640763e-03  -3.6411602e-02   5.7321127e-02   1.8632543e-02  -8.9902851e-03   2.0782085e-02   1.0456742e-01   4.4874460e-02  -8.7314285e-02  -4.3549730e-02  -2.7883733e-02   7.7086653e-02   2.8777237e-02   6.6379136e-02   1.4084849e-01   6.1279876e-02   1.5213146e-02   2.1931792e-02  -1.5622194e-02  -1.4251224e-02   8.8811916e-02   7.0639920e-02  -1.8421154e-02   7.9470776e-02   1.2331613e-01  -2.8376365e-02   1.8283374e-02   5.3572641e-02  -2.1671452e-02   5.5852407e-02   2.1181043e-02   4.7570709e-02  -3.2519303e-02  -9.3733111e-03   4.2025004e-02  -1.4981188e-02  -1.5035747e-02   2.3068560e-02  -3.8427230e-02  -9.0492472e-02  -4.6879211e-02   1.2593220e-02   9.3716988e-02  -1.1480521e-01  -1.0520865e-01  -1.1715974e-01   4.6381729e-02   1.0651135e-01   7.2543716e-02   7.6140217e-02   7.9044259e-02   9.0391278e-02   2.1826487e-01  -1.3466395e-01   6.5546575e-02   1.5409400e-02   5.5540278e-02  -1.7003293e-02   1.2021528e-02   1.6937079e-01   2.4584285e-01   3.1948554e-01  -8.0494478e-02  -2.5511926e-02  -1.6805785e-01   7.3276063e-02  -2.2031448e-02  -1.5656801e-01   4.0924003e-02   2.9631447e-02   2.2752500e-01   5.5356899e-03   1.9253277e-01   4.1996926e-02   1.1113250e-01  -8.2252634e-02  -6.6071251e-03   3.0364861e-02   2.2894656e-02   6.0204585e-02  -1.1681963e-01   5.2013918e-02   1.0687203e-01   4.8530120e-02  -3.6162779e-02  -4.8652036e-02   1.1025345e-01  -5.9601701e-02   7.9379902e-02   2.4946494e-02  -2.5023723e-02  -6.5248574e-02   8.0194249e-02   8.4804553e-02   1.0383517e-01  -1.2667923e-02   3.0236934e-02  -6.7069234e-02  -2.8007755e-02   3.9729731e-02   1.7960696e-01   1.8532254e-01
   3.7578789e-02   5.5955946e-03  -3.6721230e-02   9.8043665e-03   3.5554295e-02  -1.7972371e-03   8.5349977e-02   7.6388406e-02   0.0000000e+00  -5.3398107e-02  -4.3433127e-02  -1.1944553e-01   3.3112201e-02  -2.8821230e-02   4.8403665e-02   6.8493964e-02   1.6723883e-01  -7.1613722e-02   6.3225419e-02   5.9222391e-02   1.0707757e-02  -2.2280280e-02   4.8860241e-02   2.5026806e-02  -1.0666088e-01  -1.3243369e-02  -2.0182182e-02  -1.0255355e-01   1.4013444e-01   5.9980159e-02   1.2311958e-01   2.0071528e-02   1.8486017e-01   1.3504747e-01   3.4060880e-02   1.8837262e-03  -1.1825144e-02   1.3002969e-01  -1.2336212e-03   8.0265224e-02   1.0973087e-01   2.2063898e-02   4.2870840e-02   9.3636194e-02   8.6819417e-02   1.1450753e-01  -2.5289641e-02   2.3107038e-01   1.5065754e-01  -8.3451823e-02   1.2012623e-01   1.3425065e-01   4.3405360e-02   6.2283983e-02   7.0366570e-02   7.1149011e-02  -7.0782029e-02   1.8819626e-01   4.9941568e-02  -1.2634581e-01  -1.4110968e-01  -1.4107355e-01   9.3874932e-02   1.3464521e-01   1.9441096e-01   8.6828531e-03   2.0239497e-01   1.7287043e-02   1.3424460e-01   3.0264647e-02   6.5940729e-02  -6.1636332e-02   2.4796233e-02  -5.5181761e-02  -1.3249567e-02   5.1859972e-02   1.4857522e-01   1.4396231e-01  -1.2346973e-01  -1.0503743e-01  -1.3195365e-01  -8.3923966e-02  -1.4150658e-01  -5.5970000e-02  -8.7453594e-02   7.3742036e-02   5.7532190e-02  -6.0911447e-02   1.0676354e-01   5.1278519e-02   2.5144995e-01   8.0639167e-03  -4.7483135e-02  -4.0036781e-02   1.4611051e-01   2.0988681e-02   6.5865940e-02   1.3915654e-01   2.4990772e-01   1.2157661e-01   2.9268658e-02   8.7793622e-02   3.3251306e-02  -1.5613834e-02   1.0302580e-01   8.2299360e-02   2.0916126e-01   5.1340682e-02   1.5210331e-01   1.4706651e-01   2.9720014e-01   2.3822434e-02   5.6943008e-02   8.0616844e-02   1.2385023e-01   2.1998666e-02   4.2236058e-02  -4.3274323e-02
   1.1125969e-01  -7.1541009e-02   3.2439109e-02   5.4517546e-02   1.8571693e-02   4.4524929e-02  -3.5946369e-02   2.0126764e-02  -5.3398107e-02   0.0000000e+00  -1.0011408e-03   2.7254470e-01   4.9531936e-02   4.4596514e-02   1.3112836e-01   9.5738565e-02   1.7480187e-01   2.9706734e-02   1.6625023e-03   6.2257194e-02   1.5813863e-01   7.7238697e-02   1.1078480e-01   4.4192011e-02   7.7297322e-02   8.4141981e-02   4.7884350e-02  -6.6349483e-02  -2.6601660e-02  -4.3267701e-02   1.3928184e-02  -4.0928895e-02  -2.0984614e-03   4.9060264e-02   4.8675640e-02   1.2469382e-01   1.8495523e-01   5.7062179e-02  -1.3516396e-01   9.8741454e-02   5.8931215e-02  -6.4845743e-02   6.7684964e-03   2.4916373e-02  -1.2712075e-02   4.0386658e-02   1.3368310e-01   6.9843975e-02  -2.2657198e-02  -3.4245224e-02  -3.2507698e-02   2.5055922e-02  -3.1848340e-02   1.6654267e-02   6.6343561e-02   1.0057227e-01  -6.5911566e-02  -7.7724188e-02  -3.4863003e-02   1.1166448e-01   5.5730038e-02   1.0889371e-02  -5.6252694e-02  -1.9634702e-01  -9.4775387e-02  -2.0077105e-01  -8.2785867e-02  -1.9229260e-02  -1.7672191e-01   8.3228220e-03  -1.9794333e-01  -1.1389639e-01   8.8664166e-02   4.5474982e-02   1.3851730e-01  -5.9887370e-02  -1.0658788e-01  -6.9722937e-02  -1.3532527e-01  -1.8933077e-02  -8.4326527e-02  -1.4072394e-01  -2.8188183e-02   8.7118597e-02  -5.1762714e-02  -4.3885149e-02  -1.3074546e-01  -6.8736215e-02  -2.7630773e-01   1.2698790e-01  -8.9672451e-02  -1.4830303e-02  -1.9270753e-01  -1.6265846e-01  -1.0858252e-01  -6.1205473e-02  -5.2390850e-02   6.2622517e-02  -3.5321242e-02  -1.3436983e-02  -2.2566344e-01  -2.2328094e-01  -9.8094165e-02   7.9513138e-02  -6.2747496e-02   6.0859895e-03  -1.1885912e-01   1.0992940e-02  -1.4302167e-02   2.5979732e-02  -1.8149032e-01   4.0353825e-02   3.6936416e-02  -7.8304088e-02   1.8172697e-02  -1.0262471e-01  -5.9210749e-02  -7.0078049e-02
   1.8277314e-01   3.6658682e-02   3.1860626e-01   7.2113246e-02   2.4340069e-01   1.0823464e-01   3.1676260e-01   4.8180611e-02  -4.3433127e-02  -1.0011408e-03   0.0000000e+00  -1.1237175e-01   2.7643383e-01   2.9415027e-01   1.7913552e-01   2.2625074e-01   1.5055930e-01   1.9553900e-01   2.2033307e-02   3.0432756e-01   2.0412558e-01   1.3887469e-01   1.5743107e-01   1.6418288e-01   2.5564339e-01   1.1255453e-01   2.7576078e-01   2.7114343e-01   1.9286128e-01   1.5649662e-01   2.3281997e-01   2.4913601e-01   1.6092514e-02   1.4219754e-01   1.1682045e-01   2.0380780e-01   3.5505910e-01   2.9347369e-01   5.3664162e-02   5.2005059e-01   3.8269807e-01   1.3790658e-01   2.5857729e-01   1.1830488e-01  -3.9839792e-02   1.3169010e-01   2.1442246e-01   2.4224208e-01  -6.6649927e-03   1.2456017e-01   1.7566211e-01  -1.8796247e-02   8.1438380e-02   1.7815746e-01   1.6860049e-01   9.1681185e-02   1.0591026e-01   5.5173866e-02   1.4605843e-01   1.2756303e-01   8.5789810e-03   1.8340330e-02  -3.6878137e-02   3.2055547e-01   2.8616519e-02   3.4036898e-01   2.1495738e-02   9.0841029e-02   1.1352691e-01   1.2728523e-01   9.7556812e-02   9.6521330e-02   1.6371232e-01   1.0049607e-01   1.3903061e-01   6.7804257e-02  -5.2152530e-03   9.7200307e-02   6.3785239e-02   9.0802826e-02   2.3732554e-02   1.0247035e-02   2.4026467e-01   9.7534863e-02   2.5571341e-01   9.5547285e-02   2.2126957e-01   5.2752125e-02   1.3025135e-01   1.6739209e-01   1.4136874e-02   4.9304687e-02   6.1945089e-02   8.0353308e-02  -8.8416353e-02   5.2479420e-02  -3.9896715e-02   2.0546465e-02  -1.7451764e-03   1.0990582e-02   1.8106441e-03  -7.5366123e-02   1.3545405e-01   6.8803706e-02   8.7954726e-02   5.3994273e-02  -7.7889548e-02   1.1321345e-01   1.9541586e-02   3.5755763e-01   2.5616591e-01   1.3133423e-01   8.7169759e-02  -3.2668303e-02  -6.3053470e-04   1.5698151e-02   4.7658064e-02   2.7272091e-02
  -2.7726082e-02  -9.0591580e-02  -1.2238427e-01  -8.1353301e-05   3.3651973e-03   2.6011722e-02  -1.2027684e-01  -3.3332014e-02  -1.1944553e-01   2.7254470e-01  -1.1237175e-01   0.0000000e+00   1.9417524e-03  -3.2625588e-02   9.1152634e-02  -1.6807997e-02   4.9491748e-02   4.2290901e-02   6.5368029e-04  -1.4048434e-01  -3.9862618e-02  -1.9949890e-02  -1.3351318e-01  -1.3172763e-01  -5.5934632e-03   4.9063821e-02  -1.1676139e-01  -1.5924568e-01  -3.6253704e-02  -7.6234061e-02  -1.9021244e-01  -1.5954212e-01   2.1560582e-02  -7.9495899e-02   1.5819293e-02   9.9651658e-02  -1.1517547e-01  -1.5959240e-01  -5.1207132e-02  -1.0487659e-01  -1.5863394e-01   2.9521269e-02   8.3785038e-02   1.0221980e-01   7.3348927e-02   1.1196515e-01   3.7227054e-02   9.6179333e-03  -3.8148307e-02  -4.5819425e-03  -1.8535234e-01   4.1901375e-02  -4.6618336e-03   1.3575139e-01   1.7125359e-02   1.0825887e-01   9.5862987e-02  -4.7080291e-02   2.3843521e-02   5.7755642e-02   1.3485601e-01   5.5171118e-02   1.1073623e-02  -1.8362028e-01  -7.4142966e-02  -2.4147775e-02  -2.4365461e-02   7.0404806e-02  -7.0320637e-02   8.7925927e-02  -5.7031588e-02  -3.8885727e-02  -1.0564624e-01   4.2425745e-02  -4.5774466e-02  -2.7820730e-02  -7.8343815e-02  -5.5309849e-02   2.0557280e-02   2.1913496e-02   5.7501412e-02  -6.4395005e-02  -9.8792487e-02   6.8959168e-02  -1.3805788e-02  -8.1149025e-02  -3.0899152e-01  -1.6675523e-02  -1.8854950e-01   7.4778853e-03  -8.4613377e-02   1.0544865e-01  -1.1810028e-02  -1.6434647e-02   5.2649583e-02   8.3334065e-02   9.0653764e-02   1.1318701e-01   7.0567180e-02   7.2449818e-02  -1.0385203e-02   7.1767076e-02   2.8496815e-02   9.1692451e-02   9.8725207e-02   4.4683471e-02  -8.1137606e-02   1.2604956e-01   8.5827182e-02  -2.7089016e-02  -1.1859164e-01   9.5194142e-02   1.1778651e-01   1.5218758e-01   1.4439038e-01  -9.0306685e-02  -2.5108760e-02  -9.1160816e-02
  -3.0958436e-02  -5.1307852e-03   9.7644405e-03   1.9931332e-02   1.0153716e-01  -2.2981039e-02   1.2831134e-01   6.0949517e-02   3.3112201e-02   4.9531936e-02   2.7643383e-01   1.9417524e-03   0.0000000e+00   4.2043136e-01   2.8582299e-01   2.4450969e-01   1.4817352e-01   8.6761835e-02   6.7267830e-02   5.0676875e-01   2.5793901e-01   2.5238947e-01   2.4073724e-01   1.7847659e-01   3.1649978e-01   2.1897747e-01   1.7335214e-01   1.2945138e-01   1.8761939e-01   2.2213186e-01   2.2410860e-01   1.8817156e-01   9.8911505e-02   2.2775507e-01   2.5166241e-01   2.1601054e-01   1.3262770e-01   2.6892917e-01   9.2886750e-02   3.1182317e-01   2.0261960e-01   1.0862705e-01   2.6661280e-01   1.2825318e-01   5.3934485e-02   1.1299392e-01   1.8288744e-01   4.9375413e-01   1.1088042e-01   9.1153028e-02   1.6131392e-01   3.3341994e-02   7.5312916e-02   3.7351361e-01   1.9494715e-01   3.1007203e-01   2.4963243e-01   1.4348117e-01   9.3344043e-02   2.2333349e-01   1.4220373e-01   1.2096201e-01   9.2910632e-02   1.9288547e-01   1.4868484e-01   1.2792889e-01   2.2986568e-01   1.4003138e-02   1.8028070e-01   1.6540126e-01   1.2397946e-01   1.8985289e-02  -3.1540722e-02  -5.8200743e-02  -6.2357690e-02   1.6676814e-01   2.0875612e-02   3.0813033e-02   6.2557137e-02   2.8871979e-01  -1.2431597e-02   2.3301871e-02   1.4158423e-01   1.1575755e-01   1.6285125e-01   2.7121720e-02   1.8453535e-01   2.2139999e-02   1.3684385e-02   1.7410205e-01  -1.7609581e-02   1.3469924e-01   5.3540288e-02   5.8367246e-02   1.0544117e-01   7.6488438e-03   3.9077773e-03   6.9228843e-02   9.1541553e-02   8.3196984e-02  -3.4502086e-02  -2.6918647e-02   1.1944321e-01   2.4726274e-01   3.5793074e-01   1.8156762e-01   2.8000046e-02   2.3647106e-01   2.4132776e-01   3.2103157e-01   3.4301482e-01   3.2775704e-02  -6.6009938e-03   6.8418472e-02   1.4090082e-01   1.8569980e-02   1.6227306e-01   7.2646741e-02
   3.9679364e-02  -6.1576572e-02   4.5010457e-02   7.1792304e-03   1.1636533e-01  -1.1396332e-02   1.9605979e-01   1.4790496e-01  -2.8821230e-02   4.4596514e-02   2.9415027e-01  -3.2625588e-02   4.2043136e-01   0.0000000e+00   1.3202431e-01   2.5142324e-01  -2.5450281e-03  -2.1671839e-02   6.9939607e-02   2.4571247e-01   2.4561140e-01   3.8721582e-01   2.2666531e-01   1.6720116e-01   3.3800905e-01   2.2507592e-01   2.4275129e-01   2.3352517e-01   8.0214256e-02   1.0187268e-01   6.4871188e-02   7.5068423e-02   1.0678591e-02   8.7365212e-02   1.1062823e-01   2.3869699e-01   2.4474797e-01   1.8670919e-01   3.0054129e-03   3.1874243e-01   2.6088115e-01   9.0492398e-02   9.8658285e-02   1.4373892e-01  -3.1356396e-02   1.0997512e-01   1.3755706e-01   2.2626788e-01  -9.8243880e-03   6.4326317e-02   4.6121976e-02  -4.6681555e-03   5.1781850e-02   2.2077299e-01   1.5358622e-01   6.0564150e-02   3.5758953e-01   1.5807341e-02   8.8223039e-02   1.1151859e-01   6.7202533e-02   1.1853318e-01   1.3044184e-01   1.2505075e-01   6.6219612e-02   1.9565761e-01   6.9061549e-02   2.9653375e-02   1.4210332e-01   1.1567862e-01   1.5542678e-01   1.2663453e-01   2.1680273e-02   4.5438529e-02   3.0424621e-02   3.1445160e-02   7.9438897e-02   1.5985253e-01   7.9225881e-02   1.7370883e-01   6.2196890e-03   1.3571011e-01   2.7464813e-01   3.5004548e-02   8.0056812e-02  -2.9976757e-02   7.7661023e-02   1.3440622e-01   3.1351630e-02   7.2373013e-04  -3.0555049e-02   2.0997018e-01   1.3467640e-01   7.2399019e-02   2.0077698e-02   4.9050864e-02  -1.8763040e-02   2.6494768e-02   6.3265067e-02   2.0753142e-02   1.0035110e-02  -7.6277477e-02   8.2562980e-02   5.9521764e-02   3.3632852e-01   9.4866918e-02   6.6091387e-03   1.0464517e-01   2.3157455e-01   2.3295296e-01   1.0116900e-01   4.1810225e-02  -7.8135289e-03  -1.6586546e-02  -4.5470020e-02   1.3403269e-01   7.7563302e-02   1.6808582e-01
  -1.3199413e-01  -1.5893276e-01  -6.0993551e-02   1.1720436e-01  -1.0506471e-03  -8.7580148e-02   4.8228994e-02   1.5536262e-02   4.8403665e-02   1.3112836e-01   1.7913552e-01   9.1152634e-02   2.8582299e-01   1.3202431e-01   0.0000000e+00   3.6052000e-01   2.6496009e-01   4.7937392e-02   7.4841103e-02   4.4410446e-01   3.7316430e-01   2.3322930e-01   1.5471518e-01   2.2281134e-01   2.5637790e-01   8.7085233e-02   2.8550268e-01   7.6212095e-02   3.8625644e-01   1.8862742e-01   1.6024190e-01  -6.1481631e-02   2.0821137e-01   4.5310295e-01   3.6648504e-01   2.2506715e-01   4.7860317e-01   2.5054564e-01   1.0794762e-01   3.4508237e-01   2.7539490e-01  -1.8656276e-02   1.3889548e-01   6.6806631e-02   2.6426261e-02   1.8663447e-01   2.7924821e-01   3.0343685e-01   1.8792429e-01  -6.0764755e-02  -5.9310685e-02   2.5390537e-01   1.1129079e-01   1.3253443e-01   3.7954076e-01   4.8046426e-01  -1.6163672e-02   1.5356270e-01   7.9704050e-02   1.4010978e-02   3.3869917e-03  -8.4558364e-02  -9.5858480e-02   1.8399114e-01   9.1081725e-02   1.1312030e-01   1.9069775e-01  -1.5313378e-01  -7.1464211e-02   9.4601962e-02  -8.5363308e-02  -1.8378144e-01  -2.0264223e-01  -1.1122975e-01  -7.2303151e-02  -1.0973428e-01  -7.7636400e-02  -7.9188777e-02  -1.6157756e-01  -5.6584279e-02  -1.5270460e-01  -1.4496081e-01  -7.8830504e-02   1.8681870e-02  -7.1591327e-02  -1.9588029e-01  -7.7393475e-02  -2.3376516e-01  -1.5311537e-01   1.8207326e-02  -5.1082097e-02   2.2196258e-02   2.5730992e-02  -8.0142888e-02   1.1613882e-01   9.7585096e-02   1.2916180e-02   1.2327369e-01  -6.4251393e-02   4.2275902e-03  -1.6622384e-01   7.2559388e-02  -8.3764920e-02   6.3430519e-02  -2.4676220e-02   7.5190393e-02   1.1843934e-01   1.0028651e-01  -1.1280223e-01   2.3018053e-01   2.8225255e-01   1.2606676e-01   1.8302465e-01   9.7762643e-02   1.5488712e-01  -2.1901048e-01  -9.5401350e-02  -1.7306674e-01
   4.3250634e-02   5.5950677e-02   4.5193636e-02   8.0237597e-02   7.7380863e-02  -2.3401004e-02   9.6737971e-02  -5.6605692e-02   6.8493964e-02   9.5738565e-02   2.2625074e-01  -1.6807997e-02   2.4450969e-01   2.5142324e-01   3.6052000e-01   0.0000000e+00   1.1614154e-01   2.2900983e-02  -2.1007316e-02   3.0433658e-01   1.6991304e-01   1.1637621e-01   1.2188470e-01   1.7889188e-01   1.9135486e-01   7.1439664e-02   1.8792069e-01   3.1138201e-02   1.3444262e-01   1.2424491e-01   1.5240584e-01   6.6747041e-02   1.0354991e-01   2.4215985e-01   1.3090154e-01   1.0643587e-01   2.2282427e-01   1.9408957e-01   3.7595755e-02   2.0901660e-01   1.8073715e-01  -2.4824098e-02   1.1006893e-02  -3.7976739e-02  -3.9724277e-02   2.5966335e-02   1.4973838e-01   1.9632347e-01   6.7556085e-02  -1.7669577e-02   1.0086001e-01   6.4598042e-02   1.0211336e-01   1.2858896e-01   3.3040983e-01   2.9199143e-01  -9.5559641e-03   1.5757131e-01   2.7398869e-02   2.8845607e-02  -2.4955284e-02  -2.1839987e-02  -6.7614168e-02   1.3891219e-01   8.6985350e-02   8.6826775e-02   1.6076407e-01  -4.6654115e-03  -2.5052376e-02   5.5522535e-02  -4.6277225e-02  -4.4561027e-02   3.2611537e-03  -4.8665422e-02  -5.9457468e-02  -8.3138455e-03  -6.6660645e-02  -4.4390858e-02  -1.0769208e-01  -1.8544530e-02  -1.1385465e-01  -1.1759340e-01   4.5764578e-03  -1.7967064e-02  -5.7169929e-02  -9.9101517e-02   3.5282161e-02  -1.5630072e-01  -9.9162472e-02   9.1609817e-02  -5.4723102e-02  -2.1941638e-02  -5.1960017e-02  -7.8346894e-02  -2.9490023e-02   5.0041302e-02  -2.8568047e-02   1.2185621e-01  -5.5875920e-02   2.2512582e-02  -1.4218456e-01  -6.6948124e-03  -5.0336839e-02   1.5280509e-02   3.8313251e-02   4.6025765e-02   2.8444218e-02   9.4479732e-02   5.0980090e-02   2.0710790e-01   1.3050474e-01   2.0090761e-02   5.0148901e-02  -1.1867911e-01  -7.3693568e-02  -5.5668822e-02  -8.2155214e-02  -5.2415653e-02
   2.5547330e-02  -1.3427097e-02   9.6958432e-02   1.7048157e-01   1.8883867e-01  -1.5236182e-03   1.0732136e-01   5.7640763e-03   1.6723883e-01   1.7480187e-01   1.5055930e-01   4.9491748e-02   1.4817352e-01  -2.5450281e-03   2.6496009e-01   1.1614154e-01   0.0000000e+00   1.9284277e-01  -7.8992343e-02   4.2892236e-01   3.0360611e-01   7.0534058e-02   8.5778020e-02   9.6649849e-02   1.4837973e-01   4.4311258e-02   2.3212718e-01   1.2289531e-01   2.0135861e-01   2.1841409e-01   2.7124838e-01   2.6929643e-02   1.6091232e-01   3.1369327e-01   2.0542672e-01   6.5700164e-02   2.0172110e-01   2.0910995e-01  -1.4415968e-02   2.9552012e-01   1.3141820e-01  -2.9142647e-02   1.0138281e-01  -3.5098379e-02  -1.2057562e-01   7.9252036e-02   2.7731090e-01   2.1411502e-01   2.9363620e-01  -1.8357835e-03   8.6930187e-02   1.2396526e-01   1.4006303e-02   7.6201445e-02   1.7182454e-01   2.8980820e-01  -1.1339986e-01   1.0155157e-01  -1.0505971e-01   7.5605994e-02  -4.3386722e-02  -1.1147815e-01  -1.5131512e-01   1.2466825e-01   1.5363975e-02   1.3818918e-01   1.0344317e-01  -5.9835012e-02  -4.2794394e-02   2.0789201e-01  -1.2846033e-01  -8.0834988e-03  -5.9621622e-03   1.5082051e-02  -1.3195091e-02  -2.5304076e-02  -9.6667293e-02  -4.8946206e-02  -6.5619961e-02  -1.1431943e-01  -3.1304063e-02  -9.9832137e-02  -4.3447238e-02   6.0093414e-02  -4.7819462e-02  -2.0392518e-02   6.7879972e-02  -8.9994426e-02  -1.7794868e-02   7.9660190e-02   4.9681975e-02   1.3748190e-02  -1.3107214e-01  -6.3475479e-02  -4.7426106e-02  -8.4687151e-02  -1.4612479e-01   1.6840811e-02  -2.3645075e-02  -5.8008423e-02  -2.3770057e-01  -1.2376930e-01   2.0928471e-02  -3.2692427e-02  -1.3984761e-01  -7.3800298e-02   2.4274550e-02   3.7904349e-02  -7.1472532e-02   1.6479941e-01   1.1437699e-01   1.3949286e-02   7.3975278e-02   1.2622444e-01   1.4370504e-01  -1.8882586e-01  -7.5842174e-02  -7.9245295e-02
  -8.4494616e-03   1.1592113e-01   1.0139150e-01   8.6094139e-02   1.8665904e-01   8.1483002e-02   7.3363026e-02  -3.6411602e-02  -7.1613722e-02   2.9706734e-02   1.9553900e-01   4.2290901e-02   8.6761835e-02  -2.1671839e-02   4.7937392e-02   2.2900983e-02   1.9284277e-01   0.0000000e+00  -1.3927707e-02   1.6141678e-01   1.8799013e-02   4.0598904e-02  -2.8384242e-03   1.1260268e-01   6.1449968e-02   4.0955063e-02   1.0193285e-01   1.3248531e-01   1.2613493e-01   1.5036409e-01   1.2923344e-01   9.5951391e-02  -2.7949477e-02  -1.9579672e-02   7.4755051e-02   6.4535155e-03   5.6271711e-02   1.1687145e-01   1.9303696e-02   2.1424594e-01   7.8104198e-02   1.0354894e-01   2.1355851e-01   3.4211995e-02  -4.4037001e-02   6.4201586e-02   1.2975651e-01   1.0179160e-01   1.6650821e-01   1.9794710e-01   1.3224049e-01  -3.9902228e-02   1.5626747e-01   3.9718235e-02  -8.0736966e-02   8.3121527e-02  -3.8496624e-02   4.0520674e-02   1.7431174e-02   1.9099261e-01   2.3579236e-02  -2.2342860e-02  -1.4355155e-01   1.7140575e-02  -2.1529610e-02   4.3311691e-02   4.1694934e-02   6.8333469e-02   1.2037032e-01   2.2010940e-01   1.2594329e-01   1.9171116e-01  -3.0594198e-03  -2.8926299e-02   1.4930937e-01   1.9867764e-01   1.1401854e-03  -7.5590948e-02   1.5951089e-01   1.4175445e-01   1.2767263e-01   2.1829918e-01   1.1430418e-01   3.1188632e-01   1.8146142e-01   3.0631459e-01   2.1465942e-01   1.9700708e-01   2.0513374e-01   1.9813053e-01   9.6087381e-02   2.1334905e-02   6.1015646e-03   1.3556788e-01   3.5005252e-02   1.0509975e-01   3.6798472e-02   2.3453133e-02  -1.6302221e-02  -1.6469928e-02   2.0448447e-02  -7.5902322e-02   1.9309086e-01   8.3067082e-02  -7.3699749e-02   5.8080517e-02   1.4251920e-02   1.2023973e-01  -4.3018783e-02   1.0487331e-01   1.2843590e-01  -6.6361667e-03   6.6651567e-02   4.6047093e-02   7.1747467e-02   7.7894481e-02   8.4182451e-02   9.8270415e-02
   1.8811088e-01  -1.5281398e-01  -8.7481810e-02   7.5371289e-02   2.6578917e-02   7.7289401e-02   1.5109219e-01   5.7321127e-02   6.3225419e-02   1.6625023e-03   2.2033307e-02   6.5368029e-04   6.7267830e-02   6.9939607e-02   7.4841103e-02  -2.1007316e-02  -7.8992343e-02  -1.3927707e-02   0.0000000e+00   4.0651692e-03   6.1344591e-02   3.5772555e-03  -1.9655694e-02   7.2811772e-02  -2.4156699e-03  -5.5629981e-03   8.5784640e-03  -4.8686480e-02   6.3838204e-02  -5.8471059e-03  -2.7516843e-02   1.1030097e-01  -2.2273906e-02  -5.3458069e-02  -3.4306167e-02   9.6330403e-02   7.8569099e-02   5.6712084e-02   8.6691107e-02   6.9534309e-02   7.9157084e-02   1.1007733e-01   1.1623043e-01   1.3210600e-01  -1.9340158e-03   1.2582607e-01  -1.0717289e-02   8.0373042e-02   4.6542302e-02  -6.6284696e-04   4.9431129e-02   4.3293957e-02   1.0203730e-01   5.4149474e-02  -1.0125847e-01  -3.8230400e-02   8.7557308e-02   1.3548034e-02   4.5666103e-01   1.9896958e-02   3.6200916e-02   1.0545658e-02  -5.3344527e-04   9.0560733e-02   6.0444330e-02  -3.3470798e-03   5.2681995e-02  -9.9743040e-03  -1.7864199e-02  -1.0086358e-02   8.6306782e-03   5.6578131e-02   2.0036941e-01   7.7405118e-02   9.7253489e-02   7.2196939e-02  -1.3470989e-02   3.5441543e-02   3.6072756e-02   5.9793861e-02   2.9088837e-02  -2.3388386e-03   4.5692108e-02   3.0270154e-02   1.1564719e-01   1.3076838e-04  -8.8851266e-03   4.4090302e-03   7.3758192e-03   1.4826882e-02   3.2819789e-02   2.1535755e-02  -6.2813277e-02  -3.1425457e-02   3.8654413e-01   5.9950411e-03   3.0903311e-03   3.4063909e-02   2.6339095e-02  -1.5767926e-02   1.9430027e-02   2.1038891e-02  -5.5360147e-02   1.1744029e-01   1.0908437e-01   1.1798093e-01   1.4385157e-02   3.6822840e-02  -1.3140761e-02   1.0423417e-01   1.7740646e-01   7.2172179e-02   5.5173281e-02  -4.2780394e-02   1.9775187e-02   6.1303037e-02   1.6993335e-01   6.2013218e-02
  -2.8552128e-02   8.0513152e-02   8.7829852e-02   7.7580395e-02   2.0586649e-01  -8.8976009e-02   2.0099576e-01   1.8632543e-02   5.9222391e-02   6.2257194e-02   3.0432756e-01  -1.4048434e-01   5.0676875e-01   2.4571247e-01   4.4410446e-01   3.0433658e-01   4.2892236e-01   1.6141678e-01   4.0651692e-03   0.0000000e+00   5.1345402e-01   2.9842194e-01   3.0317115e-01   3.7228306e-01   3.8819271e-01   9.3537915e-02   4.5164952e-01   2.7249880e-01   3.7056539e-01   3.1913574e-01   6.1455572e-01   1.9134866e-01   1.6799234e-01   4.5661771e-01   3.7238989e-01   8.8887523e-02   3.8990145e-01   5.0501189e-01   8.0624985e-02   5.1893097e-01   3.1568451e-01  -4.0494381e-02   2.2584592e-01  -9.0378877e-03  -3.8744559e-02   2.6403756e-02   3.0117122e-01   4.5902683e-01   1.9703606e-01   6.5389817e-02   2.9620095e-01   1.1884794e-01   1.0010642e-01   1.4018311e-01   2.2462990e-01   3.5204976e-01  -6.6506406e-02   1.1085094e-01   2.4021451e-03   1.8203746e-01  -2.1400225e-02  -7.3775423e-02  -1.5606713e-01   2.7374530e-01   2.8542550e-02   1.9543641e-01   1.4907764e-01  -7.5528436e-02   3.5008933e-02   1.6505394e-01  -1.1745014e-01  -6.4208436e-02  -5.0281262e-02  -8.7559902e-02  -2.5026102e-02   9.3037617e-02  -3.6116677e-02  -2.0976078e-02  -7.7843302e-02   4.8793495e-02  -9.5284644e-02  -8.4257875e-02   1.0030090e-01   1.7878951e-01  -4.0622178e-02   5.9280421e-03   2.6197681e-01  -7.9968948e-02   8.3300323e-03   1.9463660e-01   7.2858107e-02  -2.0381419e-02  -8.9634668e-02  -5.4978015e-02  -5.9883293e-02  -3.7549158e-02  -1.5732857e-01   5.7074185e-02  -4.2550185e-02  -2.6937280e-02  -2.2090673e-01  -1.5548522e-01   2.5548132e-02   5.8367570e-02  -3.3159916e-02  -6.2056526e-02   7.4085883e-02   1.5178948e-02  -3.4832883e-03   2.9319639e-01   3.9842260e-01   6.9752317e-02   3.3384370e-02  -4.4390826e-02   6.7755899e-02  -1.1919446e-01  -7.3904935e-02   9.4270864e-02
  -6.1289187e-02  -6.2858085e-02  -3.0176232e-02   9.1241377e-02   6.4899552e-02  -6.2755110e-02   2.4375382e-02  -8.9902851e-03   1.0707757e-02   1.5813863e-01   2.0412558e-01  -3.9862618e-02   2.5793901e-01   2.4561140e-01   3.7316430e-01   1.6991304e-01   3.0360611e-01   1.8799013e-02   6.1344591e-02   5.1345402e-01   0.0000000e+00   4.4300470e-01   2.6917894e-01   3.1053440e-01   4.8621346e-01   2.6790104e-01   3.0983002e-01   1.0912961e-01   3.7765326e-01   1.3643600e-01   2.0252595e-01   3.2368024e-02   1.9287445e-01   3.7559084e-01   3.6182440e-01   2.1737977e-01   4.2033449e-01   4.3491115e-01   1.0405749e-01   5.6955909e-01   3.0862573e-01   5.7113766e-02   1.4329367e-01   1.2305640e-01   1.2068049e-01   1.4058305e-01   2.0272083e-01   2.9601220e-01   1.0813587e-01  -4.4141676e-02  -1.6078505e-02   2.3347799e-01   4.2619234e-02   1.4324897e-01   2.0855022e-01   2.5855774e-01   8.5338071e-02   6.1870043e-02   7.5208752e-02   1.3123429e-01   5.8247007e-02   7.0282674e-03   3.4544043e-03   2.1030569e-01   3.5294533e-02   1.1971925e-01   6.0797795e-02  -1.8111722e-01  -1.2265106e-01   1.4079072e-01  -2.9659843e-03  -2.0505244e-01  -4.6708329e-02  -5.1643073e-02   1.3155483e-02  -1.6205799e-01  -1.5930725e-01  -3.2318393e-02  -9.9448161e-02  -3.4953858e-02  -6.0725378e-02  -1.1113319e-01   9.3511985e-03   1.0370567e-01  -6.0978249e-02  -1.3881612e-01  -9.5332970e-03  -1.1839577e-01  -2.0338101e-01   1.0718705e-02  -3.8296992e-03   8.0226481e-02  -2.3855140e-02  -8.0409610e-02   5.5303884e-02  -2.0070081e-02  -9.2393853e-02   1.4463200e-01  -3.4469536e-03  -3.3517769e-02  -1.4455092e-01  -3.9113307e-02  -1.0148521e-01   1.1762695e-01   2.2736050e-02  -4.0158230e-02   2.9667788e-02   5.4711536e-02  -2.3875746e-02   1.2890250e-01   2.0101808e-01   7.1082554e-02   1.5588437e-02   4.2508832e-02   1.7614940e-02  -8.3543492e-02  -1.5632744e-01  -1.6932376e-01
