   0.0000000e+00   1.4483192e-01   0.0000000e+00  -2.8820415e-02  -6.5653410e-02   2.9280606e-03   5.9161309e-01   9.0746513e-02  -2.3299926e-03   1.0918934e-01   2.7300424e-01  -3.1302596e-02  -1.5107799e-01   4.5272400e-02  -2.4788339e-02  -1.5445698e-01  -2.1753443e-01  -1.4947933e-01   9.3009821e-02  -2.6883342e-01  -2.3547537e-02  -1.2370496e-01   6.7720350e-02   6.1761576e-02  -1.7857420e-01  -6.2970782e-02  -2.2544371e-01  -2.6650255e-01  -6.3886605e-02   1.3327616e-02  -5.6826003e-03  -1.3949093e-01  -1.1738527e-01   7.6877777e-02  -1.3631930e-01  -6.0671140e-02  -3.2169406e-02   6.4384301e-02  -1.3444574e-01   1.3305565e-01   1.6948933e-01  -8.6869979e-02  -1.2851420e-02  -1.1646141e-02   1.0233374e-01  -3.4374707e-02   1.6253745e-02  -7.9767846e-02  -8.1564787e-02   5.7261671e-02   0.0000000e+00   5.6939296e-03  -3.1299844e-02   6.5429186e-02  -1.1556993e-01  -1.8900271e-02  -2.1402013e-01  -1.0061674e-01   1.8848960e-01  -1.2920493e-01  -1.2469893e-01  -1.5826753e-01  -1.9556146e-01   1.2945945e-01  -3.7872294e-02   1.1420055e-01   7.1873948e-02   2.3946694e-01   1.6648086e-01  -1.0890922e-01  -8.1657795e-02   1.5673314e-01   2.8841156e-01   1.1119657e-01   2.0003550e-01   3.8153915e-01   3.5323398e-01   8.0972037e-02  -1.2253673e-01   1.4920884e-01   2.2748816e-02  -2.4245015e-02  -3.8597225e-02   2.5469286e-02  -3.1996453e-02   7.2851428e-02   2.2781727e-01   1.6701611e-01  -7.1128029e-03   2.3996373e-01   7.9238007e-02  -2.2996748e-01  -9.6889135e-02   4.0463306e-02   7.0000435e-03   3.2353634e-02  -1.5219127e-01  -8.3926084e-02   3.1948323e-02  -1.6698256e-02  -5.5589954e-02  -2.4295454e-01  -1.1116568e-01  -6.9877301e-02  -1.4211241e-02  -3.7798043e-02   7.3979820e-02  -1.9039491e-01   1.2984216e-01  -3.8005230e-03   1.4226835e-01   1.5138399e-01   1.9247918e-01   9.1445971e-02   0.0000000e+00  -1.2825409e-01   6.0940037e-02   2.7053813e-01
   1.4483192e-01   0.0000000e+00   0.0000000e+00   1.5404365e-01   2.1272743e-03   2.7431491e-02   2.0688144e-01   8.4607660e-02   1.6240757e-01   2.5028307e-02   3.2918532e-02  -8.8138818e-02   3.6189371e-02   4.9968837e-02  -9.7425097e-02  -4.3788951e-02  -5.4384230e-02   1.0179351e-02  -7.3911393e-02  -2.0503465e-02  -3.5323167e-02  -1.9941786e-02   7.6508332e-04  -8.5184927e-03  -1.1430372e-01  -3.3567700e-03  -5.1047976e-02  -1.5196074e-01   2.9160084e-02   5.3312895e-02   1.4437401e-01  -1.5675023e-01   5.6716382e-02   7.8404637e-02  -7.4633228e-02  -5.5349692e-02   2.1853493e-02   1.5678378e-02  -1.0740778e-01   5.9648574e-02   2.3870199e-02  -5.4332399e-02  -4.3162604e-03  -6.8061758e-02   6.8140771e-02  -2.9093434e-02  -6.5369817e-02  -9.5840818e-03   7.7514866e-02   5.8895741e-02   0.0000000e+00   9.7381002e-02  -5.0715387e-02   1.2178696e-02  -6.2357133e-02  -7.0947736e-03  -5.0321640e-02  -2.1208902e-02   1.7251098e-02  -8.0867104e-03  -1.3516538e-01  -1.7423341e-01  -1.1967713e-01   1.6287288e-01   3.6465846e-02  -2.0741242e-02   1.1180853e-01   1.3673132e-01   2.8871496e-01   1.1358832e-01  -1.6589553e-01   4.1867751e-02  -7.2301020e-02  -1.5635816e-01   1.4868805e-03   2.8474175e-01   3.5183254e-01   4.9632937e-02  -4.7043020e-02   9.4309544e-02   2.1187176e-02  -2.5558483e-02  -1.4282764e-02   5.8082819e-02   3.0082548e-02   5.5903668e-02   2.3819907e-01   5.5632340e-02   6.7528641e-02   1.5837848e-01   1.1203282e-02  -8.4594838e-02  -3.8383489e-03   3.5229029e-02  -7.2957518e-02  -2.6721694e-02  -1.5130289e-01  -1.1278963e-01  -5.8009098e-02   7.7017333e-02  -1.4136190e-01  -1.4776877e-01  -1.3019048e-01  -5.2663391e-02  -1.0816372e-02   5.4810942e-02   3.3905460e-02  -7.8050415e-02   6.3960082e-02   3.8135634e-02   1.9612897e-01  -1.9197375e-03   6.2266066e-02  -3.0245920e-02   0.0000000e+00   1.6900093e-03   6.3055135e-02   1.9028640e-01
   0.0000000e+00   0.0000000e+00   0.0000000e+00   0.0000000e+00   0.0000000e+00   0.0000000e+00   0.0000000e+00   0.0000000e+00   0.0000000e+00   0.0000000e+00   0.0000000e+00   0.0000000e+00   0.0000000e+00   0.0000000e+00   0.0000000e+00   0.0000000e+00   0.0000000e+00   0.0000000e+00   0.0000000e+00   0.0000000e+00   0.0000000e+00   0.0000000e+00   0.0000000e+00   0.0000000e+00   0.0000000e+00   0.0000000e+00   0.0000000e+00   0.0000000e+00   0.0000000e+00   0.0000000e+00   0.0000000e+00   0.0000000e+00   0.0000000e+00   0.0000000e+00   0.0000000e+00   0.0000000e+00   0.0000000e+00   0.0000000e+00   0.0000000e+00   0.0000000e+00   0.0000000e+00   0.0000000e+00   0.0000000e+00   0.0000000e+00   0.0000000e+00   0.0000000e+00   0.0000000e+00   0.0000000e+00   0.0000000e+00   0.0000000e+00   0.0000000e+00   0.0000000e+00   0.0000000e+00   0.0000000e+00   0.0000000e+00   0.0000000e+00   0.0000000e+00   0.0000000e+00   0.0000000e+00   0.0000000e+00   0.0000000e+00   0.0000000e+00   0.0000000e+00   0.0000000e+00   0.0000000e+00   0.0000000e+00   0.0000000e+00   0.0000000e+00   0.0000000e+00   0.0000000e+00   0.0000000e+00   0.0000000e+00   0.0000000e+00   0.0000000e+00   0.0000000e+00   0.0000000e+00   0.0000000e+00   0.0000000e+00   0.0000000e+00   0.0000000e+00   0.0000000e+00   0.0000000e+00   0.0000000e+00   0.0000000e+00   0.0000000e+00   0.0000000e+00   0.0000000e+00   0.0000000e+00   0.0000000e+00   0.0000000e+00   0.0000000e+00   0.0000000e+00   0.0000000e+00   0.0000000e+00   0.0000000e+00   0.0000000e+00   0.0000000e+00   0.0000000e+00   0.0000000e+00   0.0000000e+00   0.0000000e+00   0.0000000e+00   0.0000000e+00   0.0000000e+00   0.0000000e+00   0.0000000e+00   0.0000000e+00   0.0000000e+00   0.0000000e+00   0.0000000e+00   0.0000000e+00   0.0000000e+00   0.0000000e+00   0.0000000e+00   0.0000000e+00   0.0000000e+00   0.0000000e+00   0.0000000e+00
  -2.8820415e-02   1.5404365e-01   0.0000000e+00   0.0000000e+00  -1.3589413e-01  -5.4333378e-02  -2.1973429e-02  -2.9124588e-02   2.4857044e-01   1.2341390e-01   8.6600332e-02  -3.1653911e-02  -1.2729271e-01   9.2568400e-02   8.7288459e-02   1.3388939e-01  -8.4205277e-03  -4.2752131e-02   7.2264896e-02  -9.6961028e-04   1.0268199e-01   3.0784007e-02   2.7603536e-01   1.8437176e-01  -3.9408130e-02   4.7145152e-02  -1.1997470e-01   7.9847775e-03   1.2896447e-01   2.3688613e-01   1.5995004e-02  -1.4361681e-01   1.3520288e-01   7.7127236e-02  -1.9309631e-03   1.0484255e-01   6.4541420e-02   2.4687493e-01  -8.1599987e-02   2.6131805e-01   2.9584555e-01   6.9671161e-02  -1.1001961e-01   3.3491245e-02   2.9495853e-02   7.9964015e-02   6.6447284e-02   7.7305342e-02   1.4870301e-01  -5.5422353e-02   0.0000000e+00  -2.2081886e-02   2.3077504e-02  -4.5721983e-02   6.2331076e-02   1.7240818e-01  -1.1689924e-01   8.2289376e-02   7.2347831e-02   2.4514287e-03  -7.6752476e-02  -2.0048173e-01  -2.3677310e-02   2.8274985e-02  -5.1677684e-02  -2.3312322e-02  -2.4784468e-02   1.9559963e-02   1.1669953e-01  -1.0869997e-01  -1.1075577e-01  -7.2456110e-02  -1.0014976e-01  -4.4024085e-02  -1.0323616e-01   6.2851127e-02   5.6979728e-02  -3.2866859e-02  -1.5959656e-01  -7.3247415e-02  -1.0432894e-01   3.1314186e-02   1.0532503e-01  -1.1221831e-01  -1.4811743e-01  -4.0052435e-02   4.6301274e-02  -1.1053407e-01  -6.7422241e-02  -1.2249494e-02  -7.1509290e-02  -1.4589617e-01   5.1100598e-03  -1.7150259e-02  -1.4206174e-01   2.2516116e-02  -1.3234976e-01  -1.0545303e-02  -8.7712659e-03   2.0940774e-01  -1.8208830e-01  -1.2885856e-01  -1.7625462e-01   5.2545033e-02  -2.0746450e-02   1.5998372e-01   6.9990674e-02   3.1982327e-03  -1.2381982e-01   2.1086490e-02   1.1294707e-01   9.3784626e-02   1.0936486e-01   1.2602021e-01   0.0000000e+00   2.7922072e-03  -1.1177448e-01   6.6246145e-02
  -6.5653410e-02   2.1272743e-03   0.0000000e+00  -1.3589413e-01   0.0000000e+00   3.7960880e-01  -4.0671318e-02  -1.4170603e-02  -1.6780172e-01   1.0786116e-01  -1.9281357e-02   2.4201352e-01   3.9725003e-03  -3.2015702e-02  -7.8041055e-03   1.8544000e-01   4.6472726e-01   4.4592133e-01   1.4728897e-02   3.9270170e-01   3.6182516e-02   1.0582424e-01  -2.8622857e-02  -7.5815179e-02   3.8038022e-01   2.1638926e-01   7.0798846e-01   3.1908281e-01   1.5626977e-01   2.7747579e-02   2.3954801e-01   2.7860521e-01   1.7817296e-02  -9.1159181e-02   1.2248194e-01   7.6117543e-02  -1.9629332e-02   1.9348838e-02   2.4181540e-01  -1.1574197e-01   4.5399294e-03   1.6291890e-01   3.0315588e-01   1.7608605e-01  -1.2099235e-01   2.1044977e-01   1.5718943e-01   1.5047355e-01   1.4920776e-02   5.6644475e-01   0.0000000e+00   2.4290625e-01   2.2338513e-01  -4.1108676e-03   2.7547450e-01   7.7594784e-02   4.0968952e-01   1.6529286e-01  -2.1136948e-02   3.7426025e-01   2.5023813e-01   3.0989433e-01   2.0674321e-03  -2.0624553e-02   4.3267817e-02   1.9847556e-01  -6.6271373e-02   4.5148455e-02  -1.5842382e-01   3.3200322e-01   2.8343458e-01   4.3992766e-02   9.2113469e-02   5.8533128e-02   9.0200676e-02  -5.3263890e-02  -7.6905651e-02   2.5947693e-01   4.4502341e-01   1.1917339e-01   5.8480302e-01   3.5349265e-01   1.9913831e-01   3.5059735e-01   5.0873809e-01   1.5449231e-01  -6.6765550e-02   2.6169625e-01   3.7909401e-01  -2.7719523e-03   1.2655870e-01   3.5119540e-01   1.0623881e-01   2.4261025e-02   2.8288327e-01   1.5746049e-01   2.8642015e-01   1.6944146e-01   9.2536391e-02   1.2894756e-03   3.6594267e-01   3.1344025e-01   3.0565077e-01   2.3897510e-01   1.0726321e-01   8.2936147e-02   5.7834705e-03   1.9623939e-01  -3.2262733e-02   5.1491986e-02  -1.3805173e-01   3.7281839e-02   1.1834429e-02   5.7637329e-02   0.0000000e+00   9.5906656e-02   1.1538291e-01   3.5471758e-02
   2.9280606e-03   2.7431491e-02   0.0000000e+00  -5.4333378e-02   3.7960880e-01   0.0000000e+00  -7.8677000e-02   2.9752861e-02  -6.4509676e-02  -7.9936569e-02  -1.5319858e-01   1.8581804e-01   1.0668090e-01  -4.9577017e-02  -1.3138431e-01   6.9245758e-02   2.9636139e-01   3.1117637e-01   5.5480251e-02   2.3358623e-01  -1.2580505e-01   7.2835062e-02  -1.1224434e-01  -1.4157554e-01   3.0567245e-01   3.1843647e-01   4.9704982e-01   1.1090344e-01  -1.3008679e-02  -1.5015439e-01   4.1448775e-01   2.2422716e-01   1.1141479e-02  -1.5502754e-01   7.4191905e-03  -8.9619650e-03  -3.0724787e-02  -1.8873704e-02   2.6417367e-01  -1.9561735e-01  -3.0180467e-02   8.6598237e-02   1.1521344e-01   7.1638710e-02  -2.6463149e-01   6.8929510e-02  -1.1177025e-01   3.3066455e-02  -1.5454929e-01   3.3262544e-01   0.0000000e+00   1.3583510e-01   2.0958164e-01  -9.4593304e-02   1.0333526e-01  -1.4125258e-01   3.8050329e-01  -1.5293974e-02  -3.9879510e-02   2.9124159e-01   1.6663434e-01   3.0435555e-01   1.2489487e-01  -1.4164339e-01   3.6164462e-02   2.1523115e-02   2.7966471e-02   7.9718141e-02  -6.8105856e-03   4.4655673e-01   2.0001710e-01   1.5949700e-01   1.6552760e-01   1.5158533e-01   7.2867158e-02  -5.4700756e-02   7.0295710e-02   4.5502010e-01   5.4593264e-01   2.3129085e-01   4.3318536e-01   4.3030722e-01   1.5947567e-03   2.3458503e-01   3.7475150e-01   1.2710505e-01  -1.0033579e-01   3.0037356e-01   1.9961433e-01  -9.8636437e-03   6.7678203e-02   5.0616243e-01   1.6175567e-01   4.8377410e-02   1.5630359e-01   4.2371793e-02   1.8701365e-01   1.5438580e-01   8.5728330e-02   4.7598654e-02   3.1787055e-01   3.5308905e-01   3.2328731e-01   2.1602087e-01   2.0876642e-01  -6.7137659e-03   1.5639175e-02   1.8810947e-01  -3.5654686e-02   1.2238659e-01  -2.4613893e-01   8.6186683e-02   3.6291304e-02   1.3688302e-01   0.0000000e+00   1.3867007e-01   2.7671037e-01  -5.2050194e-03
   5.9161309e-01   2.0688144e-01   0.0000000e+00  -2.1973429e-02  -4.0671318e-02  -7.8677000e-02   0.0000000e+00   4.2217733e-02   5.4255102e-02   2.2952078e-01   2.2952539e-01  -1.2843259e-01  -9.3533472e-02   7.5464010e-02   1.6007834e-01  -6.8403858e-02  -1.1050381e-01  -7.3039366e-02   7.8489224e-02  -1.0710054e-01   1.1183305e-01  -9.8077186e-02   1.3273822e-01   5.0303999e-02  -1.9815355e-01  -8.2828790e-02  -1.6215254e-01  -1.4042535e-01   1.3451310e-01   1.6029261e-01  -6.5985629e-02  -1.3743107e-01   8.9586555e-02   2.6251898e-01  -9.2627875e-02   9.0403861e-02   1.2685509e-01   7.3631499e-02  -1.3745545e-01   2.5540643e-01   1.7277372e-01   1.6169769e-02   3.4157748e-02   4.9366069e-02   1.0935324e-01   2.6590859e-02   1.4903673e-01   6.7513080e-02   1.2319977e-01   1.3397817e-01   0.0000000e+00   1.5956032e-01  -8.7761012e-02   1.1807213e-01  -5.6074476e-02   7.0588710e-02  -2.6361271e-01   6.5015645e-02   1.9582177e-01  -1.1361357e-01  -2.2542915e-01  -3.2945882e-01  -1.4510705e-01   3.4863472e-01   1.3383038e-03   3.3082368e-01   1.0370615e-01   2.2251712e-01   1.4834776e-01  -1.0683336e-01  -1.7606830e-01   1.2004803e-01   1.7460916e-01  -8.7764401e-02   8.3043257e-02   2.9580992e-01   2.4017932e-01   1.0824825e-01  -1.3989244e-01   1.1351914e-01   9.7536905e-02  -1.1142880e-01   6.0643255e-02   7.4117453e-02   1.8327072e-02   4.8537606e-02   2.8492095e-01   7.3195616e-02   2.3775939e-01   1.6778825e-01   1.5972326e-01  -2.6635958e-01  -1.3724434e-01   2.4014958e-02   2.3716821e-02  -1.3667640e-02  -2.6680799e-01  -1.5115553e-01  -1.5693552e-02  -1.1523884e-03  -1.8788583e-01  -4.1153108e-01  -2.4561295e-01  -1.5346978e-01  -8.3040136e-02   7.8763941e-02   8.7161419e-02  -1.3988799e-01   1.2942732e-01   2.3722840e-02   3.5391559e-01   5.0407029e-02   9.1279448e-02   4.9867838e-02   0.0000000e+00  -5.6215377e-02  -2.4758361e-02   2.1291881e-01
   9.0746513e-02   8.4607660e-02   0.0000000e+00  -2.9124588e-02  -1.4170603e-02   2.9752861e-02   4.2217733e-02   0.0000000e+00   3.8447923e-02  -8.0757305e-02  -5.4910665e-02  -2.1914607e-02   1.3325991e-01   1.0384158e-01  -6.8829706e-02  -1.8918984e-02  -1.3734852e-01  -1.1461809e-01  -1.0703073e-02  -1.6446965e-01  -1.9907067e-02   8.5408281e-02   7.8697091e-04  -1.5370509e-02   2.7599747e-02  -6.4534922e-02  -1.2586376e-01  -9.4118016e-02  -1.0630436e-01  -6.3984735e-02   2.3107380e-02  -5.0132960e-02  -1.1492987e-01  -6.0688201e-02  -4.4810833e-02  -6.0736411e-02   3.9477157e-02  -1.9106495e-02   3.0517100e-02  -7.2313841e-02  -4.2053858e-02  -5.3452103e-02   3.7333105e-02  -2.8970624e-02  -5.7143351e-02  -1.4808370e-02  -1.7900851e-02  -6.0544393e-02  -5.7475082e-02  -7.1259010e-02   0.0000000e+00  -6.0248807e-02   6.1387301e-02  -3.5611577e-02  -3.1564497e-02  -4.5114010e-02  -5.1955572e-02  -2.8287412e-03  -1.3594246e-02  -9.5584401e-04   1.1158474e-01   1.0065666e-01  -4.7636546e-03  -5.1685245e-02  -1.0213629e-02  -2.4380067e-02   1.7440028e-01   8.4769558e-02   1.7246671e-01   4.9543592e-03  -2.1342769e-02   2.3234786e-01   1.1803476e-02   1.8697930e-02   3.2644416e-02   1.9712029e-01   2.7724964e-01   1.5586859e-02  -4.8785791e-02   1.8940436e-01  -1.4578308e-01   4.6581079e-03   6.3151723e-02   2.4243658e-02  -4.9691584e-02   1.0686391e-01   1.1303828e-01   6.7919214e-02  -3.9374778e-02   2.1510907e-01   3.2308872e-02  -7.3507546e-02   2.8722424e-02  -1.7247135e-02  -4.2944407e-02   5.6909849e-02   1.0089726e-01   6.5700578e-02   7.5001805e-02   3.4444712e-02   9.0184822e-02  -2.6429664e-02  -3.3366919e-02  -1.5178814e-03   7.2772251e-02  -9.7658384e-02   2.4700370e-02  -9.0175179e-03  -6.2377601e-02  -4.0941990e-02  -3.3079595e-02  -9.9539660e-04  -1.8478324e-03  -1.0806174e-01   0.0000000e+00   1.7278291e-01   3.9552222e-01   1.3657106e-01
  -2.3299926e-03   1.6240757e-01   0.0000000e+00   2.4857044e-01  -1.6780172e-01  -6.4509676e-02   5.4255102e-02   3.8447923e-02   0.0000000e+00  -6.2702269e-02  -5.8576997e-02  -2.2101649e-01   4.9696451e-02   2.6218685e-02  -3.0635005e-02  -4.3293738e-02  -1.8041555e-01  -1.1552787e-01  -7.7869724e-03  -1.4594935e-01  -4.7758013e-02  -9.6454702e-02   4.8200867e-03  -3.3986185e-02  -1.4989020e-01  -3.3608771e-02  -1.7005408e-01  -1.6459628e-01  -3.8838559e-02  -1.2926435e-01  -7.6038725e-02   2.7107431e-02   1.1920656e-01   2.0024995e-01   1.4014860e-01   3.2602839e-04   2.2465378e-02   2.9627554e-02  -1.1768015e-01   4.7803416e-02  -8.4699649e-03   4.2536226e-03  -1.8172866e-01   2.0026448e-02  -4.8355112e-02  -5.5078605e-02  -1.1089571e-01   9.7229613e-02   1.9069417e-02  -1.1961319e-01   0.0000000e+00  -5.4125152e-02   1.2208486e-02  -4.5534299e-02  -2.7347110e-03  -8.0068519e-02  -1.2700205e-02  -3.9003618e-02   4.3053390e-02  -1.2812445e-01  -1.4047590e-01  -1.8732868e-01   2.7341108e-02  -1.5570335e-02  -8.8336605e-04  -5.1948130e-02   1.7406584e-01   2.7745480e-02   2.8973562e-01  -1.1046265e-01  -3.5755643e-02  -6.3897706e-02  -1.0090502e-01  -9.1256405e-02  -1.0315948e-01   6.4684782e-02   5.2929267e-02   2.2656546e-02  -4.8295739e-02  -8.2115860e-02  -2.1964284e-01  -7.7769046e-02  -1.4261461e-01  -1.4870201e-01  -1.3002748e-01  -1.2626735e-01   1.5886382e-01  -1.5230562e-01  -6.0175892e-02   6.8422454e-02  -8.9614673e-02  -2.4332380e-02   1.5378741e-01   6.8256927e-02  -2.0605790e-02   1.0528029e-01  -8.6477838e-02   9.5249748e-02   1.0356290e-01   1.6016645e-01  -2.9063932e-01  -4.7067487e-02  -3.4415500e-02  -6.7671861e-02   7.5245928e-02   1.3072342e-01   8.7123309e-02   4.5379523e-02   9.3395017e-02   5.9983989e-02   4.4311231e-02   4.3761765e-03   3.9928601e-02   6.9435724e-02   0.0000000e+00   9.5862159e-02  -3.9872065e-02  -1.1886849e-01
   1.0918934e-01   2.5028307e-02   0.0000000e+00   1.2341390e-01   1.0786116e-01  -7.9936569e-02   2.2952078e-01  -8.0757305e-02  -6.2702269e-02   0.0000000e+00   4.3511108e-01   1.1343816e-01  -1.5916881e-01   7.9537185e-02   3.1775753e-01   1.4391134e-01   1.9540888e-01   1.6175930e-01   2.5272422e-01   2.5598459e-01   5.2864452e-01   2.1513785e-01   2.2103652e-01   2.9727934e-01   1.3986745e-01   9.7695568e-03   2.0585978e-01   4.4223410e-01   4.1824904e-01   4.8990860e-01  -1.0783228e-01   1.1434275e-02   3.0133134e-01   3.2456687e-01   2.0258707e-01   4.8646353e-01   3.1132437e-01   3.4290565e-01   1.5141504e-01   4.4891486e-01   3.9389378e-01   3.8181578e-01   2.4436089e-01   2.6503473e-01   2.4805960e-01   3.9982124e-01   4.3758334e-01   1.7300431e-01   3.0432169e-01   1.7498556e-01   0.0000000e+00   2.8592631e-01   5.5177973e-02   2.3741332e-02   1.6168373e-01   2.5715345e-01  -2.5382343e-02   3.6061964e-01   3.4370127e-01   4.6628113e-02  -1.6109965e-02  -1.5465192e-01  -1.5258025e-01   2.1493879e-01   3.7128260e-02   2.8651288e-01  -5.8779566e-02   5.5411457e-02  -1.0883326e-01  -1.2743177e-01  -1.2720909e-01  -1.6438214e-01   3.4403192e-02  -9.3192626e-02   2.7811947e-02  -7.4192181e-02  -7.9242351e-02  -1.0364102e-01  -1.2903549e-01  -1.2463789e-01   1.8358751e-01  -5.3034638e-02   3.6775901e-01   6.8250080e-02   7.9714864e-02   2.8714083e-02   8.8833677e-03   4.2557397e-03   3.7047951e-01  -3.3478785e-02   1.3344304e-01  -1.1718284e-01  -1.6405024e-01   4.6842597e-02   1.0106666e-01   1.8736864e-02  -1.3287849e-02   3.5955459e-02  -2.0479582e-02   2.4787101e-02  -3.9635579e-02  -1.3850930e-01  -1.4078337e-01   2.6901377e-02  -4.3613767e-02   2.6272564e-01   1.2665291e-01  -5.5514346e-03  -4.7998687e-02   8.8020217e-03   2.4412943e-01   8.7975269e-03  -5.0305702e-02   1.5179804e-01   0.0000000e+00  -1.1384717e-01  -1.4573948e-01   1.4744718e-01
   2.7300424e-01   3.2918532e-02   0.0000000e+00   8.6600332e-02  -1.9281357e-02  -1.5319858e-01   2.2952539e-01  -5.4910665e-02  -5.8576997e-02   4.3511108e-01   0.0000000e+00   3.7719779e-04  -5.2343185e-02   1.2146909e-01   2.9766160e-01   1.2491849e-01   6.0434542e-03  -6.7406794e-03   1.7188868e-01   7.2624944e-02   3.5492797e-01   7.3233465e-02   2.9083249e-01   2.4027840e-01  -2.3353906e-03  -5.5864311e-02  -8.2840057e-02   9.0250026e-02   2.3129547e-01   3.5936805e-01  -1.3651824e-01  -6.8024191e-02   1.8484642e-01   2.7941745e-01   5.6532955e-02   2.2001917e-01   2.0400850e-01   3.6536413e-01   1.9530329e-02   5.2991151e-01   4.9134122e-01   2.2785184e-01   1.2372400e-01   1.8964730e-01   1.9703877e-01   2.5838570e-01   2.9066062e-01   2.5114527e-01   3.2370622e-01   1.1915434e-02   0.0000000e+00   9.0468447e-02  -1.7326459e-02   2.6583149e-01   1.3263275e-01   3.6715964e-01  -1.1476348e-01   2.7176484e-01   2.7473855e-01  -1.0489696e-01  -8.7751158e-02  -2.0550621e-01  -1.9863731e-01   2.0723629e-01   5.4641859e-02   2.4511069e-01   8.2453312e-02   7.3585896e-02   2.7359593e-02  -1.1922935e-01  -1.3778215e-01  -8.7239080e-02   1.2366459e-01  -3.8113424e-02   1.5367215e-01   1.0372496e-01  -3.7724087e-02  -1.6633743e-01  -1.5317570e-01  -7.4583280e-02  -4.7753216e-02  -1.2017577e-01   3.1967760e-01  -2.1954198e-02  -6.8461182e-02  -8.9889454e-02   9.4558141e-03  -4.5403331e-02  -1.3190538e-02   6.1117247e-02   3.0386711e-02  -1.9060326e-01  -1.6210055e-01  -2.0693289e-02   4.0942454e-02   3.1165114e-02  -1.6993339e-01  -5.9022419e-02  -5.1500162e-02  -6.9361240e-02  -1.1438142e-01  -2.6290688e-01  -2.5165668e-01  -1.1823867e-01   4.6872630e-02   1.5164108e-01   1.7463301e-01   2.0358115e-02   1.7193546e-01   1.0871165e-01   3.0980367e-01   2.7108753e-02   4.8469479e-02   1.7023415e-01   0.0000000e+00  -4.6135875e-02  -1.6414523e-01   1.5961463e-01
  -3.1302596e-02  -8.8138818e-02   0.0000000e+00  -3.1653911e-02   2.4201352e-01   1.8581804e-01  -1.2843259e-01  -2.1914607e-02  -2.2101649e-01   1.1343816e-01   3.7719779e-04   0.0000000e+00  -1.9354399e-01  -1.3522699e-01  -5.1631520e-02   6.8099217e-02   2.9273783e-01   2.7682091e-01   4.7715910e-02   1.9734459e-01  -9.4420191e-03   9.6454105e-02  -1.1354796e-01  -6.0632273e-02   2.8748079e-01   1.1448435e-01   3.0066992e-01   2.6070231e-01   5.0303675e-02   5.7046501e-02   2.7292558e-01   1.2664437e-01  -1.3085201e-01  -1.7028233e-01   6.6129461e-02   9.7513673e-03  -1.8043589e-01  -5.4886479e-02   2.3923491e-01  -8.2070277e-02  -1.1793785e-02   5.7487618e-02   1.7789194e-01   9.9860999e-02   5.7069227e-02   1.6779507e-01  -1.3778216e-02   7.5670220e-02  -1.0322955e-01   2.7483844e-01   0.0000000e+00   8.7028334e-02   1.6480157e-01  -4.1519021e-02   1.2034487e-01  -2.9383523e-02   2.0589622e-01   8.3526627e-02   1.3408256e-03   3.6672116e-01   2.7017276e-01   3.8642394e-01  -1.6453509e-01  -5.9071694e-02  -2.2791817e-02   9.4593221e-02  -5.8383834e-02   5.6860572e-02  -1.5695554e-01   1.7620524e-01   2.0921516e-01  -3.7061084e-02   8.8683973e-02   2.9807418e-01   1.1619900e-01  -5.1272323e-02  -2.4256394e-02   1.5119474e-01   2.3259747e-01   1.8648226e-01   2.8685883e-01   2.5588780e-01   1.1028767e-01   3.6858710e-01   2.3590577e-01   3.0566458e-01   2.0496110e-02   3.0832375e-01   2.0288533e-01   6.0097777e-04   3.5222501e-01   1.3095698e-01   9.0569466e-02   9.6748323e-02   1.6759159e-01   1.0202988e-01   4.4844231e-01   2.2199111e-02   5.2816984e-02   5.2245351e-02   5.5600990e-01   1.6672622e-01   3.8572592e-01   2.8673080e-01   3.7218251e-03   6.7440200e-03  -1.8683213e-02   1.7674999e-01  -1.3454761e-01   1.2968554e-01  -1.1985377e-01  -8.7729386e-03  -2.0775604e-02   8.5742731e-02   0.0000000e+00   4.2985493e-02   1.9973767e-01   6.9677461e-02
  -1.5107799e-01   3.6189371e-02   0.0000000e+00  -1.2729271e-01   3.9725003e-03   1.0668090e-01  -9.3533472e-02   1.3325991e-01   4.9696451e-02  -1.5916881e-01  -5.2343185e-02  -1.9354399e-01   0.0000000e+00   2.6061903e-01  -2.4811486e-02   4.7738595e-02  -6.3793419e-02  -1.8128320e-02   3.3025330e-02   9.4091816e-02  -4.8933331e-02   9.5203110e-02  -5.4389848e-02  -2.0793890e-02   8.9438696e-02   1.3518589e-01  -6.5418104e-03  -7.4029224e-02   1.9157097e-03  -7.9933691e-02   5.4566826e-02   3.2288121e-02   1.4274441e-01   4.5327438e-02   5.2436102e-02   5.0412508e-02   1.7017486e-01   9.8220494e-03   1.5031436e-01  -6.6954976e-02  -1.7664410e-03   4.1732476e-02   4.1667478e-02   8.3963944e-02  -1.0216774e-01   4.9699374e-02  -8.2126435e-02  -1.5470222e-02   5.8755955e-02  -1.3227332e-01   0.0000000e+00  -1.3549755e-02   2.3438305e-02   9.6897769e-02  -3.7761174e-02   1.0624668e-01   1.3387794e-01   3.2750538e-02   1.0279144e-02  -2.3344340e-02   7.0964931e-03  -4.8882954e-02   3.6000944e-01   8.4802753e-03   4.8785286e-02  -6.3051063e-02   3.0775079e-01  -1.6481692e-01   2.4350461e-01   2.5593834e-01   4.4915871e-02   2.3756887e-01  -3.6050677e-02  -9.1483750e-02  -7.5142074e-03  -1.4331170e-01  -6.5128095e-03   8.2331690e-02   2.9489877e-02  -4.7184518e-02  -2.0428457e-01  -1.1203207e-01   2.6771262e-02  -1.7393272e-01  -1.2059054e-01  -1.3906825e-01  -9.9806347e-02  -2.1232136e-01  -1.6954343e-01  -1.0921717e-01  -1.9636092e-01   2.2598613e-01   1.3626856e-01   7.1544352e-03   4.1503275e-02   2.3187773e-02  -9.5557379e-02   1.1023239e-01  -8.4547109e-03   3.6109130e-02  -8.3947340e-02   4.9944715e-02  -1.8019888e-02  -1.2972158e-01   2.2684707e-01  -5.9192441e-02   6.3808029e-02   8.8987747e-02   2.3351709e-01   2.1068230e-01   8.5960074e-03  -4.6088443e-02   1.3549416e-02   7.5744269e-02   0.0000000e+00   1.5327847e-01   1.5736484e-01  -1.4706059e-01
   4.5272400e-02   4.9968837e-02   0.0000000e+00   9.2568400e-02  -3.2015702e-02  -4.9577017e-02   7.5464010e-02   1.0384158e-01   2.6218685e-02   7.9537185e-02   1.2146909e-01  -1.3522699e-01   2.6061903e-01   0.0000000e+00   1.4615569e-01   1.7341921e-01  -6.2206400e-02  -6.9182449e-02   1.4394269e-01   9.7408212e-02   1.8330541e-01   1.9353649e-01   3.3214110e-01   2.1465762e-01   6.7758594e-02   1.4765946e-02  -6.8325420e-02  -3.9217475e-02   6.5192849e-02   1.5403961e-01   4.4429620e-02  -7.8704571e-02   1.2536078e-01   9.9510185e-02   5.6262088e-02   1.4031234e-01   2.3879913e-01   1.9275874e-01   5.3601931e-02   1.7021819e-01   2.7029016e-01   9.0775082e-02   6.1364565e-02   7.9168861e-02   1.0526101e-01   1.4520980e-01   1.0257535e-01  -3.0294108e-03   8.7895677e-02  -1.0483362e-01   0.0000000e+00   4.1209616e-03  -4.9604206e-02   1.1845139e-01   1.0142759e-01   2.2489292e-01  -7.7493341e-03   1.4382331e-01   1.4975868e-01  -6.6229573e-02   6.6800881e-02  -1.4456514e-01   1.2967152e-01   8.8262966e-02   3.0256496e-02   1.0834650e-01   9.5662636e-02   2.1758778e-02   8.6449941e-02   2.2904519e-02   4.0743191e-02   1.6332602e-01  -1.0930678e-01  -1.7607510e-01  -3.9199566e-02   1.3150143e-01   9.4825658e-02  -1.1187917e-02  -1.9956911e-01  -1.4341293e-01  -1.9949728e-01  -7.4021231e-02   2.9637274e-01  -1.4397296e-01  -7.9635024e-02   8.0638225e-03   1.0392013e-01  -1.2456186e-01  -5.3462569e-02   3.5905021e-02  -1.4212261e-01  -6.3829288e-02   1.3736820e-01  -3.1298071e-02  -3.2063336e-04   5.0029309e-02  -1.6182388e-01   1.2612308e-01  -1.5220069e-02   2.2462949e-03  -1.4592503e-01  -6.1409697e-02  -1.2316272e-01  -1.5626137e-01   5.9903541e-02  -1.1854908e-02   8.9007887e-02  -8.4145908e-02   3.2081272e-02   9.5776142e-02   1.5673680e-01  -3.1276593e-02  -1.8784301e-02   7.5091043e-02   0.0000000e+00  -7.9663068e-03  -4.0197755e-02   6.9739964e-02
  -2.4788339e-02  -9.7425097e-02   0.0000000e+00   8.7288459e-02  -7.8041055e-03  -1.3138431e-01   1.6007834e-01  -6.8829706e-02  -3.0635005e-02   3.1775753e-01   2.9766160e-01  -5.1631520e-02  -2.4811486e-02   1.4615569e-01   0.0000000e+00   3.8883021e-01   1.0092815e-01   1.3276536e-01   1.3034007e-01   2.2588541e-01   4.4955605e-01   6.9057693e-02   1.8811315e-01   1.7269199e-01   1.1108363e-03  -7.8292403e-02   5.3155876e-02   1.8054063e-01   4.5932252e-01   4.5939827e-01  -1.0692499e-01  -4.5933808e-02   3.2109453e-01   3.6691191e-01   1.3983452e-01   3.6635690e-01   2.1574075e-01   2.8192657e-01   6.9533911e-02   3.9856250e-01   2.7602515e-01   3.0759670e-01   1.2039958e-01   3.0240289e-01   9.7814514e-02   3.4062325e-01   4.2759123e-01   3.4670009e-01   4.2923782e-01   4.0360493e-02   0.0000000e+00   1.3383907e-01   3.5723323e-02   3.2001791e-01   2.7260537e-01   5.5528055e-01  -8.3397793e-02   3.0442488e-01   1.7634866e-01  -1.7959328e-02  -1.1477936e-01  -2.2868603e-01  -5.4823015e-02   3.0282817e-01   1.2579157e-01   2.4456080e-01   1.0007540e-01  -3.6367553e-02  -1.2198246e-02  -1.9281996e-02  -1.0935860e-01  -4.0609278e-02  -8.3982332e-02  -9.8475534e-02  -7.6321428e-02  -4.0319673e-02  -1.6955504e-01  -1.6196779e-01  -5.7132986e-02  -1.6694132e-01  -1.9002917e-02  -9.9416134e-02   2.1996246e-01  -4.8021933e-02  -8.3757812e-02  -1.0688779e-01   1.3024807e-02  -1.6073508e-01   7.6747518e-02  -2.3321596e-02   1.2054840e-02  -1.2096349e-01  -3.1973646e-02   3.9681490e-02   7.7266471e-02   8.5486637e-02  -9.1977138e-02   5.3078891e-02  -4.0742681e-02   5.6702067e-03  -1.8906956e-01  -1.3413640e-01  -2.0947563e-01  -1.0466382e-01   9.5763055e-03   3.3112917e-01   1.4849634e-01   1.2802206e-01   9.6100212e-02   1.3057169e-01   3.9229591e-01   8.9573134e-02   2.3188713e-02   1.9820092e-01   0.0000000e+00   4.1986789e-02  -1.9052287e-01   4.4835879e-02
  -1.5445698e-01  -4.3788951e-02   0.0000000e+00   1.3388939e-01   1.8544000e-01   6.9245758e-02  -6.8403858e-02  -1.8918984e-02  -4.3293738e-02   1.4391134e-01   1.2491849e-01   6.8099217e-02   4.7738595e-02   1.7341921e-01   3.8883021e-01   0.0000000e+00   2.3809160e-01   2.6343921e-01   2.2008445e-01   3.5568758e-01   1.7456233e-01   1.7882572e-01   8.9998623e-02   8.6567626e-02   3.0609355e-01   7.3523041e-02   3.5182907e-01   2.7069593e-01   3.1458022e-01   2.6936770e-01   9.8504739e-02   1.5009831e-01   2.9448203e-01   1.1702182e-01   1.5542940e-01   2.3463006e-01   1.1380199e-01   1.5193880e-01   1.7608890e-01   1.0297267e-01   1.7396513e-01   2.7409763e-01   2.0693058e-01   2.5325638e-01  -6.1821628e-02   2.7475539e-01   2.1765134e-01   3.3335980e-01   1.8542834e-01   1.8441307e-01   0.0000000e+00   2.8798821e-01   2.1831812e-01   2.6757494e-01   6.0478654e-01   4.7226490e-01   3.0284304e-01   3.4553644e-01   1.6721396e-01   2.0677094e-01   4.4566937e-02   6.9584649e-03  -5.8004449e-03   1.4664708e-01   1.4018462e-01   2.7819220e-01   1.0185856e-01   5.9576144e-03   6.3198570e-02   2.1752558e-01   3.6987276e-02   3.8899399e-02  -7.6083214e-02  -5.4859397e-02  -9.3725577e-02  -5.6887289e-02  -1.5132838e-01  -4.2479594e-02   1.5014345e-01  -4.7102768e-02   1.3230065e-01   9.0082410e-02   3.3935434e-01   8.1965156e-02   9.5098237e-02  -2.1271028e-02  -8.0928505e-02  -1.0702531e-02   1.2680845e-01  -5.8824563e-02  -1.6333050e-02   1.9883983e-01   5.0418110e-02   8.5072783e-02   1.9311479e-01   1.9812975e-01   4.6859749e-02   1.9779566e-01   5.0618180e-02   1.4696561e-01   4.7714500e-02   1.3324341e-01  -2.6308285e-02   1.0261228e-01   1.9198585e-01   2.8705076e-01   1.4735321e-01   3.6596217e-01  -4.6270396e-02   3.2343097e-01   1.6584849e-01   1.0411203e-01   4.3159838e-02   2.5274688e-01   0.0000000e+00   1.1509314e-01  -6.1243661e-02   2.5100230e-02
  -2.1753443e-01  -5.4384230e-02   0.0000000e+00  -8.4205277e-03   4.6472726e-01   2.9636139e-01  -1.1050381e-01  -1.3734852e-01  -1.8041555e-01   1.9540888e-01   6.0434542e-03   2.9273783e-01  -6.3793419e-02  -6.2206400e-02   1.0092815e-01   2.3809160e-01   0.0000000e+00   6.9580301e-01   8.7587785e-02   7.1403116e-01   1.4015974e-01   1.5578514e-01   8.7676537e-03  -1.6196609e-02   3.6802104e-01   3.2206793e-01   7.0128035e-01   4.2950982e-01   3.5119733e-01   1.6801700e-01   2.9169673e-01   3.4041344e-01   1.8701710e-01   1.9409330e-02   2.9231719e-01   2.7767165e-01   7.7946020e-02   9.4650661e-02   3.3995104e-01   1.2756046e-03   6.7759232e-02   4.1457171e-01   3.1162423e-01   3.1338832e-01  -9.1789400e-02   3.7457917e-01   1.6377654e-01   2.5925751e-01   8.1859753e-02   3.7937952e-01   0.0000000e+00   3.2913196e-01   1.9988212e-01   1.2345636e-02   3.8592043e-01   7.9659320e-02   4.0766711e-01   2.8527938e-01   4.0235904e-02   3.9215953e-01   1.8279217e-01   1.8310750e-01   7.5646285e-02   4.6858268e-02   4.8255775e-02   2.2862697e-01  -8.2355513e-02  -5.9443855e-02  -2.2103862e-01   3.6382173e-01   2.5006839e-01  -7.4727081e-02  -3.0276729e-02  -1.1535501e-02   4.4718566e-02  -2.3314783e-01  -1.5177241e-01   2.2569076e-01   3.9639039e-01   6.1167956e-02   4.6689891e-01   2.2224473e-01   1.7243584e-01   3.6399623e-01   3.8348288e-01   1.1944698e-01  -1.1319463e-01   1.2603765e-01   3.6178780e-01  -1.8246492e-01   1.2849594e-01   4.1001395e-01   8.8496866e-02   7.9024833e-02   2.3429563e-01   1.2484899e-01   2.7370613e-01   1.6557116e-01   6.1533235e-02   5.9068793e-02   2.6977658e-01   2.6771594e-01   2.5820128e-01   1.8771037e-01   3.1084626e-02   2.0116477e-01   2.3165374e-02   2.7456770e-01  -1.0221145e-01   1.2693241e-01  -8.6218870e-02   5.5804972e-03  -1.0790404e-03   1.5854893e-01   0.0000000e+00   8.3514091e-02   9.5711654e-02  -2.0513295e-02
  -1.4947933e-01   1.0179351e-02   0.0000000e+00  -4.2752131e-02   4.4592133e-01   3.1117637e-01  -7.3039366e-02  -1.1461809e-01  -1.1552787e-01   1.6175930e-01  -6.7406794e-03   2.7682091e-01  -1.8128320e-02  -6.9182449e-02   1.3276536e-01   2.6343921e-01   6.9580301e-01   0.0000000e+00   8.8678548e-02   6.5721560e-01   1.0906632e-01   1.4475094e-01  -1.2373600e-02  -4.8687347e-02   3.7834423e-01   2.5416584e-01   7.1704624e-01   3.6474038e-01   3.3445760e-01   1.6636777e-01   2.8191454e-01   3.6163259e-01   2.7608713e-01   8.1263612e-02   3.0548281e-01   2.5404381e-01   4.7719525e-02   1.1572158e-01   3.7015469e-01   6.3021801e-03   6.8592106e-02   3.5271543e-01   2.7152668e-01   3.0364408e-01  -8.5418894e-02   3.4836859e-01   9.5612308e-02   3.6552326e-01   1.2168675e-01   4.3546352e-01   0.0000000e+00   3.7758375e-01   2.8025977e-01   8.0515575e-02   3.5346806e-01   1.3903847e-01   5.0366638e-01   3.0538208e-01   8.9317465e-02   4.2140991e-01   1.8777731e-01   2.1722873e-01  -4.7981285e-03   1.3547791e-01   1.1768154e-01   2.6960588e-01   4.0713315e-02   1.5214048e-02  -1.2551627e-01   4.7910125e-01   2.0593017e-01   3.8253330e-02  -2.3785630e-02  -1.2286189e-02   2.7441530e-02  -8.6261768e-02  -9.9026731e-02   2.0844078e-01   4.9252979e-01   1.5023060e-01   5.0142850e-01   2.4879198e-01   1.8087159e-01   4.5772250e-01   3.8631872e-01   1.4589804e-01  -1.9365511e-02   2.0977670e-01   3.5046476e-01  -5.4440567e-02   1.4551335e-01   4.4031407e-01   1.2419237e-01   1.4382946e-01   3.5331398e-01   1.6105221e-01   2.8081051e-01   1.9251646e-01   9.3427970e-02   1.1123784e-01   2.5088862e-01   2.9340830e-01   2.5370572e-01   2.4276403e-01   1.6085345e-01   2.8838481e-01   5.5833655e-02   4.1349826e-01   3.8611807e-02   2.6854365e-01   3.9484672e-02   1.0459098e-01   6.7549273e-02   2.1866320e-01   0.0000000e+00   7.7244486e-02   1.2439220e-01   5.5609929e-02
   9.3009821e-02  -7.3911393e-02   0.0000000e+00   7.2264896e-02   1.4728897e-02   5.5480251e-02   7.8489224e-02  -1.0703073e-02  -7.7869724e-03   2.5272422e-01   1.7188868e-01   4.7715910e-02   3.3025330e-02   1.4394269e-01   1.3034007e-01   2.2008445e-01   8.7587785e-02   8.8678548e-02   0.0000000e+00   2.0198730e-01   2.1872186e-01   7.9013345e-02   7.5889034e-02   1.6069304e-01   1.4992980e-01   8.4088415e-02   1.4327146e-01   1.6425489e-01   1.6404975e-01   1.2722477e-01  -2.4005177e-02   2.2168058e-01   3.5231811e-01   2.3128767e-01   2.8892633e-01   3.2892957e-01   2.2514426e-01   2.7439894e-01   2.2410516e-01   1.9511922e-01   2.1690569e-01   3.4524809e-01   2.4981605e-01   3.3074391e-01   6.2784690e-02   2.6687872e-01   1.6821488e-01   1.9889362e-01   4.2696062e-02   6.3954614e-02   0.0000000e+00   1.9078181e-01   1.9306645e-01   2.2863677e-01   1.6476559e-01   1.4577700e-01   1.8136048e-01   1.7111667e-01   6.7620465e-01   2.8224940e-02  -3.5328599e-04  -6.5900404e-02  -3.5444479e-02   1.2696946e-01   4.8644217e-02   1.3671663e-01   1.1854104e-01  -5.1907614e-03   4.0245245e-02   1.1006100e-01  -8.0033110e-02   2.2367250e-02  -1.5112426e-01  -1.3262950e-01   9.5156235e-04  -3.4608959e-03  -3.0594973e-02   8.2179224e-03  -5.9113562e-02  -1.2830443e-01   4.5319929e-02  -5.7662850e-02   1.2385289e-01  -3.4216029e-02   2.3584453e-03  -8.3630238e-02  -5.8774766e-02  -7.5122284e-02   6.0608074e-02  -1.2266281e-01  -4.1283887e-02   1.2251456e-01  -1.1197625e-01   6.7649256e-02   3.1551261e-01   8.7100075e-02  -2.7151379e-02   2.8043780e-01   3.6902204e-02  -6.9521227e-02   6.0226182e-04   1.1043778e-02  -2.3517634e-02   1.3142223e-02   1.2644399e-01   1.9362397e-01   1.0947580e-01   1.6099470e-01   5.3859618e-02   2.0347745e-01   1.0104509e-01  -7.7276454e-03   2.6277616e-02   2.2349080e-01   0.0000000e+00  -4.6835024e-02  -7.2646453e-04  -4.8214625e-02
  -2.6883342e-01  -2.0503465e-02   0.0000000e+00  -9.6961028e-04   3.9270170e-01   2.3358623e-01  -1.0710054e-01  -1.6446965e-01  -1.4594935e-01   2.5598459e-01   7.2624944e-02   1.9734459e-01   9.4091816e-02   9.7408212e-02   2.2588541e-01   3.5568758e-01   7.1403116e-01   6.5721560e-01   2.0198730e-01   0.0000000e+00   3.0915267e-01   2.7011676e-01   9.8291608e-02   5.1897981e-02   4.1583419e-01   4.0934115e-01   7.2934461e-01   4.6478536e-01   5.1808018e-01   3.5154478e-01   3.3739750e-01   3.4050819e-01   4.3116116e-01   2.3245879e-01   4.5004434e-01   4.6265474e-01   2.4654238e-01   1.9188414e-01   4.0765651e-01   1.1507027e-01   1.4106141e-01   5.4301550e-01   4.1847041e-01   4.2363029e-01   5.7784982e-02   4.9124153e-01   2.0824261e-01   3.8629883e-01   1.4999861e-01   3.2230456e-01   0.0000000e+00   4.6807630e-01   1.6388526e-01   1.4456518e-01   3.9694874e-01   2.9031894e-01   4.8225026e-01   5.1953235e-01   1.5613707e-01   3.6356616e-01   1.7976531e-01   9.4006470e-02   1.1563165e-01   2.3516203e-01   2.5895284e-01   2.9013863e-01   5.0870564e-02  -7.7754384e-02  -1.5483389e-01   5.7288186e-01   2.3082792e-01  -4.2043787e-02  -1.0937431e-01  -1.0684520e-01  -1.5630497e-02  -1.7534755e-01  -1.8483476e-01   1.5763793e-01   3.3011691e-01   9.6883815e-02   4.6093311e-01   1.7319658e-01   3.6145162e-01   4.4711773e-01   3.5554226e-01   1.9502095e-01  -1.7712922e-02   6.8749508e-02   3.5022615e-01  -1.3930833e-01   6.6740017e-02   4.2148888e-01   8.1264532e-02   1.0072671e-01   2.5031177e-01   1.2102035e-01   2.0918785e-01   2.3840630e-01   2.7910694e-02   2.6119862e-02   1.7931017e-01   2.0237860e-01   2.0050563e-01   1.6402426e-01   1.3087346e-01   3.8185086e-01   6.5985858e-02   3.5827691e-01  -1.3650107e-02   2.6132599e-01   1.1610694e-01   3.6619182e-02  -2.9452031e-02   2.5045222e-01   0.0000000e+00   4.3618396e-02   8.7594632e-02   5.2980267e-02
  -2.3547537e-02  -3.5323167e-02   0.0000000e+00   1.0268199e-01   3.6182516e-02  -1.2580505e-01   1.1183305e-01  -1.9907067e-02  -4.7758013e-02   5.2864452e-01   3.5492797e-01  -9.4420191e-03  -4.8933331e-02   1.8330541e-01   4.4955605e-01   1.7456233e-01   1.4015974e-01   1.0906632e-01   2.1872186e-01   3.0915267e-01   0.0000000e+00   4.1810134e-01   4.3962236e-01   3.2330614e-01   1.7688311e-01   6.1004964e-02   7.2971771e-02   3.4563780e-01   2.6073099e-01   4.2512059e-01  -1.7233188e-01   4.6196686e-02   3.2015258e-01   4.1760718e-01   2.0729184e-01   5.9365023e-01   3.5806906e-01   5.4284823e-01   1.9994732e-01   5.4796223e-01   3.7710724e-01   4.4805664e-01   5.6639131e-02   3.3429363e-01   1.5913235e-01   4.2637784e-01   3.9116584e-01   3.4796168e-01   3.2297828e-01   8.0726803e-02   0.0000000e+00   5.1271307e-02   9.5824181e-02   2.2043438e-01   2.0404309e-01   3.1245134e-01  -1.7147310e-02   4.8278467e-01   2.7966217e-01   1.2881332e-02   5.6519803e-02  -1.5710090e-01  -9.4885920e-03   2.6794538e-02  -5.4603690e-04   1.2134383e-01  -3.7054678e-02  -6.3913632e-02  -1.4125707e-01  -1.5583883e-01  -3.9302746e-02  -1.1275256e-01  -1.4578394e-01  -1.4511783e-01  -4.4774919e-02  -6.1016624e-02  -1.6086111e-01  -1.3360938e-01  -9.9737561e-02  -1.4118867e-01   7.7027149e-03  -8.3243104e-02   4.4317392e-01  -8.8757809e-04  -7.6209101e-02  -1.1945144e-01  -5.5603607e-02  -7.7981379e-02   2.2438554e-02  -3.7475306e-02  -5.4620395e-03  -9.6574232e-02  -8.6130562e-02   5.6344429e-04   1.1025564e-01   9.2107727e-02  -2.8781840e-02   1.4579940e-01   1.2364216e-02  -3.6633291e-02  -1.2715211e-01  -1.0603229e-01  -1.2777358e-01  -5.9758412e-02   1.6642933e-03   3.1237548e-01   1.2249656e-01   7.0293131e-02   8.7316109e-02  -7.1708435e-02   1.7819734e-01   3.5498497e-02  -5.1231675e-02   7.6726858e-02   0.0000000e+00   3.7248111e-02  -5.9966223e-02   1.4714017e-01
