   0.0000000e+00   0.0000000e+00   5.8941639e-02  -5.8641090e-02   4.7126125e-02   4.2765129e-02   1.7622607e-01   1.1842084e-01   2.0660521e-01  -1.3478284e-02   5.1285687e-02  -6.4265937e-02  -5.2642905e-02   1.9865411e-03  -5.8060853e-02   3.1264683e-02  -7.1632421e-02  -2.2066167e-02   7.5413663e-02  -1.4494190e-01  -4.6961351e-03  -4.9514052e-02   1.2225954e-01  -3.0352264e-02  -2.4987046e-02   8.8418520e-02  -1.6204188e-01  -5.9161243e-02  -1.4650116e-01  -8.5529849e-02  -1.1312191e-01  -2.6685410e-02  -6.3514436e-02  -2.2335350e-02   6.4856777e-03  -2.7995141e-02   6.1731637e-03   5.4912158e-02   1.6213253e-01   5.5386843e-02   8.4948987e-02   4.4796970e-02  -3.1232139e-02   1.1301647e-01   4.3365136e-02  -3.4140978e-03  -2.0305681e-02  -2.0129859e-04  -1.3870574e-01  -1.3785169e-01   0.0000000e+00   5.8648387e-02   1.9084902e-01   1.2392884e-01   4.9508727e-03  -5.2392913e-02  -3.0899587e-02  -4.2303771e-02   5.8692306e-02   7.9984142e-02   5.1242621e-02   1.1233021e-01   1.5902259e-01   5.5838357e-02  -5.4562221e-02  -1.2188910e-01  -1.0033024e-01   2.2885138e-02   1.6696119e-01  -5.6759851e-02   9.2225002e-02   3.9200101e-02   3.0186304e-01   6.6947429e-02   8.4470349e-02  -1.1301832e-02   1.1273792e-01   1.4676173e-01   2.8006644e-02   9.1501126e-02  -8.6162575e-02  -4.5792598e-02  -5.2410011e-02  -2.0668686e-02  -1.0575193e-01  -1.6506613e-01  -5.2521344e-02   1.8713697e-03  -7.4757157e-02  -4.3767800e-02   8.0410068e-02   4.3577211e-02   9.1860628e-02   7.6253186e-02   1.2445830e-01   5.6147483e-02  -6.1997938e-02   1.5364925e-01   1.0783095e-01   1.0244995e-01  -5.7745617e-02   1.3811067e-02   6.6278518e-02   1.2477879e-01   1.3669855e-01   6.6797960e-02   7.9627865e-02   7.8741698e-02   1.7943635e-01   6.4700528e-02  -6.5632101e-02   6.9218472e-02   1.9230097e-01  -2.5441751e-02   0.0000000e+00   1.6441316e-01   7.8123440e-02  -2.6841218e-02
   0.0000000e+00   0.0000000e+00   0.0000000e+00   0.0000000e+00   0.0000000e+00   0.0000000e+00   0.0000000e+00   0.0000000e+00   0.0000000e+00   0.0000000e+00   0.0000000e+00   0.0000000e+00   0.0000000e+00   0.0000000e+00   0.0000000e+00   0.0000000e+00   0.0000000e+00   0.0000000e+00   0.0000000e+00   0.0000000e+00   0.0000000e+00   0.0000000e+00   0.0000000e+00   0.0000000e+00   0.0000000e+00   0.0000000e+00   0.0000000e+00   0.0000000e+00   0.0000000e+00   0.0000000e+00   0.0000000e+00   0.0000000e+00   0.0000000e+00   0.0000000e+00   0.0000000e+00   0.0000000e+00   0.0000000e+00   0.0000000e+00   0.0000000e+00   0.0000000e+00   0.0000000e+00   0.0000000e+00   0.0000000e+00   0.0000000e+00   0.0000000e+00   0.0000000e+00   0.0000000e+00   0.0000000e+00   0.0000000e+00   0.0000000e+00   0.0000000e+00   0.0000000e+00   0.0000000e+00   0.0000000e+00   0.0000000e+00   0.0000000e+00   0.0000000e+00   0.0000000e+00   0.0000000e+00   0.0000000e+00   0.0000000e+00   0.0000000e+00   0.0000000e+00   0.0000000e+00   0.0000000e+00   0.0000000e+00   0.0000000e+00   0.0000000e+00   0.0000000e+00   0.0000000e+00   0.0000000e+00   0.0000000e+00   0.0000000e+00   0.0000000e+00   0.0000000e+00   0.0000000e+00   0.0000000e+00   0.0000000e+00   0.0000000e+00   0.0000000e+00   0.0000000e+00   0.0000000e+00   0.0000000e+00   0.0000000e+00   0.0000000e+00   0.0000000e+00   0.0000000e+00   0.0000000e+00   0.0000000e+00   0.0000000e+00   0.0000000e+00   0.0000000e+00   0.0000000e+00   0.0000000e+00   0.0000000e+00   0.0000000e+00   0.0000000e+00   0.0000000e+00   0.0000000e+00   0.0000000e+00   0.0000000e+00   0.0000000e+00   0.0000000e+00   0.0000000e+00   0.0000000e+00   0.0000000e+00   0.0000000e+00   0.0000000e+00   0.0000000e+00   0.0000000e+00   0.0000000e+00   0.0000000e+00   0.0000000e+00   0.0000000e+00   0.0000000e+00   0.0000000e+00   0.0000000e+00   0.0000000e+00
   5.8941639e-02   0.0000000e+00   0.0000000e+00   9.0286143e-03  -1.2370311e-02   1.2472485e-01   2.1828539e-01   3.9989729e-02  -2.7768042e-02   6.1966286e-02   2.9257952e-01   6.1910156e-02   7.5167097e-02   5.4812749e-02   3.6388618e-02   8.8984307e-02   1.1137434e-01   1.1137760e-01   5.4251309e-02   9.8833597e-02   5.9233700e-03   8.1251271e-02   2.5885113e-02  -1.7582602e-02   9.9129262e-02  -1.0379123e-01   1.6871248e-01   1.8620912e-01   1.3221975e-01   1.0777902e-01   1.7042820e-01   2.2733573e-01  -4.5698038e-02   2.0335994e-02   1.5387758e-01  -5.2666358e-02   6.4835260e-02  -2.3470398e-02  -2.9701985e-03  -2.4989193e-02   6.5117961e-02  -4.7330176e-02   1.8377353e-01  -9.1848933e-02  -1.4085828e-01  -3.3494234e-02   1.3644023e-01   1.9152369e-02   1.0851774e-01   2.0600694e-01   0.0000000e+00   2.0575385e-01   3.8617404e-02   4.3481794e-02   2.0648508e-01   7.6553114e-02   9.6366703e-02   3.3053831e-02   1.2118154e-01  -3.5180065e-02  -1.6784445e-02  -5.9150773e-02  -6.6232841e-02   2.5403941e-01   2.9916172e-02   3.2550470e-01   1.0527597e-02   2.2938578e-01   1.3064551e-01  -6.8884809e-03  -4.4213569e-02   1.8055479e-02   1.4380515e-01   2.5315257e-01   1.8601644e-01   1.6503623e-01  -4.0192085e-03   6.9159401e-02   4.4644291e-02   1.4124822e-01   1.1734622e-01   1.1040362e-01   1.8239393e-01   7.3520068e-02   4.7397394e-02   1.6093424e-01   2.0863461e-01   9.2789144e-02   2.8003727e-01   8.6977539e-02   1.3273884e-01  -5.9379629e-02  -3.9598395e-02   2.6393035e-02   1.4660756e-02   1.8857741e-03  -5.0351899e-03  -8.8680964e-02  -2.9210877e-02   4.2830678e-02   1.0493467e-01  -1.2751252e-04  -9.2047119e-03  -3.7793999e-02  -1.5136983e-02  -1.6129228e-02  -7.2105632e-02  -4.7173226e-02  -3.4008166e-02   1.8570562e-02   1.4317922e-01   1.0064056e-01   7.2266901e-02   5.3367748e-02   0.0000000e+00   4.0789397e-02   8.1211126e-02   1.1914412e-01
  -5.8641090e-02   0.0000000e+00   9.0286143e-03   0.0000000e+00  -8.5749631e-03   1.3448094e-02   1.7508428e-01   5.0102899e-02   7.2669800e-02   1.9441231e-01   2.0671890e-01  -4.8109086e-02   9.7973952e-02   1.2805704e-01   1.1819700e-01   4.7389439e-02   2.2025016e-01   8.1400159e-02   3.4649992e-01   1.8429867e-01   1.9817968e-01   5.8805964e-02   2.0496535e-01   1.8776661e-01   1.8038214e-01   1.5548568e-01  -3.9766602e-02   1.3742736e-01   5.1187606e-02   1.0139275e-01   6.4137240e-02   5.8696557e-02  -2.1824804e-02   6.4541984e-02   1.4021743e-01   6.9060542e-03   1.3014033e-01   2.7490481e-01   1.7485094e-01   2.3167549e-01   1.6449580e-01  -3.0950471e-02   1.8624692e-03   9.3413898e-02   1.2028354e-02   5.4177030e-02   1.1124038e-01   2.5981534e-01   3.7848166e-02   3.1077112e-02   0.0000000e+00  -9.6867151e-02   5.3652189e-02   2.3795721e-01   5.1783883e-02   7.7143167e-02   3.3182582e-02  -2.5982153e-02   6.4170186e-02   1.3648891e-01   6.5463397e-02   1.5117946e-02  -1.0771357e-01   1.0916580e-01   2.9773175e-02   2.8337142e-02   1.2102497e-01   6.8026517e-03   1.3850315e-02  -3.0674696e-02   2.2931845e-03   4.5315724e-02  -3.3321770e-02  -1.3723313e-01  -8.4270572e-02   1.1319613e-01   3.5730206e-02  -1.7980463e-01  -8.3306596e-02   9.3720238e-02  -7.3576117e-02  -5.5476244e-02   1.4493611e-01  -3.9600038e-03  -1.0045768e-01  -7.0585825e-04   7.4950391e-02   2.8459271e-02  -1.3459522e-02   3.1217173e-02   1.2619178e-01  -1.2887136e-01   2.9398279e-02  -3.9600790e-02   5.1670407e-02   4.6420911e-02  -1.0879971e-01   1.4913389e-02  -5.2275400e-02  -2.7720470e-02  -4.4907428e-02  -9.8430276e-02   7.1402680e-03  -3.1254808e-02  -1.7267359e-02  -3.5290854e-02  -1.9652279e-02  -1.1199090e-01  -6.1759022e-02  -1.2842482e-01   1.0773765e-01   1.4967899e-01   2.5488215e-02  -5.5464334e-02   0.0000000e+00  -8.6066551e-02   5.7197754e-02   1.8126403e-01
   4.7126125e-02   0.0000000e+00  -1.2370311e-02  -8.5749631e-03   0.0000000e+00   2.7331326e-01  -4.1563263e-02   1.1094258e-01   2.0033393e-02  -4.8770789e-02  -7.5070716e-02   6.0779995e-02  -2.5697708e-03   8.4113843e-03  -2.7370414e-02  -4.7055601e-02   1.1320487e-01   1.6865294e-01  -1.7919232e-02   3.8356065e-02  -7.8330160e-02   1.5312105e-02  -8.4085122e-02  -1.4719816e-01  -1.2158001e-02   9.9433282e-02   1.5396700e-01   6.5505233e-02   6.5755306e-02   7.6183218e-02   1.1694201e-01   6.6212078e-02  -4.7396320e-02   5.8432730e-03  -4.6342752e-02   2.3758682e-02  -1.2751541e-02   7.8383385e-02  -3.2883596e-03   5.4963299e-02   1.0328142e-01  -1.9763330e-02   7.1045503e-02   2.5159692e-02   1.0391590e-01   1.7205659e-02   1.6577178e-01  -4.5614460e-02   4.7206702e-02   1.9333999e-01   0.0000000e+00   1.1073826e-01   5.3951401e-02   1.8793823e-02   2.2585062e-02  -2.9339416e-02   5.3439741e-02  -2.0461943e-02  -1.7949461e-03   6.1433650e-02   4.5533505e-02   5.9750384e-02   1.0312994e-01  -2.9019122e-02   6.6213765e-02   6.3277074e-02   4.4913536e-02  -4.8667450e-02   1.2174346e-02   1.7643631e-01   1.3184964e-01   5.7963213e-02   9.1793712e-02   2.1214444e-01   8.2535857e-02   3.6197073e-02   1.4169873e-01   1.2729536e-01   2.0764796e-01   5.1841673e-02   1.6742845e-01   8.7337177e-02   1.8732591e-02   1.5123234e-01   3.2298255e-02  -7.0193659e-02  -1.0722076e-01   3.3708519e-02   1.4644227e-02   3.9370648e-02   3.0991759e-02   1.9333994e-01   2.2143817e-02  -5.9397849e-02  -1.7917842e-03   1.6312090e-02   4.5248512e-02  -1.4879503e-02   3.6676647e-02  -8.8655653e-03   4.7447328e-03   6.9622881e-02   1.1308006e-01   1.1529523e-01   2.4752990e-03   1.8117330e-02  -5.7071650e-02   3.5595335e-02   1.6483608e-02   9.2366235e-02   2.7286563e-02   4.8633037e-02   1.0816238e-01   1.5178387e-01   0.0000000e+00   5.7336468e-02   9.5462438e-02   4.4320426e-02
   4.2765129e-02   0.0000000e+00   1.2472485e-01   1.3448094e-02   2.7331326e-01   0.0000000e+00   3.9790978e-02   1.0077147e-02  -5.0176706e-02   2.8519885e-03   3.7702982e-02   1.0638168e-01   5.8468354e-02  -8.2384682e-02   7.5293948e-02  -7.2253654e-03   6.3029251e-02   1.2606954e-01  -4.5947122e-02   3.7294171e-02   2.6021652e-02  -1.7336635e-02  -5.0574962e-02  -5.4494260e-02   4.3413877e-02   5.1468744e-03   5.8099274e-02   7.7464691e-02   3.2558873e-02  -9.5566648e-03   8.9106079e-02  -9.8524047e-03  -2.8584981e-02  -2.5683193e-02  -2.1539085e-02   5.6579228e-03   9.1744997e-02  -4.3199957e-02  -6.7972955e-02   7.3943724e-02   3.0054427e-02   3.0416497e-02  -2.4430931e-03  -1.8839566e-02  -9.9020819e-02   4.8680935e-02   5.1266704e-02  -2.2371388e-02   4.0111526e-02   2.2616287e-01   0.0000000e+00   7.3319512e-02   8.4506287e-02  -2.7779608e-03  -1.8696961e-02   6.9905793e-02  -2.4940511e-02   7.7796387e-02  -3.9180005e-02   3.2307774e-02   2.4735261e-03  -1.7454822e-02  -4.6318917e-02   1.8022029e-01   3.8562809e-02   1.2066103e-01   4.0278539e-02   3.5139130e-02   7.4026826e-02   9.6694561e-02   3.3166506e-02   9.3940193e-02   8.8361300e-02   2.0962959e-01   4.7414414e-02   3.8029037e-02   3.0279664e-02   6.1830472e-03   7.9359847e-02   6.9751999e-02   4.4322004e-02   3.3865204e-02   8.6554114e-02   4.1077280e-02   6.2523179e-03  -8.1629281e-03   2.3731534e-02   6.0244182e-02   6.3568332e-02  -1.8719717e-02  -4.6882838e-03  -1.1948710e-02  -1.0010090e-01   1.4124289e-02  -4.6018662e-02  -2.3347504e-02   1.7512194e-02  -1.2570114e-01  -8.8007814e-02  -1.2138192e-01   8.2365084e-03  -3.2306537e-02   2.1606056e-02   1.2103711e-02  -5.4691427e-02   1.8506080e-02  -4.7128517e-02   2.0450804e-03  -7.6497437e-02   5.2573661e-02   6.9317688e-02  -2.4186403e-02   2.2948535e-01   1.3324567e-01   0.0000000e+00  -2.7286388e-03   5.3877965e-02   7.8294161e-02
   1.7622607e-01   0.0000000e+00   2.1828539e-01   1.7508428e-01  -4.1563263e-02   3.9790978e-02   0.0000000e+00   6.8912424e-02   1.0526593e-01   2.7306563e-01   3.4276769e-01   6.9624220e-02  -2.6193489e-02  -5.6924946e-02  -3.5049468e-02   6.4472608e-02   4.1137915e-02   9.5683494e-02   1.1033213e-01   1.4015461e-01   9.7002323e-02  -7.0276084e-02   1.1612831e-01   1.3568976e-01   1.4079265e-01  -7.9515081e-02  -3.8783230e-02   1.4679023e-01  -9.8258367e-02  -3.5960296e-02   1.6952565e-01   1.4509394e-01  -2.1606934e-01   1.2583229e-02   1.3825928e-01  -1.3746141e-01   4.0686483e-02   3.6963272e-03   2.4995639e-03   1.6179076e-01   1.3522677e-01  -1.3263010e-01   1.3945759e-01  -1.1233813e-01  -2.2861025e-01  -9.2984813e-02   1.9810511e-01   1.4249857e-01  -1.5683690e-02   1.5554560e-01   0.0000000e+00   6.2020416e-02   2.4181104e-01   1.8943446e-01   7.9846704e-03  -6.6737689e-02  -8.6437085e-02  -2.3424261e-02   4.5105726e-02   9.1652075e-02  -5.8117108e-02  -9.3931528e-02  -2.3226134e-01   2.9099906e-01  -2.2617674e-02   3.1875007e-01   3.0010688e-02   4.5873131e-01   3.1516816e-01  -2.4189042e-01  -1.6124725e-01   3.3479216e-02   7.8505454e-02  -9.5355768e-02   7.7445744e-02   4.2362312e-01  -6.1391024e-03   8.9691524e-02  -7.7182123e-02   2.1167862e-01  -2.4540575e-02   1.4606110e-01   2.5436189e-01   1.1033990e-02  -1.0470552e-01   1.4014310e-01   4.8950060e-01   2.4118401e-01   3.2838582e-01   1.7524514e-01   4.6425975e-01  -2.5386969e-01  -1.1665596e-01   6.2068738e-02   1.3922739e-01  -1.3764565e-02  -1.0484523e-01  -5.1277582e-02   6.0640427e-02   6.7344641e-02   1.2799926e-01  -1.9640041e-01   1.4837006e-01  -7.6533124e-02  -1.1894163e-01   1.0817903e-02  -3.4968026e-02  -2.2417887e-01  -7.8728950e-02  -5.9970908e-02   4.4370308e-02   2.2397137e-01   1.2692213e-01  -1.0954669e-01   0.0000000e+00  -3.7597420e-02   1.7277005e-01   1.6343416e-01
   1.1842084e-01   0.0000000e+00   3.9989729e-02   5.0102899e-02   1.1094258e-01   1.0077147e-02   6.8912424e-02   0.0000000e+00   1.9271204e-01   4.9887463e-02   3.7887079e-02  -7.0664117e-02  -1.1329294e-01   1.8531365e-01  -9.3495951e-02  -4.5028955e-02  -1.5479577e-02  -2.8445873e-02  -1.6966256e-02  -5.9657057e-02  -5.6320866e-02   5.6694864e-03   9.1107482e-03  -7.1836627e-02   5.1573372e-03  -2.1568546e-02  -7.1665832e-02  -3.3171138e-02  -4.2677908e-02  -9.2078446e-03  -3.5205134e-02   1.5017889e-02  -1.0506389e-01   9.3113782e-03  -3.0669740e-02  -1.7867263e-02  -7.4581532e-02   1.2908208e-01   6.0929176e-02   1.6555257e-01   7.9836671e-02  -5.6522956e-02  -4.8156329e-02  -1.2648617e-02  -5.7307317e-02  -7.4062889e-02   5.2516419e-02  -3.6027672e-02  -1.6279967e-01  -1.4354214e-01   0.0000000e+00   9.0727235e-02  -5.9896010e-03   6.6022027e-02  -3.5857949e-02  -2.9604432e-02  -3.0021548e-02  -1.5655953e-01  -6.2831091e-02  -2.1428350e-02   5.4773650e-02   2.7778158e-03   2.1276277e-02  -8.5388218e-02  -1.0996124e-02  -2.3874039e-02   4.4496344e-02   4.5909051e-03   2.1211051e-01   1.2029611e-02   6.7396967e-02   2.3799863e-01   7.2239643e-02   4.8546651e-02   8.6468397e-02  -5.6390795e-02   1.6460703e-02   4.6313257e-02   1.4999370e-02   1.3627772e-01  -2.8782699e-02  -3.0160972e-02  -7.5032902e-02  -3.2227862e-02  -1.1416388e-01  -3.5231366e-02  -3.9672772e-03   4.7945356e-02  -7.7065857e-02   1.6152399e-02   3.1802562e-02   2.3664184e-02   9.5029876e-02  -9.5320900e-02   2.4781230e-02   5.1262778e-02  -5.6466431e-02   3.0031711e-02   4.2117441e-02   6.0129634e-02  -2.3497285e-02  -5.2696719e-02  -1.9182940e-02   2.4527597e-02   9.4732342e-02  -2.2477074e-02  -9.5533232e-03  -1.1916802e-01   8.5602646e-02  -8.2465491e-02   1.3975392e-02  -7.6851132e-03   1.7172980e-02  -5.7690363e-02   0.0000000e+00   3.2604471e-01   2.9582802e-01   9.7753121e-02
   2.0660521e-01   0.0000000e+00  -2.7768042e-02   7.2669800e-02   2.0033393e-02  -5.0176706e-02   1.0526593e-01   1.9271204e-01   0.0000000e+00  -2.1170479e-01  -2.3406551e-02  -9.9458469e-02  -3.2620612e-02   2.1918531e-02   3.8705553e-02   6.2960357e-02  -4.0006942e-03   2.9704786e-02   1.0217018e-01  -9.6551527e-02  -1.0314718e-01  -2.2311215e-01  -5.5340387e-02  -1.0057747e-01  -1.7921799e-01  -2.2329752e-02  -1.7837002e-01  -2.2876890e-01   6.3065492e-02   1.1960479e-01   3.0707989e-02  -6.8298756e-02   6.0260757e-03   1.8531693e-01   1.1042256e-01   1.3682824e-01  -3.3832493e-02   1.7059078e-01   6.9669893e-02   7.2995744e-02   2.7344016e-02   1.4212186e-01   9.5190944e-02   1.9414194e-01   1.5445862e-01   1.3766706e-01  -3.4567010e-02   1.2059021e-01   7.2047748e-02  -2.0149930e-01   0.0000000e+00  -3.0479775e-02   9.6664972e-02   9.8997001e-02   5.6168610e-02  -9.1670706e-02  -5.8643398e-02   2.8843465e-02   1.4442029e-01  -1.1155996e-01  -1.2572458e-01  -1.4711611e-01   1.7996646e-01   1.5739208e-01   2.2669031e-01  -1.4413881e-01   2.7166591e-01  -6.1499286e-02   2.4384335e-01   4.2532866e-02   2.1288564e-01  -4.4625342e-02   9.8577066e-02  -3.5266819e-02   5.5327671e-02   1.7542116e-01   1.8829013e-01   8.8345018e-02  -3.3133086e-03  -5.1968942e-02  -1.1027782e-01  -1.3663067e-01  -2.3982247e-01  -5.6935552e-02   4.0272196e-02  -1.6802677e-02   3.8847250e-03  -7.7471901e-02  -8.1779133e-02   3.1200653e-01   2.9790498e-01   9.8320072e-02   3.2208888e-01   1.7918423e-01   1.8465210e-01   2.3826802e-01   2.3186312e-01   3.5444600e-01   3.5937866e-01   3.3046284e-01  -4.8798416e-02   2.1011649e-01   1.4324438e-01  -1.6170294e-02   2.7683767e-01   2.0061391e-01   2.0175639e-01   9.0437495e-02   1.5848727e-01   2.7673460e-01   2.5417954e-01   1.4398192e-01   1.1426828e-01   1.0454325e-01   0.0000000e+00   1.1822068e-01   8.3057867e-02  -1.1005539e-01
  -1.3478284e-02   0.0000000e+00   6.1966286e-02   1.9441231e-01  -4.8770789e-02   2.8519885e-03   2.7306563e-01   4.9887463e-02  -2.1170479e-01   0.0000000e+00   4.2482453e-01   3.3840388e-01   2.2109810e-01   2.2918769e-01   8.1284097e-02   1.2426779e-01   9.8931818e-02   2.4941525e-02  -5.5586962e-03   3.7856232e-01   3.2797936e-01   2.8194170e-01   2.8278509e-01   2.4405723e-01   4.7459225e-01   5.5615327e-02   8.3104378e-02   4.3808559e-01  -3.3981865e-02   3.7382522e-02   8.5168650e-03   9.8638193e-02   1.7608984e-02  -2.7310513e-02   1.7697312e-01  -1.0782916e-01   2.5196956e-01   8.4923490e-02   1.1126085e-01   2.4768483e-01   1.0061135e-01  -2.0445792e-01  -9.6352462e-02  -2.4837339e-01  -2.5137333e-01  -1.2300836e-01   3.1606558e-01   2.0056569e-01  -1.0935248e-01   1.4431057e-01   0.0000000e+00  -9.4035340e-02  -1.2612529e-01   2.9238485e-01   4.8281803e-02   2.2048891e-01   1.5421063e-01  -4.6638434e-02  -6.2600183e-02   1.5893352e-01   4.0666501e-03  -3.8671025e-02  -2.0380555e-01   2.9005309e-02  -1.9618448e-01   2.2820046e-01  -6.8356438e-02   1.6843393e-01  -2.3176990e-03  -1.6392156e-01  -2.1330792e-01   7.6170762e-02  -2.4041812e-01  -2.6398955e-01  -9.8773170e-02  -7.9338940e-03  -2.3405534e-01  -2.0877080e-01  -1.8431435e-01   1.0446258e-01  -4.9618920e-02   7.2063102e-02   3.6039734e-01  -3.6329806e-02  -8.7743672e-02   1.3811598e-01   2.9005347e-01   6.7349442e-02   1.4824977e-01  -1.9078551e-01  -3.1084736e-02  -2.8284645e-01  -3.0144692e-01  -2.4707146e-02  -8.6547194e-02  -2.0918283e-01  -3.3688609e-01  -2.9174268e-01  -3.0738125e-01  -1.2668054e-01   4.6760244e-02  -4.7114815e-01  -1.2433778e-01  -1.0816085e-01  -1.3916243e-01  -8.0291565e-02  -1.0071747e-01  -2.1554322e-01  -4.7754013e-02  -2.4630218e-01  -2.1583826e-02   2.2919298e-02   4.4408004e-02  -1.2254785e-01   0.0000000e+00  -1.1124707e-01  -9.2686003e-02   1.0407084e-01
   5.1285687e-02   0.0000000e+00   2.9257952e-01   2.0671890e-01  -7.5070716e-02   3.7702982e-02   3.4276769e-01   3.7887079e-02  -2.3406551e-02   4.2482453e-01   0.0000000e+00   2.8228051e-02   2.4357194e-01   1.4037623e-02   2.0675769e-01   2.1615388e-01   1.0466118e-01   1.1283896e-01   1.9323330e-01   3.3266398e-01   3.8868556e-01   3.5953568e-02   2.2467890e-01   3.0232816e-01   2.2112959e-01  -1.7663715e-01   9.9547034e-02   3.7040296e-01   2.1250020e-01   1.9855974e-01   8.0823422e-02   2.1208282e-01   1.6564069e-01   2.3210445e-01   5.4217109e-01   1.5910309e-01   3.5089888e-01   3.0202973e-01   2.0771700e-01   3.2387026e-01   2.4843312e-01   4.8774777e-02   8.5158402e-02  -3.7526574e-03  -9.2515904e-02   1.0047738e-01   3.0646972e-01   3.7964514e-01   1.7974456e-01   8.5899990e-02   0.0000000e+00  -2.4300277e-02   2.5297044e-02   2.1668097e-01   7.2989180e-02   2.3936246e-01   2.3428696e-03   6.5953682e-02   1.9487838e-01   3.5558797e-03  -2.1244924e-01  -2.4297219e-01  -3.6327651e-01   2.8383864e-01  -3.5753108e-04   2.1889569e-01   4.4076823e-02   1.2061747e-01   8.2838589e-02  -3.0914429e-01  -2.7690594e-01  -4.0408714e-02  -7.4084441e-03  -5.8789479e-02   1.2507460e-01   1.6433413e-01  -1.9251251e-01  -2.1368682e-01  -3.1478620e-01   1.8576012e-02  -1.4850268e-01  -7.6602876e-02   1.9538407e-01  -7.5659617e-02   1.4291706e-02   2.3021557e-01   3.2638085e-01   1.9726309e-03   2.3239757e-01  -9.1813465e-03   1.6585815e-01  -3.7921656e-01  -7.4367605e-02   7.4657213e-02  -1.3610888e-03  -3.8858720e-02  -8.3619128e-02  -3.4973503e-02  -1.4139725e-01   5.6058381e-02   8.5120719e-02  -1.3428421e-01  -1.3671976e-01  -2.5244921e-01  -1.8755152e-01  -2.5315775e-02   2.0934809e-02  -2.0036152e-01  -7.4703456e-02  -1.1152955e-01   1.7732952e-01   4.0008401e-04  -5.1366743e-04   2.2385602e-03   0.0000000e+00  -5.6381481e-02   1.4579955e-02   8.5994409e-02
  -6.4265937e-02   0.0000000e+00   6.1910156e-02  -4.8109086e-02   6.0779995e-02   1.0638168e-01   6.9624220e-02  -7.0664117e-02  -9.9458469e-02   3.3840388e-01   2.8228051e-02   0.0000000e+00   1.6872765e-01   2.5409541e-02   6.2774925e-02   1.0962613e-01   3.3424375e-02   3.0246240e-02  -3.0389886e-02   9.3279078e-02   8.1552073e-03   2.3525865e-02   5.1817571e-02  -4.5993585e-02   8.4126402e-02   2.6729745e-02  -7.2238708e-03  -4.5070528e-02  -5.5646511e-02   1.4636330e-02  -1.9666757e-02  -3.6409549e-02  -7.8794943e-02   8.0369404e-02  -5.4174579e-03  -9.2245954e-02   3.6883255e-02  -2.5216298e-01  -1.1752235e-01  -1.9794404e-02  -8.7326425e-02  -1.2903464e-01  -1.6525467e-03  -1.5090037e-01  -9.4531810e-02  -5.7250067e-03   2.9787221e-02  -2.1680189e-02   1.0748086e-01   1.2750568e-01   0.0000000e+00  -6.0730707e-02  -5.1358726e-02   9.1284686e-02   1.4926450e-01   1.3485802e-01   7.5834566e-02   5.3756230e-02   8.7708738e-02   2.7326823e-03  -2.1756592e-02  -1.6429400e-02   1.0179075e-02   9.2295811e-02  -3.7459579e-02   1.7458057e-01   6.8708373e-02   1.0141420e-01   2.2725867e-04   7.1554167e-02  -6.8319269e-02   3.1420114e-02  -5.4698998e-02  -1.0365887e-01   5.1805036e-03   7.0396695e-02  -1.0240329e-01  -7.4546681e-02   2.9699026e-02   6.1023854e-02   6.0374300e-02   6.6690550e-02   4.3276548e-02   1.5728063e-02   5.5962913e-02  -1.8732186e-01  -1.6849374e-02   3.6319201e-02  -4.4139622e-02  -1.3351853e-01  -2.7456342e-02  -1.4200449e-02  -2.3894087e-01   1.1929776e-01  -2.1304005e-02  -6.6249303e-02  -9.4608206e-02  -2.3833968e-01  -7.6657662e-02  -7.8619082e-02  -4.3601942e-02  -1.3564065e-01  -3.7376324e-03  -1.0989961e-02  -8.9522031e-02  -1.8600114e-02  -2.4764423e-02  -1.9281097e-03  -1.2559829e-02  -9.3026931e-03   5.1100898e-02  -9.0088481e-03   9.6958360e-02   9.4165307e-02   0.0000000e+00  -4.4422688e-02  -6.0728956e-02  -1.7652543e-02
  -5.2642905e-02   0.0000000e+00   7.5167097e-02   9.7973952e-02  -2.5697708e-03   5.8468354e-02  -2.6193489e-02  -1.1329294e-01  -3.2620612e-02   2.2109810e-01   2.4357194e-01   1.6872765e-01   0.0000000e+00   1.0574713e-01   3.0905118e-01   2.9239323e-01   3.6377717e-02   2.3268007e-01   2.5790022e-01   5.5832424e-01   4.2677402e-01   2.8647319e-01   2.5764817e-01   1.2569553e-01   3.0103900e-01   2.6039364e-01   2.0969756e-01   1.1581183e-01   4.0740018e-01   4.2843945e-01   5.3034685e-02   1.4344900e-01   3.0323639e-01   3.6698819e-01   3.9367210e-01   3.0126920e-01   4.2145233e-01   1.8258591e-01   2.4517416e-01   1.3222656e-01   1.0968787e-01   2.8091743e-01   1.6311534e-01   1.1756316e-01   1.1698638e-01   3.2058740e-01   1.9125249e-01   4.5711222e-01   4.5997854e-01   1.9875332e-01   0.0000000e+00  -1.4759113e-01  -5.1106794e-02   2.4586902e-01   2.9361266e-01   6.0189511e-01   3.3025085e-01   2.6285236e-01   3.2377237e-01   1.5443215e-01   5.5540182e-02  -4.3347102e-03   1.0414679e-01   3.9858214e-01   6.1129183e-02   1.2906320e-01   2.6703783e-01  -1.0890311e-01  -6.8617872e-02   2.3765575e-01  -5.8687284e-02  -9.8215156e-03  -1.7808268e-01   4.1454249e-03  -5.8085625e-02   5.4884317e-02  -1.4151759e-01  -1.5832970e-01  -6.5380804e-02   4.3513892e-02   5.8887301e-02  -1.6088861e-01   8.2692479e-02   2.0562727e-01   4.0331985e-01   1.1328400e-01   4.6797903e-02  -4.8909390e-02   1.2884792e-02  -4.0654660e-02  -8.7365076e-02   8.6043796e-02  -2.2055077e-02   1.9454339e-01   7.0075107e-02  -2.7095267e-03   1.8430081e-02   3.8123605e-02  -5.7666897e-02   2.1748826e-02  -3.6243711e-02   7.2371648e-02  -1.9540416e-01   9.3172193e-02   5.6725715e-02   2.2154482e-01   2.5605821e-02   1.6915548e-01   2.3362674e-01   9.6510941e-02   5.3057558e-01   4.8491695e-02   4.5221135e-02   2.0997534e-01   0.0000000e+00  -1.2232117e-01  -6.0445907e-02   2.1061244e-02
   1.9865411e-03   0.0000000e+00   5.4812749e-02   1.2805704e-01   8.4113843e-03  -8.2384682e-02  -5.6924946e-02   1.8531365e-01   2.1918531e-02   2.2918769e-01   1.4037623e-02   2.5409541e-02   1.0574713e-01   0.0000000e+00  -3.2610458e-02  -4.3125930e-02   1.3071569e-02  -5.0924550e-02   1.5311683e-02   8.0579120e-02   1.4320599e-01   4.7152640e-01   1.3730855e-01   5.5882271e-02   3.5493747e-01   1.3175069e-01   6.6781647e-02   9.0774597e-02  -9.2123102e-02  -6.6725886e-02  -1.0622798e-01  -4.5614054e-02  -3.4261816e-02  -2.7998815e-02  -2.6099707e-02  -2.1718426e-02   1.1136272e-02   6.3319398e-02   9.3028045e-02   1.0294622e-01   3.4726772e-02  -9.1948907e-02  -9.6129119e-02  -2.9971812e-02  -4.1843366e-02  -5.6010370e-02   2.1317645e-01   2.8820173e-02  -1.0633060e-01  -8.6928450e-02   0.0000000e+00  -9.5428060e-02  -1.6714000e-01   1.5470466e-01   1.9954608e-03   2.8430732e-02   5.9689366e-01  -9.8505835e-02  -1.5668502e-02   1.4567649e-01   2.3640161e-01   2.1713432e-01   1.9313295e-01  -9.1097291e-02  -1.3777817e-01  -7.5681526e-03   1.6845101e-02  -5.1321910e-04   7.3988185e-03   8.5828382e-02   1.2313978e-01   1.4690692e-01  -1.4569167e-01  -7.6130462e-02  -2.6507479e-02  -1.0332542e-01  -7.7428589e-02  -9.9635738e-02   4.7001373e-02   7.8590112e-02  -3.8702130e-02  -4.7436373e-02   1.4265812e-01  -8.8780287e-02   1.3330396e-02  -6.2567537e-02  -7.4472675e-02   3.5803839e-03  -1.0001952e-01  -9.3381056e-02  -1.2036521e-01   2.2990618e-01   3.6675457e-02  -5.7089203e-02   2.6967225e-02  -7.4698916e-02  -1.8459434e-01  -5.3481015e-02  -1.0066737e-02   3.1189263e-02  -1.2843382e-01  -1.5943611e-01  -1.1200926e-01   7.7830180e-02   3.4715908e-01   1.3602026e-02  -7.5810720e-02  -1.2994780e-02   1.3043787e-01  -6.1799908e-02  -3.0809090e-02   1.4582110e-02   5.9238941e-03  -1.3204346e-01   0.0000000e+00   1.0786565e-01   1.0288920e-02   2.6537630e-01
  -5.8060853e-02   0.0000000e+00   3.6388618e-02   1.1819700e-01  -2.7370414e-02   7.5293948e-02  -3.5049468e-02  -9.3495951e-02   3.8705553e-02   8.1284097e-02   2.0675769e-01   6.2774925e-02   3.0905118e-01  -3.2610458e-02   0.0000000e+00   4.5188574e-01   2.6643045e-02   1.4545266e-01   1.9903281e-01   2.8454461e-01   3.3007787e-01   6.0296056e-02   7.8226966e-02   7.8762387e-02   7.5279155e-02  -2.7294455e-02   1.6687421e-01   6.8112312e-02   4.4790032e-01   3.9065582e-01  -1.3283728e-01   1.1221272e-01   4.4028008e-01   5.1311690e-01   4.5236086e-01   4.9918612e-01   3.9122084e-01   1.9203209e-01   1.7537495e-01   2.0083486e-01   1.3698157e-01   4.3996925e-01   9.6220578e-02   2.8736356e-01   1.5869353e-01   3.9026270e-01   1.4508494e-01   3.1842859e-01   4.0284785e-01   6.6982311e-02   0.0000000e+00  -9.6196818e-02  -3.1100197e-02   1.1516267e-01   3.1040956e-01   4.9946967e-01   6.0029964e-02   2.4867999e-01   3.8735937e-01  -7.7641464e-02  -1.8322764e-01  -2.6610398e-01  -6.4977804e-02   1.7028588e-01   2.3475545e-01   4.5074092e-03   1.4025655e-01  -2.4634850e-01  -2.8655105e-01  -7.4295630e-02  -1.9248410e-01  -1.5484398e-01  -1.2395198e-01   1.0521658e-02  -1.0704155e-01  -1.1756115e-01  -2.0951729e-01  -1.6035115e-01  -2.5761267e-01  -1.6227933e-01  -8.3984209e-02  -2.5932380e-01  -1.0939286e-01   1.4711056e-02   2.8366748e-01   9.8769021e-02  -7.9376574e-02  -2.4348271e-01  -2.5112176e-02  -1.6411338e-01  -1.5119511e-01  -1.0494702e-01  -1.0294722e-01   1.3983019e-01   5.4823282e-02   1.2139234e-01   2.5900068e-01   1.7914765e-01  -4.4771199e-02  -5.1988990e-02   5.9908999e-02   1.6921087e-01  -2.5303338e-01  -1.2239862e-01  -9.1698566e-02   5.6722544e-02   4.3747497e-02   8.0797683e-02  -5.1366231e-02   1.7984667e-02   3.1294122e-01  -4.8262973e-02   1.4474536e-01   4.2050561e-01   0.0000000e+00  -1.0391878e-01  -2.2456948e-01  -1.8166468e-01
   3.1264683e-02   0.0000000e+00   8.8984307e-02   4.7389439e-02  -4.7055601e-02  -7.2253654e-03   6.4472608e-02  -4.5028955e-02   6.2960357e-02   1.2426779e-01   2.1615388e-01   1.0962613e-01   2.9239323e-01  -4.3125930e-02   4.5188574e-01   0.0000000e+00   5.5428096e-02   2.5590800e-02   1.6823255e-01   1.5957606e-01   1.7576726e-01   4.0673101e-02   1.0324890e-01   1.5372960e-02   8.5816327e-02   2.5788285e-02   1.1854999e-01   2.0341770e-02   2.2291218e-01   2.2852189e-01  -1.4074108e-01   1.3055308e-01   4.1980292e-01   4.1545597e-01   3.4634936e-01   3.4326505e-01   2.8706994e-01   9.5225059e-02   2.9275771e-01   6.3947151e-02   6.2037435e-02   2.9806339e-01   2.1023456e-01   2.0155863e-01   1.3518188e-01   2.7856673e-01   1.3548220e-01   2.8740172e-01   3.3342029e-01   7.9775753e-03   0.0000000e+00   1.1904063e-03   4.6316943e-02   2.0484295e-01   5.3811739e-01   3.9401493e-01   1.3462926e-01   2.0619328e-01   3.7978247e-01  -8.7605657e-02  -1.3218191e-01  -1.9180405e-01  -6.3177199e-04   1.2283401e-01   1.8299430e-01  -6.1541611e-03   1.0524064e-01  -9.0060493e-02  -1.1320486e-01  -3.7183723e-03  -4.9843126e-02  -8.3639340e-02  -1.4771705e-01   1.9210382e-02   2.6365711e-02  -4.5775272e-02  -9.2484722e-02  -6.2098170e-02  -1.3736694e-01  -6.6751143e-02  -3.2457122e-02  -1.2509871e-01  -4.4514288e-02   9.0601805e-02   2.9747926e-01   1.8802944e-02  -7.1145440e-02  -1.5824850e-01  -2.9702813e-02  -5.0625925e-02  -8.9192950e-02  -3.0824961e-02  -1.3592411e-02   2.4906436e-01   1.0513848e-01   1.3114442e-01   1.6969468e-01   2.1194458e-01   3.2400682e-02   1.3228665e-01   5.0900422e-02   1.6206488e-01  -6.8273530e-02  -6.6970414e-02  -3.8351527e-02   7.3193277e-02   1.9980884e-01   2.1025473e-01   6.9317757e-02   1.2016273e-01   2.9505953e-01   4.4362619e-02   8.0267953e-02   2.9125482e-01   0.0000000e+00  -3.9050984e-02  -3.3122073e-02  -1.8503134e-01
  -7.1632421e-02   0.0000000e+00   1.1137434e-01   2.2025016e-01   1.1320487e-01   6.3029251e-02   4.1137915e-02  -1.5479577e-02  -4.0006942e-03   9.8931818e-02   1.0466118e-01   3.3424375e-02   3.6377717e-02   1.3071569e-02   2.6643045e-02   5.5428096e-02   0.0000000e+00   2.8274206e-01   2.5551075e-01   3.1701588e-01   2.7731776e-02   1.1962678e-01   3.0819260e-02   7.5453977e-02   1.5733750e-01   1.1833240e-01   1.9056054e-01   1.8805685e-01   1.4832399e-01   2.1562823e-01   1.7167558e-01   2.5484223e-01   1.3083261e-02  -1.0825031e-02   1.0853775e-01   2.9389674e-02   1.2376857e-01   1.4412262e-01   8.0866916e-02   4.4906639e-02   1.2196081e-01   3.4914872e-02   2.6453219e-01   8.4929241e-03   7.7079793e-02   9.4026405e-03   8.2368829e-02   8.6834612e-02   1.7282367e-01   3.2763173e-01   0.0000000e+00   1.4380891e-01  -3.2469631e-02   2.3045188e-02   1.9816219e-01   9.1228065e-02   1.4395782e-01  -3.8642136e-02   1.0897133e-01   1.8060653e-01   1.6796907e-02   3.1530842e-02  -6.2568364e-02   5.0727719e-02   3.0616631e-02   1.5180892e-01  -8.7872413e-02   4.1378212e-02  -8.6969685e-02   1.0309091e-01   2.0274143e-02   2.0565475e-02   7.9332308e-02   2.2651009e-02  -1.6388198e-02   1.3674970e-01   5.7471454e-02   4.0028225e-02   1.6109393e-01   4.4355418e-02   2.2885543e-01   1.7687140e-01   2.2134275e-01   2.5922554e-01   1.0792628e-02   1.8848518e-01   1.3261546e-01   8.1448946e-02   1.0198523e-01   2.7725871e-02   6.2061951e-02   7.1703130e-02  -3.4758630e-02  -5.2433881e-02   3.0918088e-02   3.4757787e-02   1.9456386e-02  -5.9878299e-02  -6.9636848e-02  -7.1517598e-03   1.2764502e-01  -1.7483417e-03   1.4384411e-01   2.1002917e-02  -1.1031088e-01  -6.7892610e-02  -3.6165061e-02   3.2209836e-02  -1.1558635e-01   2.0130329e-02   1.4395026e-02   1.7093957e-01   8.1300393e-02   8.6307084e-02   0.0000000e+00  -7.5611108e-02   1.5911555e-02  -3.7127306e-02
  -2.2066167e-02   0.0000000e+00   1.1137760e-01   8.1400159e-02   1.6865294e-01   1.2606954e-01   9.5683494e-02  -2.8445873e-02   2.9704786e-02   2.4941525e-02   1.1283896e-01   3.0246240e-02   2.3268007e-01  -5.0924550e-02   1.4545266e-01   2.5590800e-02   2.8274206e-01   0.0000000e+00   1.4724714e-01   3.3578143e-01   1.1961864e-01   1.3893464e-01   2.5307662e-02  -2.4520910e-02   1.5798824e-01   1.9543249e-01   3.1465206e-01   1.0381027e-01   2.7443362e-01   2.9026525e-01   3.5873495e-01   2.3452192e-01   3.9528660e-02   6.2872154e-02   1.1557138e-01   7.2222443e-02   1.5488783e-01   1.4812658e-01   4.7530106e-02   1.0226074e-01   1.7918003e-01   1.1760854e-01   2.7465243e-01   6.1361736e-02   1.0663863e-01   1.7654949e-01   2.0327032e-01   1.4605519e-01   3.5690125e-01   3.4338458e-01   0.0000000e+00   1.3975728e-01   2.1582461e-02   1.4087689e-01   1.5570504e-01   1.4182592e-01   1.7662300e-01   7.0301885e-02   8.7764751e-02   1.7153791e-01   9.1937480e-02   5.3616576e-02   1.0353215e-02   2.1353120e-01   8.5659083e-02   1.7118610e-01   1.3609251e-01   4.6506883e-02   4.8662645e-02   2.8876146e-01   1.1425734e-01   4.2802666e-02   9.4955637e-02   8.0353485e-02   5.7490318e-02   2.3591818e-01   2.0866164e-01   1.4142341e-01   1.6382365e-01   1.6017909e-01   2.5576974e-01   1.3864875e-01   1.5576630e-01   4.4810968e-01   1.8018869e-01   2.1474437e-01   1.9147972e-01   4.6985036e-02   9.5500568e-02   1.4156567e-01   1.6631305e-01   1.7982143e-01  -3.0623738e-02  -6.8909098e-02   6.6059529e-02   5.4601831e-02   9.1683763e-02  -4.6378681e-02  -3.3226163e-02  -2.1669528e-02   1.3417740e-01   7.4135937e-02   1.7661957e-01   6.6578773e-02  -1.4926961e-02   9.4762606e-02  -7.0720566e-03   5.6530295e-02   1.4866570e-02   4.3491025e-02   1.5831595e-01   9.8862772e-02   9.7049140e-02   1.8351009e-01   0.0000000e+00  -9.3113072e-02   1.2766735e-01   7.8611556e-02
   7.5413663e-02   0.0000000e+00   5.4251309e-02   3.4649992e-01  -1.7919232e-02  -4.5947122e-02   1.1033213e-01  -1.6966256e-02   1.0217018e-01  -5.5586962e-03   1.9323330e-01  -3.0389886e-02   2.5790022e-01   1.5311683e-02   1.9903281e-01   1.6823255e-01   2.5551075e-01   1.4724714e-01   0.0000000e+00   1.3893353e-01   1.5120716e-01   8.4791421e-02   1.0763686e-01   1.0742231e-01   1.0219376e-01   1.3370975e-01   4.4387409e-02   5.9608890e-02   1.8562835e-01   2.4523955e-01  -6.8696177e-02   2.1346282e-01   2.1381551e-01   2.2521427e-01   2.3987312e-01   2.6265134e-01   3.1273042e-01   2.4748046e-01   3.1429400e-01   1.2122789e-01   2.3930439e-01   2.4387930e-01   2.2763389e-01   3.2847550e-01   1.9503749e-01   2.4434497e-01   9.6435974e-02   2.7483350e-01   2.3058370e-01   1.1658071e-01   0.0000000e+00  -1.2961195e-02   8.1619728e-02   2.3327580e-01   2.4856641e-01   2.4051431e-01   1.3492920e-01   8.5414279e-02   3.8893744e-01   7.0019179e-02  -2.4172008e-02  -3.1503305e-02   9.0469693e-02   1.5597570e-01   1.0425326e-01   6.3086910e-03   6.9481144e-02  -9.9749902e-02  -8.5953732e-02   4.8817488e-02  -2.1303936e-02  -1.0299219e-02   6.4393612e-02   2.2104577e-02  -2.6968476e-02   2.6398304e-02  -1.0191388e-02  -5.9474203e-02  -1.0984428e-02  -6.3430700e-06   5.2045721e-02  -1.2795233e-01   1.0140481e-02   3.4921430e-02   1.4877692e-01  -3.0108467e-02  -3.3837146e-02  -4.7789195e-02  -6.5744701e-02   4.3752055e-04   1.1619187e-02   5.8007266e-02   5.8118906e-02   1.1462897e-01   2.6903314e-01   1.0160880e-01   1.0499542e-01   2.2562235e-01   6.9201836e-02   6.8936585e-02   1.7095683e-02   1.5969981e-01  -1.0107702e-01   2.7091937e-02   2.6367018e-02   1.1760402e-01   5.9173431e-02   1.4315145e-01   7.8548882e-02   9.3105377e-02   1.9967533e-01   9.7711713e-02   5.5479951e-02   1.1793643e-01   0.0000000e+00   2.2287415e-02   1.4989062e-02  -7.1771401e-03
  -1.4494190e-01   0.0000000e+00   9.8833597e-02   1.8429867e-01   3.8356065e-02   3.7294171e-02   1.4015461e-01  -5.9657057e-02  -9.6551527e-02   3.7856232e-01   3.3266398e-01   9.3279078e-02   5.5832424e-01   8.0579120e-02   2.8454461e-01   1.5957606e-01   3.1701588e-01   3.3578143e-01   1.3893353e-01   0.0000000e+00   5.1326397e-01   3.3198050e-01   2.0615051e-01   2.2992654e-01   4.2134097e-01   2.0407160e-01   4.1821319e-01   4.4065853e-01   5.0157334e-01   6.0960763e-01   3.4695749e-01   2.7531692e-01   2.0406892e-01   1.8919511e-01   4.8638061e-01   2.1433782e-01   3.5568444e-01   2.8350978e-01   1.4607496e-01   3.4135581e-01   1.7543897e-01   1.2901620e-01   2.0300424e-01  -4.8898543e-03   6.6138265e-02   1.6632108e-01   3.3467982e-01   3.4872014e-01   3.8296655e-01   3.4198111e-01   0.0000000e+00  -7.1779998e-02  -9.8235719e-02   1.5778536e-01   1.6964379e-01   3.7882803e-01   2.4115035e-01   3.9627212e-02   1.7830042e-01   1.9797103e-01  -3.6950927e-02  -1.0645954e-01  -1.9719181e-01   3.0974211e-01   4.3354947e-02   2.9116770e-01   8.6860894e-02  -1.4922307e-02  -8.1853029e-02   1.6848755e-01  -6.2609453e-02  -8.3329442e-02  -1.8664140e-01  -3.1727839e-02  -7.0224575e-02   1.8255739e-01  -7.9645677e-02  -1.0393544e-01  -8.4322791e-02  -1.8703576e-02   1.2081359e-01   4.5530057e-02   2.8519069e-01   3.7943562e-01   3.1038661e-01   5.1163413e-01   2.9800045e-01  -3.9889059e-02   2.4159865e-01  -4.9872001e-02   1.0503136e-01  -5.4642432e-02  -1.5964770e-01  -1.4331841e-03  -3.9365179e-02  -5.6292039e-03   4.1453180e-02  -1.4447925e-01  -1.8725174e-01  -4.7745229e-02   1.7273033e-01  -6.2996464e-02   1.1970847e-02  -1.0821032e-01  -1.8064837e-01  -7.5695000e-02  -7.7487970e-02  -6.0181902e-02  -1.4029869e-01  -2.5732499e-02   2.9555866e-01   5.2589037e-02  -3.1249503e-02   1.6654437e-01   0.0000000e+00  -2.5093142e-01  -5.7267452e-02   9.4397692e-02
  -4.6961351e-03   0.0000000e+00   5.9233700e-03   1.9817968e-01  -7.8330160e-02   2.6021652e-02   9.7002323e-02  -5.6320866e-02  -1.0314718e-01   3.2797936e-01   3.8868556e-01   8.1552073e-03   4.2677402e-01   1.4320599e-01   3.3007787e-01   1.7576726e-01   2.7731776e-02   1.1961864e-01   1.5120716e-01   5.1326397e-01   0.0000000e+00   4.1038379e-01   3.8079770e-01   3.4984379e-01   5.1691646e-01   1.6154505e-01   1.6890785e-01   2.3934605e-01   2.0662038e-01   2.8815181e-01  -1.2191656e-01   1.3457803e-01   3.2093846e-01   2.6263867e-01   5.0269866e-01   3.3819564e-01   4.2605761e-01   3.6571925e-01   2.9679080e-01   3.1062152e-01   1.6101109e-01   2.6547953e-01  -1.6355895e-02   2.2148791e-01   1.2453806e-01   2.2714250e-01   2.6852968e-01   3.4250906e-01   1.5313303e-01   5.6209211e-02   0.0000000e+00  -1.6366475e-01  -8.4522502e-02   1.8837442e-01   7.4088703e-02   3.0467773e-01   1.7544215e-01   1.5878889e-02   1.7164702e-01   2.9560211e-01   8.0596971e-02   1.3104819e-02  -7.2274638e-02   6.0864944e-02   4.2109395e-02  -9.5642022e-02  -4.3465809e-02  -8.3299168e-02  -1.5888662e-01  -1.3944685e-01  -1.9545857e-01  -1.5060879e-01  -1.6788714e-01  -4.6716937e-02  -6.3843579e-02   5.8941752e-03  -1.8005005e-01  -1.3943175e-01  -2.2409239e-01  -8.0742547e-02  -9.2153311e-02  -1.8021246e-01   1.4728740e-01   4.5697429e-03   1.4637917e-01   1.0218288e-01   2.1105380e-02  -9.2437047e-02  -5.7368869e-02  -1.7612281e-01  -1.0503038e-01  -1.2153894e-01  -1.3217651e-01   7.1143932e-03  -1.9629211e-02   4.3878958e-02   4.0513097e-02   9.3052377e-02  -8.6601782e-02  -2.1005947e-02   1.0813737e-01  -1.0674430e-02  -2.2443189e-01   3.6557023e-02   1.1514592e-01  -6.6835565e-03  -3.4252425e-02  -3.1061982e-02  -6.0355170e-02  -3.6787289e-02   1.2375038e-01  -1.9801311e-02   7.9066576e-04   8.6280740e-02   0.0000000e+00  -1.3457173e-01  -9.0713001e-02  -5.3107037e-02
