   0.0000000e+00   1.0005355e-01   0.0000000e+00   1.2559875e-01  -8.2603713e-02  -2.8776369e-02   3.4393931e-01   8.7759661e-02   1.3614772e-01   1.8819535e-01   2.9703896e-01   1.7344178e-02  -9.1219777e-02  -3.4076900e-02   1.0827015e-01   5.1288627e-02  -5.6372140e-02  -5.8203447e-02   1.7162293e-01  -1.1107833e-01  -4.0643884e-02  -2.0376180e-02   1.0955480e-01   1.4081493e-01  -3.9371921e-02  -7.1869011e-02  -2.1443268e-01  -4.8420816e-02  -2.0797351e-01  -9.9069201e-02  -2.3256864e-01  -9.6551697e-02  -4.3616234e-02   5.6865739e-02  -1.0117987e-01   1.5299114e-01   1.7455734e-01  -4.8536863e-02  -1.9024583e-02   2.2457651e-01   5.2787986e-02  -2.7977550e-02  -1.0836291e-01  -2.8064329e-02  -3.6279428e-02  -1.3999475e-02  -1.4419277e-01   6.8551622e-02  -1.9549671e-01  -2.0766852e-01  -1.1952303e-01   6.5081238e-02  -7.3073680e-02   2.9022685e-01   5.9652827e-02   8.8618097e-03  -2.0790703e-01  -2.0828023e-02   1.4137320e-01   5.4803304e-04  -1.4329241e-01  -1.5687589e-01  -5.7044828e-02  -3.9512253e-02  -1.1230776e-01  -3.6580736e-02  -5.8899985e-02   1.7814499e-01  -2.1055016e-02  -3.7628477e-01  -7.9223334e-03   3.0159580e-02   3.3053648e-01   2.3609616e-01   1.7958242e-01   2.0155045e-01   1.6107632e-01   1.1920776e-01  -2.7595005e-01  -4.7178388e-03  -1.8093007e-01  -5.1888995e-02  -1.1308209e-01  -2.5018095e-01  -6.4091987e-02  -2.4526479e-01   2.4108058e-02  -6.9577203e-02  -5.9189850e-02   6.3319778e-02  -6.8206705e-03  -1.9408724e-01  -3.4737835e-02  -2.9727472e-02  -6.3204769e-02   4.1845254e-02  -1.5686995e-01  -5.7209641e-03   1.8339869e-02  -6.6047921e-02   2.2875058e-02   7.6471364e-02  -8.0143178e-04  -1.0015258e-01   5.4443947e-02   2.5104194e-02   1.7410170e-01   1.0990713e-01   6.1470809e-02   8.7454150e-02   1.5533690e-01   9.6743946e-02   1.5346178e-01   2.8221297e-02   2.7284222e-02  -1.7048257e-01  -6.2385483e-02   1.3152741e-01
   1.0005355e-01   0.0000000e+00   0.0000000e+00  -5.6348635e-02  -3.1978931e-02   4.2013823e-02   9.4951791e-02   8.1267650e-02   7.4536721e-02  -1.8041393e-01   1.2202361e-02  -3.9000209e-02  -1.2068863e-01  -1.1027310e-01   1.0714343e-01  -5.1176392e-02  -4.1954501e-02   6.9458449e-02   3.1911118e-03  -5.0365846e-02  -8.2604317e-02  -2.2098183e-01   5.4838541e-02   2.0807380e-02  -1.5533756e-01  -1.8839591e-01  -1.8946554e-01  -1.6836591e-01  -1.0318621e-01  -1.3435826e-01  -2.7123688e-02  -1.0180350e-01  -1.2712469e-01   3.4062130e-02  -9.0347312e-02  -9.6547470e-02  -1.5639671e-02  -1.1041500e-01  -1.6357034e-01   8.3524646e-02  -6.3467434e-03  -7.1500582e-02  -4.5186739e-03  -7.7157970e-02  -4.3772292e-02  -7.0079088e-02  -8.1552507e-02   1.5143560e-02  -6.4075152e-02  -9.1750129e-02   1.1607952e-01  -9.6074142e-02  -1.0100067e-01  -8.0426438e-02  -6.0349877e-02  -1.2064148e-01  -1.9993109e-01  -1.3104651e-02  -3.5956870e-02  -6.6822553e-02  -1.1356497e-01  -1.8441318e-01  -1.9864905e-01   9.7926469e-03  -5.8552211e-02  -1.6941801e-03   3.3586860e-02   8.3305514e-02   6.7537670e-02  -1.3799257e-01   2.8616865e-02   1.4816081e-01   8.6371047e-02   6.1167828e-03  -8.7184923e-02   1.2639293e-01   3.7507869e-02   1.1054377e-02  -1.2452651e-01   1.3573772e-01   2.2473403e-02   1.4670751e-02  -7.0537949e-02   4.0823808e-02  -1.0922210e-01  -3.8700761e-02   2.1548691e-01  -3.6367945e-02   8.4932809e-02   5.0369068e-02   1.7453875e-01  -1.8305860e-01  -1.6305645e-01  -2.8011046e-02   5.7321774e-03  -2.1873792e-02  -9.2369522e-02  -1.3543907e-01  -2.0385344e-02  -1.4155010e-01  -7.8655683e-02  -8.6473580e-02   1.1492629e-01  -4.6767163e-02  -2.2801286e-01  -3.5673049e-02  -1.0764625e-01  -3.1876696e-02  -1.5139417e-01  -5.6198270e-02   1.2887897e-01  -9.0326553e-02  -7.4652784e-02  -1.6078134e-01  -1.8636340e-01  -6.6316059e-02   3.5906182e-02   1.3088082e-01
   0.0000000e+00   0.0000000e+00   0.0000000e+00   0.0000000e+00   0.0000000e+00   0.0000000e+00   0.0000000e+00   0.0000000e+00   0.0000000e+00   0.0000000e+00   0.0000000e+00   0.0000000e+00   0.0000000e+00   0.0000000e+00   0.0000000e+00   0.0000000e+00   0.0000000e+00   0.0000000e+00   0.0000000e+00   0.0000000e+00   0.0000000e+00   0.0000000e+00   0.0000000e+00   0.0000000e+00   0.0000000e+00   0.0000000e+00   0.0000000e+00   0.0000000e+00   0.0000000e+00   0.0000000e+00   0.0000000e+00   0.0000000e+00   0.0000000e+00   0.0000000e+00   0.0000000e+00   0.0000000e+00   0.0000000e+00   0.0000000e+00   0.0000000e+00   0.0000000e+00   0.0000000e+00   0.0000000e+00   0.0000000e+00   0.0000000e+00   0.0000000e+00   0.0000000e+00   0.0000000e+00   0.0000000e+00   0.0000000e+00   0.0000000e+00   0.0000000e+00   0.0000000e+00   0.0000000e+00   0.0000000e+00   0.0000000e+00   0.0000000e+00   0.0000000e+00   0.0000000e+00   0.0000000e+00   0.0000000e+00   0.0000000e+00   0.0000000e+00   0.0000000e+00   0.0000000e+00   0.0000000e+00   0.0000000e+00   0.0000000e+00   0.0000000e+00   0.0000000e+00   0.0000000e+00   0.0000000e+00   0.0000000e+00   0.0000000e+00   0.0000000e+00   0.0000000e+00   0.0000000e+00   0.0000000e+00   0.0000000e+00   0.0000000e+00   0.0000000e+00   0.0000000e+00   0.0000000e+00   0.0000000e+00   0.0000000e+00   0.0000000e+00   0.0000000e+00   0.0000000e+00   0.0000000e+00   0.0000000e+00   0.0000000e+00   0.0000000e+00   0.0000000e+00   0.0000000e+00   0.0000000e+00   0.0000000e+00   0.0000000e+00   0.0000000e+00   0.0000000e+00   0.0000000e+00   0.0000000e+00   0.0000000e+00   0.0000000e+00   0.0000000e+00   0.0000000e+00   0.0000000e+00   0.0000000e+00   0.0000000e+00   0.0000000e+00   0.0000000e+00   0.0000000e+00   0.0000000e+00   0.0000000e+00   0.0000000e+00   0.0000000e+00   0.0000000e+00   0.0000000e+00   0.0000000e+00   0.0000000e+00
   1.2559875e-01  -5.6348635e-02   0.0000000e+00   0.0000000e+00  -2.4504405e-04   6.6713050e-02   2.0107316e-01   9.4080900e-03  -6.3690149e-02   1.5078062e-01   1.8972560e-01  -2.6358914e-02   1.2854823e-01   8.2878568e-02   1.3756907e-01   1.8874015e-01   6.9305502e-02   3.6293661e-02   1.2825555e-01   1.0990593e-01   1.1451886e-01   9.2446698e-02   2.6365807e-01   1.6704084e-01   1.2344589e-01   9.2522964e-02   7.7332711e-03   1.5014670e-01   1.9681205e-02   1.0129273e-01   8.4746106e-02   3.0951215e-02  -1.9196343e-02   1.1464385e-01   5.3708020e-02   2.0061272e-01   2.0455803e-01   1.1317606e-01   8.9874050e-03   2.5569827e-01   1.7966287e-01   7.9998108e-02   3.1684231e-02   2.2151037e-01   8.8921801e-02   2.0783130e-01   8.9009377e-02   1.2772129e-01   1.5501223e-02  -3.8361970e-03  -6.2018605e-02   1.2749000e-02   8.7113592e-02   3.1039552e-01   1.0231166e-01   1.2425254e-01   2.3994579e-02  -1.3669643e-02   6.6065411e-02   3.5571761e-02   2.1548381e-02  -5.7315387e-02   9.8076312e-02   1.3881280e-02  -7.7322967e-02  -1.3410255e-02  -4.9948124e-03   8.4742756e-02   2.2270173e-02  -7.3944135e-02   6.8239465e-02  -8.5558918e-02  -1.7913297e-02  -2.0638400e-02   5.0088583e-02  -3.8166252e-02  -4.8807732e-02  -5.7544165e-02  -1.6179135e-02   1.9675646e-02  -2.1500310e-02   7.9104045e-02   2.6462080e-02  -2.3398911e-04   4.1845284e-03  -4.6001793e-02  -2.0157399e-02   7.0091346e-03  -3.1614234e-02  -1.6652672e-02  -1.4470376e-02  -2.0748124e-02  -5.7482086e-02  -7.4781172e-02   2.4276244e-02   4.7326539e-02  -6.1465450e-02   1.5313670e-02  -3.4873232e-02  -3.4943001e-02  -9.4007745e-03  -9.3990402e-02  -1.0374547e-01  -2.8767533e-02   7.6647719e-03   1.8928346e-02   1.8938352e-01   2.5230073e-02   4.4097055e-02  -1.9561552e-02  -6.3714245e-02   3.7539592e-02   1.6130124e-01   3.6984168e-02  -5.0700047e-02  -4.6140397e-02  -7.4392447e-02   5.1530091e-02
  -8.2603713e-02  -3.1978931e-02   0.0000000e+00  -2.4504405e-04   0.0000000e+00   2.0134704e-01   5.7113624e-02  -8.1087529e-02  -1.5053125e-01   2.2260748e-02   1.3979149e-01  -1.4188908e-02   8.6480211e-02  -1.6083047e-02   7.8241909e-02   2.8858848e-02   2.3587590e-01   2.5710155e-01   1.4980051e-01   3.0503110e-01   1.6135876e-01   1.2309596e-01  -1.3364384e-01  -7.5689081e-02   2.6935260e-01   6.1954453e-02   3.9777802e-01   2.0479252e-01   1.8165940e-01   6.8490912e-02   3.1445804e-01   1.0675828e-01   1.0366739e-01   2.0672932e-01   1.0817693e-01   1.3086154e-01   1.7043318e-01   1.0744525e-01   7.0639138e-02   1.0532662e-01   6.7187961e-02   1.4316611e-01   2.4557898e-01   4.8465432e-02  -6.1160218e-02   6.9777418e-02   5.2574029e-01   5.4844596e-03   2.2392758e-01   2.4634192e-01   2.2811174e-01   2.4990060e-02   4.0310019e-02   9.1763926e-02   7.9148127e-02   4.0663280e-02   2.2666590e-01  -1.0227639e-01   6.2676431e-02   8.3385034e-02   7.0382680e-02   1.2639690e-01   8.3275747e-02   1.8391008e-01  -7.1048193e-02   3.2239895e-01  -1.2901406e-01   7.4938114e-02  -1.2040714e-01   2.1049353e-01  -1.5569920e-01   2.1113431e-01   3.3464874e-02   9.8260002e-02   2.7418390e-03  -2.4195572e-01  -2.1586276e-01  -1.3815576e-02   1.9191746e-01  -2.2519322e-01   3.2803116e-01   1.7082063e-01   3.5936790e-01   1.5695961e-01   9.0123465e-02   1.1736989e-01   3.7602984e-02  -1.0789494e-02   3.0972960e-01  -1.6097278e-01   2.6885353e-02   1.2233647e-01   1.0369368e-01  -1.1387905e-01   1.6939133e-01  -7.5740319e-02  -7.9679109e-02  -1.1414926e-01  -1.8028084e-01  -8.7144517e-02   4.2662151e-02  -1.5442311e-01  -1.3691986e-01   6.0660753e-02  -1.6077646e-01  -3.8833760e-02  -1.5347562e-01  -1.8294240e-01  -1.7351493e-01  -1.0082028e-01  -1.0238836e-01   7.4556819e-02  -2.2240765e-03   1.6955169e-01   1.7755520e-01  -1.4793849e-02  -9.4185741e-02  -1.3754026e-01
  -2.8776369e-02   4.2013823e-02   0.0000000e+00   6.6713050e-02   2.0134704e-01   0.0000000e+00   1.7354740e-01   4.9493455e-02  -5.6541889e-02   3.7337640e-02   1.2556272e-01  -4.7455149e-02   1.3429262e-01  -6.7886889e-03   1.8308049e-01   6.8679411e-02   1.0718330e-01   8.7720888e-02   5.5522783e-02   2.8593214e-01   4.4128384e-03   2.4906462e-02   1.0890564e-01  -8.1803116e-03   7.8728301e-02   6.7672100e-03   2.2500070e-01   7.6400289e-02   8.5686492e-02  -1.0391377e-02   1.1671313e-01  -1.1732609e-01  -1.1987353e-01   6.5318242e-02  -1.0888142e-01   5.7684943e-02   1.2732913e-01  -6.1401190e-02  -7.1385177e-02   6.4404851e-02  -6.4064893e-03  -1.9630004e-02  -2.6004842e-02  -7.1108042e-02   1.0355743e-01  -5.4579677e-02   1.5562335e-01   1.4891917e-02  -2.9146271e-02   3.3209572e-01   6.2387557e-02  -1.3485809e-01  -8.0724136e-02   4.3224986e-02  -3.9996331e-02   1.4821821e-01  -4.3877057e-02   1.2411754e-01  -4.3230063e-02   8.7042575e-03  -8.7955153e-02  -4.0157139e-02  -7.5142142e-02   3.7140755e-02   3.8311741e-03   8.4036779e-02   6.7835696e-02   2.7456811e-01   1.2149881e-01  -3.4863023e-03  -3.3268831e-02   1.7882790e-01   9.8804249e-03   7.9927715e-02  -6.9961786e-03  -9.3843269e-02  -5.1357467e-03   6.7155403e-02   7.5276030e-02   8.7657643e-02   2.6052773e-01   1.8891392e-01   2.6804616e-01   2.6931436e-01  -1.4945827e-01   1.4265806e-01   3.2084426e-01   1.1635943e-01   3.6314035e-01  -1.0038444e-02   1.2782160e-01  -2.4065459e-02  -1.3371293e-01  -9.1695378e-02  -3.8959303e-02  -9.9023074e-02  -1.0245051e-01  -2.0740819e-01  -1.6094244e-01  -2.5123580e-01  -5.0418701e-02  -1.1057552e-01  -5.7320936e-02  -2.0627165e-03  -1.3632436e-01   8.1692475e-02   3.2461165e-02   1.2509160e-01  -7.0373573e-02  -1.5551791e-03  -8.0234814e-03   2.4290998e-02   1.0846747e-01   5.2769489e-02   9.3664973e-02   7.0609235e-02   2.0823414e-02   2.3317518e-01
   3.4393931e-01   9.4951791e-02   0.0000000e+00   2.0107316e-01   5.7113624e-02   1.7354740e-01   0.0000000e+00   4.3166327e-02  -5.9012952e-02   8.9535646e-02   5.0797411e-01  -4.9401059e-02   1.5993086e-01  -1.1171988e-02   3.5003553e-01   3.1716659e-01   4.8183046e-02   1.3599289e-01   3.3785817e-01   1.7534483e-01   7.3278748e-02   2.1234929e-02   2.5953213e-01   1.5049984e-01   1.8850133e-01   5.0453907e-03   3.7878643e-02   1.3183054e-01  -1.7544235e-02   5.1522199e-02   1.7307980e-04  -1.1437897e-02   5.1566293e-03   1.8088234e-01  -6.7518043e-02   3.3143090e-01   4.5858609e-01   8.0482134e-02  -5.0470981e-02   3.6237945e-01   9.3538982e-02   1.1167890e-01   2.9504571e-02   8.0768749e-02   9.7642108e-02   1.8333260e-01   1.3104387e-01   1.9781304e-01  -5.5279827e-02   6.2694333e-02  -8.7066871e-02   4.0813388e-02   7.5242082e-02   3.9024490e-01   1.8269903e-01   1.5639733e-01  -7.6621888e-02  -2.0939304e-03   2.4152805e-01   3.0276364e-02  -1.8692584e-01  -2.2986231e-01  -2.8216092e-02   1.7132743e-01  -5.4190797e-02   1.9992123e-01  -2.3867654e-02   3.1567959e-01   7.6012984e-02  -1.6321467e-01   1.8126056e-02   6.2035166e-02   1.3173724e-01   1.2513097e-01   1.3394960e-01   9.0030060e-02   1.5328806e-02   6.2909606e-02  -1.8837818e-01  -3.3586247e-02   9.1148759e-03   1.4763833e-01   6.0278204e-02  -2.9015761e-02  -3.9643926e-02   2.3790958e-02   2.5725847e-01  -9.3647064e-03   1.1586698e-01   1.3621418e-01   6.9722124e-02  -2.1135765e-01  -1.1529529e-01  -1.4988152e-01   7.5163867e-02   7.7041084e-02  -1.6017504e-01  -6.1511333e-02  -2.3877945e-02  -8.8184106e-02  -1.1643885e-01  -1.3929137e-01  -4.3341172e-02  -1.0824657e-01   1.5719061e-02   7.3761732e-03   1.1962078e-01   1.5421238e-01  -9.0783520e-03   1.6829614e-01   9.5263246e-02   9.8847571e-02   1.4094277e-01   6.8013778e-02   4.7362834e-02  -1.3681793e-01  -1.3605202e-01   1.5581993e-01
   8.7759661e-02   8.1267650e-02   0.0000000e+00   9.4080900e-03  -8.1087529e-02   4.9493455e-02   4.3166327e-02   0.0000000e+00   2.2952418e-01   5.4895719e-02   6.4862075e-02  -1.3859102e-02  -4.7408697e-02   1.6467337e-01  -3.5320925e-02   4.0636054e-02  -1.4944620e-02  -6.0001562e-02  -1.3850595e-02   2.6623652e-02   1.3060467e-02  -3.2828996e-02   1.6877356e-01   2.0198094e-02  -5.4132638e-02  -3.4173146e-02  -7.7779953e-02   1.3376586e-01  -8.7743541e-03  -1.3359192e-02  -6.5672669e-02   1.0116312e-01  -9.0747766e-02  -1.9265696e-02  -6.9302920e-02   4.6016363e-02   5.5280208e-02   5.1536393e-02  -9.0861025e-02   1.0929224e-01   8.0924334e-02   9.0453754e-04   1.1400417e-02   5.0221238e-02   1.4661693e-01   1.8954166e-02   4.9979055e-03   5.4352537e-02  -6.1005914e-02  -5.0145651e-02  -6.0783046e-02  -3.6948920e-02   6.6424070e-03   8.8553353e-02  -1.7110830e-02   4.2436384e-02  -3.0949408e-02  -9.8110606e-02  -7.7548656e-02   3.0437922e-03  -4.2906736e-02  -7.0048079e-02  -3.6226163e-02  -6.9046926e-02  -1.1851177e-01  -1.2281163e-01   8.6565962e-02   2.0237085e-02   1.4702594e-01  -4.9607434e-02   9.6902597e-02   1.3165208e-01   2.8435450e-02  -8.0171230e-03   6.9210117e-03   2.1998870e-01   1.9109162e-01   7.9280773e-02  -4.1318265e-02   1.1898223e-01  -3.3958332e-02  -4.2371708e-02  -5.0991235e-02   3.3406350e-02   9.2844609e-04  -4.9754123e-02   4.9533042e-02   4.5161224e-03  -3.6491806e-02   4.6057896e-02   4.7308412e-02   5.1087920e-02  -4.8762644e-02  -2.4486526e-02  -9.2249460e-03   7.7504264e-02  -2.4348979e-02  -4.4915848e-02  -2.5973312e-03  -4.2628149e-02   5.8395950e-02   1.2785563e-01  -3.2773752e-02  -6.0143782e-02   4.1600558e-02  -8.3360675e-02   8.3382428e-02   5.7526230e-02   6.9708605e-03  -3.4035137e-02   2.8712947e-02  -3.1226470e-02   6.2057679e-02  -2.3490882e-02  -1.4427315e-02   2.9808051e-01   1.8188143e-01   4.6199516e-02
   1.3614772e-01   7.4536721e-02   0.0000000e+00  -6.3690149e-02  -1.5053125e-01  -5.6541889e-02  -5.9012952e-02   2.2952418e-01   0.0000000e+00  -2.9895327e-02  -6.4115950e-02  -1.3133837e-01  -2.5866258e-01  -8.6729067e-03  -1.0648800e-01   4.0406415e-02  -1.0067410e-01  -1.4298051e-01  -8.4176212e-02  -2.7471469e-01  -1.2174146e-01  -1.2853071e-01  -3.0670700e-02  -1.8629438e-02  -1.8312926e-01  -1.1057234e-01  -2.0571928e-01  -4.1725908e-02  -1.4125336e-01  -1.8703293e-01  -1.3434511e-01   1.1420321e-02  -8.3777030e-03  -1.7393187e-01  -6.2555250e-02  -9.7987455e-02  -1.7239192e-01   8.5965914e-02  -8.4929285e-02  -5.1167464e-03   1.7864548e-01  -9.7565521e-02  -1.1405807e-01   1.7048580e-02  -1.1678784e-01  -7.5736129e-02  -1.5765372e-01  -6.8057895e-02   4.2825782e-02  -6.6556450e-02  -5.6380237e-03   1.5959375e-02   8.4036522e-03   4.3051797e-02  -2.1995241e-02   1.5176685e-02  -1.0569993e-01   5.4973483e-02  -2.4504323e-01  -1.2283989e-01  -5.2829732e-02  -2.9787888e-02  -9.9641990e-02  -3.8928128e-02  -4.5981626e-02  -1.3504790e-01   2.0268924e-01  -8.7579246e-02  -1.7918120e-02  -1.6189438e-02  -1.0952370e-01   2.9774606e-02   1.9831950e-01   2.4706978e-02   6.0657845e-03   1.5156096e-01   1.2452508e-01   1.0497320e-01  -9.6057467e-02  -1.3425646e-03  -3.0509567e-01  -1.4694870e-01  -2.0629558e-01  -2.6504123e-01  -2.8302322e-02  -6.8087188e-02  -1.0552217e-01  -1.7455350e-01  -6.3911322e-02  -6.3912291e-02   4.3873800e-02   5.1454358e-02   6.6388048e-02   7.8130522e-02  -3.0975573e-02   1.6861999e-01   9.8063672e-02   1.6187504e-01   2.1488904e-01   1.6377462e-01   4.8331758e-02   3.1410470e-01   1.1374032e-01  -1.6964537e-03   1.5583767e-01   7.7648799e-02   1.4846190e-01   1.2800885e-01   1.5428530e-01   6.7638792e-02   3.0795119e-01   2.0033000e-02   3.7660859e-02   2.1720083e-02  -5.0265956e-02   3.9473230e-02   1.2887808e-01  -4.2226243e-02
   1.8819535e-01  -1.8041393e-01   0.0000000e+00   1.5078062e-01   2.2260748e-02   3.7337640e-02   8.9535646e-02   5.4895719e-02  -2.9895327e-02   0.0000000e+00   1.6510618e-01   4.0272727e-01   1.1183548e-01   1.8210523e-01   1.4429463e-01   2.5666284e-01   5.8214578e-02  -1.8963707e-02   8.6608913e-03   1.2105253e-01   3.0764082e-01   2.5820197e-01   2.1663856e-01   1.0506636e-01   2.1140226e-01   3.7450579e-03   1.2295246e-01   3.2164169e-01   1.4029216e-01   3.0001778e-01   9.4366047e-02   1.8115107e-01   8.6305964e-02   1.4513979e-01   1.0371063e-01   3.3110326e-01   3.0959362e-01   1.5506391e-01   1.3338765e-01   2.2105794e-01   1.4064696e-01   1.9284003e-01   8.9445794e-02   1.0097339e-01   4.8030238e-02   3.3085137e-01   1.8253946e-01   1.1481581e-01   9.4472208e-02   1.1069645e-01   1.7595642e-02   7.5731676e-02   1.0845116e-01   1.4764268e-01   7.2542685e-02   2.0893844e-01  -3.9714907e-02   8.0001211e-02   1.4778323e-01   3.6789640e-02  -3.6857336e-02  -6.7800821e-02   1.3436509e-01  -1.2913953e-02  -1.8337565e-02   4.3309833e-04  -6.6307897e-02   1.3391783e-01  -4.7466634e-02  -7.9700705e-02   3.5014298e-03   7.4878375e-02  -7.9210183e-02  -3.1700297e-02   1.2570241e-01  -6.1347013e-02  -1.3911769e-01  -3.0365794e-02  -8.5901820e-02  -4.9257667e-02  -3.4589942e-02   9.0752308e-02   1.0530864e-02  -4.5044344e-02  -3.9368193e-02  -7.4933026e-02  -4.4431009e-02  -1.1824405e-01  -2.4217265e-02   3.4884956e-02  -7.0715584e-02  -4.8484524e-02   7.2948207e-02  -1.3437896e-01  -9.5913302e-02   4.6325943e-02  -1.5612881e-01   2.5051192e-02  -1.3901440e-01   1.9880612e-02   8.8020440e-03  -4.5527614e-02  -2.3082079e-01  -6.7095963e-02  -5.7253079e-02   3.8292041e-02   9.5655756e-02   1.1282815e-01   2.4578815e-02   8.1123145e-02  -1.1318108e-01   4.7488724e-02   1.8081829e-01   5.5276708e-02   7.0278644e-02  -1.4468305e-02  -7.5150895e-02   2.1703648e-02
   2.9703896e-01   1.2202361e-02   0.0000000e+00   1.8972560e-01   1.3979149e-01   1.2556272e-01   5.0797411e-01   6.4862075e-02  -6.4115950e-02   1.6510618e-01   0.0000000e+00  -1.1312695e-01   2.2643416e-01   4.9509010e-03   3.1056779e-01   2.4358736e-01   6.7520572e-02   1.6458004e-01   3.1038362e-01   2.9154352e-01   3.3586506e-01   2.2887561e-01   3.3472196e-01   2.8756018e-01   4.0327990e-01   8.7707112e-02   1.3286258e-01   3.4054576e-01   3.7661601e-02   1.8235859e-01   6.6292889e-02   1.0657615e-01  -5.7088951e-02   2.4608364e-01   7.5180876e-02   5.0202788e-01   5.0104799e-01   3.0841936e-01   9.3133349e-02   5.6229650e-01   3.3430306e-01   2.9271044e-01   8.7570715e-02   2.1306935e-01   1.7553649e-01   3.7275230e-01   2.0138319e-01   2.3975205e-01   6.6747862e-02   1.0093214e-01  -5.5604551e-02   3.8933896e-02   1.2199453e-01   3.3207990e-01   1.9851894e-01   1.6746916e-01  -2.3738034e-02   6.8150727e-03   2.1526337e-01   4.0786019e-02  -2.3732899e-02  -1.0979599e-01   1.0061204e-01   1.5898023e-01  -8.3270780e-02   1.5918245e-01  -9.0654607e-02   1.6714345e-01  -6.9157700e-02  -1.0352940e-01  -5.8139189e-02   3.3619708e-02   2.4239044e-01   2.2208505e-01   8.2298728e-02  -7.4889731e-02  -7.3865863e-02   5.0569731e-03  -1.8099869e-01  -1.4954896e-01   2.3637621e-02   8.9798604e-02   1.7892876e-01  -1.4875731e-02  -1.1471483e-01   6.0424032e-02   1.0807314e-01  -9.7215210e-02   9.1688017e-02   5.4674422e-02  -3.4756078e-02  -1.7991536e-01  -9.9630658e-02  -1.7151150e-01   1.0429427e-01   3.3649041e-02  -1.9138319e-01  -8.4616979e-02  -1.8058465e-01  -1.1575654e-01  -2.1321194e-02  -1.5605058e-01  -1.2244113e-01  -2.7892716e-02  -8.6244308e-02  -4.1880987e-02   1.2447768e-01   7.6988897e-02  -1.2144377e-01   3.6615073e-02  -2.2285002e-02   1.3914541e-01   5.4163458e-02   6.4626718e-02   2.0796799e-02  -1.4549371e-01  -1.9039040e-01   1.3723083e-01
   1.7344178e-02  -3.9000209e-02   0.0000000e+00  -2.6358914e-02  -1.4188908e-02  -4.7455149e-02  -4.9401059e-02  -1.3859102e-02  -1.3133837e-01   4.0272727e-01  -1.1312695e-01   0.0000000e+00   2.8640793e-02  -6.0904102e-03   7.7474961e-02   1.0954573e-02   1.6110618e-01   5.9683474e-02  -1.2260333e-01   2.5980992e-02   2.1932573e-02  -4.0026798e-02  -3.6688916e-02  -2.4538668e-02  -2.3304596e-03  -3.1308760e-02   1.9643082e-02   7.7302919e-02   1.9931519e-01   8.2377261e-02   1.1549433e-01   1.8792967e-01   1.3419677e-01   1.1408221e-01   1.1223029e-01   6.9406544e-02   8.4307399e-02   3.5062088e-02   5.2610645e-02   2.0851016e-02   1.0046661e-02   4.7594785e-02   1.5128978e-01   6.9061335e-02   4.3969912e-02   4.3237861e-02   3.9321208e-03  -3.4409844e-02  -1.5926358e-02  -2.1575108e-02   3.1020332e-02   7.5607286e-02   1.8101757e-01  -2.0884024e-02  -1.6809596e-02   8.1608713e-02   7.1186990e-02   8.7954410e-02   1.7811383e-01   2.3407572e-02  -1.5169909e-02  -3.7488473e-02  -5.1568923e-02  -2.9554758e-02   1.8873795e-01  -7.5919601e-02   3.0687941e-02   1.3490091e-01   1.4510953e-01  -8.2739758e-03   9.0479856e-02   1.1081202e-01  -5.5823162e-02  -8.0800421e-03   2.3082555e-01   5.6126370e-02   5.8166151e-02   1.4482582e-01   5.3745901e-03   9.7632349e-02   6.8980478e-02   1.4989800e-01   9.0841189e-03   9.0831514e-02   4.9900540e-02   8.8862387e-02   1.0843379e-01   3.4547777e-02   1.1061416e-01   1.2198830e-01   2.1256508e-01   7.7716405e-03   1.8365469e-01  -1.6335993e-02  -7.0180720e-02   1.1554100e-01   1.4209757e-01   1.1034815e-01   4.3759374e-02   1.4355257e-01   7.2954248e-02   2.1944203e-03   1.5028254e-01   7.3396892e-03  -2.8709052e-02  -3.2122569e-02   3.8024061e-02  -2.0292908e-03   6.6369090e-02   1.4311626e-01   2.4500909e-02  -5.1410260e-02   1.0498497e-01  -6.0829271e-02   1.4121534e-02   1.6125711e-02  -7.3196884e-03   9.8346653e-02
  -9.1219777e-02  -1.2068863e-01   0.0000000e+00   1.2854823e-01   8.6480211e-02   1.3429262e-01   1.5993086e-01  -4.7408697e-02  -2.5866258e-01   1.1183548e-01   2.2643416e-01   2.8640793e-02   0.0000000e+00   2.0041706e-01   4.1005730e-01   2.1324026e-01   2.4585784e-01   1.7302414e-01   1.4500758e-01   5.4183690e-01   3.0324016e-01   2.7417592e-01   2.5554255e-01   1.5558641e-01   3.6568886e-01   1.7161910e-01   3.9329164e-01   2.9348619e-01   3.3237585e-01   3.8594298e-01   2.6455135e-01   5.0501409e-02  -3.8641142e-02   3.4966364e-01   1.0741298e-01   2.3615530e-01   3.3148112e-01   6.4250696e-02  -2.3493039e-02   1.0065430e-01   7.7523725e-02   2.3286519e-01   2.4390001e-01   7.9602862e-02   2.0621552e-01   3.0047892e-01   3.6025447e-01   3.1162566e-01   1.4701797e-01   2.6156692e-01   1.3742921e-01   3.9220232e-02  -1.0708269e-02   1.7831809e-01   2.0843785e-01   1.7591765e-01   1.3583211e-01   1.0905573e-01   1.9069794e-01   1.0119035e-01   8.3163480e-03  -2.5325006e-02   1.5592570e-01   2.8931385e-01   1.0895739e-01   2.1003082e-01   1.7070626e-01   7.7320412e-02   8.5480801e-02   2.4322371e-01   2.1910824e-01   4.1024751e-02  -5.6149280e-02   6.8566129e-02  -7.8647579e-02  -1.5090565e-01  -2.2257161e-01  -9.2081763e-02   4.4875327e-02   4.6837275e-02   2.2980033e-01   1.7910501e-01   1.4428396e-01   4.3019172e-01   4.2777048e-02   1.7675115e-01   1.2932957e-01   1.1766823e-01   4.3523850e-02   1.0315637e-01  -8.1040091e-02   3.9716387e-02  -7.3853500e-02  -6.3733236e-02   4.8169330e-02  -1.2786603e-01  -1.2675805e-01  -1.6213334e-01  -1.8663365e-01  -1.1858261e-01  -1.6162038e-01  -1.7681702e-01  -2.4876429e-01   6.1528162e-03   4.4417528e-02   2.2481373e-01   4.2856474e-02   1.5367048e-01  -6.5710920e-02  -9.1087760e-03  -6.7112011e-02   7.5302713e-02   8.1725149e-02   1.0375861e-01   8.3677787e-02   4.5844823e-02   1.1073901e-03   5.1019501e-02
  -3.4076900e-02  -1.1027310e-01   0.0000000e+00   8.2878568e-02  -1.6083047e-02  -6.7886889e-03  -1.1171988e-02   1.6467337e-01  -8.6729067e-03   1.8210523e-01   4.9509010e-03  -6.0904102e-03   2.0041706e-01   0.0000000e+00   5.0564796e-02   5.1030781e-02   3.6096828e-02  -8.8328167e-04   2.2219281e-02   5.3429252e-02   1.7047037e-01   1.3310138e-01   2.5893396e-01   3.7009707e-02   6.2638380e-02   2.0059062e-01   1.0848388e-01   4.6628050e-01   6.4731241e-02   9.5031229e-02   2.5328176e-02   1.6192799e-01  -1.3153252e-01   1.3136473e-01   7.7106261e-02   1.1771914e-01   2.0354641e-01   6.8609644e-02   2.7229098e-02   7.6941932e-02   7.7230077e-02   1.3095174e-01   4.2387853e-02   5.9769122e-02   3.9821983e-01   1.0798476e-01   1.8720016e-01   1.4107840e-01   9.1720913e-03  -1.5378900e-03   9.4429757e-02  -7.2533769e-02  -4.2404903e-02   1.3308197e-01  -9.3150583e-03   2.5068889e-02   5.2586072e-02  -8.1573112e-02   1.2824103e-02  -1.0103623e-01  -4.0390091e-02  -6.1190548e-02   4.7953320e-01   5.3077006e-03  -1.2397006e-01  -4.3331026e-02   4.4772757e-02  -5.9079925e-02   1.2489541e-02   2.4753248e-02   3.4244450e-01   9.2714344e-02   3.3539561e-03   5.1084643e-02   1.6342131e-02   4.6748617e-02   1.8579188e-02   7.3729140e-02   8.8371385e-02   9.5656206e-02   5.2785562e-02   7.6917505e-02  -2.3114207e-02   9.5150143e-02   9.4357645e-02  -6.2915412e-04  -7.2777541e-02   8.3491409e-02  -7.5372233e-02  -5.6820668e-02  -1.2893158e-01   2.8006917e-01   6.7274897e-02   9.5112644e-02  -3.3217195e-03  -6.1776503e-02  -2.6968874e-02  -9.1189004e-02  -7.4417320e-02  -5.0152117e-02   1.1738906e-01   1.4595722e-01  -1.9176659e-01  -1.0861916e-01   9.5616209e-02   3.0134927e-02   5.5979241e-02   4.0775703e-02   3.0222082e-02  -1.2044735e-01  -7.4303457e-02   2.7122502e-02   3.8360940e-02   6.0545756e-03   1.3027557e-01   3.8908733e-01   1.3838774e-01  -1.3333981e-01
   1.0827015e-01   1.0714343e-01   0.0000000e+00   1.3756907e-01   7.8241909e-02   1.8308049e-01   3.5003553e-01  -3.5320925e-02  -1.0648800e-01   1.4429463e-01   3.1056779e-01   7.7474961e-02   4.1005730e-01   5.0564796e-02   0.0000000e+00   3.4669756e-01   1.0476841e-01   1.1336849e-01   2.3099668e-01   2.7092563e-01   2.7383955e-01   1.8304104e-01   2.8438262e-01   2.4968360e-01   2.8621765e-01  -4.4193447e-02   1.1143576e-01   1.5715202e-01   2.5626223e-01   2.0582707e-01   6.7260861e-02   3.9034996e-02  -6.5996977e-02   3.3861552e-01   9.8979738e-02   3.3842864e-01   4.1806017e-01   5.6664445e-02  -3.1993742e-02   2.2966643e-01   9.1434553e-02   2.6887320e-01   1.5072139e-01   1.2286559e-01   6.9847758e-02   3.6155634e-01   2.1765079e-01   3.6509557e-01   8.9982650e-02   1.0906025e-01   1.0312521e-01   2.2086301e-03   5.2349761e-02   2.8019512e-01   1.6881766e-01   3.1282241e-01  -1.2907317e-01   2.1336324e-01   3.4473878e-01   4.8542816e-03  -1.5372282e-01  -2.2070032e-01   3.9769561e-02   2.9556147e-01   1.0010555e-01   2.1521542e-01   9.1312011e-02   1.9632324e-01   5.6739965e-02  -5.7686564e-02   7.2504850e-02   1.1900774e-01   3.4921228e-03   2.0823958e-02  -2.3623575e-03  -5.8063905e-02  -1.1845407e-01  -1.1266165e-03  -2.0345965e-01  -1.2914063e-02   4.8579024e-02   6.9092331e-02   1.4356283e-02   6.9607881e-02  -1.1007394e-01   4.1024677e-02   1.5155753e-01  -2.0732091e-02   9.9690355e-02   4.9042730e-02   7.7758628e-04  -2.2866572e-01  -1.7778232e-01  -2.1609502e-01   5.4460187e-02  -2.0972557e-02  -1.4419779e-01  -1.1496516e-01  -1.3285344e-01  -1.2825939e-01  -2.2950860e-01  -1.9224143e-01  -1.0967426e-01  -8.2620122e-02  -7.4322944e-02   2.3758558e-01   5.6945455e-02   2.0701302e-01  -1.0219148e-01   1.6474148e-01   9.8486704e-02   2.8547809e-02   1.9333600e-01   1.1572002e-01   1.6110397e-01  -1.2852423e-01  -1.7854686e-01   1.2535115e-01
   5.1288627e-02  -5.1176392e-02   0.0000000e+00   1.8874015e-01   2.8858848e-02   6.8679411e-02   3.1716659e-01   4.0636054e-02   4.0406415e-02   2.5666284e-01   2.4358736e-01   1.0954573e-02   2.1324026e-01   5.1030781e-02   3.4669756e-01   0.0000000e+00   1.0427454e-01   1.2672222e-01   2.3315988e-01   2.2073058e-01   2.5318662e-01   3.3144943e-01   2.2846711e-01   7.6074056e-02   3.3573030e-01   4.1817892e-02   2.3429523e-01   2.8575507e-01   1.9927322e-01   2.0889563e-01   9.4554023e-02   1.7493957e-01   1.6090599e-01   2.1632387e-01   1.6248389e-01   4.2515240e-01   3.9450589e-01   1.9231728e-01   1.9546725e-02   2.2381913e-01   2.2220993e-01   2.6567813e-01   1.6629907e-01   2.3582060e-01   2.2538214e-02   4.4963024e-01   2.9316074e-01   1.7626827e-01   1.7668424e-01   2.1564172e-01   7.0976819e-02   1.7365561e-01   1.9347913e-01   3.7803861e-01   4.8438621e-01   3.1619680e-01   1.1747732e-01   5.8324777e-02   2.3762571e-01  -7.1930181e-02  -1.1841827e-01  -1.1627943e-01   7.0197000e-02   1.5382197e-01   6.5695167e-02   2.2130171e-01   5.2404956e-02   6.8660239e-02  -3.4814395e-02   6.3575547e-02  -2.8754158e-02  -4.5694081e-02  -1.5020020e-01  -1.5251259e-01   5.0137447e-03  -1.5307969e-01  -1.2406485e-01  -4.6864067e-02  -1.0934410e-01  -1.7548489e-01  -1.2910981e-01   1.8651411e-02  -3.3769626e-02  -3.9650346e-02   6.7635276e-02   4.9700805e-02   1.2221335e-02  -1.6347027e-01  -5.8013311e-02  -3.7042018e-02  -7.6346073e-02  -2.8322134e-02  -3.5100141e-02  -1.6888181e-01   1.5544876e-01   1.2903155e-01  -4.2207803e-02   6.1933490e-03  -1.0545149e-01  -1.9614764e-03  -9.9689890e-02  -2.1103062e-03  -2.3226780e-01  -9.8405307e-02   1.1900269e-01   7.6325562e-02   1.1570761e-01   2.0747351e-01   1.1502411e-01   2.6671218e-01   1.3327439e-03   1.3899584e-01   1.4331071e-01   2.3776086e-01   4.5653369e-02  -1.2015883e-01  -1.2836043e-01  -8.6050219e-02
  -5.6372140e-02  -4.1954501e-02   0.0000000e+00   6.9305502e-02   2.3587590e-01   1.0718330e-01   4.8183046e-02  -1.4944620e-02  -1.0067410e-01   5.8214578e-02   6.7520572e-02   1.6110618e-01   2.4585784e-01   3.6096828e-02   1.0476841e-01   1.0427454e-01   0.0000000e+00   2.2754180e-01   7.4264564e-02   2.2329506e-01   1.1580901e-01   5.4420003e-02  -3.2477175e-02  -2.0956919e-02   1.4489872e-01   1.0885530e-01   2.5153265e-01   1.3231399e-01   2.2835382e-01   1.5930521e-01   2.7778980e-01   1.0524473e-01   9.5259972e-02   2.5790994e-01   1.3783959e-01   7.5242022e-02   9.7867629e-02   2.4447789e-02   3.0287004e-03   3.9463039e-02   2.3925396e-02   8.2031851e-02   2.4075387e-01   5.2752435e-02  -4.7115629e-02   9.5251876e-02   2.9805220e-01   1.6395734e-01   1.5208006e-01   1.6076696e-01   1.8646224e-01   5.8240452e-02   1.1118058e-01   3.1934747e-02   5.8112284e-02   5.7321097e-02   1.8176442e-01   5.3482820e-02   2.6475816e-02   8.6367108e-02   4.7854442e-02   3.0191494e-02   4.9474087e-02   1.7898995e-01   5.5526025e-02   1.9416539e-01   1.8265617e-02   6.9273168e-02   9.1270563e-02   2.1760492e-01   1.8781291e-03   1.5244745e-02   1.2042704e-01   1.8996140e-01  -6.4649199e-02  -1.5165819e-01  -1.2990555e-01   4.1776981e-02   1.7089605e-01  -4.2514759e-02   2.3350009e-01   1.5662226e-01   1.0531019e-01   2.2005717e-01   1.1298280e-01   1.5788793e-01   9.4354628e-02   5.2740211e-02   1.4299707e-01  -4.4322091e-02   9.2796931e-02   8.7912006e-02   6.3000008e-03   1.1894255e-02   1.6528216e-01   1.2574494e-03  -9.2899674e-03   1.7863968e-02   8.8494619e-02  -4.9025531e-02  -5.3673120e-02  -3.9225468e-02  -2.7817161e-03   6.4947724e-02   1.3421995e-02   7.1767048e-02  -5.3275676e-02  -3.1778961e-02  -6.6874190e-02   2.6758631e-02   6.6372914e-03  -1.1642362e-02   5.2511945e-02  -2.4541584e-03   6.9462534e-02   7.8513236e-02  -1.0833882e-02  -1.6240891e-02
  -5.8203447e-02   6.9458449e-02   0.0000000e+00   3.6293661e-02   2.5710155e-01   8.7720888e-02   1.3599289e-01  -6.0001562e-02  -1.4298051e-01  -1.8963707e-02   1.6458004e-01   5.9683474e-02   1.7302414e-01  -8.8328167e-04   1.1336849e-01   1.2672222e-01   2.2754180e-01   0.0000000e+00   1.3910086e-01   2.7692612e-01   8.8533349e-02   5.4190572e-02  -4.4078112e-02  -9.8908995e-03   1.1688973e-01   3.5595639e-02   1.7406091e-01   6.4011816e-02   1.8604083e-01   1.6755995e-01   2.3985731e-01   1.4757587e-01   1.2292883e-01   2.6149261e-01   1.8922699e-01   1.4060331e-01   8.3476857e-02   9.2663590e-02   1.7569464e-01   1.9740273e-01   7.0443842e-02   1.5336930e-01   2.4690144e-01   1.3131362e-01  -1.5671228e-02   1.3351261e-01   2.1186326e-01   1.8352393e-01   2.6044747e-01   1.9962471e-01   2.2652930e-01   1.0136099e-01   1.7566621e-01   3.9794265e-02   1.1472026e-01   2.3040288e-01   9.7557489e-02  -1.3824397e-02   1.4008272e-01  -4.6710563e-02   6.3821045e-02   1.0238336e-02   1.8476682e-02   2.4723591e-01   6.7867359e-02   2.2444758e-01  -2.4366971e-02   2.6182191e-02   8.7310967e-02   2.3519826e-01  -9.6991266e-02   3.3252888e-02   3.7286229e-02   5.6410834e-02  -4.0955628e-02  -1.1350526e-01  -1.1093222e-01  -3.6089448e-02   9.3195956e-02  -6.6296360e-02   2.3062911e-01   1.2602212e-01   1.0041279e-01   2.0289968e-01   8.1416927e-02   1.9507924e-01   1.9538347e-01   2.8500499e-02   9.2077836e-02  -3.1196512e-02   1.5832787e-01   5.6002306e-02   2.3514562e-02  -2.1690578e-02   1.4883162e-01   4.7750723e-02   5.1288708e-02   3.2189481e-02   4.9473304e-02  -5.5072920e-02   7.1300787e-02  -1.6041409e-01  -8.7540010e-03  -2.7593624e-03  -6.8114686e-02   4.7452441e-03  -4.8626817e-02  -6.5222109e-02  -4.9461548e-02   1.9290395e-02   1.9839753e-02   3.6618070e-02   5.8356018e-04   1.2455539e-01   9.3437488e-02   2.7054281e-02  -9.7226358e-02   3.9789394e-02
   1.7162293e-01   3.1911118e-03   0.0000000e+00   1.2825555e-01   1.4980051e-01   5.5522783e-02   3.3785817e-01  -1.3850595e-02  -8.4176212e-02   8.6608913e-03   3.1038362e-01  -1.2260333e-01   1.4500758e-01   2.2219281e-02   2.3099668e-01   2.3315988e-01   7.4264564e-02   1.3910086e-01   0.0000000e+00   1.9562736e-01   2.3322999e-01   1.9119818e-01   5.4871352e-02   6.8770181e-02   3.0661662e-01   1.0707470e-01   1.7121225e-01   1.2066956e-01   9.2490360e-02   1.0394007e-01   1.1836719e-01   1.9246311e-01   1.2798546e-01   1.8926447e-01   1.8833486e-01   3.9302665e-01   2.7073484e-01   2.4877923e-01   1.9350083e-01   2.5216787e-01   1.7866770e-01   3.1266106e-01   2.4440218e-01   3.0277138e-01  -1.5050602e-03   2.5374305e-01   2.3470940e-01   1.4315527e-01   1.8710046e-01   1.7640765e-01   1.6274846e-02   2.0385679e-01   1.9258984e-01   3.4494281e-01   2.1471650e-01   6.3355818e-02   1.5029124e-01  -3.0275267e-03   3.5179516e-01   4.9692923e-02   9.6495127e-03   3.7510262e-02   1.1019793e-01   2.3701598e-01  -5.3202269e-02   2.5509790e-01  -1.9130070e-02   7.4942094e-02  -6.7045589e-02   7.3819456e-02   7.6741102e-02  -7.6081207e-02   3.8626073e-02   1.1190702e-02   3.9887763e-02  -4.7745772e-02  -1.5204619e-02   5.8143016e-02   5.4973150e-02  -8.3453397e-02   3.2614492e-02  -1.5986322e-02   3.5157522e-02  -5.3019594e-02   1.7133194e-01   5.2483670e-02   6.9272235e-03  -5.8116963e-03   4.1945389e-02  -7.4230539e-02  -7.4794303e-02   4.4909550e-02  -3.1295219e-02  -6.1558836e-02   3.5608993e-01   5.7573616e-02  -2.2059188e-03   1.2334201e-01   5.7710276e-02  -9.2255681e-03   2.3653554e-02  -6.6344264e-02  -6.1303808e-02   3.2398000e-02   2.0522184e-01   4.0553241e-02   9.5446653e-02   1.3572105e-01   2.4591014e-02   1.0946899e-01   2.6382883e-02   1.3657820e-01   1.0515360e-01   1.7550617e-01   1.1702727e-01  -3.3622813e-02  -1.4402131e-01  -1.0107401e-01
  -1.1107833e-01  -5.0365846e-02   0.0000000e+00   1.0990593e-01   3.0503110e-01   2.8593214e-01   1.7534483e-01   2.6623652e-02  -2.7471469e-01   1.2105253e-01   2.9154352e-01   2.5980992e-02   5.4183690e-01   5.3429252e-02   2.7092563e-01   2.2073058e-01   2.2329506e-01   2.7692612e-01   1.9562736e-01   0.0000000e+00   4.9914274e-01   3.5458929e-01   2.1322341e-01   1.9395797e-01   5.4709513e-01   2.9307887e-01   4.8883162e-01   3.5033795e-01   3.0526307e-01   2.9004007e-01   3.7073724e-01   1.6219429e-01  -3.3536806e-02   2.8525247e-01   1.6893507e-01   3.2349976e-01   3.7807732e-01   1.9221242e-01   1.4060799e-01   2.5028496e-01   1.9138991e-01   2.6415497e-01   3.5109801e-01   1.6255650e-01   1.1613206e-01   3.3028553e-01   4.2880963e-01   1.9902062e-01   2.8453291e-01   3.8309932e-01   1.8023473e-01   2.7639895e-02   1.2235790e-01   1.2180062e-01   2.3621488e-01   2.1724234e-01   1.6805205e-01   8.3195546e-03   1.7403276e-01   2.1897933e-01   2.2254751e-01   1.3212737e-01   1.7773593e-01   2.0611725e-01   2.5663897e-02   2.3258409e-01  -8.9651024e-02   1.2031787e-02  -7.1961639e-02   3.6236037e-01   9.7520709e-02  -2.8418680e-02  -5.9855093e-02   4.6721163e-02  -1.1266464e-01  -3.7509059e-01  -1.7954461e-01  -6.1369969e-02   9.1320220e-02  -8.0570888e-02   2.6133762e-01   1.2584057e-01   3.9563119e-01   4.4717151e-01  -4.9050582e-02   2.3093353e-01   1.7072326e-01  -6.0384936e-02   1.4438236e-01  -1.2343186e-01   4.5981454e-02   1.2496011e-02  -8.6776852e-02  -9.8971510e-02   1.1659819e-01  -1.7358833e-01  -2.3481250e-01  -1.6949881e-01  -1.9778692e-01  -1.8380904e-01  -1.2441519e-01  -3.2231092e-01  -2.7131620e-01   1.2737563e-01  -1.8139466e-01   4.7619729e-02  -7.2769154e-02   3.6624482e-02  -2.2172609e-01  -1.0832860e-01  -2.0563750e-01   5.3276254e-02   6.1681015e-02   1.8272816e-01   9.3220790e-02  -2.4846678e-03  -4.5024766e-03   1.0659122e-01
  -4.0643884e-02  -8.2604317e-02   0.0000000e+00   1.1451886e-01   1.6135876e-01   4.4128384e-03   7.3278748e-02   1.3060467e-02  -1.2174146e-01   3.0764082e-01   3.3586506e-01   2.1932573e-02   3.0324016e-01   1.7047037e-01   2.7383955e-01   2.5318662e-01   1.1580901e-01   8.8533349e-02   2.3322999e-01   4.9914274e-01   0.0000000e+00   5.3886948e-01   2.6670813e-01   2.7413763e-01   6.4104030e-01   3.3686098e-01   3.0159995e-01   3.9693743e-01   2.9285713e-01   2.4982165e-01   2.6961326e-01   3.6059786e-01   1.2454688e-01   2.3509568e-01   4.0458852e-01   5.3128974e-01   3.8956427e-01   5.1658840e-01   2.8306831e-01   3.1845865e-01   3.6891143e-01   5.9099287e-01   3.6623148e-01   4.3372644e-01   1.0868095e-01   6.8256204e-01   3.7747499e-01   2.0180961e-01   3.4337485e-01   3.3074716e-01   1.8274041e-01   2.0375441e-01   2.3969320e-01   1.7030460e-01   2.4614870e-01   1.6256993e-01   1.9166693e-01   1.6678061e-02   2.3678173e-01   2.2417867e-01   2.5377871e-01   1.7996275e-01   3.4506940e-01   2.1917661e-01  -5.3148188e-02   1.7825951e-01  -1.4598435e-01  -1.7876242e-01  -2.6107705e-01   2.5331876e-01   6.0704431e-02  -7.0664703e-02  -2.3878676e-03  -5.6969472e-02  -7.6978356e-02  -2.9668345e-01  -1.5262456e-01   1.8988209e-02   9.0120290e-02  -2.5262712e-01  -3.1235245e-02  -5.9447256e-02   1.3438240e-01  -3.4836199e-02   2.8575326e-02   5.0948991e-02  -2.4208603e-01  -2.0069930e-01  -1.2948870e-01  -2.5229305e-01  -2.4376725e-01   1.1177716e-01  -9.1530987e-02  -5.7124099e-02   1.9385382e-01  -2.0288723e-02  -9.8784095e-02   1.9213452e-02  -1.0775124e-01  -3.2451356e-02  -2.2092192e-02  -1.5354305e-01  -2.2570487e-01   2.1354569e-01  -1.8306624e-02   6.6534945e-02   8.2277404e-02   1.7056013e-01  -5.5626160e-02  -1.0246117e-02  -1.6505473e-01   1.4362002e-02   5.2122448e-02   1.7945098e-01   1.4465066e-01  -1.1538735e-02  -1.3499702e-01  -1.9161429e-01
