   0.0000000e+00   0.0000000e+00   3.3414586e-01   2.3908644e-01   1.9385803e-01   2.4035692e-01   1.2319130e-01   1.1135446e-01   1.2790322e-01   0.0000000e+00   1.1439598e-01   0.0000000e+00   1.1136771e-01   1.5300832e-01   2.8901200e-01   5.4002727e-02   9.7458526e-03   2.4740443e-01   8.9442287e-02   1.2809289e-01   1.4020431e-02  -4.8009565e-04   1.2464143e-01   2.7393796e-03   4.5982660e-02   1.4821615e-01   1.5020702e-01   1.2906041e-01   2.2543788e-01   2.3891792e-01   1.5597870e-01   3.0052684e-01   2.4643628e-01   3.8527364e-01   2.3184938e-01   2.5461910e-01   2.6943169e-01   1.3227385e-01   3.3077645e-01   3.4898971e-01   2.5676262e-01   3.1598507e-01   2.7513264e-01   2.4934399e-01   8.1640366e-02   2.3355884e-01   1.2316942e-01   6.2771015e-02   1.9497831e-01  -1.2419841e-02   8.9384812e-02   2.6818702e-01   2.7650200e-01   1.5607527e-01   6.2518080e-02   9.7808355e-02   1.8680900e-01  -5.5897147e-02   1.4077918e-01   2.0771151e-01   8.4543836e-02   1.0587641e-02   8.1410809e-02   2.0122966e-01   2.1008710e-01   1.1140206e-01   1.9352727e-01   1.7794349e-01   3.4896829e-02   2.0018804e-01   1.4090939e-01  -1.4687327e-01   3.9073131e-01  -9.4694625e-02   8.9379208e-01   3.0437865e-01   2.3482874e-01   4.4119185e-01   1.5743502e-01   1.2914671e-01   1.1187534e-01   3.0925921e-01   1.3371725e-01   1.4377252e-01   1.9373906e-01   3.8520455e-01   1.5304382e-01   1.2858706e-01   2.8950080e-01   1.2334227e-01   1.8348083e-01   1.1325805e-01   1.5046384e-01   1.9927774e-01   1.4434875e-01   2.6424500e-01   2.9664329e-01   1.4772946e-01   1.8962665e-01   4.1958429e-02   3.7936242e-01   2.9388328e-01   1.2164014e-01   1.2391779e-01   1.1599797e-01   5.9838520e-02   7.2161856e-02   2.3905588e-02   1.2866823e-01   2.0473289e-01   3.0493499e-02   0.0000000e+00   0.0000000e+00   1.5238922e-01   0.0000000e+00   4.7070096e-02   1.1586945e-01   1.8318280e-01
   0.0000000e+00   0.0000000e+00   0.0000000e+00   0.0000000e+00   0.0000000e+00   0.0000000e+00   0.0000000e+00   0.0000000e+00   0.0000000e+00   0.0000000e+00   0.0000000e+00   0.0000000e+00   0.0000000e+00   0.0000000e+00   0.0000000e+00   0.0000000e+00   0.0000000e+00   0.0000000e+00   0.0000000e+00   0.0000000e+00   0.0000000e+00   0.0000000e+00   0.0000000e+00   0.0000000e+00   0.0000000e+00   0.0000000e+00   0.0000000e+00   0.0000000e+00   0.0000000e+00   0.0000000e+00   0.0000000e+00   0.0000000e+00   0.0000000e+00   0.0000000e+00   0.0000000e+00   0.0000000e+00   0.0000000e+00   0.0000000e+00   0.0000000e+00   0.0000000e+00   0.0000000e+00   0.0000000e+00   0.0000000e+00   0.0000000e+00   0.0000000e+00   0.0000000e+00   0.0000000e+00   0.0000000e+00   0.0000000e+00   0.0000000e+00   0.0000000e+00   0.0000000e+00   0.0000000e+00   0.0000000e+00   0.0000000e+00   0.0000000e+00   0.0000000e+00   0.0000000e+00   0.0000000e+00   0.0000000e+00   0.0000000e+00   0.0000000e+00   0.0000000e+00   0.0000000e+00   0.0000000e+00   0.0000000e+00   0.0000000e+00   0.0000000e+00   0.0000000e+00   0.0000000e+00   0.0000000e+00   0.0000000e+00   0.0000000e+00   0.0000000e+00   0.0000000e+00   0.0000000e+00   0.0000000e+00   0.0000000e+00   0.0000000e+00   0.0000000e+00   0.0000000e+00   0.0000000e+00   0.0000000e+00   0.0000000e+00   0.0000000e+00   0.0000000e+00   0.0000000e+00   0.0000000e+00   0.0000000e+00   0.0000000e+00   0.0000000e+00   0.0000000e+00   0.0000000e+00   0.0000000e+00   0.0000000e+00   0.0000000e+00   0.0000000e+00   0.0000000e+00   0.0000000e+00   0.0000000e+00   0.0000000e+00   0.0000000e+00   0.0000000e+00   0.0000000e+00   0.0000000e+00   0.0000000e+00   0.0000000e+00   0.0000000e+00   0.0000000e+00   0.0000000e+00   0.0000000e+00   0.0000000e+00   0.0000000e+00   0.0000000e+00   0.0000000e+00   0.0000000e+00   0.0000000e+00   0.0000000e+00
   3.3414586e-01   0.0000000e+00   0.0000000e+00   1.0813758e-01   1.1459923e-01   8.7774845e-02  -1.1782715e-01  -4.3470714e-03   1.3075410e-01   0.0000000e+00   4.8353246e-01   0.0000000e+00   1.7467492e-01  -4.0057952e-03   1.7804615e-01  -2.4563727e-02  -4.4886851e-02   3.0381175e-01   3.7372409e-01   1.6791690e-01   1.4143203e-01   3.7934220e-02   7.4527231e-02  -1.0332014e-02   6.5676974e-02   7.7797799e-02   1.2579274e-01   6.9958023e-02   2.4295468e-01   3.4686389e-02   2.7443047e-01  -4.3754793e-02   1.6431866e-01   1.9101599e-01   1.3805702e-01   1.7491640e-01   3.1175539e-01   1.5843112e-01   2.1285531e-01   3.0233394e-01   1.9552936e-01   2.1192965e-01   2.5838469e-01   1.2452857e-01   1.8421668e-01   1.2124616e-01   1.8744844e-02   2.1888653e-02   1.3649019e-01   3.7452660e-02   1.5067137e-01   3.5981184e-01   1.5352769e-01   4.0636710e-02   7.5787249e-02   1.1383778e-01   1.0397202e-01  -1.9613756e-02   1.9209200e-01   1.1642659e-01  -1.7025033e-02  -1.4492676e-02  -5.2280516e-02   2.3764015e-01   1.5528556e-01   3.3390099e-01   1.3725230e-01   2.1491146e-03  -1.5139628e-01   8.9664405e-02  -1.1020964e-01  -1.3074454e-01  -1.0245404e-01  -1.8456510e-01   4.5776339e-01  -4.5546350e-03  -5.4211727e-02   3.2020246e-01   1.0345046e-01   4.0870876e-02   8.4909993e-02   1.6625805e-01   5.2111850e-02   1.4885149e-01   8.0332824e-02   2.9103991e-01   9.1874775e-02   2.1473988e-02   1.5863346e-01   6.9375223e-02   4.4895968e-02  -4.7179449e-02   3.7332668e-01   7.8408467e-02   8.5355212e-02  -1.1596592e-01   8.2718734e-02   1.4142276e-01   9.9414895e-02   1.5646095e-01   2.6771486e-01   2.9330544e-01   3.2890987e-02   6.7115064e-02  -4.5827856e-02   8.1516780e-02  -4.6682114e-02   4.9895862e-02   1.6740114e-01   1.1571406e-01   5.2703704e-02   0.0000000e+00   0.0000000e+00  -3.6097541e-02   0.0000000e+00  -2.8836220e-02  -3.7462570e-02  -7.5305426e-03
   2.3908644e-01   0.0000000e+00   1.0813758e-01   0.0000000e+00   4.2064965e-02   9.4763589e-02   3.6623547e-02   5.2125651e-02   1.1206244e-01   0.0000000e+00   3.2454173e-02   0.0000000e+00   8.7744854e-02   9.3919419e-02   2.3036113e-01   2.3913630e-01   3.1881467e-02   9.3776431e-02   1.6021003e-02  -5.1847602e-02   8.7697207e-02  -2.5968885e-02   1.7227430e-01   1.5690504e-01   1.0541598e-02   3.3911268e-02  -2.6024927e-03  -6.4077768e-02  -5.3071141e-03   1.0619458e-01   3.3128310e-02  -6.1255365e-02   1.2863215e-02   5.2691329e-02  -6.7311814e-02   5.1747210e-02   1.6073437e-01  -6.9414474e-02   1.8945091e-02   1.3974865e-01   7.9037251e-02   5.6913744e-02   7.6063674e-02   5.1430434e-04   1.3948354e-01   7.6302086e-02   7.8559691e-02   1.0967986e-01   1.3873718e-01  -1.7966409e-02  -1.0198888e-01   9.9672503e-02   8.8078840e-02   1.6122247e-01   6.3913083e-02   1.8595420e-01   8.7904421e-02  -7.2238841e-02   8.5425071e-02   1.3980464e-01   5.2067994e-03  -4.1809952e-02   4.5565059e-02   2.7985998e-02  -5.9669089e-02  -4.5349934e-04   1.0782707e-02   7.9127779e-02  -2.3549622e-02  -1.3036194e-01  -4.4892134e-02  -6.5935121e-02   5.3694904e-02   5.2516423e-03   2.1469051e-01   1.2071372e-01  -1.3734976e-02   3.9965489e-02   2.8874291e-02   1.1766054e-02   5.9093382e-02   3.4252933e-02   6.5268768e-02  -8.9533925e-02  -7.6016062e-02   6.0034881e-02  -3.7645289e-02   1.9740945e-02  -3.7979213e-02  -1.5905045e-02  -7.2461683e-02  -6.9890384e-02   5.4093008e-02  -8.8455893e-03   4.8300668e-02   4.7457111e-02   5.1242230e-02   2.7725451e-02   9.3430024e-02   1.2708631e-01   2.3593657e-02   9.7398823e-02  -1.2698817e-01   3.7841310e-02   3.8469274e-02   2.2618040e-02   1.4573251e-01   4.2285148e-02   1.1091237e-01   1.9436252e-02  -3.7965721e-02   0.0000000e+00   0.0000000e+00   4.4454171e-02   0.0000000e+00   9.6100332e-02  -3.7450125e-02  -2.4561117e-02
   1.9385803e-01   0.0000000e+00   1.1459923e-01   4.2064965e-02   0.0000000e+00   3.5486921e-01   1.6759467e-01   6.1754918e-02  -1.0872617e-01   0.0000000e+00   1.7230953e-01   0.0000000e+00   2.0260149e-01   1.5414360e-01   7.9175306e-02  -3.4121804e-02   3.0482727e-02   3.7222752e-01   3.7345349e-01   3.7730441e-01   1.6253164e-01   2.8115755e-01   5.1524475e-02   3.2073991e-02   3.0459602e-01   2.3886223e-01   5.1819122e-01   9.5220212e-02   2.5275981e-01   9.1969732e-02   3.2566303e-01   1.1909685e-01   3.0475127e-02   8.4600740e-02   2.3919141e-01   2.9645259e-01   1.7640167e-01   2.3891154e-01   1.6446480e-01   1.5797791e-01   2.3725349e-01   1.8609792e-01   2.9926521e-01   2.0631297e-01  -1.3426120e-03   1.6793414e-01   6.1478914e-01   1.7752352e-01   2.0802186e-01   4.5897088e-01   1.3693062e-01   1.5278656e-01   6.0392755e-02   3.0526536e-01   2.4344193e-01   1.6029686e-01   4.0086284e-01  -2.3994771e-03   2.5026878e-01   3.3674614e-01   6.3611587e-02   1.0112751e-01  -1.3560741e-02   2.8212794e-01   1.0447544e-01   3.9878456e-01   1.4351202e-02   2.5159476e-02  -1.2128771e-01   2.2157364e-01   4.6341028e-02  -1.3811082e-01   1.3785055e-01   3.4032411e-02   1.6284721e-01  -7.6511038e-02   3.5507766e-02   1.2529566e-01   2.8149629e-01  -3.3123208e-02   3.0636587e-01   2.0061884e-01   2.4431176e-01   2.8659018e-01   2.4695807e-01   3.1581616e-01   2.9726637e-01   2.5779773e-02   1.6176464e-01   1.3202383e-01   1.9793682e-01   1.4314273e-01   4.3586308e-02   1.6881478e-01   8.9368648e-02   6.4227025e-02   5.8381263e-02   8.6800264e-02   1.0392752e-01   6.5253114e-02   1.5796824e-01   9.6566077e-02   9.4627249e-02   2.7506864e-01  -1.0859912e-02   5.9466293e-02  -3.6105537e-02   1.9495919e-01   1.2712918e-01   2.5935236e-02  -3.9355262e-02   0.0000000e+00   0.0000000e+00   2.7353981e-01   0.0000000e+00   9.6855087e-02   1.2613048e-01   1.2758781e-01
   2.4035692e-01   0.0000000e+00   8.7774845e-02   9.4763589e-02   3.5486921e-01   0.0000000e+00  -7.3292614e-02   5.1242396e-02   2.0878477e-02   0.0000000e+00   1.0096221e-01   0.0000000e+00   9.4449144e-02   1.9842677e-01   1.0545877e-01   6.2488575e-02  -3.1904109e-02   1.8012846e-01   2.2649044e-01   1.0678454e-01   1.9398590e-02   1.0637631e-01   3.3781120e-02   3.7225561e-02   1.0838784e-01   1.7446324e-01   2.0275117e-01   2.2255922e-02   4.6939708e-02  -5.9084309e-02   7.9478295e-02   9.6778664e-02   4.1086662e-02  -3.0479105e-02   1.2131668e-01   4.0278622e-02   3.9769996e-02   5.9100371e-02   4.6479909e-02   1.4091810e-02   8.7822001e-02   4.6171633e-02   1.6117122e-02   8.4052362e-02   2.9298109e-02   8.3451357e-02   8.7278391e-02   9.2542769e-02   1.5506588e-01   1.7252482e-01  -3.4129835e-02  -6.6516665e-02   3.2832651e-02   1.6122120e-01   1.1977426e-01   4.5097650e-02   2.0254556e-01  -2.3833334e-02   9.8320289e-02   8.4643717e-02   1.5949263e-01   3.8212872e-02   1.5827001e-01   8.6677820e-02   7.4557931e-02   1.9864635e-01   4.6742405e-02  -3.8975251e-02   5.9762008e-02   2.2726618e-01   1.2585127e-01   4.0656631e-03  -5.6002967e-03  -3.7670763e-02   2.2255039e-01   1.4480319e-01   9.1802427e-02   1.7392327e-01   2.1808207e-01   7.4118384e-02   1.4423378e-01   1.6112540e-02   9.9731634e-02   1.8326791e-01   1.2017499e-01   1.8694368e-01   1.3847713e-01   8.7180137e-02   8.0363930e-02   1.3092910e-01   1.2933162e-01   2.9304834e-01   9.2720157e-02   8.6114558e-02   4.1566110e-02   9.3235199e-02   1.0896824e-01   5.4742268e-02   6.9893314e-02   8.5546202e-02   1.0714095e-01   1.1351224e-01   1.7097206e-01   1.2151296e-01   1.6157720e-01   5.3522227e-02   5.0006261e-02   1.8734113e-01   3.3277851e-02   6.9284719e-02   8.9977389e-02   0.0000000e+00   0.0000000e+00   1.5900909e-01   0.0000000e+00   8.8470199e-02   1.9173279e-01   2.7061927e-01
   1.2319130e-01   0.0000000e+00  -1.1782715e-01   3.6623547e-02   1.6759467e-01  -7.3292614e-02   0.0000000e+00   3.5331700e-02   5.4353263e-02   0.0000000e+00   3.4237693e-01   0.0000000e+00   1.3464001e-01  -6.9556108e-02   1.1000953e-01   2.1774213e-01   1.2100106e-01   1.0870753e-01   8.5526014e-02   4.1098124e-02   1.2727609e-01   4.0380240e-02   2.7597464e-03  -6.2227647e-03   2.9848093e-02   2.0387441e-02   1.2355793e-01   1.3192320e-01   2.1119708e-01   2.2813606e-01   2.1303485e-01   4.4305206e-01   6.3727098e-01   5.8743800e-01   3.5584581e-01   4.4175914e-01   1.2949429e-01   2.3359856e-01   4.4943076e-01   3.4140024e-01   3.2005382e-01   2.9223638e-01   3.7743570e-01   2.0493143e-01  -1.1067588e-01   1.6368923e-01   3.6901025e-01   1.4962324e-01   8.5276182e-02   2.5934381e-01  -1.4808816e-04   2.6688974e-01   1.1201237e-01   2.8769714e-01   1.4498110e-01   1.7879127e-01   3.2677403e-01   1.6993573e-02   3.1142647e-01  -3.5220938e-03  -2.3461410e-01  -2.0187892e-01  -1.1298037e-01   2.5987482e-01   5.2812690e-02   2.0878947e-01  -3.2717808e-02   3.2052849e-01   1.1567722e-01  -1.2207908e-02   2.7317565e-02   7.7876715e-02   6.1674428e-01   4.1949127e-01  -8.5316452e-02   1.3122113e-01  -1.5960036e-02  -2.7356684e-02   1.0151411e-01  -1.1899287e-01   1.9948456e-02   1.2001477e-01  -7.2037678e-02  -5.1514366e-02   3.8029421e-01   5.9441546e-02   1.8473569e-01  -2.6522267e-02   1.9257125e-01   4.1546874e-02   2.5899002e-01   8.6033167e-02   1.4151358e-01   1.5137079e-01   2.1826051e-01   1.0596390e-01  -1.2917849e-01   5.6566346e-02   2.5926096e-01   9.3476056e-02   7.0912124e-02   1.0278297e-01  -1.2577559e-01   4.6213221e-02   1.4894003e-01   1.3641253e-01   2.3963444e-01   1.5095736e-01   1.1403495e-01   4.8264920e-01   2.3438665e-01   0.0000000e+00   0.0000000e+00   4.5802369e-02   0.0000000e+00  -5.7629163e-02  -4.3307358e-02  -1.1409300e-01
   1.1135446e-01   0.0000000e+00  -4.3470714e-03   5.2125651e-02   6.1754918e-02   5.1242396e-02   3.5331700e-02   0.0000000e+00   1.6544133e-01   0.0000000e+00   7.9136304e-02   0.0000000e+00   3.8759950e-02   5.7440985e-02   3.0262622e-02   1.0604975e-01   8.7699238e-02   5.4940445e-02   1.6025129e-02   3.3349924e-02   1.2051002e-01   1.3383055e-01  -2.6163963e-02  -6.6600913e-02   6.7003843e-02  -3.5929394e-02  -3.7693146e-03   1.2133901e-01   1.6429307e-02   6.2274563e-02  -5.8214017e-02   1.3757259e-01   9.6579846e-02   7.3015291e-02   1.0560333e-02   2.6035850e-02   8.3008872e-02  -6.5349383e-02   1.3196608e-02   1.1619636e-01   1.4259292e-01   4.3989508e-02   2.8703297e-02  -2.1204690e-03  -6.3209072e-03   3.1441288e-02   6.0236410e-02   2.4013292e-01   1.4104037e-01   3.3815391e-02  -8.3048340e-02   7.5791704e-02   6.9098658e-02   1.3802140e-01  -2.6216053e-02   8.6677749e-03  -1.2541992e-02   5.0990437e-02  -4.0539036e-02   8.9432804e-02   1.0246732e-01   4.6241377e-02  -4.7419594e-02  -3.7028752e-02   1.9316049e-02  -2.5231133e-02   2.2808236e-01   1.5688012e-01   2.3336725e-01   4.3479278e-02  -4.0834826e-02   4.7280060e-02   8.0044705e-02   5.6756742e-02   3.9669943e-02   1.4215810e-01   9.4923211e-02   5.2557010e-02  -5.9781941e-02   1.4168838e-01  -4.2879286e-02   9.6646129e-02   1.4169992e-01   6.1713081e-02   2.7526335e-02  -1.1492779e-01   4.1194204e-02   4.7792648e-02   6.5249289e-02   1.8179571e-02   1.0087383e-01  -4.8988795e-02   3.1732145e-02   9.1939233e-03   8.4239997e-02   7.5490302e-02   6.5653627e-02  -2.4798870e-02   3.5783950e-02   1.8178805e-02   7.7130039e-02   6.6517541e-02  -3.1209263e-02  -1.1209534e-02  -6.0961569e-02  -3.3830364e-02   5.7588483e-02  -1.6511904e-02  -9.4473132e-03   5.9788048e-02   1.0101850e-01   0.0000000e+00   0.0000000e+00  -7.7732247e-02   0.0000000e+00   4.3773436e-01   1.7130964e-01   2.1218641e-01
   1.2790322e-01   0.0000000e+00   1.3075410e-01   1.1206244e-01  -1.0872617e-01   2.0878477e-02   5.4353263e-02   1.6544133e-01   0.0000000e+00   0.0000000e+00   5.9806193e-02   0.0000000e+00  -9.6606126e-02   5.5373625e-02   1.5898001e-01   1.6775888e-01   1.6833595e-01  -1.2405895e-02   8.1595534e-02  -1.8175126e-01  -9.9895430e-02  -2.0194841e-01   3.4658493e-02  -7.1448624e-02  -1.3178577e-01  -4.3017958e-02  -1.6604408e-01   9.1765413e-02   4.3355536e-02   9.3109416e-02  -9.3505200e-02   1.4912003e-01   2.5126179e-01   1.4799075e-01   1.6993268e-01  -7.3242268e-02  -2.0073480e-02   1.0073064e-01   1.7407629e-01   8.8981882e-02   1.1336606e-01   1.0620162e-01   2.8199247e-03   7.5415252e-02   6.3372875e-03   1.8628207e-01  -1.2968555e-01   1.1401387e-01   1.6676581e-01  -1.5227586e-01   3.6658944e-02  -2.4429178e-03   2.2689282e-01   1.0850156e-01   9.8365097e-02   1.5834127e-01  -5.6125488e-02   3.7603128e-02   1.3993336e-01  -3.9786376e-02   2.6825197e-02  -8.1051559e-02   1.0963180e-01  -4.0639680e-02   1.3555957e-01  -3.1365179e-02   2.9858283e-01   2.0210866e-01   3.9845948e-01   5.8495261e-02   1.9574447e-01  -1.9967970e-02   8.5050898e-02   4.2609025e-02   1.0272799e-01   3.9760441e-01   1.1055270e-01   1.6899386e-01   7.6302415e-03   1.8844078e-01  -1.6958633e-02  -2.2213045e-02  -7.7839154e-02  -7.5980722e-02  -1.0418939e-01  -6.8213100e-02   1.8570263e-02   1.5722870e-01   2.1709141e-02   2.4595190e-01   7.0815505e-02  -8.9774008e-03   2.6661964e-01   9.2436260e-02   2.4353980e-01   2.9383109e-01   2.1493792e-01   3.2930222e-01   3.6605591e-01   4.1635939e-01  -9.5176299e-02   3.2926099e-01   1.0675983e-01  -4.6302333e-02   3.1303801e-01   7.9768363e-02   1.7277354e-01   2.2426414e-01   1.3192416e-01   2.9665639e-01   3.2946083e-01   0.0000000e+00   0.0000000e+00  -9.4567140e-02   0.0000000e+00   1.5353270e-01   1.1591482e-01   7.3745028e-02
   0.0000000e+00   0.0000000e+00   0.0000000e+00   0.0000000e+00   0.0000000e+00   0.0000000e+00   0.0000000e+00   0.0000000e+00   0.0000000e+00   0.0000000e+00   0.0000000e+00   0.0000000e+00   0.0000000e+00   0.0000000e+00   0.0000000e+00   0.0000000e+00   0.0000000e+00   0.0000000e+00   0.0000000e+00   0.0000000e+00   0.0000000e+00   0.0000000e+00   0.0000000e+00   0.0000000e+00   0.0000000e+00   0.0000000e+00   0.0000000e+00   0.0000000e+00   0.0000000e+00   0.0000000e+00   0.0000000e+00   0.0000000e+00   0.0000000e+00   0.0000000e+00   0.0000000e+00   0.0000000e+00   0.0000000e+00   0.0000000e+00   0.0000000e+00   0.0000000e+00   0.0000000e+00   0.0000000e+00   0.0000000e+00   0.0000000e+00   0.0000000e+00   0.0000000e+00   0.0000000e+00   0.0000000e+00   0.0000000e+00   0.0000000e+00   0.0000000e+00   0.0000000e+00   0.0000000e+00   0.0000000e+00   0.0000000e+00   0.0000000e+00   0.0000000e+00   0.0000000e+00   0.0000000e+00   0.0000000e+00   0.0000000e+00   0.0000000e+00   0.0000000e+00   0.0000000e+00   0.0000000e+00   0.0000000e+00   0.0000000e+00   0.0000000e+00   0.0000000e+00   0.0000000e+00   0.0000000e+00   0.0000000e+00   0.0000000e+00   0.0000000e+00   0.0000000e+00   0.0000000e+00   0.0000000e+00   0.0000000e+00   0.0000000e+00   0.0000000e+00   0.0000000e+00   0.0000000e+00   0.0000000e+00   0.0000000e+00   0.0000000e+00   0.0000000e+00   0.0000000e+00   0.0000000e+00   0.0000000e+00   0.0000000e+00   0.0000000e+00   0.0000000e+00   0.0000000e+00   0.0000000e+00   0.0000000e+00   0.0000000e+00   0.0000000e+00   0.0000000e+00   0.0000000e+00   0.0000000e+00   0.0000000e+00   0.0000000e+00   0.0000000e+00   0.0000000e+00   0.0000000e+00   0.0000000e+00   0.0000000e+00   0.0000000e+00   0.0000000e+00   0.0000000e+00   0.0000000e+00   0.0000000e+00   0.0000000e+00   0.0000000e+00   0.0000000e+00   0.0000000e+00   0.0000000e+00   0.0000000e+00
   1.1439598e-01   0.0000000e+00   4.8353246e-01   3.2454173e-02   1.7230953e-01   1.0096221e-01   3.4237693e-01   7.9136304e-02   5.9806193e-02   0.0000000e+00   0.0000000e+00   0.0000000e+00   1.5960506e-01  -1.0404778e-01   1.5673692e-01   1.0481928e-01   1.0797609e-01   2.9662797e-01   4.6996455e-01   1.4428392e-01   2.3495452e-01   7.8404546e-02   4.9281902e-02  -3.6529250e-02  -3.1959515e-02  -1.1798318e-01   7.8875621e-02   7.4428550e-02   3.0624789e-01   1.5032138e-01   3.5899292e-01   1.1190823e-01   2.9096792e-01   3.4131203e-01   2.1431082e-01   4.0864801e-01   3.3462091e-01   1.8250673e-01   2.9089070e-01   4.9963367e-01   3.4434070e-01   3.7084495e-01   3.2204192e-01   2.2374453e-01   1.4987349e-01   1.4923037e-01   2.9747232e-01   1.7901829e-01   6.9820396e-02   1.1567386e-01  -4.3647069e-03   4.1177585e-01   1.4391023e-01   2.6178895e-01   1.5089850e-01   1.6976655e-01   1.6489883e-01   1.8869736e-02   3.4185698e-01   3.0259318e-02  -1.4579648e-01  -2.3933816e-01  -2.1539360e-01   2.9476852e-01   1.1369224e-01   4.4212205e-01   3.8004790e-02   2.0523698e-01   3.5493887e-02  -6.5976578e-02  -6.3564052e-02  -3.9450938e-02   9.3778266e-03   3.1534898e-02   9.1917746e-02   1.4187683e-02   5.2698269e-02   2.4328032e-02  -5.6315075e-02  -3.4781051e-02   1.8252836e-02   1.6129829e-01  -8.3929715e-02   2.3179729e-02   1.3435151e-01   5.5875552e-02   1.9019467e-01  -7.5109239e-02   5.4151895e-02   8.5533062e-02   2.2421979e-01  -4.1276933e-02   2.4331264e-01   1.0023566e-01   2.6729883e-01   2.4584195e-02  -7.4957005e-02   1.3379863e-01   1.8141516e-01   1.7499848e-01   1.8234473e-01   2.1863391e-01  -3.9461810e-02  -4.5234585e-02  -1.0574660e-01   1.0996892e-01   1.1606070e-01   4.3160465e-02   4.9267134e-02   2.8768809e-01   1.6479241e-01   0.0000000e+00   0.0000000e+00  -8.2926819e-02   0.0000000e+00  -4.7547698e-02  -6.0850264e-02   4.6009486e-03
   0.0000000e+00   0.0000000e+00   0.0000000e+00   0.0000000e+00   0.0000000e+00   0.0000000e+00   0.0000000e+00   0.0000000e+00   0.0000000e+00   0.0000000e+00   0.0000000e+00   0.0000000e+00   0.0000000e+00   0.0000000e+00   0.0000000e+00   0.0000000e+00   0.0000000e+00   0.0000000e+00   0.0000000e+00   0.0000000e+00   0.0000000e+00   0.0000000e+00   0.0000000e+00   0.0000000e+00   0.0000000e+00   0.0000000e+00   0.0000000e+00   0.0000000e+00   0.0000000e+00   0.0000000e+00   0.0000000e+00   0.0000000e+00   0.0000000e+00   0.0000000e+00   0.0000000e+00   0.0000000e+00   0.0000000e+00   0.0000000e+00   0.0000000e+00   0.0000000e+00   0.0000000e+00   0.0000000e+00   0.0000000e+00   0.0000000e+00   0.0000000e+00   0.0000000e+00   0.0000000e+00   0.0000000e+00   0.0000000e+00   0.0000000e+00   0.0000000e+00   0.0000000e+00   0.0000000e+00   0.0000000e+00   0.0000000e+00   0.0000000e+00   0.0000000e+00   0.0000000e+00   0.0000000e+00   0.0000000e+00   0.0000000e+00   0.0000000e+00   0.0000000e+00   0.0000000e+00   0.0000000e+00   0.0000000e+00   0.0000000e+00   0.0000000e+00   0.0000000e+00   0.0000000e+00   0.0000000e+00   0.0000000e+00   0.0000000e+00   0.0000000e+00   0.0000000e+00   0.0000000e+00   0.0000000e+00   0.0000000e+00   0.0000000e+00   0.0000000e+00   0.0000000e+00   0.0000000e+00   0.0000000e+00   0.0000000e+00   0.0000000e+00   0.0000000e+00   0.0000000e+00   0.0000000e+00   0.0000000e+00   0.0000000e+00   0.0000000e+00   0.0000000e+00   0.0000000e+00   0.0000000e+00   0.0000000e+00   0.0000000e+00   0.0000000e+00   0.0000000e+00   0.0000000e+00   0.0000000e+00   0.0000000e+00   0.0000000e+00   0.0000000e+00   0.0000000e+00   0.0000000e+00   0.0000000e+00   0.0000000e+00   0.0000000e+00   0.0000000e+00   0.0000000e+00   0.0000000e+00   0.0000000e+00   0.0000000e+00   0.0000000e+00   0.0000000e+00   0.0000000e+00   0.0000000e+00   0.0000000e+00
   1.1136771e-01   0.0000000e+00   1.7467492e-01   8.7744854e-02   2.0260149e-01   9.4449144e-02   1.3464001e-01   3.8759950e-02  -9.6606126e-02   0.0000000e+00   1.5960506e-01   0.0000000e+00   0.0000000e+00   4.8791765e-02   1.1603169e-01   1.8509916e-01  -3.7315922e-02   5.2833553e-01   1.0331204e-01   5.9203817e-01   4.5411099e-01   3.4139762e-01   3.0950465e-01   2.1159765e-01   3.3820379e-01   1.9841825e-01   4.2697089e-01   1.9191198e-01   4.3569665e-01   3.6954918e-01   5.5247966e-01   2.0793837e-02   9.5901151e-02   1.4458668e-01   1.7183985e-01   3.5218482e-01   2.8190346e-01   3.3008178e-01   2.8713171e-01   3.6077873e-01   3.1176570e-01   2.8543297e-01   3.9723002e-01   2.3242975e-01   6.7051211e-02   2.2832440e-01   2.2893968e-01   1.9678519e-01   1.6200404e-01   2.8693418e-01   3.3782214e-01   3.7708325e-01   4.8817745e-02   5.8025233e-03   2.3282325e-01   3.2651489e-01   4.2634876e-01  -1.4386502e-03   2.4250470e-01   2.0676442e-01  -3.0601166e-02   2.3397799e-02  -4.6803410e-02   3.0980491e-01   1.1753170e-01   2.0427726e-01  -1.1335143e-02   2.5297244e-02  -9.6185243e-02   2.7504515e-01  -1.6533797e-01  -6.4622272e-02  -2.9455094e-03   2.3364737e-02   1.2316792e-01  -8.2016536e-02  -1.7345193e-02   1.4928685e-01   2.5442632e-01  -6.1914373e-03   2.8566229e-01   1.7615607e-01   1.4415628e-01   3.3828611e-01   2.5078805e-01   2.5668842e-01   2.3275462e-01  -3.8734170e-03   1.6463157e-01   2.0999124e-02   1.2630441e-01   9.5083936e-04   2.1726887e-02   1.2969352e-01   5.5780316e-02   1.0194042e-01  -2.2164749e-02   1.6433625e-01   4.9155459e-02   1.1440857e-01   2.4147406e-01   3.4630825e-02  -9.9475267e-02   3.0629120e-01   4.6027197e-03   2.4040458e-01   4.5324479e-02   5.3535341e-02  -8.3236621e-03   1.3792052e-01   1.0941492e-01   0.0000000e+00   0.0000000e+00   6.6808251e-02   0.0000000e+00  -7.2515293e-02   1.4679780e-03   3.3834057e-02
   1.5300832e-01   0.0000000e+00  -4.0057952e-03   9.3919419e-02   1.5414360e-01   1.9842677e-01  -6.9556108e-02   5.7440985e-02   5.5373625e-02   0.0000000e+00  -1.0404778e-01   0.0000000e+00   4.8791765e-02   0.0000000e+00  -5.1419895e-02  -4.9316435e-02   1.9693009e-03   7.5883077e-02   5.4846430e-02   2.7638101e-01   1.7047244e-01   2.7460313e-01   3.0892220e-01   2.0757929e-02   3.6072551e-01   3.2916077e-01   2.7371648e-01   3.1196346e-01   3.5983996e-02   2.1623258e-03   1.2937404e-02   2.2115622e-01   6.8973936e-02  -2.2296780e-02   1.2228960e-01  -6.5417864e-02  -8.1138340e-02   1.4377881e-01   1.2422976e-02  -3.7567353e-02   1.6754018e-01  -3.1434026e-02   5.0515265e-02   7.0092340e-02   4.7257264e-02   1.2592551e-01   7.8823895e-04   1.3673188e-01   1.3904154e-01   1.6996933e-01   1.5908896e-01  -6.2868138e-02   1.5506816e-01   1.2329626e-01  -3.4585405e-02   4.0545326e-02   2.9633310e-01  -4.3660469e-02   4.8668640e-02   2.4508104e-01   6.5239833e-01   3.7267150e-01   4.8664634e-01  -2.6350108e-02   6.4762691e-02  -3.4194887e-02   1.3440014e-01   6.9507438e-02   1.0347942e-01   3.8099814e-01   2.9590278e-01   9.6023848e-02   1.5263121e-01   1.9827269e-02   1.3654464e-01   3.0992613e-01   3.2516652e-02   1.4624758e-01   2.2963322e-01   2.9434382e-01   1.5764426e-01   1.0671172e-01   4.1331530e-01   2.7094562e-01   1.3307122e-01   8.4726712e-02   3.1776781e-02   3.4015481e-01   9.6447064e-02   2.0794393e-01   6.8569989e-02   3.0348202e-01   1.1137870e-01   1.9290129e-01   8.5117312e-02   1.3924054e-01   2.0009390e-01   8.4527824e-02   1.7971411e-01   1.3476641e-01   1.1294561e-01   1.7639576e-01   2.4631503e-01   2.0897732e-01   3.2553072e-01   2.0305513e-01   8.6486448e-02   1.5132992e-01   1.0605920e-01  -3.1751226e-02  -6.2750086e-02   0.0000000e+00   0.0000000e+00  -5.7716976e-02   0.0000000e+00   1.4211450e-01   4.1580444e-01   5.2020652e-01
   2.8901200e-01   0.0000000e+00   1.7804615e-01   2.3036113e-01   7.9175306e-02   1.0545877e-01   1.1000953e-01   3.0262622e-02   1.5898001e-01   0.0000000e+00   1.5673692e-01   0.0000000e+00   1.1603169e-01  -5.1419895e-02   0.0000000e+00   3.6264426e-01  -1.2997136e-02   2.0989713e-01   7.3019934e-02  -3.8598164e-03   1.2937704e-01  -1.9997154e-02   1.2467046e-01   2.2636605e-01  -4.1085370e-02  -1.8726415e-02   1.9353037e-02  -7.9945580e-02   1.6638028e-01   1.4516083e-01   1.0362010e-01  -9.8396333e-03   1.2560550e-01   2.8053639e-01   1.2959629e-01   1.8729133e-01   2.5968492e-01   1.0416007e-01   2.1049871e-01   3.4489496e-01   1.3732159e-01   3.6216939e-01   1.0928982e-01   2.5785963e-01   2.6482182e-02   2.1275616e-01   1.6397343e-01   2.6174592e-01   2.2642379e-01  -6.6315367e-02   4.2997001e-02   2.0403878e-01   1.9207358e-01   2.5540932e-01   3.7408032e-01   4.9578448e-01   1.1434666e-01   8.1545508e-02   3.4022544e-01  -1.5491960e-02  -7.9535872e-02  -8.7070670e-02  -7.1797228e-02   1.7520998e-01   1.7783430e-01   1.1641834e-01   7.1842871e-02   1.0538212e-02   1.9417626e-02  -2.8008464e-02  -6.4040837e-02  -8.5688624e-02   2.9705100e-02  -8.6064486e-02   2.6888367e-01   6.7588033e-02   1.2040285e-03   2.3387045e-01  -2.3008221e-02  -1.0886949e-01   1.4472828e-02   6.3924305e-02  -8.5051108e-02  -4.5748600e-02  -6.0143530e-02   1.2294001e-01   2.5017698e-02  -8.0257785e-02  -3.5259830e-02  -2.8811170e-02   6.1802326e-02  -8.5755486e-03  -6.2656284e-02   1.6909664e-01   2.0235569e-01   1.6870609e-01   1.1828610e-01   2.0004395e-01   1.0511507e-01   9.8000565e-02   6.0680919e-02   3.3229255e-02  -1.5147001e-01   8.1285250e-02   5.4646239e-02   8.9967863e-02   1.1780859e-01   1.2475498e-01   1.7188933e-01   1.7116558e-01   2.6674350e-01   0.0000000e+00   0.0000000e+00   3.0962402e-01   0.0000000e+00   3.8818717e-02  -1.3434768e-01  -5.6490363e-02
   5.4002727e-02   0.0000000e+00  -2.4563727e-02   2.3913630e-01  -3.4121804e-02   6.2488575e-02   2.1774213e-01   1.0604975e-01   1.6775888e-01   0.0000000e+00   1.0481928e-01   0.0000000e+00   1.8509916e-01  -4.9316435e-02   3.6264426e-01   0.0000000e+00   2.5821810e-02   5.9273989e-02   2.8214880e-02  -4.3405140e-02   1.1547216e-01   3.7117196e-03   7.1974569e-02   2.1194981e-01  -8.3213006e-02  -1.1379645e-01  -7.7498142e-02  -5.5376013e-02   1.1303100e-03   7.6218480e-02  -9.4830616e-03  -8.6656766e-02   1.0856572e-01   4.6161340e-02  -6.8296365e-02   1.6170437e-01   2.3600743e-01   4.4574209e-02   1.6588202e-01   1.7364862e-01   1.4355484e-01   1.9406296e-01  -2.9835255e-02   1.2551876e-01   6.1836171e-02   2.3134302e-01   2.0098780e-01   2.4815071e-01   5.7804606e-02  -1.4937268e-03  -2.2118515e-02   8.3960058e-02   1.6261440e-01   2.7495329e-01   5.9818721e-01   4.0624692e-01   8.0605722e-02   5.2624771e-02   1.3052824e-01  -1.0706923e-01  -1.0587871e-01  -8.8235922e-02  -4.7001974e-02   2.6717888e-02  -6.1850164e-02   7.3963729e-03  -4.6832975e-02   1.3234750e-01   1.3298469e-01  -1.2319398e-01  -7.1274846e-02  -1.3014233e-02   7.8381808e-02   9.2040299e-02  -1.1320652e-02   8.8826368e-03  -3.7483497e-02  -2.5680151e-02  -1.0002698e-01  -5.0834821e-02  -8.9676593e-02  -6.3435382e-02  -1.6728609e-01  -1.3528044e-01  -1.3497660e-01  -1.1148381e-01  -2.0768071e-02  -1.0757854e-01  -5.7405504e-02  -3.9974327e-02  -1.0103361e-01  -9.6726691e-02   3.9771167e-02   8.8039839e-02   1.7020852e-01   2.2359744e-01   3.5842775e-02   2.1049927e-01   3.4902561e-02   2.6812546e-01   7.0109506e-03   7.7922405e-02  -1.0457773e-01  -5.5045755e-02   1.4011417e-01   1.0750996e-01   2.3405645e-01   1.5492138e-01   1.3862510e-01   2.6270690e-01   2.3218220e-01   0.0000000e+00   0.0000000e+00   1.4156190e-01   0.0000000e+00   1.2013523e-01  -1.1275551e-01  -9.6769514e-02
   9.7458526e-03   0.0000000e+00  -4.4886851e-02   3.1881467e-02   3.0482727e-02  -3.1904109e-02   1.2100106e-01   8.7699238e-02   1.6833595e-01   0.0000000e+00   1.0797609e-01   0.0000000e+00  -3.7315922e-02   1.9693009e-03  -1.2997136e-02   2.5821810e-02   0.0000000e+00  -6.4308569e-02   6.0700773e-03   9.2098759e-02   1.0924296e-01  -1.5063239e-02  -8.4603453e-02  -1.7481601e-02  -4.2291029e-02  -1.0957654e-01  -4.7022462e-02  -5.4152233e-02   2.6736000e-02   4.6927925e-02   1.1252915e-01  -8.7470655e-02   4.8861737e-02   1.2383270e-01   1.1049535e-02   9.8526710e-02   3.3191932e-02   1.8970811e-03   5.3114172e-02   3.3286240e-02  -3.6517597e-02   8.8505730e-02   8.2040901e-02  -6.0896443e-02  -1.5228448e-02   3.2385572e-02   1.3231836e-01   1.6107747e-01   2.8512792e-02   2.1716536e-03   6.1735800e-03   9.0975723e-02  -6.6663258e-02   2.5184424e-02  -1.3417502e-02   1.1635858e-01   3.8218794e-02   2.5567430e-01   1.3507944e-01   1.9839687e-02  -4.1783970e-03  -4.3854367e-02  -2.1901126e-01   1.0568817e-01  -1.4661435e-02   3.1931415e-02   7.3755412e-02   1.9649523e-01   2.7868454e-01   5.6710861e-02   7.7426584e-02   2.1392379e-01   1.4500049e-02  -7.4636245e-02  -1.1996112e-01   7.7448774e-02   9.6337068e-02  -9.1601022e-02  -1.1950023e-01   4.4339570e-02  -8.4030283e-02  -1.8600098e-02   4.6648053e-02  -8.4109371e-03  -2.1814280e-02  -6.0008589e-02   9.0394883e-02  -1.0918174e-02   1.0470400e-02   1.4089032e-01   6.6278312e-02  -1.7140629e-01  -1.0192768e-02   7.4301200e-02  -4.4538882e-02   5.8428523e-02  -2.8903899e-02  -2.2014969e-02   8.3561620e-02   8.3787054e-02  -6.0633958e-03   2.7667824e-02   1.4367951e-02  -1.7669215e-01  -7.0152661e-02   1.0186057e-01   9.9720680e-02  -1.8266353e-02  -2.9404669e-02   1.0518104e-01   2.1090793e-01   0.0000000e+00   0.0000000e+00  -8.5754580e-02   0.0000000e+00  -3.1746877e-02   3.9114606e-02   4.9514562e-02
   2.4740443e-01   0.0000000e+00   3.0381175e-01   9.3776431e-02   3.7222752e-01   1.8012846e-01   1.0870753e-01   5.4940445e-02  -1.2405895e-02   0.0000000e+00   2.9662797e-01   0.0000000e+00   5.2833553e-01   7.5883077e-02   2.0989713e-01   5.9273989e-02  -6.4308569e-02   0.0000000e+00   2.7522097e-01   5.9399913e-01   3.0212762e-01   2.7140444e-01   2.4175405e-01   6.2072817e-02   2.6324772e-01   1.1624542e-01   3.0482985e-01   1.7971613e-01   3.9814404e-01   2.5613593e-01   5.0835242e-01   7.1313085e-02   4.4600120e-02   1.3053330e-01   1.7167380e-01   3.6319940e-01   2.5868759e-01   2.4827461e-01   2.4390401e-01   4.2336680e-01   3.2341400e-01   3.3881563e-01   3.6176809e-01   3.1044391e-01   1.1779118e-01   2.2807281e-01   2.8540558e-01   1.6378170e-01   1.1628131e-01   2.4253328e-01   4.2387205e-01   4.1099605e-01   1.0065609e-01   1.2578399e-01   1.3783451e-01   1.7843864e-01   2.6209669e-01  -1.6874955e-01   2.0774181e-01   2.5023055e-01  -6.5766976e-02  -5.3533291e-02  -1.1294862e-01   4.1501006e-01   1.5713467e-01   2.6956783e-01   7.0575501e-02   1.4063066e-02  -1.1668245e-01   1.6654949e-01  -2.7403281e-02  -1.3176975e-01   5.6894135e-02   6.7219514e-02   3.3217018e-01  -2.5235996e-02   7.6516396e-02   1.6873048e-01   1.2762461e-01  -1.4810734e-01   1.4403851e-01   2.7254463e-01   5.2555877e-02   1.9155816e-01   2.1948328e-01   2.7136748e-01   3.0403421e-01  -1.1152412e-01   1.7604766e-01   6.3702017e-02   2.3390410e-01   3.9033545e-02   6.1924286e-02   1.7416448e-01   1.8215503e-01   1.1201070e-01   6.9187161e-02   1.6923736e-01   2.5829238e-02   9.2450364e-02   2.9289655e-01   8.0976840e-02  -2.9362666e-02   2.2031342e-01  -8.5861254e-02   1.1037772e-01   1.5150612e-03   5.4079662e-03   7.2261036e-02   1.2934194e-01   4.6590356e-02   0.0000000e+00   0.0000000e+00   4.8292407e-02   0.0000000e+00  -5.3430294e-02  -1.3297276e-02   1.1521084e-01
   8.9442287e-02   0.0000000e+00   3.7372409e-01   1.6021003e-02   3.7345349e-01   2.2649044e-01   8.5526014e-02   1.6025129e-02   8.1595534e-02   0.0000000e+00   4.6996455e-01   0.0000000e+00   1.0331204e-01   5.4846430e-02   7.3019934e-02   2.8214880e-02   6.0700773e-03   2.7522097e-01   0.0000000e+00   1.5375177e-01   1.8363291e-01   1.1509720e-01   1.9035111e-01   2.8364869e-02   1.2201569e-01   1.0600500e-01   2.0331416e-01   1.1756146e-01   2.3492295e-01   3.0080776e-02   3.2214585e-01   4.6328432e-02   1.5119550e-01   6.7853039e-02   2.4546170e-01   1.9987250e-01   2.5205379e-01   2.1669625e-01   1.6519142e-01   1.7799472e-01   2.4956237e-01   1.4374392e-01   2.9532462e-01   1.9087360e-01   9.3882856e-02   1.0693870e-01   2.7804784e-01   1.3939558e-01   6.9004306e-02   1.1440974e-01   9.1612450e-02   2.1725200e-01   8.1839403e-02   2.6250537e-01   2.1791806e-01   1.7620140e-01   2.5353865e-01  -1.7513431e-02   4.1643596e-01   1.3913761e-01  -7.5121087e-02  -5.0272198e-02   5.2790700e-03   2.5358366e-01   1.1840368e-01   3.6113347e-01   6.0879240e-02  -3.3350470e-02   5.9603710e-02   5.5799461e-02  -1.7061296e-02  -1.8376716e-01  -1.6606852e-01  -4.2668185e-05   5.6704132e-02   5.3019429e-02  -9.6692310e-02   3.1750646e-02   4.9598298e-02  -5.1859386e-02   8.3341604e-02   4.7068399e-02  -4.0713892e-02   3.5741037e-02   1.0135186e-01   9.4448428e-02   9.1834098e-02  -1.3172391e-02  -1.5794701e-02   1.3889772e-01   1.4364766e-01   1.1206353e-01   1.7423736e-01   6.4395332e-02   2.0818544e-01  -8.8740639e-02  -8.4647941e-02   1.2454453e-01   1.8478529e-01   1.5362961e-01   2.0832130e-02   1.0113565e-01   2.0210762e-02   1.2182250e-01   9.4243951e-03   1.1075303e-01   5.9447264e-02   1.7945691e-01   1.6390511e-01   1.3756299e-01   2.0587346e-02   0.0000000e+00   0.0000000e+00   1.2230551e-01   0.0000000e+00   4.7147758e-02  -5.8620040e-03   5.3810896e-02
   1.2809289e-01   0.0000000e+00   1.6791690e-01  -5.1847602e-02   3.7730441e-01   1.0678454e-01   4.1098124e-02   3.3349924e-02  -1.8175126e-01   0.0000000e+00   1.4428392e-01   0.0000000e+00   5.9203817e-01   2.7638101e-01  -3.8598164e-03  -4.3405140e-02   9.2098759e-02   5.9399913e-01   1.5375177e-01   0.0000000e+00   4.3184920e-01   5.9783703e-01   2.2459686e-01   9.0076879e-02   6.6211085e-01   4.1630340e-01   7.2727029e-01   3.6193487e-01   4.5975136e-01   3.3948170e-01   6.0860483e-01   5.5613618e-02   7.0339804e-02   1.0390508e-01   2.6572079e-01   3.4544578e-01   1.6702126e-01   3.5002129e-01   2.2247727e-01   2.8501006e-01   3.2260969e-01   2.3197242e-01   5.5283948e-01   3.3991664e-01   1.8780455e-01   2.2535610e-01   1.8627381e-01   1.8738476e-01   1.3309097e-01   4.1649367e-01   4.4851657e-01   3.4144645e-01   1.3373161e-01  -4.0435138e-02   8.3888587e-02   1.0688532e-01   4.4655303e-01  -1.2872300e-02   1.8381206e-01   3.7156807e-01   2.3938204e-01   2.2908525e-01   2.6372697e-02   4.4924910e-01   1.9602686e-01   2.6817312e-01   1.1399831e-01   6.4426412e-02  -1.8902324e-01   5.7826509e-01   5.1639954e-02   1.4688270e-02   9.6148649e-02   4.1985480e-02   1.8411485e-01  -5.5209072e-02   7.9808949e-02   1.4522223e-01   3.2872420e-01   1.3120821e-01   4.1896165e-01   3.6718399e-01   3.9290810e-01   7.4474665e-01   4.1215705e-01   3.6627210e-01   3.8901070e-01   1.0866245e-01   2.5007956e-01   1.5973710e-01   3.0769606e-01   9.1977961e-02   9.7660381e-03   2.3764681e-01   4.9456268e-02   7.5647931e-02   8.7479177e-02   1.2737183e-01   1.1563194e-01   6.1746129e-02   4.1045750e-01   9.6828604e-02   1.8098915e-01   3.4964892e-01  -1.2168681e-01   1.8395171e-01  -3.6572048e-02  -1.4627271e-03  -5.7572297e-02  -1.9848217e-02  -6.4781855e-03   0.0000000e+00   0.0000000e+00  -1.8411786e-02   0.0000000e+00  -7.9528168e-02   2.8124338e-01   2.7850749e-01
   1.4020431e-02   0.0000000e+00   1.4143203e-01   8.7697207e-02   1.6253164e-01   1.9398590e-02   1.2727609e-01   1.2051002e-01  -9.9895430e-02   0.0000000e+00   2.3495452e-01   0.0000000e+00   4.5411099e-01   1.7047244e-01   1.2937704e-01   1.1547216e-01   1.0924296e-01   3.0212762e-01   1.8363291e-01   4.3184920e-01   0.0000000e+00   4.5095337e-01   3.6083071e-01   2.5842947e-01   3.1851506e-01   1.0740566e-01   2.6527832e-01   4.4562175e-02   2.6069782e-01   2.7270886e-01   3.4406297e-01  -3.1754336e-02   3.4392993e-02   1.5554525e-01   7.0626467e-02   3.6493729e-01   2.7502372e-01   1.6627754e-01   1.6526121e-01   3.7722181e-01   2.2862955e-01   2.8893442e-01   3.1413498e-01   2.1448537e-01   2.4599449e-01   1.1234651e-01   2.6343313e-01   2.8997429e-01   8.8429761e-02   6.5031892e-02   1.1784289e-01   3.4396322e-01   5.4421304e-02   1.4379323e-01   1.3119924e-01   3.1267355e-01   4.0460374e-01   2.8028934e-02   2.7717852e-01   2.8640006e-01   4.4619440e-02  -2.0238468e-02  -1.0104555e-01   1.9242389e-01   6.4721224e-02   8.5352436e-02   4.7207500e-03   4.6161478e-02  -2.9616960e-02   3.2764980e-02  -3.9644403e-02  -3.3520443e-02  -7.6798387e-02  -9.2638945e-02   2.9699063e-02  -5.1773070e-02  -7.4453850e-02  -1.5207411e-02  -7.6457844e-03   3.1879494e-02   1.1533297e-01   1.2355588e-01   1.5217910e-01   1.5345964e-01   2.5512291e-02   4.9992688e-02   1.1175936e-01  -1.8475534e-02  -7.2646767e-02   2.8810642e-02   1.4812227e-01  -4.3327010e-02  -5.1938978e-02   1.0733092e-01   7.0110202e-02   1.4529245e-02  -1.0285346e-01   2.6646457e-02   7.4067715e-02   1.8751506e-02   1.7558935e-01  -5.0823740e-02  -1.0390929e-01   1.8492025e-01  -4.1335594e-02   2.0420761e-01   1.2770351e-01   2.8901164e-02   1.8153236e-02   5.4986483e-02   4.3927518e-02   0.0000000e+00   0.0000000e+00   2.2823794e-02   0.0000000e+00  -4.9186773e-02  -3.0730864e-02   8.6555704e-02
