   0.0000000e+00   0.0000000e+00   0.0000000e+00   7.9388120e-02  -5.2018775e-02  -8.6949154e-03   3.2077294e-01  -7.4004894e-03   4.5059259e-02  -3.8510076e-02   1.2975935e-01   2.1825746e-01   6.7123732e-03  -1.6331749e-02  -9.7729151e-02  -1.4760994e-01   4.2554979e-02  -1.4302885e-01   3.3334031e-01   7.1010818e-04   8.8996853e-03  -3.8613217e-02   6.0537996e-02  -5.1032991e-02  -1.6429364e-01   5.4047194e-02  -1.4112669e-02  -4.6902214e-02   6.4899705e-02   3.5272932e-02  -4.3263364e-02   4.5328036e-02   1.2348049e-04  -1.1146380e-01  -2.3849400e-02  -1.2022679e-02   4.8561050e-02   1.1180360e-01   2.2974818e-02   1.8652042e-02   3.1523204e-02   3.6181350e-02   7.3815105e-02  -2.7982464e-02   0.0000000e+00   2.7776348e-02  -7.6121917e-02  -1.3091461e-01  -1.1099659e-01  -1.8516991e-01   0.0000000e+00  -3.8694276e-02  -9.8082618e-02  -3.4048620e-02  -3.8456295e-02  -2.2299433e-03  -1.1187116e-01  -1.1698549e-01   1.8347267e-01   8.5497022e-03   8.3651161e-02   3.6853917e-02  -1.7655826e-01   2.2234531e-03  -3.1967589e-02   1.0853960e-01  -7.6905704e-02   9.1630590e-02   9.5556344e-02  -9.8404863e-02   3.7841890e-03   8.1254373e-02   3.3094325e-01   5.1842348e-02   0.0000000e+00   6.3622651e-02   9.2407542e-02   1.6475473e-01  -5.3485570e-02   3.5608337e-03  -1.5100222e-01  -1.8036733e-02   1.7054756e-01  -7.6320464e-02  -7.7705065e-02  -6.7608480e-02  -1.5429777e-02   6.0529063e-03   7.2247398e-02  -1.0212321e-02   4.6551728e-02  -7.7284748e-02  -2.0401873e-02  -2.2609393e-02   2.3619833e-01  -7.0173190e-02  -1.9766951e-02  -9.2050542e-03   1.2281723e-01  -1.4521661e-01  -6.6052391e-02   5.7541555e-03   2.8341580e-02   1.9546392e-02  -4.8449223e-02   6.5100722e-02  -7.6485155e-03  -2.1868963e-01   3.0047434e-02   4.7393708e-02  -1.2272790e-01   0.0000000e+00  -1.7388915e-03  -1.4573390e-01   0.0000000e+00   5.5032457e-02   1.7803913e-02   8.6191640e-02
   0.0000000e+00   0.0000000e+00   0.0000000e+00   0.0000000e+00   0.0000000e+00   0.0000000e+00   0.0000000e+00   0.0000000e+00   0.0000000e+00   0.0000000e+00   0.0000000e+00   0.0000000e+00   0.0000000e+00   0.0000000e+00   0.0000000e+00   0.0000000e+00   0.0000000e+00   0.0000000e+00   0.0000000e+00   0.0000000e+00   0.0000000e+00   0.0000000e+00   0.0000000e+00   0.0000000e+00   0.0000000e+00   0.0000000e+00   0.0000000e+00   0.0000000e+00   0.0000000e+00   0.0000000e+00   0.0000000e+00   0.0000000e+00   0.0000000e+00   0.0000000e+00   0.0000000e+00   0.0000000e+00   0.0000000e+00   0.0000000e+00   0.0000000e+00   0.0000000e+00   0.0000000e+00   0.0000000e+00   0.0000000e+00   0.0000000e+00   0.0000000e+00   0.0000000e+00   0.0000000e+00   0.0000000e+00   0.0000000e+00   0.0000000e+00   0.0000000e+00   0.0000000e+00   0.0000000e+00   0.0000000e+00   0.0000000e+00   0.0000000e+00   0.0000000e+00   0.0000000e+00   0.0000000e+00   0.0000000e+00   0.0000000e+00   0.0000000e+00   0.0000000e+00   0.0000000e+00   0.0000000e+00   0.0000000e+00   0.0000000e+00   0.0000000e+00   0.0000000e+00   0.0000000e+00   0.0000000e+00   0.0000000e+00   0.0000000e+00   0.0000000e+00   0.0000000e+00   0.0000000e+00   0.0000000e+00   0.0000000e+00   0.0000000e+00   0.0000000e+00   0.0000000e+00   0.0000000e+00   0.0000000e+00   0.0000000e+00   0.0000000e+00   0.0000000e+00   0.0000000e+00   0.0000000e+00   0.0000000e+00   0.0000000e+00   0.0000000e+00   0.0000000e+00   0.0000000e+00   0.0000000e+00   0.0000000e+00   0.0000000e+00   0.0000000e+00   0.0000000e+00   0.0000000e+00   0.0000000e+00   0.0000000e+00   0.0000000e+00   0.0000000e+00   0.0000000e+00   0.0000000e+00   0.0000000e+00   0.0000000e+00   0.0000000e+00   0.0000000e+00   0.0000000e+00   0.0000000e+00   0.0000000e+00   0.0000000e+00   0.0000000e+00   0.0000000e+00   0.0000000e+00   0.0000000e+00   0.0000000e+00
   0.0000000e+00   0.0000000e+00   0.0000000e+00   0.0000000e+00   0.0000000e+00   0.0000000e+00   0.0000000e+00   0.0000000e+00   0.0000000e+00   0.0000000e+00   0.0000000e+00   0.0000000e+00   0.0000000e+00   0.0000000e+00   0.0000000e+00   0.0000000e+00   0.0000000e+00   0.0000000e+00   0.0000000e+00   0.0000000e+00   0.0000000e+00   0.0000000e+00   0.0000000e+00   0.0000000e+00   0.0000000e+00   0.0000000e+00   0.0000000e+00   0.0000000e+00   0.0000000e+00   0.0000000e+00   0.0000000e+00   0.0000000e+00   0.0000000e+00   0.0000000e+00   0.0000000e+00   0.0000000e+00   0.0000000e+00   0.0000000e+00   0.0000000e+00   0.0000000e+00   0.0000000e+00   0.0000000e+00   0.0000000e+00   0.0000000e+00   0.0000000e+00   0.0000000e+00   0.0000000e+00   0.0000000e+00   0.0000000e+00   0.0000000e+00   0.0000000e+00   0.0000000e+00   0.0000000e+00   0.0000000e+00   0.0000000e+00   0.0000000e+00   0.0000000e+00   0.0000000e+00   0.0000000e+00   0.0000000e+00   0.0000000e+00   0.0000000e+00   0.0000000e+00   0.0000000e+00   0.0000000e+00   0.0000000e+00   0.0000000e+00   0.0000000e+00   0.0000000e+00   0.0000000e+00   0.0000000e+00   0.0000000e+00   0.0000000e+00   0.0000000e+00   0.0000000e+00   0.0000000e+00   0.0000000e+00   0.0000000e+00   0.0000000e+00   0.0000000e+00   0.0000000e+00   0.0000000e+00   0.0000000e+00   0.0000000e+00   0.0000000e+00   0.0000000e+00   0.0000000e+00   0.0000000e+00   0.0000000e+00   0.0000000e+00   0.0000000e+00   0.0000000e+00   0.0000000e+00   0.0000000e+00   0.0000000e+00   0.0000000e+00   0.0000000e+00   0.0000000e+00   0.0000000e+00   0.0000000e+00   0.0000000e+00   0.0000000e+00   0.0000000e+00   0.0000000e+00   0.0000000e+00   0.0000000e+00   0.0000000e+00   0.0000000e+00   0.0000000e+00   0.0000000e+00   0.0000000e+00   0.0000000e+00   0.0000000e+00   0.0000000e+00   0.0000000e+00   0.0000000e+00   0.0000000e+00   0.0000000e+00
   7.9388120e-02   0.0000000e+00   0.0000000e+00   0.0000000e+00   3.6248311e-02  -6.5286986e-02   1.1791931e-01  -6.7080354e-03   9.0425725e-02   8.0083064e-02   1.4806913e-01   8.9538716e-02  -3.3250414e-03   5.4188635e-02   4.5271478e-02   5.0948259e-02  -5.2154272e-02  -7.2485561e-02   2.3705288e-01   4.9339934e-02   1.3450964e-01  -1.5692714e-01   7.0438264e-02   1.6838428e-01  -5.9431267e-02   5.7486852e-02   1.2199412e-01   8.0343014e-02   7.1791756e-02   4.2499454e-02   3.4571141e-02   2.4466683e-02   1.0531514e-01   2.2285572e-02   5.4030419e-02   8.5603728e-02   6.9766094e-02   1.0671022e-01   4.9552343e-02   9.6106307e-02   1.4873589e-02  -2.5530155e-03  -1.3193130e-02   6.5457586e-02   0.0000000e+00   1.3082151e-01   9.6333474e-02  -3.3661001e-02   1.0687087e-02  -1.4183352e-02   0.0000000e+00  -2.1652633e-02   5.9733084e-02   1.9534477e-02  -4.4550435e-02   7.0695307e-02  -4.3652660e-02   1.0903982e-02   9.4098061e-02   1.5834704e-01   8.2342710e-02  -6.8729934e-02  -5.3011729e-02  -2.1783767e-02  -3.7034174e-02   7.2542833e-02  -5.7784557e-02   5.1450705e-02  -3.3650794e-02  -4.5064044e-02   1.8698392e-02  -4.9496413e-02   1.1073253e-01  -3.0341175e-02   0.0000000e+00  -3.7002756e-02   3.5981539e-02   1.4671689e-02  -7.8646263e-02  -9.0130676e-03  -2.2975616e-02  -5.0395383e-03   1.6979651e-02  -5.9031487e-02  -1.0203305e-02   6.2066737e-02  -1.5620107e-02   2.8119087e-02  -5.9355791e-02  -1.0716166e-02   4.1356414e-02   1.2518091e-02  -6.4564703e-02  -1.0215765e-01   1.7014492e-01   7.8744450e-03  -1.6787531e-02  -2.8461957e-02   2.0391146e-02   7.7601624e-02  -2.2560125e-02   1.4943774e-02   4.7086722e-02   4.1702805e-02  -2.8965497e-02  -3.4113379e-02  -5.2875756e-02  -9.0323681e-02  -3.4905186e-02   3.9620521e-02  -1.5021850e-02   0.0000000e+00   6.8209192e-02   6.6161773e-02   0.0000000e+00  -6.3402433e-02  -4.0371995e-02  -3.1210821e-02
  -5.2018775e-02   0.0000000e+00   0.0000000e+00   3.6248311e-02   0.0000000e+00   1.0193223e-01   9.0591040e-02  -8.5400659e-02   4.1321644e-03   1.2485974e-01   1.8108517e-02  -4.7737256e-02   7.4455752e-02   5.7880586e-02   1.1769365e-02   1.0088236e-01   1.5068385e-03   5.6964368e-02  -4.3005226e-02   4.6444230e-02  -9.6119873e-02  -7.6250756e-02  -7.7988413e-02  -1.3205449e-01  -1.5111248e-01  -5.7901115e-02   1.9281247e-01   5.2654904e-02  -1.0576305e-03   2.2834362e-02   1.1110677e-01   1.0601944e-01   1.0419439e-01   1.2293865e-01   6.7730032e-02  -2.9975229e-02  -1.8608608e-02   2.9387624e-03  -1.3936010e-02   3.8590616e-02   1.5608710e-03   4.1142214e-02   1.7754412e-01   4.3175423e-02   0.0000000e+00  -2.3878565e-02   2.7554566e-01  -4.0646264e-02   4.0354653e-02   1.6969289e-01   0.0000000e+00   1.5599979e-01   9.6612090e-03   7.2091595e-02   6.6531320e-02  -5.4099160e-03   1.1871469e-01  -9.7860018e-03  -3.9764752e-02  -3.8169023e-02   4.9866571e-02   1.0988880e-01   1.3972304e-02   3.4489976e-02   8.0223056e-02   2.0983502e-01   4.2857718e-02  -2.8800680e-02   3.6123498e-02   2.2667195e-01   1.0940052e-01   3.1431286e-01   2.2710041e-01   2.8482563e-01   0.0000000e+00   5.3463633e-02   4.3795980e-03   1.1271748e-01   1.9513680e-01   1.3107196e-01   2.3557041e-01   1.6500841e-01   1.5623216e-01   1.6044042e-01   1.5185856e-01   8.5328194e-02   9.6817223e-02   2.0647160e-01   2.0054702e-01  -4.5049142e-02   2.9235146e-02   1.6758645e-01   9.7049716e-02   1.4166469e-01   1.3228561e-01  -4.2268662e-03   5.0053063e-02  -9.3765704e-02  -1.8698382e-02  -8.8951351e-02   2.2994472e-01   1.5008391e-01   1.5083520e-01   3.0078011e-02   1.6674339e-02   1.3767312e-03  -5.1704673e-02   5.9311345e-02   8.0577274e-02   1.1181000e-01   6.6502214e-03   0.0000000e+00   9.7934628e-02   6.4609032e-02   0.0000000e+00   5.1546709e-02   1.0682705e-01   2.6781851e-02
  -8.6949154e-03   0.0000000e+00   0.0000000e+00  -6.5286986e-02   1.0193223e-01   0.0000000e+00  -5.0511319e-02  -1.4676436e-01  -1.5019066e-01   6.5989067e-02  -8.5163565e-02   1.5003551e-02   8.4012120e-02   1.8654575e-01   1.1023713e-01   1.0068172e-01   2.9484698e-02   1.3993965e-01   1.2527137e-01   1.4775585e-01   6.2411440e-02   1.6539790e-01  -3.2999757e-02  -3.1353335e-02   1.4430518e-01   7.9638439e-02   2.3618789e-01   8.6972249e-02  -1.8228677e-02   8.7308182e-02   8.2799002e-02  -5.5024794e-02   1.0755144e-01   9.6551716e-02   1.1271743e-01  -3.4043810e-02  -3.1595169e-02   4.0763746e-02  -3.3411578e-02  -2.4830600e-02   1.0812505e-02   6.6460302e-02   1.0685724e-01  -9.8429956e-03   0.0000000e+00  -4.2359192e-02   2.2849103e-01   6.4966465e-02   1.1240126e-01   1.8449598e-01   0.0000000e+00   4.0873673e-02  -5.8218724e-02  -1.8167972e-03   1.1720640e-01   5.1967680e-02   1.7185668e-01  -3.1328910e-02   1.6321795e-01   1.8350583e-02  -1.8708277e-02   5.3296703e-02   2.8799375e-02   1.3331192e-01  -1.1737205e-02  -7.4756413e-02  -3.4111724e-03  -3.9746006e-02   1.0138812e-01   1.6823581e-01   8.3039104e-02   3.9679540e-01  -3.4775832e-02  -6.0044607e-02   0.0000000e+00   2.8116176e-02   2.8565783e-02   3.6487774e-02   8.8630401e-02  -1.7896318e-02   5.3266530e-02   1.5750962e-01   1.1631963e-01   1.2446381e-01   9.4008586e-02   3.6419051e-02   1.3565111e-01   4.1958715e-02   1.5440145e-01   5.5627666e-02   3.8299813e-02   7.7655772e-02   3.0747561e-03   9.2904926e-03   6.9610618e-02   7.7662653e-02   9.4705023e-02  -4.8522879e-02  -7.9888027e-02  -7.7464775e-02  -5.9068449e-05   1.0251760e-01   5.9963006e-02   1.9753476e-02  -3.8944588e-02  -4.3043132e-02  -1.0560860e-01   5.9538289e-03  -6.4446567e-02   2.3918522e-02   2.8223528e-02   0.0000000e+00  -2.4453590e-01  -5.7948229e-02   0.0000000e+00   6.6823289e-03   1.1863131e-01   1.7796642e-01
   3.2077294e-01   0.0000000e+00   0.0000000e+00   1.1791931e-01   9.0591040e-02  -5.0511319e-02   0.0000000e+00   3.3245724e-02  -9.5807104e-02   1.0973120e-01   2.0982395e-01  -2.5871289e-02  -2.4178120e-02   2.1462142e-02   1.2761021e-01   1.7446078e-01   1.0767513e-01   2.7335253e-02   2.1767832e-01   6.9810661e-02   6.6555771e-02   4.5711667e-02   7.7395595e-02   4.8177458e-02   4.0563272e-02   5.4122013e-02   1.3980544e-01   1.9297776e-01   1.7454315e-01  -4.7035608e-02   4.0478007e-02   2.8242452e-01   3.0871926e-01   4.3877714e-02   7.0295042e-02   3.7167177e-01   2.1385063e-02   2.0028579e-01   6.9248598e-02   1.4404902e-01   7.3666811e-02   5.8456854e-03   1.3919886e-01   9.3317318e-02   0.0000000e+00   2.0063157e-01   2.4989757e-01   2.2847948e-02  -4.8292903e-02   1.1353873e-01   0.0000000e+00   1.2441984e-02  -4.3521323e-02   1.9157908e-01   3.4291298e-02  -1.8120391e-03  -5.6973413e-02   4.5103987e-02   2.5825726e-01   1.3525973e-02   5.7149296e-03  -5.5048038e-02  -1.3158268e-01   2.7257017e-01   5.6762297e-03   5.0594931e-01  -1.1528648e-01   3.7192434e-01   1.9113014e-02  -1.3005294e-01  -3.2813952e-02   5.3305357e-02   3.2893266e-01   4.4743064e-01   0.0000000e+00   1.1504721e-02  -1.5560217e-01  -1.0297427e-01  -1.4963916e-01   1.5780915e-02  -8.3690434e-02  -2.0473942e-01   9.8930960e-02  -6.5497302e-02   9.9469596e-02   8.3917000e-02   7.6083819e-02  -4.2012241e-02   3.1199004e-02   6.7440411e-02   6.1985372e-02  -1.0137624e-01  -1.5890354e-01  -1.2632731e-01   1.8194105e-01   6.2506488e-04  -1.1127473e-01   3.6104575e-03   6.1695438e-02  -1.1024594e-01  -6.0271454e-02   1.4080881e-01  -9.4608829e-02   1.8310432e-02  -6.4422289e-02  -3.2020830e-02  -1.6104239e-02  -1.6557552e-01  -6.1766221e-02   2.3552207e-01   7.9251217e-02   0.0000000e+00   4.7082050e-02  -6.1337570e-02   0.0000000e+00  -1.7557022e-01  -1.4826039e-01  -4.4928177e-02
  -7.4004894e-03   0.0000000e+00   0.0000000e+00  -6.7080354e-03  -8.5400659e-02  -1.4676436e-01   3.3245724e-02   0.0000000e+00   1.5142848e-01  -7.5853819e-02   8.5882894e-02  -2.8488371e-02  -4.8415235e-02   1.4200302e-02   6.9500846e-02  -4.4271120e-02   3.3422045e-02  -9.7968984e-03   3.4031072e-02  -1.2287112e-01   5.7753826e-03  -2.2257240e-02  -6.3198801e-04   5.0840346e-02  -3.7344036e-02  -8.6968732e-03  -1.3652299e-01   2.9300411e-02  -7.5946570e-03  -1.6232129e-01  -9.5700556e-02   4.6532369e-02   4.7525551e-02   7.9999200e-03  -5.4127976e-02   1.5383193e-02   7.6224250e-03   5.8291194e-02   7.7238681e-02  -1.4025380e-02   3.2942092e-03   1.1127644e-01  -1.1577777e-01   9.3812476e-02   0.0000000e+00   1.6188534e-02  -3.8570643e-02  -1.6213341e-02  -8.1559861e-02  -1.0385654e-01   0.0000000e+00  -5.7404513e-02   9.2848847e-02   1.0900890e-01   9.0853401e-03   6.7904103e-03  -2.7601912e-02   1.3578905e-02   4.3403985e-02   3.5365761e-03   2.4701229e-02   2.5739319e-02  -9.0007155e-03  -4.9917434e-02   5.8657758e-02   4.0742493e-03   6.4014267e-02   3.8062510e-02  -6.2418565e-02  -2.3613122e-01  -5.2996547e-02  -5.9823521e-02  -4.9941065e-02  -5.1113788e-02   0.0000000e+00   5.6423032e-02   9.9047588e-02  -1.8064077e-02  -1.1339824e-01   4.2529215e-02  -5.4701877e-02  -1.0635491e-01   1.0849700e-02  -1.2189346e-01  -2.7488022e-03  -5.3511372e-02  -4.0317018e-02  -7.4878486e-02  -2.0501114e-01   8.5349352e-03  -2.2724530e-02  -3.4162268e-02  -8.8565578e-02  -1.8475080e-02   7.7735169e-02  -2.1268274e-02   3.3410280e-04   5.1734354e-02   2.4641500e-02   8.3600895e-04  -1.1765151e-02  -4.3309610e-02  -3.5420180e-02  -2.3404462e-02   9.7840573e-02   3.3814347e-02   3.8322374e-02  -3.6466918e-02   3.5137747e-02  -1.1306178e-01  -7.3089740e-02   0.0000000e+00   1.4595581e-01   8.5905242e-02   0.0000000e+00   2.8935326e-01   8.3386497e-02  -5.7700167e-02
   4.5059259e-02   0.0000000e+00   0.0000000e+00   9.0425725e-02   4.1321644e-03  -1.5019066e-01  -9.5807104e-02   1.5142848e-01   0.0000000e+00  -6.2989756e-02  -2.4626920e-02  -6.0427585e-03   3.7073409e-02  -8.7788459e-02   1.3514072e-02   1.1796743e-02   2.5578167e-02  -1.2226790e-01   1.3935926e-02  -1.0024821e-01  -4.3056627e-02  -2.0009076e-02  -1.2814399e-02  -4.0378746e-02  -4.1112953e-02  -4.5149573e-02  -6.7742151e-02  -1.1368156e-01   6.8461037e-02   3.8058952e-02  -7.6254671e-02  -1.2338563e-01  -2.2665978e-02   1.8305836e-02  -1.2425657e-01  -2.5639181e-02   1.1587717e-01   7.7636702e-03   7.9665137e-04  -2.3379689e-02   5.1076102e-02  -6.9613706e-03  -1.2451659e-01   4.4342167e-02   0.0000000e+00   4.9034293e-02  -4.2075149e-02   1.0955289e-01   1.6725794e-01  -2.7456369e-02   0.0000000e+00   9.7150175e-02   9.0941683e-02  -4.7258320e-02   2.0248132e-02  -1.3389659e-02  -9.1423280e-03   9.5990638e-02   2.1309199e-02  -2.9722490e-02  -2.1594440e-02   2.7150641e-03  -5.3453619e-02  -4.5468571e-02   2.1244000e-01  -9.9401709e-02   1.9558004e-01  -1.5164802e-01  -8.6963433e-02   2.7941225e-02  -1.2253733e-01  -1.0899669e-01   9.0766511e-02  -3.7914646e-02   0.0000000e+00  -4.5025685e-02   9.8840381e-02  -1.6809859e-02  -5.6411992e-02  -1.2102376e-02  -9.0108864e-02  -1.5025338e-02  -4.6189163e-02  -1.2486213e-01  -4.2677051e-02  -2.0028871e-01  -1.5091604e-01  -4.1324717e-02  -2.1276300e-01  -5.8889435e-02  -2.7090665e-03   1.4636044e-01  -2.0254778e-02   5.3921550e-02   2.7822265e-02   4.5502864e-02   9.3057743e-02   1.7774372e-01   1.2096668e-01   1.3848729e-01   1.1732425e-02  -6.3685076e-02   2.5189101e-02  -1.0357354e-01   1.6872422e-01   2.7450218e-01   2.4513697e-01   2.6975419e-01   2.1860393e-01   2.8610139e-02   1.5632678e-01   0.0000000e+00   2.2086795e-02   1.3228376e-01   0.0000000e+00   1.2777744e-01   8.5309942e-02  -6.9902212e-02
  -3.8510076e-02   0.0000000e+00   0.0000000e+00   8.0083064e-02   1.2485974e-01   6.5989067e-02   1.0973120e-01  -7.5853819e-02  -6.2989756e-02   0.0000000e+00   1.2502858e-01   5.0786246e-02  -6.8573478e-02  -3.8761922e-02   9.2836580e-02   2.3082481e-01   1.2449842e-01   6.0565113e-02   6.4480095e-02   2.2850910e-01  -2.3170976e-02   7.3754833e-02  -1.1347154e-02   6.2056894e-02   9.7006956e-02   9.7721325e-02   2.9010692e-01   4.0025249e-01   2.4146232e-01   2.8966383e-01   2.3121068e-01   3.1175689e-01   1.0463819e-01   1.5201546e-01   3.0721452e-01   3.8585576e-01   1.7448934e-01   2.3155867e-01   3.9084513e-01   2.5521983e-01   1.3521517e-01   1.4351045e-01   2.3849662e-01  -4.8739066e-03   0.0000000e+00   1.7537149e-01   2.5783698e-01  -8.4312685e-02  -1.8969916e-02   2.6001440e-01   0.0000000e+00   9.2004220e-02  -5.2366332e-02  -3.5054156e-02   8.8650831e-02  -5.3852698e-02  -1.8978767e-03  -7.7220703e-02   8.8002655e-02   1.9413492e-03  -1.3243804e-01  -1.5234050e-01  -1.4145871e-01   1.3590711e-01  -6.1738656e-03   1.3209921e-01  -8.4292660e-03   2.9771900e-01   9.1314614e-02  -6.8775135e-02  -1.6976710e-02   8.8392533e-02  -1.3722447e-01  -4.8574993e-02   0.0000000e+00   3.2866654e-03  -5.6779792e-02  -1.0090289e-01  -3.3743434e-02   3.8148183e-03  -2.3533160e-02   2.4304932e-02   9.9603241e-02  -1.5908796e-02   7.6182459e-03  -2.1737320e-02   1.2254107e-01  -1.0235473e-02   2.2605325e-01   2.7567982e-02   1.6657663e-01  -1.2227306e-01  -1.0093107e-01  -1.5964865e-01  -3.8164952e-02   7.4807967e-02   5.0897381e-02   3.9297415e-02  -9.3824607e-02  -1.6345835e-02   2.5266095e-03   2.0941085e-01   1.0368528e-01  -2.6691031e-02  -1.7575621e-01  -2.1748401e-01  -1.0615530e-01  -7.8350549e-02  -2.5749670e-01   1.8767006e-01  -8.2736604e-02   0.0000000e+00  -2.0038608e-02  -1.1165477e-01   0.0000000e+00  -1.9344187e-01  -1.6193187e-01  -3.2830398e-02
   1.2975935e-01   0.0000000e+00   0.0000000e+00   1.4806913e-01   1.8108517e-02  -8.5163565e-02   2.0982395e-01   8.5882894e-02  -2.4626920e-02   1.2502858e-01   0.0000000e+00  -3.1092029e-02  -6.9938541e-02   4.6154684e-02   1.3229960e-01   1.9331950e-01   1.5457434e-01   9.5130686e-02   8.7165347e-02  -3.0835425e-03   1.9286304e-01   1.9679960e-01   1.1123529e-01   2.3386865e-01   1.4764384e-01   1.8250216e-01  -1.9645716e-02   1.1911167e-01   5.9377375e-02  -6.5372591e-02  -1.0020765e-01   1.7359327e-01   1.3138696e-01   1.4025505e-02   1.6541478e-01   2.3112070e-01   5.8247199e-02   3.7144734e-01   3.2170804e-01   3.2590566e-01   2.5454869e-01   6.2971850e-02  -1.3539524e-02   1.1083059e-01   0.0000000e+00   1.2807083e-01   5.6888956e-02   1.8431184e-01   6.5366893e-02   6.1629613e-02   0.0000000e+00  -9.3207420e-02   6.8196518e-02   3.0034504e-01   8.3906661e-02   5.5769794e-02  -1.2621160e-01   1.4315104e-01   1.6338809e-02   1.9252354e-01   1.6400868e-01   2.8075421e-02   8.8373482e-02   8.8603590e-03  -9.2796733e-02  -3.1594529e-04  -7.9734019e-02   2.1979867e-01  -4.1035062e-02  -2.1574743e-01  -2.2386876e-02   4.4956506e-02   8.6833701e-02  -1.8237317e-02   0.0000000e+00   1.1674570e-03  -1.9699283e-02  -6.5243156e-02  -2.2447832e-01  -3.5337812e-02  -2.0860403e-01  -2.8979559e-01   2.5760390e-02  -1.3304426e-01  -7.4538819e-02  -2.5769526e-02  -3.4184483e-02  -9.0065074e-02  -1.8935838e-01   3.7546314e-02  -3.5781721e-02  -1.6865952e-01  -1.1723666e-01  -1.3398182e-01  -2.6759783e-02  -3.9057470e-02  -1.0645825e-01   1.0621485e-01   2.9230019e-02  -6.9857478e-03  -1.0453164e-01   2.5127142e-02  -9.7688028e-02  -8.2281457e-02  -5.4282100e-02   4.7896724e-02   1.9238273e-02  -5.7282709e-02  -4.0877584e-03  -3.2659421e-02  -1.0363939e-01   0.0000000e+00   1.3929991e-01  -1.9344794e-02   0.0000000e+00  -3.4721300e-02  -1.2286978e-01   4.6770347e-02
   2.1825746e-01   0.0000000e+00   0.0000000e+00   8.9538716e-02  -4.7737256e-02   1.5003551e-02  -2.5871289e-02  -2.8488371e-02  -6.0427585e-03   5.0786246e-02  -3.1092029e-02   0.0000000e+00  -8.8689652e-02   1.4104120e-01   3.3352753e-02  -5.6702585e-02  -1.5123942e-01  -5.3924188e-02   1.2169221e-01   1.1119966e-01   2.2270106e-02   9.4546596e-02  -9.6748321e-02   2.1764616e-03  -1.8864802e-02   1.4340308e-01   4.2244925e-02   4.0799976e-02   8.9227423e-02   1.6341224e-01   1.3806098e-02   5.5221345e-02  -3.4337287e-02   5.4677616e-02   1.2530557e-01  -6.7585395e-02   4.9940654e-02   2.2914790e-01   2.9857949e-02   1.3660038e-01   9.0529251e-02   2.8738065e-02   1.2275075e-02   8.4259918e-04   0.0000000e+00  -3.1130759e-02  -3.2017746e-02  -1.1399301e-02  -7.5154231e-02  -1.1991657e-01   0.0000000e+00  -6.0946886e-02  -4.7268339e-02  -7.9788791e-02   2.5459789e-02   3.4924828e-02   1.4570598e-01   9.2577791e-03   8.9644122e-02   2.5921505e-01   2.2403927e-01   1.4040398e-01   7.1638932e-02  -3.1731646e-02   9.2015579e-02  -1.1847856e-01   4.2313188e-02   5.1062991e-02   1.0464349e-01   5.4378382e-02   1.4419985e-01   2.6554430e-02  -2.1262774e-02  -8.9931283e-03   0.0000000e+00   4.0265257e-02   6.9349173e-02   5.8470446e-03   3.6188738e-02   3.8937874e-02   4.6616925e-02   1.0574196e-01   1.1878681e-01   5.9068202e-02  -5.8040143e-02  -9.3629997e-02   7.4100096e-02   7.4225606e-02   1.2778073e-01   5.0451309e-02   5.2966641e-02   7.1714598e-02   1.3751421e-01  -2.1270195e-02   8.9102953e-02   6.6606135e-02   1.0882071e-01   7.5807475e-02   2.7721835e-02   5.5713883e-03  -8.2151475e-02   6.2639488e-03   1.7241461e-01   3.5074050e-02  -1.6791924e-02  -1.2000354e-01  -1.3688753e-01  -5.9511594e-02  -1.7271083e-01   2.0008864e-02  -8.1029790e-02   0.0000000e+00  -7.7985542e-02   5.3696973e-03   0.0000000e+00  -1.3530032e-02  -3.1775390e-02   1.5161635e-01
   6.7123732e-03   0.0000000e+00   0.0000000e+00  -3.3250414e-03   7.4455752e-02   8.4012120e-02  -2.4178120e-02  -4.8415235e-02   3.7073409e-02  -6.8573478e-02  -6.9938541e-02  -8.8689652e-02   0.0000000e+00   1.1623195e-01   8.7056464e-02   1.2891671e-01   2.6918986e-02   6.7536685e-02  -2.1214638e-02   4.6234588e-03   1.3138241e-01  -5.5313255e-02   1.0194363e-01   4.9023248e-02   4.8014776e-02   8.8132957e-02   9.0601132e-02   3.3044097e-02  -7.7057455e-02  -2.4061511e-02   1.1348025e-01  -7.4765355e-02   9.5592172e-02   6.7531870e-02   1.3365346e-02  -6.5513922e-02  -1.1360262e-01  -1.1693907e-01  -4.3205430e-03   6.4681497e-03  -5.4112718e-02   5.8026571e-02   1.7573837e-02   5.7832178e-02   0.0000000e+00   4.8307236e-02   9.6100306e-02   1.5532089e-01   1.6889214e-01   9.5328069e-02   0.0000000e+00   1.6869154e-02   6.4797683e-02  -3.5825001e-02   1.2232248e-01  -9.3081967e-03  -2.5769687e-03   8.2550275e-02   8.5343935e-02   5.9567009e-02  -5.0191459e-02   6.0442530e-02   1.9545712e-02   8.6268640e-02   3.4065424e-02  -3.6295185e-02   6.3451986e-02  -8.6722106e-02  -2.6462531e-02   1.8192584e-01   1.0058566e-01  -1.8122534e-02   9.8656380e-02   5.5848431e-02   0.0000000e+00   1.5392511e-02  -7.7585564e-02   9.5405238e-02   1.8531704e-01  -3.8485183e-03   1.2348856e-01   6.5415376e-02   6.9701333e-03   1.5348636e-01   1.3502062e-01  -1.1360933e-02  -3.3440765e-01   7.5346743e-02   7.7941954e-02  -1.2810687e-02  -3.2331247e-02   1.8444994e-01   9.1703816e-02   1.4302158e-01   8.1129102e-02   2.1352126e-03   4.7551005e-02  -6.1492293e-02  -4.9318402e-02   9.5939797e-02   6.4252423e-02   1.0454039e-02   9.0000642e-02   9.5786520e-02   2.0431140e-01   1.2331137e-01   1.5638677e-01   8.2603030e-02   2.0490868e-01   2.2392546e-02   2.7857047e-02   0.0000000e+00   1.3441964e-02   2.5220846e-02   0.0000000e+00  -3.8827000e-02   1.2112976e-01  -1.2794954e-01
  -1.6331749e-02   0.0000000e+00   0.0000000e+00   5.4188635e-02   5.7880586e-02   1.8654575e-01   2.1462142e-02   1.4200302e-02  -8.7788459e-02  -3.8761922e-02   4.6154684e-02   1.4104120e-01   1.1623195e-01   0.0000000e+00   3.6848378e-02   1.7814449e-01   2.8077101e-02   5.6396075e-02   1.4796298e-02   2.7014921e-02   1.5672913e-01   1.1699200e-01   3.1014163e-02   1.1805262e-01   1.2465739e-01   1.4227864e-01   1.0307371e-01   1.0570858e-01  -8.0362592e-02  -2.1396006e-02  -5.6563278e-02   4.3111928e-02   4.3563188e-02   4.2344791e-02   1.9516301e-02   7.8694254e-02  -1.0027471e-02   1.2352363e-01  -1.8981155e-02   9.9512424e-02   1.3200871e-01   1.5728004e-02  -4.0795303e-03   1.1887119e-01   0.0000000e+00   4.3522284e-02   1.2776010e-01   1.3795894e-01   4.7449188e-02   7.7456911e-02   0.0000000e+00  -4.7726457e-02   3.5719377e-02   1.1426573e-02   1.3143505e-01   7.2575886e-02   3.4978203e-01   4.1444564e-02   2.3056547e-02   1.0227684e-01   4.9470581e-02   1.7370832e-01   1.2359761e-01   2.8856250e-02  -2.4488836e-02  -2.9593917e-02  -3.5340500e-02   7.2741030e-04  -2.8589675e-02   1.1016436e-01   1.2085947e-01   6.9291890e-02   8.9759483e-02   2.5222620e-02   0.0000000e+00  -2.9596501e-02  -2.6388880e-02  -2.9275896e-02   1.3062288e-01   3.7086434e-02   6.3785833e-02   1.7009263e-01  -3.3753530e-02   7.9581333e-02   1.0668365e-01  -6.2561789e-02   1.0211491e-01   1.1140456e-01   8.3353265e-02  -8.4081067e-02  -4.6582096e-02   6.5585218e-02   3.1369384e-02  -2.6734280e-03   9.2247848e-02  -8.8713734e-03  -3.6736981e-02   8.3972801e-02   6.1167693e-03   1.2170865e-01   5.9337559e-02  -2.3223206e-02   2.6068040e-02   7.3972410e-02   3.8677864e-01  -2.8297967e-02  -8.1029049e-02  -3.4454900e-02  -1.7120471e-02   4.3534470e-03  -6.9391144e-02   0.0000000e+00  -6.9672192e-02  -8.5711466e-02   0.0000000e+00   4.2619907e-02   4.9577941e-02   7.7018699e-02
  -9.7729151e-02   0.0000000e+00   0.0000000e+00   4.5271478e-02   1.1769365e-02   1.1023713e-01   1.2761021e-01   6.9500846e-02   1.3514072e-02   9.2836580e-02   1.3229960e-01   3.3352753e-02   8.7056464e-02   3.6848378e-02   0.0000000e+00   2.0131907e-01   8.5648940e-02   1.5139286e-01   1.1642138e-01   3.1416091e-02   1.2137783e-01   3.5947029e-02  -5.5023963e-03   5.3221744e-02   6.9323689e-02   5.6070855e-02   4.6886678e-02   4.1792240e-02   2.2621008e-01   3.6830685e-02  -1.8532975e-02   3.7329970e-02   1.3680519e-01   1.7762709e-01   4.3339294e-02   1.8615873e-01   1.3370791e-01   1.5155496e-01   8.0553489e-02   1.2860682e-01   1.2266365e-01  -3.5227187e-02   7.9707102e-03   1.0903896e-01   0.0000000e+00   1.3321019e-01   1.2048580e-01   1.6031243e-01   1.0875995e-01   1.9862079e-01   0.0000000e+00   6.4515846e-02   1.1039882e-01   1.7309380e-01   1.3872995e-01   1.0301660e-01  -1.3096028e-01   9.5808387e-02   1.9769593e-01   5.2012946e-02  -5.5297209e-02  -4.4694116e-02  -6.5842822e-02   1.9681971e-01   1.0123585e-01   3.7735481e-03   9.8812059e-02   1.5524538e-01   1.3115739e-02  -5.0641538e-02  -3.5014669e-02   4.0301073e-02  -7.4513698e-02   5.4642520e-02   0.0000000e+00   9.1612745e-03  -7.2813719e-02  -2.2177045e-01  -1.0262074e-01  -2.3207506e-02  -5.4789356e-02  -9.2188550e-02  -2.4278877e-02  -8.3967731e-02  -6.3777192e-02  -3.4177554e-02   7.6710657e-03  -9.7935864e-02  -3.9818886e-02   9.2765196e-02  -1.3451864e-02   2.1498139e-02  -5.0026653e-02  -5.7142354e-02   9.5278777e-03   7.6840586e-02   1.1056819e-01   1.9145575e-02  -7.6166961e-02   8.0397149e-02  -4.1008745e-02  -9.7435992e-03   1.1918759e-02  -4.6225258e-03  -1.1303015e-02  -1.1639208e-02   2.1505059e-02   1.2868181e-01  -5.2376400e-02   1.0100290e-01   8.8048480e-02   0.0000000e+00   2.0143412e-02   5.8316529e-02   0.0000000e+00  -5.9044641e-02  -1.0898632e-01  -1.7035300e-01
  -1.4760994e-01   0.0000000e+00   0.0000000e+00   5.0948259e-02   1.0088236e-01   1.0068172e-01   1.7446078e-01  -4.4271120e-02   1.1796743e-02   2.3082481e-01   1.9331950e-01  -5.6702585e-02   1.2891671e-01   1.7814449e-01   2.0131907e-01   0.0000000e+00   1.9752773e-01   1.7707214e-01   1.5277716e-02   2.1349150e-03   2.1074162e-01   1.3098068e-01   6.4535195e-02   1.1768996e-01   2.3179462e-01   1.1892232e-01   1.0888644e-01   2.6332592e-01   1.3007492e-01   4.1559258e-02   7.6072694e-02   1.8524307e-01   2.1064078e-01   2.3937705e-01   2.0358566e-01   2.6722539e-01   1.3183526e-01   1.4413209e-01   5.0236667e-02   2.7795287e-01   7.6506427e-02   5.8558892e-02   1.5869800e-01   1.2523071e-01   0.0000000e+00   1.2960466e-01   3.0694059e-01   2.8062188e-01   2.1106681e-01   3.5185598e-01   0.0000000e+00   1.0762260e-01   1.3599957e-01   2.7869396e-01   5.0848527e-01   1.2716450e-02  -1.2837194e-02   1.3126852e-01   9.7169918e-02   4.9507352e-02  -9.5904962e-02  -1.3616685e-01   1.9976912e-02   2.2221249e-01   2.8266028e-02   1.1159965e-01   6.6560394e-03   2.8622741e-01   5.0622797e-02   1.9497226e-02  -2.0713053e-02   4.1015042e-02  -2.4903964e-02   7.0232359e-02   0.0000000e+00   6.3072845e-02  -5.2961291e-02  -1.6359454e-01   9.6441717e-03   1.3187717e-03   2.1687587e-02  -5.2569717e-02  -2.1875262e-01  -6.3740218e-03   1.1352522e-01  -5.7547365e-02   6.9316906e-03   7.4433380e-03   5.2348674e-02   1.3995523e-01   1.4442246e-02  -9.4438468e-02  -6.7220424e-02  -4.5573176e-02  -4.2256796e-02   1.8469481e-01   9.7276681e-02   4.7268144e-02  -5.2105146e-02   1.3435019e-01  -1.2938602e-02   8.3954938e-02   6.1690461e-02  -1.0520359e-01   1.2237924e-01  -5.5684828e-03   4.1933826e-02   1.4973801e-01  -3.8882530e-02   2.2986211e-01   7.1280033e-02   0.0000000e+00   5.1617498e-02   4.3037370e-02   0.0000000e+00  -8.9524709e-02  -2.3480938e-02  -1.4429636e-01
   4.2554979e-02   0.0000000e+00   0.0000000e+00  -5.2154272e-02   1.5068385e-03   2.9484698e-02   1.0767513e-01   3.3422045e-02   2.5578167e-02   1.2449842e-01   1.5457434e-01  -1.5123942e-01   2.6918986e-02   2.8077101e-02   8.5648940e-02   1.9752773e-01   0.0000000e+00   5.0174283e-01  -6.3192499e-02   1.5801275e-01   9.0444490e-02   1.6225751e-01   4.3731435e-02   6.8530210e-03   1.6379218e-01   1.3047392e-01   1.3913871e-01   4.3708293e-02   1.5994264e-01   1.5233603e-01   1.7118770e-01   1.4002921e-01   1.1231917e-01   1.0069360e-01   1.2834960e-01   1.3127085e-01   8.7339147e-02   1.4768960e-01   1.1189618e-02   2.2913315e-01   2.2585125e-01  -3.5637085e-02   1.2568729e-01  -5.0452950e-02   0.0000000e+00   1.5506375e-01   2.8764084e-01   2.3048303e-01   2.2914600e-01   4.0948104e-01   0.0000000e+00   6.6404440e-02  -6.9385020e-02   5.0725043e-02   1.5921717e-01   3.2633265e-02   2.8237639e-02   1.4604319e-01  -2.8715978e-02  -2.5501703e-02  -2.3875642e-02  -5.1679420e-02   4.8319054e-02   5.7577902e-02  -4.7405029e-02   1.5014425e-01  -4.8934499e-02   4.1189880e-02  -1.0801524e-01   8.1225954e-02  -1.1834565e-01  -2.0023191e-02   1.0753513e-01   1.0855443e-01   0.0000000e+00  -1.1910094e-01  -1.2987405e-02   5.0804475e-02   4.4521831e-02  -1.2812158e-01   2.4656662e-02  -6.1940468e-02  -3.8973663e-02   5.1215709e-02   7.4926088e-02  -1.0058062e-01   7.2862543e-02  -1.1137952e-01   1.8361876e-02  -8.3479541e-03  -5.9726159e-02   3.6034357e-02   3.1360670e-02  -1.3333883e-02  -8.8571122e-02  -2.9934687e-02  -3.7000281e-04   3.3135572e-02  -6.8383860e-02  -5.9450413e-02   4.8162944e-02   9.2933019e-02  -4.9061396e-02  -8.7121777e-02   9.3183919e-02   3.5557419e-02  -5.9945602e-03   1.0039014e-01  -1.1786991e-02   1.2962029e-01   5.8085150e-02   0.0000000e+00   9.1503045e-02  -4.9546273e-02   0.0000000e+00  -6.3940753e-03  -4.9363032e-02  -7.8175736e-03
  -1.4302885e-01   0.0000000e+00   0.0000000e+00  -7.2485561e-02   5.6964368e-02   1.3993965e-01   2.7335253e-02  -9.7968984e-03  -1.2226790e-01   6.0565113e-02   9.5130686e-02  -5.3924188e-02   6.7536685e-02   5.6396075e-02   1.5139286e-01   1.7707214e-01   5.0174283e-01   0.0000000e+00  -1.6993363e-01   9.5469344e-02   6.9186180e-02   1.3532816e-01  -5.2474497e-02  -4.9923127e-02   1.3945946e-01   1.4710757e-01   1.0412962e-01   5.3213086e-02  -5.0627408e-03   6.5533206e-02   1.8029139e-01   1.5066302e-01   1.0179695e-01   1.1554953e-01   1.4158507e-01   1.8757678e-02   1.3340487e-02   2.5046251e-02  -6.2752982e-02   1.3690576e-01   5.8603276e-02  -7.4445174e-02   1.1414284e-01  -6.3550364e-02   0.0000000e+00   6.4416018e-02   2.3854115e-01   1.8801216e-01   2.6724641e-01   4.1606193e-01   0.0000000e+00   6.7825638e-02  -5.8602004e-02   6.4070654e-02   7.4502005e-02   8.3938035e-02   5.0770763e-02   2.4564239e-01  -1.0486155e-01   5.2178524e-02   2.0448148e-02   1.2627455e-02   1.6149133e-01   6.4418301e-02   1.2238649e-02   5.6151551e-02  -2.8148848e-02   5.5234681e-03  -4.8740236e-02   1.3486618e-01   2.9141435e-02  -5.1027885e-02   4.9087370e-02   1.2968160e-01   0.0000000e+00  -1.1463486e-01  -1.2366826e-02   6.2270397e-03   1.9708916e-01  -1.0353602e-01   1.9971431e-01   1.1743118e-02  -6.4464501e-02   1.3947203e-01   1.3374966e-01   4.9439889e-02   1.4042852e-01  -1.5751797e-02   1.1102181e-01  -3.8319733e-02  -2.9463108e-02   1.1008385e-01   6.1539392e-02   7.0239060e-04  -1.2536570e-01  -4.5813726e-02   5.4235306e-02   1.3623442e-02  -6.6457118e-02  -2.4463493e-02   6.8892459e-02   1.6430955e-01   2.8129293e-02  -1.4106914e-03   4.2139101e-02   8.1556102e-03  -1.9830154e-02   1.9020026e-01  -7.6371742e-03   5.2124774e-02   4.9241642e-02   0.0000000e+00  -2.3710265e-02   9.6767554e-02   0.0000000e+00   1.9752461e-02  -5.1754239e-02  -8.2882008e-02
   3.3334031e-01   0.0000000e+00   0.0000000e+00   2.3705288e-01  -4.3005226e-02   1.2527137e-01   2.1767832e-01   3.4031072e-02   1.3935926e-02   6.4480095e-02   8.7165347e-02   1.2169221e-01  -2.1214638e-02   1.4796298e-02   1.1642138e-01   1.5277716e-02  -6.3192499e-02  -1.6993363e-01   0.0000000e+00   1.7586187e-01   9.2926540e-02   5.3861161e-02   7.7471435e-02   1.0564630e-01  -5.4928915e-02   1.2547320e-01   1.6302897e-01   1.2072053e-01   1.1817414e-01   2.9925484e-02   1.3020791e-02  -6.2931783e-03   2.1251948e-01   5.1002317e-02   5.0095879e-02   1.3588236e-01   8.7445681e-02   2.3562246e-01   1.9915637e-01   7.2330659e-02   7.6272369e-02   1.4283385e-01   1.0763437e-02   8.7902015e-02   0.0000000e+00   8.5564170e-02   5.7398956e-02   5.8988684e-03   6.3887296e-03  -1.0998881e-01   0.0000000e+00  -4.9762821e-02  -6.8156195e-02   8.8582775e-02   4.5981131e-02   2.5275459e-02   5.7863902e-02  -1.2318214e-01   4.9504025e-01   5.0990636e-02   8.6596145e-03  -1.6990207e-03  -2.0389879e-01   1.4100835e-01  -6.9048283e-02   5.8677024e-02  -2.5218372e-02   1.7665924e-01   2.1946555e-02  -8.6388104e-02  -4.2520133e-02   1.4813190e-01   2.2621706e-02  -9.6363480e-02   0.0000000e+00   1.0683164e-01   2.5949464e-03  -3.7144977e-02  -1.7085404e-01  -1.0898866e-02  -1.6907213e-01  -1.0295387e-01   2.2782793e-01  -1.0215957e-01   1.6050969e-02   4.3960263e-04   1.2102986e-03  -5.0165902e-02  -1.0199587e-01   8.6568163e-02   8.5787144e-02  -3.2508592e-02  -2.2990984e-01  -1.0513235e-01   2.8099098e-01   1.6818287e-03   6.9016281e-04   4.6097284e-02   7.4578552e-02  -1.1498432e-01  -1.0842705e-01   3.9330669e-02  -4.4255245e-02   6.8433884e-02  -4.1487217e-02   6.4327808e-02   7.1475286e-02  -1.8856118e-01  -1.4181699e-02   8.7896896e-02   5.7730287e-02   0.0000000e+00  -6.2700054e-02  -3.6652000e-02   0.0000000e+00  -2.0561711e-02   4.3487743e-02   6.9672625e-02
   7.1010818e-04   0.0000000e+00   0.0000000e+00   4.9339934e-02   4.6444230e-02   1.4775585e-01   6.9810661e-02  -1.2287112e-01  -1.0024821e-01   2.2850910e-01  -3.0835425e-03   1.1119966e-01   4.6234588e-03   2.7014921e-02   3.1416091e-02   2.1349150e-03   1.5801275e-01   9.5469344e-02   1.7586187e-01   0.0000000e+00  -7.5169682e-02   1.8896342e-01  -1.8100058e-01  -6.7788053e-02   1.0030129e-01   1.9585141e-01   6.2579584e-01   1.2160428e-01   1.7115733e-01   1.4027088e-01   3.9695777e-01   8.6461137e-02   2.1068444e-01   2.5609542e-01   2.0219336e-01   2.0352449e-02   3.9431941e-03   1.4387396e-01   6.7058262e-02   1.8756640e-01   1.3466701e-01   2.2973219e-01   1.4495827e-01  -6.4835645e-02   0.0000000e+00   1.2972450e-01   2.5281593e-01   1.5050063e-01   2.0627819e-01   2.2236270e-01   0.0000000e+00   6.0233153e-02  -2.4599575e-01  -1.6184901e-02  -6.1789377e-02   1.3736693e-01   4.3410243e-01   1.2559001e-02   1.3972603e-01   2.0886952e-01   1.0023800e-01   1.0341893e-01   1.3362059e-02   2.2231576e-01  -7.3181282e-02   9.3285163e-02  -8.5686860e-02   4.1919540e-02   3.3145683e-02   3.1742303e-01  -7.0731921e-02   1.5061340e-01  -4.4684067e-02  -4.4160871e-03   0.0000000e+00  -6.9672010e-02  -1.1752428e-01   1.1756152e-01   9.6762518e-02  -1.6067502e-01   1.3198210e-01   6.1917134e-03   4.8682572e-01   3.1515305e-01   5.6728147e-02  -4.0293882e-02   9.9466063e-02   9.4764311e-02   1.4349273e-01  -1.3984963e-02  -7.1794259e-02   2.7444390e-01  -5.5272905e-02  -2.9558502e-02   2.1212393e-02  -2.6847216e-01  -5.8739930e-02  -7.5924502e-02  -7.8061537e-02  -1.5369707e-01  -8.2719340e-02  -2.7858161e-02  -1.2956376e-01   1.8965793e-01   7.1980398e-03  -2.6194575e-02  -1.2397556e-01  -3.1948289e-02  -3.7546139e-02   1.2137634e-01   1.0045682e-01   0.0000000e+00  -1.3918042e-01  -4.7156095e-02   0.0000000e+00  -1.0279256e-01  -7.2662526e-02   4.6784964e-01
   8.8996853e-03   0.0000000e+00   0.0000000e+00   1.3450964e-01  -9.6119873e-02   6.2411440e-02   6.6555771e-02   5.7753826e-03  -4.3056627e-02  -2.3170976e-02   1.9286304e-01   2.2270106e-02   1.3138241e-01   1.5672913e-01   1.2137783e-01   2.1074162e-01   9.0444490e-02   6.9186180e-02   9.2926540e-02  -7.5169682e-02   0.0000000e+00   2.8512306e-01   1.7399861e-01   3.0911129e-01   3.1625339e-01   1.8672056e-01  -7.4538387e-02   7.4824250e-02   7.3990789e-02   4.8687461e-02   5.3929408e-02   1.3190063e-01  -2.8832806e-02   3.3985099e-02   1.6296716e-01   1.3045695e-01  -5.4132075e-03   2.0512083e-01  -1.8086516e-02   2.1207060e-01   3.4752128e-02   3.8635850e-02   5.7459086e-02   8.4931963e-02   0.0000000e+00   1.0790427e-01   2.1134974e-02   1.8968047e-01   8.5834561e-02   8.0046583e-03   0.0000000e+00  -1.3858797e-01   1.8185151e-01   2.1009831e-01   3.6781604e-02  -1.1472856e-02  -1.6764825e-01  -2.3641302e-02   1.2950833e-01   3.8405177e-02  -2.6911991e-02   1.8403388e-02   1.0689713e-01   2.4518121e-02  -7.1504422e-03  -1.4050054e-01  -4.9401952e-02   1.5781244e-01  -1.0796595e-02  -1.1030394e-01   6.4739502e-02  -8.9644661e-02  -5.7020127e-02  -5.9719483e-02   0.0000000e+00   7.4527301e-03  -3.5633264e-02  -4.9424958e-02  -1.2769153e-01   8.3562944e-02  -1.4654093e-01  -7.6083779e-02  -1.4209192e-01   4.8639334e-03   8.5762655e-03   1.1484494e-01  -2.0782596e-02  -6.2398549e-02  -6.7945606e-02   8.4397105e-02   4.7138143e-02  -1.6493086e-01   3.5818232e-02  -7.3798414e-02  -6.2574228e-02   4.4204476e-02  -3.7804447e-02   8.6633482e-02   3.5885174e-02   1.5436816e-01  -7.6563609e-02   5.1908904e-03   9.3000423e-04  -9.1831775e-03   4.9960920e-02   1.1400932e-01  -8.0575158e-02  -4.7465068e-02  -5.6805037e-02  -6.9854563e-02  -2.0574617e-02   0.0000000e+00   1.7157674e-02  -3.6874228e-02   0.0000000e+00  -1.4301440e-02   6.8410688e-04  -8.8417384e-02
