   0.0000000e+00   0.0000000e+00   3.5205835e-01  -3.4082149e-02   2.4684783e-01   0.0000000e+00   1.9171132e-01   8.2867245e-02  -4.1679774e-02  -7.6216211e-02   1.4781046e-01  -4.8507352e-02   1.6920122e-02  -5.2892292e-02  -5.5722911e-02  -1.0136863e-01   1.1214718e-01   4.0934840e-02  -9.0200837e-02   5.1566019e-02  -1.0566972e-02   3.4893813e-02   3.8546845e-02   7.2321363e-02   4.0559786e-02   1.9641047e-02  -3.1266486e-02   5.9258657e-02  -5.1239011e-02  -8.6165336e-02   7.4853225e-02  -4.2610575e-02   1.7652766e-01   3.8797235e-02   3.0715141e-03  -4.2150306e-02  -3.5468969e-02   7.8619928e-02   9.0458417e-02   6.7572573e-02   1.0112899e-01   1.7444664e-02   1.3711991e-01   9.3782000e-02  -1.4902048e-03  -3.9577519e-02   7.0225782e-02  -4.9489550e-02  -5.7472500e-02   6.6625203e-02   0.0000000e+00   3.9781738e-02   5.5044656e-02  -2.1438979e-02  -1.4468807e-01  -1.0384652e-01  -6.0607482e-02   5.9854415e-03  -8.8269362e-02   5.2051054e-02  -1.9273529e-03  -5.7861753e-03  -3.0059776e-02   9.4929665e-02  -2.5619783e-03  -7.1161838e-02   1.5610495e-02   1.3920189e-01   1.2231019e-01   8.2834457e-02  -1.0627538e-03   2.1186586e-01  -1.0304086e-01   1.4792021e-01   5.2008573e-01   9.9744834e-03   1.2278892e-01   1.1491250e-01   1.0000828e-01   5.2626629e-02   1.3653615e-01   5.6292420e-03   1.0720045e-01   2.2732712e-01   7.4932363e-02   9.4458797e-02   1.7469463e-01   4.0105085e-02   2.6219355e-01   6.5255733e-02   4.7845862e-02  -3.6129697e-02   6.7203702e-02   2.2965715e-01  -7.1695173e-02   3.4472107e-03  -1.0053508e-01   9.1681220e-02   6.2106669e-02   7.7610153e-02   2.0289001e-02  -7.6256787e-03   6.4504934e-02   5.8188004e-02  -1.0308417e-01  -8.8432721e-02  -1.8247605e-02  -5.2248205e-02  -3.2950758e-02   5.0103962e-02   9.0019235e-02  -2.7032990e-02   0.0000000e+00  -3.2308953e-02   0.0000000e+00   1.2173638e-02  -8.1394764e-03   1.0574559e-01
   0.0000000e+00   0.0000000e+00   0.0000000e+00   0.0000000e+00   0.0000000e+00   0.0000000e+00   0.0000000e+00   0.0000000e+00   0.0000000e+00   0.0000000e+00   0.0000000e+00   0.0000000e+00   0.0000000e+00   0.0000000e+00   0.0000000e+00   0.0000000e+00   0.0000000e+00   0.0000000e+00   0.0000000e+00   0.0000000e+00   0.0000000e+00   0.0000000e+00   0.0000000e+00   0.0000000e+00   0.0000000e+00   0.0000000e+00   0.0000000e+00   0.0000000e+00   0.0000000e+00   0.0000000e+00   0.0000000e+00   0.0000000e+00   0.0000000e+00   0.0000000e+00   0.0000000e+00   0.0000000e+00   0.0000000e+00   0.0000000e+00   0.0000000e+00   0.0000000e+00   0.0000000e+00   0.0000000e+00   0.0000000e+00   0.0000000e+00   0.0000000e+00   0.0000000e+00   0.0000000e+00   0.0000000e+00   0.0000000e+00   0.0000000e+00   0.0000000e+00   0.0000000e+00   0.0000000e+00   0.0000000e+00   0.0000000e+00   0.0000000e+00   0.0000000e+00   0.0000000e+00   0.0000000e+00   0.0000000e+00   0.0000000e+00   0.0000000e+00   0.0000000e+00   0.0000000e+00   0.0000000e+00   0.0000000e+00   0.0000000e+00   0.0000000e+00   0.0000000e+00   0.0000000e+00   0.0000000e+00   0.0000000e+00   0.0000000e+00   0.0000000e+00   0.0000000e+00   0.0000000e+00   0.0000000e+00   0.0000000e+00   0.0000000e+00   0.0000000e+00   0.0000000e+00   0.0000000e+00   0.0000000e+00   0.0000000e+00   0.0000000e+00   0.0000000e+00   0.0000000e+00   0.0000000e+00   0.0000000e+00   0.0000000e+00   0.0000000e+00   0.0000000e+00   0.0000000e+00   0.0000000e+00   0.0000000e+00   0.0000000e+00   0.0000000e+00   0.0000000e+00   0.0000000e+00   0.0000000e+00   0.0000000e+00   0.0000000e+00   0.0000000e+00   0.0000000e+00   0.0000000e+00   0.0000000e+00   0.0000000e+00   0.0000000e+00   0.0000000e+00   0.0000000e+00   0.0000000e+00   0.0000000e+00   0.0000000e+00   0.0000000e+00   0.0000000e+00   0.0000000e+00   0.0000000e+00   0.0000000e+00
   3.5205835e-01   0.0000000e+00   0.0000000e+00  -8.7562323e-03   3.9129174e-01   0.0000000e+00   1.1903604e-01   3.7123576e-02   5.9074921e-02   1.3196879e-01   1.7895816e-01   5.9636880e-02   1.2116386e-02  -6.0796419e-02   5.9883639e-02   9.1071683e-02   1.5669388e-01   1.4286903e-01  -6.4094897e-02   1.3366112e-01   8.4716047e-02   1.9717521e-01   8.3423184e-02   7.2687617e-02   1.3944275e-01   3.0412859e-02   1.0406534e-01   2.4477290e-01  -1.2273922e-01  -8.2334410e-02   9.1128988e-02   8.1630872e-02   2.2220151e-01   4.0433454e-02  -4.3373272e-03   3.8982594e-02  -4.1819129e-02  -3.8795048e-02   7.0639943e-02  -6.7297633e-03   3.3990143e-03  -3.1974737e-02   2.1179537e-02   3.2200437e-02  -1.2641447e-01  -3.9855582e-02   1.8494365e-01   4.7693264e-02   1.0945127e-02   2.5961645e-01   0.0000000e+00   5.0467143e-02   2.4074762e-02   8.6448482e-02   5.4304051e-03   4.3907326e-02   7.0065166e-02   2.3628338e-02  -1.9803595e-01   1.7101181e-01   3.9775778e-02   5.2126416e-02  -4.4556925e-03   4.7443186e-02  -6.7496307e-02  -3.3213028e-02  -6.2521466e-02   1.4997804e-01  -5.1094859e-02   1.9152637e-02  -1.0707263e-02   1.5999300e-01   2.7881490e-02   2.0090584e-01   3.9099877e-01  -1.2311812e-01   3.0363422e-02   1.2600993e-01   1.3082755e-01   4.9247076e-02   2.7246715e-01   8.9827625e-02   2.9991838e-01   1.4793440e-01   1.3172927e-01   7.8167107e-02   7.7460608e-02   3.6603030e-02   2.2608672e-01   7.3977517e-02  -1.3458970e-01   7.4127657e-02   1.4701161e-01   1.7818178e-01  -5.4999747e-02  -2.9463946e-02  -1.4317107e-01  -1.6237734e-02   1.4699035e-02   7.9577855e-02   1.5801422e-02   6.5123984e-02   5.3082001e-03   9.3158032e-02  -1.0543047e-02  -5.0311610e-05   4.2316896e-02   6.5747419e-02   7.9327447e-02  -1.0277340e-01   3.1773369e-02   1.4430389e-01   0.0000000e+00   1.4672828e-01   0.0000000e+00   8.1680337e-02  -4.0260024e-03   1.0164831e-02
  -3.4082149e-02   0.0000000e+00  -8.7562323e-03   0.0000000e+00   5.7553375e-02   0.0000000e+00   5.7314562e-02   7.5088766e-02   1.2460653e-01   1.5985162e-01   9.3520360e-02   7.4220926e-02   9.9875695e-02   1.1136019e-01   1.2850613e-01   1.9133345e-01  -5.6008403e-05  -5.7606522e-02   1.0410273e-01   1.6520339e-01   7.1479641e-02   7.6219205e-02   2.9937942e-01   1.2754520e-01  -2.5498643e-02   1.3118964e-01   1.4627286e-02   1.1717906e-01   1.5974572e-02   5.6487045e-02  -4.8802802e-03   8.4874888e-02   5.2206945e-02   3.1850049e-02   8.8836182e-02   1.3077513e-01   6.3098428e-03   5.9114947e-02   1.5198836e-02   1.3901040e-01   7.1235220e-02   6.6728842e-02  -8.2213898e-03   4.9945469e-02   8.3133320e-03   1.5116181e-01   8.4097706e-02   1.6437409e-01   7.0174844e-03   6.1443504e-02   0.0000000e+00  -7.8385835e-02   4.9425136e-02   1.3883929e-01   1.1754916e-01   1.5044057e-01   1.4258187e-01   8.4550909e-02   2.3191176e-02  -1.9552404e-02  -5.0010534e-02  -1.3935084e-01   5.0774253e-02   4.7777749e-02  -2.2228494e-02   2.4601538e-02   9.4453092e-02   7.4518492e-02   3.7862725e-02  -2.7515584e-02   7.8422405e-02   1.0262445e-01  -3.8020659e-02  -9.0315287e-02  -4.7485583e-02   1.9962243e-01   3.4582226e-03   2.9632136e-02   1.2302093e-02   1.2338871e-01   3.7243443e-02   1.0183356e-01   1.1578983e-01   1.0319867e-02  -9.8961896e-02   5.4007988e-02   7.6125779e-02   7.0855873e-02   6.0564357e-02   1.5835004e-01  -5.1334142e-03  -1.5079941e-02  -5.8010710e-02   7.1082924e-02   1.2400013e-01   6.1350452e-02  -4.8305270e-02   2.1433608e-03  -6.4852132e-03  -7.3118704e-03  -2.5954622e-02  -1.9144793e-02   4.1356981e-03  -9.1145211e-02   9.5184503e-02   2.1685905e-02   1.8748080e-01   1.0154308e-01   1.8755474e-02  -1.0040518e-02   5.4514632e-02   1.4376754e-01   0.0000000e+00   1.5067765e-01   0.0000000e+00   1.0022646e-01   7.4816114e-02   1.1204266e-01
   2.4684783e-01   0.0000000e+00   3.9129174e-01   5.7553375e-02   0.0000000e+00   0.0000000e+00   1.1919722e-01   7.0650123e-02   8.7068761e-03  -3.5720902e-02   8.4119632e-02  -4.5801402e-03   7.0032913e-02  -3.3752178e-02   1.3180608e-01   5.5820466e-02   2.0470625e-01   1.5735426e-01   9.2021893e-02   5.4496097e-02   8.8825983e-03   1.0061050e-01  -4.1015889e-02   4.4154908e-02   1.0325850e-01   4.9397221e-02   2.2991539e-01   1.7556921e-01   6.7694082e-02   7.6007793e-02   8.0499404e-02   8.9433664e-02   2.2915488e-01   1.3527802e-01   8.5582135e-02   1.6637924e-01   1.1798960e-01   1.3498749e-01   2.3462970e-01   6.6091506e-02   9.5719174e-02   1.0791464e-01   2.0612254e-02   7.2599301e-02   2.6134261e-02   2.9553719e-02   4.0504831e-01   1.3009376e-01   7.5584275e-02   2.0520729e-01   0.0000000e+00   1.7622624e-01  -2.6874676e-03   1.6475217e-01   5.5531884e-02   5.3505209e-02   1.3654577e-01   1.6025611e-02  -6.9674577e-02   5.3398011e-02   2.3129342e-02   9.9425058e-02   5.7477064e-02   1.6716100e-01  -7.3562656e-02   9.3527962e-02   4.5226387e-02  -3.2203705e-03  -4.8687699e-02   1.5258932e-01   5.7376412e-02   1.1656610e-01  -1.0711279e-01   2.8009808e-01   3.0698962e-01  -3.5145647e-02   7.9024253e-02   1.2842582e-01   1.8024888e-01   1.0778260e-02   1.2204563e-01   6.2657540e-02   1.3655350e-01   4.5408185e-02   1.9369431e-01   6.3103020e-02  -6.6131829e-02  -1.3678161e-02   1.2877927e-01  -4.2967409e-02  -1.0027962e-01   2.1340255e-01   2.9099786e-01   1.1172160e-01  -1.1762214e-02   2.8638020e-03  -7.6747017e-02   4.6425626e-02   2.4291577e-02   6.1009048e-02   2.5116550e-02   1.7248813e-01   7.2599681e-02   9.0425301e-02   7.9271169e-02   1.4638227e-01   8.8178985e-02   1.2600437e-01   1.5502724e-01   1.0773644e-01   2.9325941e-02   4.9529157e-02   0.0000000e+00   8.8492226e-02   0.0000000e+00   8.8159967e-02  -4.0756834e-02  -1.1794579e-01
   0.0000000e+00   0.0000000e+00   0.0000000e+00   0.0000000e+00   0.0000000e+00   0.0000000e+00   0.0000000e+00   0.0000000e+00   0.0000000e+00   0.0000000e+00   0.0000000e+00   0.0000000e+00   0.0000000e+00   0.0000000e+00   0.0000000e+00   0.0000000e+00   0.0000000e+00   0.0000000e+00   0.0000000e+00   0.0000000e+00   0.0000000e+00   0.0000000e+00   0.0000000e+00   0.0000000e+00   0.0000000e+00   0.0000000e+00   0.0000000e+00   0.0000000e+00   0.0000000e+00   0.0000000e+00   0.0000000e+00   0.0000000e+00   0.0000000e+00   0.0000000e+00   0.0000000e+00   0.0000000e+00   0.0000000e+00   0.0000000e+00   0.0000000e+00   0.0000000e+00   0.0000000e+00   0.0000000e+00   0.0000000e+00   0.0000000e+00   0.0000000e+00   0.0000000e+00   0.0000000e+00   0.0000000e+00   0.0000000e+00   0.0000000e+00   0.0000000e+00   0.0000000e+00   0.0000000e+00   0.0000000e+00   0.0000000e+00   0.0000000e+00   0.0000000e+00   0.0000000e+00   0.0000000e+00   0.0000000e+00   0.0000000e+00   0.0000000e+00   0.0000000e+00   0.0000000e+00   0.0000000e+00   0.0000000e+00   0.0000000e+00   0.0000000e+00   0.0000000e+00   0.0000000e+00   0.0000000e+00   0.0000000e+00   0.0000000e+00   0.0000000e+00   0.0000000e+00   0.0000000e+00   0.0000000e+00   0.0000000e+00   0.0000000e+00   0.0000000e+00   0.0000000e+00   0.0000000e+00   0.0000000e+00   0.0000000e+00   0.0000000e+00   0.0000000e+00   0.0000000e+00   0.0000000e+00   0.0000000e+00   0.0000000e+00   0.0000000e+00   0.0000000e+00   0.0000000e+00   0.0000000e+00   0.0000000e+00   0.0000000e+00   0.0000000e+00   0.0000000e+00   0.0000000e+00   0.0000000e+00   0.0000000e+00   0.0000000e+00   0.0000000e+00   0.0000000e+00   0.0000000e+00   0.0000000e+00   0.0000000e+00   0.0000000e+00   0.0000000e+00   0.0000000e+00   0.0000000e+00   0.0000000e+00   0.0000000e+00   0.0000000e+00   0.0000000e+00   0.0000000e+00   0.0000000e+00   0.0000000e+00
   1.9171132e-01   0.0000000e+00   1.1903604e-01   5.7314562e-02   1.1919722e-01   0.0000000e+00   0.0000000e+00   1.3831724e-01   1.1028551e-01   1.4253403e-01   1.9362021e-01   5.6427883e-02   7.0242770e-02  -7.6138645e-04   1.5396235e-01   9.8588137e-02   1.2135175e-01   2.1966507e-02   1.6028571e-01   6.2784555e-02   7.7435518e-02   1.5080522e-01   1.5428280e-01   1.9763563e-01   1.7302103e-01   1.0990248e-01   6.7352795e-02   1.2436283e-01  -3.2769680e-02   5.8300930e-02  -8.5518714e-02   1.8194150e-01   2.3866015e-01   1.6515677e-01   2.0545428e-01   1.9927129e-01   1.3228790e-01   1.9452410e-01   2.2645198e-01   2.2012117e-01   2.3328866e-01   1.6482799e-01   5.7673948e-02   1.8432750e-01   8.9724816e-02  -2.1539633e-02   1.7815338e-01   1.3533549e-01   2.2074562e-02   1.1012446e-01   0.0000000e+00   8.1021160e-02   1.4114519e-01   4.9141003e-02   6.1213849e-02   1.2646490e-01   1.3230056e-01   8.6175806e-02   1.4507711e-01   1.1841249e-01   5.9500238e-02   1.5840131e-01   1.0527887e-01  -6.6041410e-02   3.9444235e-02   1.4478279e-01   6.0089326e-02   8.3070319e-02  -1.0225545e-01   4.7259667e-02  -1.5751133e-02  -5.3426435e-02   1.9833027e-01   1.8917092e-01   2.6268671e-04   5.4178177e-02  -1.6025216e-02   6.4885216e-02   7.1350995e-02   5.1328584e-02   3.9940275e-02  -4.1758932e-02   9.2186957e-02  -5.3068146e-02   1.4885735e-01  -5.1310338e-02   6.9259316e-02   4.0608423e-02   4.3000750e-02   1.9783392e-02   1.5720686e-02   9.2271912e-02   1.2468211e-01   1.9487754e-01   2.1834534e-01   6.3782657e-02   6.9297255e-02   1.7568168e-01   9.1946829e-02   3.2516022e-02   1.2674459e-02   1.0028801e-01  -2.0544155e-02   2.1117609e-01   1.8856595e-02  -2.0327766e-02   5.3842520e-02   7.0566288e-02   1.0055703e-01   6.9103127e-02   8.0449291e-02   1.0077946e-01   0.0000000e+00  -1.8503382e-02   0.0000000e+00   3.8291980e-02  -8.4933458e-03  -1.0203650e-01
   8.2867245e-02   0.0000000e+00   3.7123576e-02   7.5088766e-02   7.0650123e-02   0.0000000e+00   1.3831724e-01   0.0000000e+00   2.2114825e-01  -1.9632305e-02   5.5973845e-02  -1.0850204e-01   5.8973709e-02   2.3592379e-01   7.4030203e-02  -1.0915169e-02   5.5563290e-03   5.6655262e-02   2.0140368e-01  -1.1428497e-01   1.5665829e-02  -8.3874323e-02  -1.9728056e-02   4.5985339e-02   5.0646361e-02   2.7495499e-02   5.2684586e-02  -1.0168107e-01  -4.5790613e-02   5.6339248e-02  -1.2122112e-01   5.4809903e-02  -5.8282942e-02   1.3232932e-02   1.8366372e-02  -2.7928776e-02   4.3458193e-02   1.2441097e-01   1.5773251e-01   2.5683531e-02   1.2868163e-01   9.2887459e-02   1.9144403e-02   1.2692910e-01   1.0760220e-01  -4.4258088e-02   7.8064561e-02  -2.9757084e-02  -1.6430231e-02   7.9140772e-02   0.0000000e+00   7.2072933e-02   6.4451313e-02   1.1650513e-01   1.1588217e-01   2.2854240e-02  -2.7339426e-02  -8.3792806e-02   3.6342346e-02  -9.5393776e-02   5.3535047e-02   1.7362678e-01   1.5260525e-01  -1.2427333e-02   2.7261575e-01   5.0126350e-02   3.3701777e-01  -1.3398057e-02   1.8910944e-02   1.6663215e-01   1.8777819e-01   3.1337544e-02   8.6888117e-04   7.1959805e-02   3.3587991e-02   1.1568834e-01   1.9285208e-01   8.6790991e-02   1.5986062e-01  -9.8697573e-02  -8.5447464e-02  -7.5468684e-03  -4.4936786e-02  -2.5486317e-02   6.1262968e-02  -4.4926830e-02  -4.2005555e-02  -1.8902905e-03  -3.0222205e-02  -9.0502978e-02   1.8248941e-01   1.3668711e-01   1.9506786e-01   5.2215597e-02   1.3046054e-01   1.4982933e-01   1.8525293e-01   1.9125396e-01   1.7196051e-01   1.6498868e-01   8.0091174e-02   1.5594652e-01   6.8774224e-02  -1.5121155e-02   7.2210517e-02   5.1297102e-03   7.1908034e-02   4.0493548e-02   3.1386290e-02   1.0423264e-01  -3.2734644e-02   1.0472790e-01   0.0000000e+00   1.3426189e-01   0.0000000e+00   4.4669164e-01   2.6047208e-01   6.8850840e-02
  -4.1679774e-02   0.0000000e+00   5.9074921e-02   1.2460653e-01   8.7068761e-03   0.0000000e+00   1.1028551e-01   2.2114825e-01   0.0000000e+00   7.4261865e-02   8.9969026e-02  -1.1228038e-01  -7.4563325e-02   1.5063197e-01   1.0796590e-01   2.7360265e-02  -2.8805610e-02  -4.5528818e-02   1.1787114e-01  -1.8580174e-01  -1.5823220e-02  -8.6716356e-02   3.6466913e-02   2.8783785e-02  -1.6241433e-03  -6.6916077e-02  -8.0034174e-02  -7.5876544e-02  -2.6281590e-02  -9.1168554e-02  -1.5879932e-01   1.1167873e-01  -1.2238205e-01   1.0900331e-02   1.0273455e-02  -6.0492398e-02   1.8273669e-02   3.2868725e-02   1.5989290e-01   1.2421443e-01   1.1894396e-01   8.5365843e-02  -2.9048808e-02   1.4789311e-01   1.0018533e-01  -2.3969156e-02   2.2406129e-02   4.4272923e-02  -2.4206043e-02  -9.5544253e-03   0.0000000e+00   5.2865502e-02   5.5665873e-02   1.3124450e-01   1.4162074e-01   4.7545240e-02  -3.8894475e-02   3.6997641e-02  -1.2053017e-02  -7.4092998e-02  -2.6808230e-02   4.2324081e-02   2.5681053e-01  -1.6632252e-03   2.8070612e-01  -6.8330299e-02   2.1712568e-01  -8.5037298e-02  -4.1274950e-02  -8.9715010e-02  -3.7843103e-02   2.9103435e-02   1.2792932e-01   1.3668355e-03  -5.0738004e-02   9.8665688e-02   7.0343266e-02   9.5536991e-02  -1.2705700e-01   4.5617280e-02  -8.7747072e-02  -4.1230289e-02  -9.4775463e-02  -2.3256107e-01  -1.2609981e-02  -3.0072768e-02  -1.6914668e-02   7.8512556e-02  -1.7996540e-01  -9.5128189e-02   3.0623316e-01   5.2507843e-02   1.0488668e-01  -4.6863525e-02   1.7055772e-01   2.3133975e-01   4.1312465e-01   2.9483202e-01   2.2344255e-01   1.8142246e-01   2.3914561e-01   1.7199711e-01   1.2206862e-01   1.1791725e-02   2.3350668e-01   1.6864811e-01   2.7884184e-01   8.7821851e-02   5.7060837e-03   4.3524117e-02   2.2797757e-01   1.4368044e-01   0.0000000e+00   2.7331146e-01   0.0000000e+00   2.1125824e-01   5.0340481e-02  -5.8241714e-02
  -7.6216211e-02   0.0000000e+00   1.3196879e-01   1.5985162e-01  -3.5720902e-02   0.0000000e+00   1.4253403e-01  -1.9632305e-02   7.4261865e-02   0.0000000e+00   6.1286374e-02   1.1813483e-01   2.6437579e-01   1.1235209e-01   2.2098348e-01   3.0976868e-01  -8.4344073e-04   4.8160598e-02   7.5634509e-02   1.7690700e-01   2.8669135e-01   3.2840719e-01   1.8731188e-01   2.4695151e-01   2.7404809e-01   9.1781697e-02  -2.5929453e-02   2.2260449e-01   1.3861885e-01   6.9526823e-02   7.9386556e-02   1.2068535e-01   2.6041771e-01   2.0902140e-01   3.4146240e-01   2.7169316e-01   2.8393835e-01   9.4511478e-02   7.4639207e-02   3.1029058e-01   7.9519692e-02   2.0111675e-01  -1.3056939e-01   4.2978680e-02  -4.1307307e-02   2.0424463e-02   9.9365800e-02   2.8678171e-01   6.2309517e-02   2.2231344e-01   0.0000000e+00  -1.9863765e-02  -3.7533532e-02   8.7554484e-02   1.2649088e-01   2.4637118e-01   2.7493410e-01  -2.3978897e-02   1.5660952e-01   6.6380521e-02   8.6181562e-03   6.2555479e-05   6.3629638e-02   5.8621620e-02  -2.8633464e-02   3.5395377e-02  -4.8175455e-02  -6.4905587e-02  -6.7032501e-02  -6.1078194e-02  -1.0257172e-01  -4.1403978e-02   2.6194410e-01  -2.5803038e-01  -1.0077241e-01  -3.9153704e-02  -1.5831149e-01  -1.9062352e-01  -5.7894880e-02  -5.4991039e-02  -2.3937065e-02  -5.5011398e-02   7.8716648e-02  -5.7596665e-02  -5.5219900e-02  -4.4947126e-02  -8.4740720e-02  -9.4018676e-04  -1.6769947e-01  -6.2845833e-02  -1.2625916e-01  -3.0574940e-02  -7.1025453e-02  -1.4596820e-02   1.1210657e-02  -3.4921369e-02  -2.8206062e-02  -4.0256305e-02  -4.4761152e-02  -3.5855858e-02  -1.5578260e-01  -2.5550162e-02  -1.5382711e-01  -1.8958194e-02   8.5929149e-02   2.8398777e-02   1.6356129e-01   1.3243512e-01   4.1187618e-02  -1.3077520e-01   2.5081494e-02   7.1814832e-02   0.0000000e+00   9.3443361e-02   0.0000000e+00   5.6966697e-02   2.5069022e-02  -1.0506957e-01
   1.4781046e-01   0.0000000e+00   1.7895816e-01   9.3520360e-02   8.4119632e-02   0.0000000e+00   1.9362021e-01   5.5973845e-02   8.9969026e-02   6.1286374e-02   0.0000000e+00   7.1196299e-02   1.7577087e-01   1.4783368e-02   1.7672009e-01   1.9549421e-01   7.7058078e-02   5.3461085e-02   4.2415904e-02   1.4473024e-01   1.4920550e-01   1.6093433e-01   2.1075428e-01   2.5374253e-01   1.7958114e-01   1.3442883e-01  -9.7336617e-02   1.4012938e-01  -4.5814862e-02   1.5949389e-02  -2.7932919e-03   1.9088119e-01   2.4706995e-01   1.6348209e-01   2.1056731e-01   2.0501015e-01   9.6084453e-02   2.4682495e-01   2.2753947e-01   3.1790466e-01   3.0040329e-01   8.4706418e-02  -1.0912853e-01   4.9695421e-02   1.2281352e-01  -3.3727033e-02   1.0745256e-01   2.4891988e-01   7.0147388e-02   2.0846524e-02   0.0000000e+00  -2.6015466e-02   1.0097170e-01   1.6145635e-01   1.4989296e-01   1.8584970e-01   2.4790600e-02   2.0062977e-01  -2.1509833e-02   1.3249873e-01   4.0518228e-02   1.3510826e-02   1.3854095e-01   2.1336188e-02   9.8149020e-03  -6.8785955e-02   8.8897193e-02   3.6268890e-02  -6.2717163e-02  -7.4813404e-02  -2.9321799e-02   5.5197805e-02  -9.5601665e-02   1.1266455e-01   1.4350850e-01   5.4050693e-02  -2.8532539e-02  -5.8118836e-02  -9.8067953e-02  -3.8690004e-02   4.7710195e-03  -5.2199784e-02   8.8953037e-02  -4.4842801e-02   2.0279442e-02   3.0854174e-04   4.2248656e-02   6.4954755e-02   8.4345447e-02   3.5119010e-03  -4.6980557e-02  -8.6774751e-02   3.0656844e-02   1.4573789e-03   6.1701969e-02   6.4848235e-02  -4.3607564e-02   1.9457306e-02  -1.9488318e-02   1.6235210e-02   1.8665814e-02  -1.0656858e-03  -6.5008568e-02   5.0454890e-02  -1.2290119e-02   1.3681971e-01   1.7969183e-01   4.0467349e-02   1.3159071e-01   1.7361474e-02   1.5987071e-01   7.5045694e-02   0.0000000e+00   2.0762592e-02   0.0000000e+00   4.0859782e-02  -4.6706811e-02  -6.2590158e-02
  -4.8507352e-02   0.0000000e+00   5.9636880e-02   7.4220926e-02  -4.5801402e-03   0.0000000e+00   5.6427883e-02  -1.0850204e-01  -1.1228038e-01   1.1813483e-01   7.1196299e-02   0.0000000e+00   1.1730152e-01   3.3353622e-02  -3.5293979e-02   7.6162981e-02  -1.1282244e-02   7.2277099e-03  -1.1150432e-01   2.1259952e-01   7.1157938e-02   7.2984975e-02   1.2852510e-01   1.3059262e-01   2.7975859e-02   5.4981980e-02  -7.6912476e-02   1.9082451e-01  -4.4968047e-02   3.0975141e-02   1.7947562e-01   2.8891369e-02   8.3189807e-02  -2.1730206e-02   8.2609978e-02   4.0992411e-02  -8.0400778e-02  -1.1192003e-01  -2.1840214e-01  -8.3335283e-02  -7.5261551e-02  -9.7638739e-02   1.1120459e-01  -1.1404669e-01  -6.1270210e-02   1.2825504e-01   3.0320492e-02   6.9525070e-02   7.9595370e-02   5.4335008e-02   0.0000000e+00  -2.7528005e-01  -3.4551192e-02  -4.2829062e-02  -1.4065803e-02   6.6097344e-02  -5.8304638e-02   7.0869220e-02   2.4349536e-02   2.7551087e-02   1.3725163e-02  -1.5571008e-01  -7.3168497e-02  -2.5426378e-02  -8.0585289e-02   2.1874176e-02   4.7678797e-02   1.4113613e-01   6.9032578e-02  -4.1852891e-02   2.8760927e-02   5.0855327e-02   6.2103117e-02   2.9384077e-02  -5.1771588e-02  -5.2241326e-03  -3.3968730e-02  -3.8109562e-02  -2.2360583e-02   4.0373651e-02   2.5268564e-02   4.9721994e-02   7.8714884e-02   1.8581906e-01  -2.0486439e-02  -3.6631115e-02   1.9189020e-01   1.5272053e-02   1.3587789e-01   1.5287769e-01  -1.2332396e-01  -1.9578362e-01  -1.7143657e-01   4.5296276e-02  -7.5319680e-02  -3.2198060e-02  -1.4143917e-01  -1.5886791e-01  -1.0756385e-01  -7.0946472e-02  -1.6542690e-01  -1.8363262e-01  -3.8777729e-02  -1.0239992e-01  -1.8655237e-01  -1.2113779e-01  -9.8869525e-02  -5.8833928e-02  -3.5539419e-02  -5.3783734e-02  -3.0428331e-02  -9.8310550e-03   0.0000000e+00  -1.0854740e-01   0.0000000e+00  -7.1893351e-02   1.9775263e-02  -7.1359730e-03
   1.6920122e-02   0.0000000e+00   1.2116386e-02   9.9875695e-02   7.0032913e-02   0.0000000e+00   7.0242770e-02   5.8973709e-02  -7.4563325e-02   2.6437579e-01   1.7577087e-01   1.1730152e-01   0.0000000e+00   2.2362648e-01   2.6839639e-01   3.5125083e-01   5.1972998e-02   2.2663128e-01   1.3255443e-01   5.4944982e-01   4.2063242e-01   4.7241282e-01   3.0858219e-01   3.3732827e-01   3.1862085e-01   3.6976691e-01   1.1965045e-01   2.3276390e-01   2.5056741e-01   2.8177620e-01   2.5574406e-01   1.5375317e-01   3.8667038e-01   3.5287058e-01   4.9805132e-01   3.0421244e-01   1.9698629e-01   2.7382197e-01   1.3244061e-01   2.3178932e-01   1.3733949e-01   1.6507004e-01  -7.1231136e-02   6.1422727e-02   1.3725964e-01   2.4694169e-01   2.5355484e-01   4.8522182e-01   3.2162117e-01   1.6678349e-01   0.0000000e+00  -5.6766286e-02  -1.2114385e-02   2.7058371e-01   1.9213470e-01   3.4891127e-01   3.0816514e-01   9.5162142e-02   1.6873846e-01   2.2819327e-01   2.2571524e-01   8.0355388e-02   1.4670107e-01   2.4590393e-01   7.6261113e-02   5.4010863e-02   2.5400651e-01  -6.3202338e-03   1.8633569e-01   1.7969985e-01   1.4409617e-01   1.7254930e-02  -5.3780891e-02  -6.5016973e-02   1.2803645e-03   3.5881267e-02   1.6052287e-03  -4.4773528e-02   7.9237377e-03  -4.1725034e-02   1.0494537e-01   6.3019743e-02   2.3991589e-01   2.3063081e-01   6.2729757e-02  -3.0001019e-02   6.1078969e-02   4.0710809e-02   9.7612351e-02   1.2829949e-01  -9.6668303e-02  -5.7383031e-03  -6.7472346e-02   7.3250415e-03   4.9457827e-02  -2.8247125e-02  -9.0476050e-02  -1.2698571e-01  -6.2134293e-02  -2.0259025e-02  -1.5506095e-01  -1.1341686e-01  -1.8374847e-01   2.4419549e-02   6.8937241e-02   3.7099884e-01   1.7272336e-01   2.0514791e-01   2.8512413e-01   1.1125067e-01   1.5300738e-01   1.7531505e-02   0.0000000e+00   5.2248256e-02   0.0000000e+00  -3.6774250e-02   8.5960071e-02   2.2869807e-02
  -5.2892292e-02   0.0000000e+00  -6.0796419e-02   1.1136019e-01  -3.3752178e-02   0.0000000e+00  -7.6138645e-04   2.3592379e-01   1.5063197e-01   1.1235209e-01   1.4783368e-02   3.3353622e-02   2.2362648e-01   0.0000000e+00   7.4762547e-03   1.0366474e-01  -9.9966406e-02  -7.7540981e-02   1.5595623e-02  -3.8830499e-02   1.2454063e-02  -2.0242653e-02   1.9601513e-01   3.4015265e-02   9.0160690e-02   1.2263543e-01  -1.2918657e-01  -8.8431971e-02  -1.9925302e-01  -6.2277185e-02  -1.4670034e-01   2.0865218e-01  -1.8397436e-01  -8.6630333e-02  -8.6677025e-02  -1.2038261e-01  -4.1016851e-02  -9.4318886e-02  -5.3331862e-02  -7.1087362e-02  -3.1651686e-02  -1.6805676e-01  -1.6883184e-01  -9.3744546e-02   6.2208985e-02  -1.0093261e-01  -1.4205116e-02  -8.9188566e-02  -4.0059714e-02  -8.6167382e-03   0.0000000e+00  -1.4676695e-01  -1.6738993e-01   1.1978243e-01   1.3068734e-01  -3.8010313e-02   5.9240205e-02  -1.4016601e-01  -1.6847709e-02  -1.8820500e-01   2.2938580e-01   3.4453920e-02   6.4469962e-01  -1.1623269e-01   2.1702096e-01  -9.9997846e-02   1.7477310e-01  -1.0716482e-01   3.3843314e-02   1.3632625e-01   4.0483166e-01   3.1484168e-02   2.9835747e-03  -8.8757067e-02   2.5811492e-02   1.2803405e-01  -7.1975878e-03  -7.3580973e-02   1.2469083e-01  -3.1397375e-02  -1.5697568e-01   2.1785091e-02   7.6928521e-02  -4.3470861e-02  -9.9674117e-03  -1.8568360e-01  -7.6188288e-02   1.1722638e-01  -1.1634202e-01  -2.4987390e-01  -9.3560313e-02   1.7624251e-02  -2.4838083e-02  -6.7821760e-02  -3.3188004e-02  -6.2526233e-03  -1.8693237e-02  -4.3838321e-02  -7.6328194e-02  -1.5432856e-02  -1.4286268e-01  -6.4042934e-02  -1.6118264e-01  -9.9814716e-02   1.0131923e-01   4.4045851e-02   8.8727995e-02  -5.0964125e-02   4.6251706e-02  -3.5488283e-02  -2.2529688e-01   7.5287490e-02   0.0000000e+00   6.1453358e-02   0.0000000e+00   1.2292063e-01   2.9280716e-01   2.3840721e-01
  -5.5722911e-02   0.0000000e+00   5.9883639e-02   1.2850613e-01   1.3180608e-01   0.0000000e+00   1.5396235e-01   7.4030203e-02   1.0796590e-01   2.2098348e-01   1.7672009e-01  -3.5293979e-02   2.6839639e-01   7.4762547e-03   0.0000000e+00   4.2984746e-01   7.3439305e-02   1.7979723e-01   2.7454456e-01   1.5556808e-01   2.6042204e-01   2.2123771e-01   1.0978785e-01   1.7454278e-01   1.3978831e-01   1.0320946e-01   2.7397291e-02   1.0292888e-01   2.2309759e-01   6.3379930e-02  -9.6236553e-03   1.1313923e-01   3.1736583e-01   5.3583870e-01   3.3224364e-01   3.8793666e-01   4.2608344e-01   2.9604569e-01   3.4475503e-01   3.2574402e-01   1.7195443e-01   3.4585975e-01  -4.6485933e-02   2.1447660e-01   1.0956261e-01   6.8165916e-02   2.8963444e-01   4.6444522e-01   1.4754648e-01   1.0195304e-01   0.0000000e+00   1.5874609e-01   1.0184528e-01   2.2148485e-01   4.2552024e-01   5.0639617e-01   2.8551026e-01   7.1604174e-02   1.6505494e-01   8.2600738e-02  -5.1203869e-03   9.6810525e-03   3.6118795e-02   1.7950239e-01   5.8225529e-03   1.5634214e-01   1.0355728e-02  -7.5450179e-02  -9.1601139e-02  -5.1021960e-02  -5.3291237e-02  -6.0858452e-02  -7.9824271e-02   2.1981323e-02   2.3482252e-02  -3.0481154e-02  -4.3493694e-02  -1.7831228e-02  -1.5343674e-01  -5.1781950e-02  -5.4827501e-02  -1.1841019e-01  -1.0961530e-03  -1.0875721e-01  -6.5993007e-02   5.4349341e-02   1.5747070e-02   5.9843358e-03  -4.2745653e-02   2.8566825e-02  -7.5089580e-02   9.7698800e-04   3.9069132e-02   7.6786330e-03   1.3090009e-01   9.5846877e-02   3.6004771e-02   7.4628125e-02   3.7829401e-02   6.8792228e-02   3.5119416e-02   8.5062067e-02  -1.3811149e-02   7.1266300e-03   9.3576198e-02   2.3132472e-01   2.2766027e-01   1.9567838e-01   7.8951799e-02  -1.0274904e-02   1.4819005e-01   1.8342253e-01   0.0000000e+00   3.0599907e-01   0.0000000e+00   3.4676193e-02  -1.6414619e-02  -2.3597769e-01
  -1.0136863e-01   0.0000000e+00   9.1071683e-02   1.9133345e-01   5.5820466e-02   0.0000000e+00   9.8588137e-02  -1.0915169e-02   2.7360265e-02   3.0976868e-01   1.9549421e-01   7.6162981e-02   3.5125083e-01   1.0366474e-01   4.2984746e-01   0.0000000e+00   3.2799210e-03   2.1631236e-01   1.9007903e-01   2.7224989e-01   2.9680992e-01   3.4784034e-01   1.9073803e-01   2.3945867e-01   2.4623482e-01   2.5225899e-01   7.3475480e-02   2.6852028e-01   1.8016903e-01   1.7514148e-01   4.2770976e-02   1.8245220e-01   3.8355188e-01   3.6803937e-01   3.5543917e-01   5.1617894e-01   4.3566860e-01   3.0288636e-01   1.9350073e-01   3.0460500e-01   2.0555181e-01   1.7896143e-01  -1.8351188e-01   9.1071189e-02   1.1986934e-01   1.4552058e-01   3.2323453e-01   4.8278497e-01   1.8519582e-01   1.2955412e-01   0.0000000e+00   3.7552521e-03   1.1547717e-02   3.1128557e-01   5.5906770e-01   5.2630316e-01   3.6578988e-01   9.3332554e-02   1.7916927e-01   1.7156214e-01  -2.6392247e-03  -1.8739233e-02   8.9856527e-02   7.5114246e-02  -4.3339666e-02   1.0202149e-01   1.7774167e-02  -1.1280405e-01  -7.7198388e-02   7.7171885e-03  -1.1241810e-01  -2.1403230e-02  -4.3479952e-02  -1.1670900e-02  -7.9287666e-02  -3.9921055e-02  -1.7633073e-01  -1.4520524e-01  -1.3306048e-01  -6.5746365e-02   1.6283517e-02  -3.9443704e-02   1.5178124e-01  -4.9541320e-02  -2.2465290e-02  -1.2002255e-01  -2.5701157e-02   3.5465605e-02  -2.1698023e-02  -8.0454753e-03  -2.5857618e-01  -4.1730560e-02  -2.0898185e-02  -6.5446037e-02   7.5270690e-02  -1.9998556e-02  -4.5707923e-02  -1.1235848e-01  -1.5365586e-01  -6.8366800e-02  -6.9928736e-02  -7.0900759e-02  -2.0470883e-01  -2.5545790e-02   1.1786403e-01   2.0946754e-01   2.1842718e-01   1.7924623e-01   1.3479912e-01   4.7351947e-03   4.0001551e-02   8.2607903e-02   0.0000000e+00   6.9776238e-02   0.0000000e+00   7.6132308e-02  -3.6163619e-02  -2.2000245e-01
   1.1214718e-01   0.0000000e+00   1.5669388e-01  -5.6008403e-05   2.0470625e-01   0.0000000e+00   1.2135175e-01   5.5563290e-03  -2.8805610e-02  -8.4344073e-04   7.7058078e-02  -1.1282244e-02   5.1972998e-02  -9.9966406e-02   7.3439305e-02   3.2799210e-03   0.0000000e+00   3.0299574e-01   7.5777930e-02   3.5883003e-02  -9.2222420e-03   7.7709044e-02  -1.0506096e-01  -5.1655170e-02   1.0656126e-01   1.1696200e-02   1.7811421e-01   5.3854995e-02   1.3065439e-01   8.9890887e-02   1.5572121e-01  -4.8788970e-02   1.4373208e-01   1.5288982e-01   6.6977850e-02   1.8810660e-01   1.8706805e-01   1.1879968e-01   1.3231143e-01   1.4590403e-01  -1.0187472e-02   2.0879235e-01   5.4097382e-02   1.5101589e-01   7.1692626e-02   1.1879987e-01   1.7931430e-01   1.8913313e-01   1.0049840e-01   2.2875923e-01   0.0000000e+00   1.4843322e-01   4.4049170e-02   2.1741844e-02   4.2211357e-02   2.3410635e-02   1.4403011e-01   3.8627468e-02  -5.1653646e-02   1.4276327e-01   3.6428559e-02   6.3405281e-02  -1.2449620e-01   2.4824713e-01  -1.1394270e-01   1.7602647e-01  -3.2950298e-02  -4.9667304e-02  -6.0251087e-03   2.3292644e-01  -3.9237944e-02  -9.3855264e-02   4.0276796e-02   1.6154275e-01   1.2575463e-01  -3.0879904e-02   7.9679763e-02   4.6884904e-02   1.3295417e-01  -5.3957296e-02   9.2790726e-02  -5.6538256e-02   2.9419025e-02   1.6882450e-01   5.5422611e-02   4.3967948e-02  -4.2899632e-02  -4.0263258e-02   1.1759531e-01  -8.7440277e-02  -1.4851527e-01   1.6201700e-01   8.8011738e-02   1.2708445e-01   6.5642183e-02  -3.6991241e-02  -7.3920200e-02  -5.4545444e-03  -5.4588369e-02   1.6764464e-02  -1.0645325e-01  -3.6231113e-02  -2.8016408e-02   2.5122776e-02  -6.9030758e-02   1.4592476e-01   4.4309922e-02   2.1808680e-01   7.5133479e-02   9.2425257e-02   3.6232584e-02   6.4476776e-02   0.0000000e+00   5.0743753e-02   0.0000000e+00   4.8767288e-02  -3.6406178e-02  -1.7256811e-01
   4.0934840e-02   0.0000000e+00   1.4286903e-01  -5.7606522e-02   1.5735426e-01   0.0000000e+00   2.1966507e-02   5.6655262e-02  -4.5528818e-02   4.8160598e-02   5.3461085e-02   7.2277099e-03   2.2663128e-01  -7.7540981e-02   1.7979723e-01   2.1631236e-01   3.0299574e-01   0.0000000e+00   2.2139910e-01   1.1853816e-01   1.7247578e-01   2.5539032e-01  -1.5947918e-01   6.7923831e-03   2.5326696e-01   9.9456114e-02   3.3764550e-01   1.9514088e-01   2.3263921e-01   3.1964255e-01   2.4403183e-01  -2.3914685e-02   2.8447537e-01   2.5240701e-01   2.2166728e-01   2.6717060e-01   2.7937221e-01   2.8132914e-01   2.5562450e-01   1.3896916e-01   1.5624271e-01   1.5795726e-01  -4.3171091e-02   1.6245856e-01   1.3903556e-01   1.5410803e-01   3.1235910e-01   2.6770286e-01   3.1549452e-01   1.9928150e-01   0.0000000e+00   2.4089169e-01   3.9241563e-02   1.7189668e-01   1.3373835e-01   2.2793203e-01   2.8386376e-01   8.1695735e-02   8.6168129e-02   1.9402987e-01   1.7925518e-01   2.6463119e-01  -2.6728552e-02   1.9822664e-01  -2.0384940e-02   1.8192347e-01   5.3062592e-02  -1.0604632e-01  -1.6982478e-02   3.6083038e-01   5.8014888e-02  -2.8024670e-02  -3.3969139e-02   2.0880927e-01   6.1015098e-02  -7.4352606e-02   1.3295076e-01   5.7312785e-02   1.2306208e-01  -5.1545537e-02   1.2129316e-01   2.3647411e-02   1.0368255e-01   1.4771994e-01   2.1232696e-01  -9.0351309e-03  -8.2017699e-02  -3.3764174e-02   6.5620891e-02  -8.8760143e-02  -1.2922846e-01   3.0014983e-01   1.9623322e-01   2.1711236e-03   9.9038960e-02   2.6316451e-02  -5.0653464e-03  -2.0182043e-03  -5.3934946e-02   4.3944513e-02  -4.8405052e-02   1.1961334e-01   1.9614628e-02   1.6013053e-01   8.0985464e-02   3.1274049e-01   4.6964553e-02   2.3369573e-01   1.5424676e-01   8.5102908e-02  -6.0281849e-03   5.2734489e-02   0.0000000e+00   6.0560751e-02   0.0000000e+00   6.2964114e-02   4.3947474e-02  -1.3604796e-01
  -9.0200837e-02   0.0000000e+00  -6.4094897e-02   1.0410273e-01   9.2021893e-02   0.0000000e+00   1.6028571e-01   2.0140368e-01   1.1787114e-01   7.5634509e-02   4.2415904e-02  -1.1150432e-01   1.3255443e-01   1.5595623e-02   2.7454456e-01   1.9007903e-01   7.5777930e-02   2.2139910e-01   0.0000000e+00  -4.7144770e-02   1.7282775e-01   1.2883629e-01   4.3055126e-03   7.0780359e-02   2.3819678e-01   2.6534715e-03   1.0937370e-01   4.4420690e-02   2.3605907e-02   7.3991222e-02  -6.6071543e-02   7.0418527e-02   9.0335325e-02   2.0476257e-01   1.4472865e-01   2.0703422e-01   3.1083145e-01   2.7923931e-01   4.3688855e-01   2.3277250e-01   2.7038644e-01   3.3529543e-01   1.1122540e-01   2.4977498e-01   8.6593308e-02  -9.3614486e-03   2.4966040e-01   2.5224871e-01   1.5024110e-01   6.3743148e-02   0.0000000e+00   2.5409396e-01   1.3045220e-01   3.0633152e-01   2.4108249e-01   1.4725390e-01   2.1201107e-01   6.8683850e-02   3.5712654e-01   1.9536598e-02   1.2605854e-01   2.6845023e-01   1.2580496e-01   1.0802393e-02   1.8495736e-02   2.1967567e-01   1.5884635e-02   4.0887680e-02  -1.3075771e-01   7.9600606e-02  -6.1947169e-03   4.1330602e-02  -2.3783763e-03   4.5629773e-02  -6.9254091e-02   1.0389802e-01   3.3554007e-02  -1.4090511e-02   5.2103484e-02  -4.4369978e-02  -5.1392805e-02  -4.8300606e-02   1.9757135e-02  -1.3279049e-01   9.4381312e-02  -4.1699199e-03  -8.7421274e-02   5.5766274e-03  -2.1100217e-02  -8.9554579e-02   6.2200146e-04   1.9739113e-01   9.1570307e-02   5.8320300e-02   4.3924016e-01   1.3714432e-01   1.0899448e-01   1.9797830e-01   7.9035660e-02   9.0714600e-02   4.2835974e-02   2.4140947e-01   4.5079606e-02   1.1503551e-01   1.7778208e-01   9.3728352e-02   7.0503255e-02   2.1848160e-01   1.7040387e-01   9.2073213e-02   1.2404038e-02   1.5473260e-01   0.0000000e+00   1.6524932e-01   0.0000000e+00   6.8797393e-02  -7.5877757e-03  -1.5226354e-01
   5.1566019e-02   0.0000000e+00   1.3366112e-01   1.6520339e-01   5.4496097e-02   0.0000000e+00   6.2784555e-02  -1.1428497e-01  -1.8580174e-01   1.7690700e-01   1.4473024e-01   2.1259952e-01   5.4944982e-01  -3.8830499e-02   1.5556808e-01   2.7224989e-01   3.5883003e-02   1.1853816e-01  -4.7144770e-02   0.0000000e+00   3.7587694e-01   4.6224721e-01   5.6608531e-01   5.0173419e-01   1.5327507e-01   3.6237936e-01   1.2161638e-01   4.4009755e-01   1.6299522e-01   2.1921551e-01   5.1500746e-01   1.4752899e-01   4.2722343e-01   1.5511946e-01   4.1690809e-01   2.8786065e-01   3.4888009e-02   1.2146045e-01  -8.8326324e-02   1.8733561e-01   1.5647293e-02   3.0208773e-02   8.9100842e-02  -2.1666085e-02  -8.5871456e-02   3.1270256e-01   2.1338107e-01   3.2253402e-01   8.7473750e-02   1.5990112e-01   0.0000000e+00  -2.9263984e-01   8.6810301e-02   9.6991980e-02  -1.0014551e-02   2.4482142e-01   1.9703661e-01   8.7775703e-02   1.9546989e-02   2.8529153e-01  -3.3563578e-02  -1.9185014e-01  -9.2789126e-02   2.3182671e-01  -1.4474064e-01   7.1697387e-02   1.4102531e-02   6.5149037e-02   2.2609233e-01   5.2538729e-02   2.7474658e-02  -5.8411763e-03  -8.0953569e-02  -6.6952591e-02  -6.2371400e-02  -4.7621327e-02  -5.1337927e-03  -6.0815866e-02  -1.1741004e-01  -5.3724411e-02   1.8692743e-01   8.3962580e-02   3.3665987e-01   3.9928266e-01  -4.1392097e-02   1.2175390e-01   4.4893290e-01  -9.0387069e-02   2.8630389e-01   4.2709184e-01  -8.7243461e-02  -2.2496676e-01  -2.1525974e-01   2.5409188e-02  -9.9667018e-02  -1.2005041e-01  -2.2374854e-01  -2.1825702e-01  -1.1637690e-01  -4.8574319e-02  -1.8567657e-01  -2.0790032e-01  -1.3486602e-01  -1.0359723e-01  -9.3648310e-02   5.4105432e-02   2.8476419e-02   5.3783879e-02   5.6903786e-02   2.3045012e-02   2.2622154e-01  -6.0143002e-03   0.0000000e+00  -1.1923504e-01   0.0000000e+00  -1.6737929e-01  -3.2782097e-02   8.8924776e-02
  -1.0566972e-02   0.0000000e+00   8.4716047e-02   7.1479641e-02   8.8825983e-03   0.0000000e+00   7.7435518e-02   1.5665829e-02  -1.5823220e-02   2.8669135e-01   1.4920550e-01   7.1157938e-02   4.2063242e-01   1.2454063e-02   2.6042204e-01   2.9680992e-01  -9.2222420e-03   1.7247578e-01   1.7282775e-01   3.7587694e-01   0.0000000e+00   5.6445969e-01   2.7760664e-01   3.1378681e-01   4.5842397e-01   1.5586959e-01   1.1857194e-01   2.0534700e-01   1.9373909e-01   1.6260249e-01   9.1683689e-02   1.6045941e-01   2.7671244e-01   3.4387644e-01   4.3468888e-01   2.7610594e-01   2.5147085e-01   3.2805213e-01   2.4801551e-01   3.6974081e-01   2.5506437e-01   2.6699105e-01  -1.9006085e-02   1.1936304e-01   8.7144349e-02   1.1181891e-01   1.9506444e-01   3.9131137e-01   1.7467964e-01   9.0248979e-02   0.0000000e+00   3.1277715e-02   6.5372746e-02   1.3071106e-01   1.5087387e-01   3.4402987e-01   3.2564786e-01   6.1494564e-02   1.9669144e-01   2.5909681e-01   1.8849106e-01   1.3906978e-01  -3.1073125e-03   5.7268655e-02   5.3192188e-02  -2.2625628e-02  -5.2549014e-02  -7.9361946e-02  -2.8771187e-02  -2.2988872e-02  -9.2104748e-02  -5.6337668e-02  -2.9499815e-02  -3.8107643e-02  -7.5809272e-02  -1.2128727e-01   2.8235321e-03  -2.4572920e-02  -5.8457869e-02  -1.6177824e-01   4.4118529e-02   1.9649670e-04   2.0719900e-01   7.2321314e-02   3.3746620e-02  -2.0488017e-02  -1.8768736e-02  -7.8109048e-02   3.4302202e-02   6.1960404e-02  -5.6278657e-02   9.3265792e-03  -3.3369691e-02  -4.4101582e-02   5.8898796e-02   2.6426673e-02   1.9142929e-02   1.2731443e-02  -3.6230553e-03   1.6438886e-02  -9.8443485e-02  -4.8040905e-04  -5.0316123e-02   1.4100430e-01   6.4812313e-02   1.2341749e-01   7.4619472e-02   9.0335756e-02   1.3045435e-01   2.9584808e-02   1.1061439e-01   6.2976420e-02   0.0000000e+00   4.2528712e-03   0.0000000e+00  -3.1038804e-02   2.3700038e-03  -1.7622896e-01
