   0.0000000e+00   0.0000000e+00   0.0000000e+00  -2.5959723e-03  -2.8786335e-02  -5.1872829e-03   2.6933521e-01   9.6723261e-02   9.2449435e-02  -1.4482468e-01   2.2568173e-01  -1.7795924e-01  -6.2886409e-02   6.7214280e-03   1.5118223e-01   1.5904094e-01   1.8870256e-01  -5.7278116e-03   3.0128139e-01  -7.3115712e-02  -4.4065063e-02  -1.5308438e-01  -1.0645852e-01  -1.0537941e-02  -1.0420761e-01   4.7016440e-03  -2.0389134e-02  -2.6409367e-02   4.2391665e-02   1.4506084e-02  -5.5295022e-02   1.2498322e-01   2.2190859e-01   5.3609640e-02   1.3480026e-01   1.3006786e-01   8.7508465e-02   1.3874403e-01   8.0169912e-02   3.0711488e-02   9.8663529e-02   1.1224147e-01   5.2747388e-02   1.3707622e-01   2.6944185e-02   2.0511594e-01   6.4210895e-03   7.5941666e-02  -7.3670544e-02  -1.2325140e-01   3.2240612e-02   2.2851914e-01   5.5635856e-02   2.9264806e-04   1.0890472e-01   4.9577621e-02  -1.2931770e-02   7.9766083e-03   2.2773826e-01   2.2812946e-03  -1.4403866e-03  -5.2907533e-02  -8.3017166e-04   1.6235531e-01   9.6927373e-02  -9.9683666e-04   6.0269614e-02  -3.1268321e-02  -1.8349442e-02   7.8677691e-02  -5.3269615e-02  -3.0557517e-01   4.2036171e-01   1.0791660e-02   0.0000000e+00  -5.3568522e-02  -1.6129765e-02   1.5122303e-01   6.5105831e-02  -2.8090837e-02   1.3192724e-02   6.6025488e-02  -1.5320616e-01  -1.0137750e-01   1.5538645e-01   1.4004520e-01   9.8910595e-02  -2.4961559e-02   2.2349670e-01  -6.5029288e-02   3.1990906e-02   1.0963394e-01   4.1335119e-02   1.2801812e-01   3.2602429e-02   1.0550815e-02   7.8522311e-02   9.1632152e-03   1.1677668e-01  -2.7114477e-02   4.4912423e-02   8.1172549e-02   2.2269881e-02   6.8838357e-02   2.8309519e-02   4.5925608e-02   5.7094542e-02  -5.6162536e-02   2.9238365e-02   2.3084347e-01   6.3040588e-02   1.2271865e-01   0.0000000e+00   2.6663910e-01   0.0000000e+00  -6.0757989e-02  -4.3504296e-02  -1.7327413e-01
   0.0000000e+00   0.0000000e+00   0.0000000e+00   0.0000000e+00   0.0000000e+00   0.0000000e+00   0.0000000e+00   0.0000000e+00   0.0000000e+00   0.0000000e+00   0.0000000e+00   0.0000000e+00   0.0000000e+00   0.0000000e+00   0.0000000e+00   0.0000000e+00   0.0000000e+00   0.0000000e+00   0.0000000e+00   0.0000000e+00   0.0000000e+00   0.0000000e+00   0.0000000e+00   0.0000000e+00   0.0000000e+00   0.0000000e+00   0.0000000e+00   0.0000000e+00   0.0000000e+00   0.0000000e+00   0.0000000e+00   0.0000000e+00   0.0000000e+00   0.0000000e+00   0.0000000e+00   0.0000000e+00   0.0000000e+00   0.0000000e+00   0.0000000e+00   0.0000000e+00   0.0000000e+00   0.0000000e+00   0.0000000e+00   0.0000000e+00   0.0000000e+00   0.0000000e+00   0.0000000e+00   0.0000000e+00   0.0000000e+00   0.0000000e+00   0.0000000e+00   0.0000000e+00   0.0000000e+00   0.0000000e+00   0.0000000e+00   0.0000000e+00   0.0000000e+00   0.0000000e+00   0.0000000e+00   0.0000000e+00   0.0000000e+00   0.0000000e+00   0.0000000e+00   0.0000000e+00   0.0000000e+00   0.0000000e+00   0.0000000e+00   0.0000000e+00   0.0000000e+00   0.0000000e+00   0.0000000e+00   0.0000000e+00   0.0000000e+00   0.0000000e+00   0.0000000e+00   0.0000000e+00   0.0000000e+00   0.0000000e+00   0.0000000e+00   0.0000000e+00   0.0000000e+00   0.0000000e+00   0.0000000e+00   0.0000000e+00   0.0000000e+00   0.0000000e+00   0.0000000e+00   0.0000000e+00   0.0000000e+00   0.0000000e+00   0.0000000e+00   0.0000000e+00   0.0000000e+00   0.0000000e+00   0.0000000e+00   0.0000000e+00   0.0000000e+00   0.0000000e+00   0.0000000e+00   0.0000000e+00   0.0000000e+00   0.0000000e+00   0.0000000e+00   0.0000000e+00   0.0000000e+00   0.0000000e+00   0.0000000e+00   0.0000000e+00   0.0000000e+00   0.0000000e+00   0.0000000e+00   0.0000000e+00   0.0000000e+00   0.0000000e+00   0.0000000e+00   0.0000000e+00   0.0000000e+00   0.0000000e+00
   0.0000000e+00   0.0000000e+00   0.0000000e+00   0.0000000e+00   0.0000000e+00   0.0000000e+00   0.0000000e+00   0.0000000e+00   0.0000000e+00   0.0000000e+00   0.0000000e+00   0.0000000e+00   0.0000000e+00   0.0000000e+00   0.0000000e+00   0.0000000e+00   0.0000000e+00   0.0000000e+00   0.0000000e+00   0.0000000e+00   0.0000000e+00   0.0000000e+00   0.0000000e+00   0.0000000e+00   0.0000000e+00   0.0000000e+00   0.0000000e+00   0.0000000e+00   0.0000000e+00   0.0000000e+00   0.0000000e+00   0.0000000e+00   0.0000000e+00   0.0000000e+00   0.0000000e+00   0.0000000e+00   0.0000000e+00   0.0000000e+00   0.0000000e+00   0.0000000e+00   0.0000000e+00   0.0000000e+00   0.0000000e+00   0.0000000e+00   0.0000000e+00   0.0000000e+00   0.0000000e+00   0.0000000e+00   0.0000000e+00   0.0000000e+00   0.0000000e+00   0.0000000e+00   0.0000000e+00   0.0000000e+00   0.0000000e+00   0.0000000e+00   0.0000000e+00   0.0000000e+00   0.0000000e+00   0.0000000e+00   0.0000000e+00   0.0000000e+00   0.0000000e+00   0.0000000e+00   0.0000000e+00   0.0000000e+00   0.0000000e+00   0.0000000e+00   0.0000000e+00   0.0000000e+00   0.0000000e+00   0.0000000e+00   0.0000000e+00   0.0000000e+00   0.0000000e+00   0.0000000e+00   0.0000000e+00   0.0000000e+00   0.0000000e+00   0.0000000e+00   0.0000000e+00   0.0000000e+00   0.0000000e+00   0.0000000e+00   0.0000000e+00   0.0000000e+00   0.0000000e+00   0.0000000e+00   0.0000000e+00   0.0000000e+00   0.0000000e+00   0.0000000e+00   0.0000000e+00   0.0000000e+00   0.0000000e+00   0.0000000e+00   0.0000000e+00   0.0000000e+00   0.0000000e+00   0.0000000e+00   0.0000000e+00   0.0000000e+00   0.0000000e+00   0.0000000e+00   0.0000000e+00   0.0000000e+00   0.0000000e+00   0.0000000e+00   0.0000000e+00   0.0000000e+00   0.0000000e+00   0.0000000e+00   0.0000000e+00   0.0000000e+00   0.0000000e+00   0.0000000e+00   0.0000000e+00   0.0000000e+00
  -2.5959723e-03   0.0000000e+00   0.0000000e+00   0.0000000e+00   7.5388254e-02   6.7454851e-02   1.4976860e-01  -1.0510943e-02   2.0453769e-01   2.5343290e-02   4.2318614e-02  -1.9336477e-03   4.0413873e-02  -6.7422664e-02   1.1759567e-01   3.7430662e-02   9.9637916e-02   1.5188014e-01  -2.2605206e-01   1.4223834e-01  -4.9604725e-02   2.3067501e-02   2.1093658e-01   1.7084663e-01   3.4188403e-02  -1.1151006e-02  -6.7773940e-02   9.4580631e-03   8.8406797e-02   1.2845501e-01   6.5415491e-02  -6.2077674e-02   8.2517379e-02   1.3088237e-01   4.0742238e-02  -2.7561568e-02   4.3839195e-02  -3.6081557e-02  -8.5499890e-02   2.2206920e-01   1.1481603e-01  -1.5948961e-02   4.4233523e-02   1.4239746e-01  -2.6377786e-02   2.6577012e-02  -1.8138681e-02   4.7795403e-02   8.0929972e-02   9.2110724e-03   4.8980840e-02  -1.9602900e-01   1.2861560e-02   2.7782974e-02  -4.3957801e-02   1.5589271e-01  -1.2297118e-01  -5.8230704e-02  -4.9674977e-02  -1.7588444e-02  -1.5147138e-02  -6.8878638e-02  -6.3422274e-02   9.1715746e-02   4.0392401e-02   5.2451140e-02  -6.6030744e-02  -7.8976552e-02  -4.1887852e-02  -1.7618696e-02  -6.1662186e-02   6.2984741e-02  -1.0609728e-02   8.8395989e-02   0.0000000e+00   6.8188224e-02  -1.4666380e-02  -2.3482830e-02  -7.1889167e-02   2.2294003e-02  -8.6526186e-02  -8.7173552e-02   6.5613794e-03   1.2103940e-01  -9.1362070e-02  -9.9272229e-02   7.7409662e-02  -4.1009253e-02  -3.0559310e-02   3.7712509e-02   7.1148986e-02  -9.9456794e-02   4.0510711e-02  -9.0914608e-02  -8.7223700e-02  -5.2523390e-02  -1.0548872e-01   5.5486678e-02  -4.7212034e-02   8.0389363e-02  -1.8030064e-02   3.5143354e-02  -7.0089498e-03  -1.2186342e-01  -9.1101176e-02  -9.0183629e-02  -3.5447968e-02  -3.5520232e-02  -8.0838078e-02  -4.6555125e-02   2.2816581e-02   1.6064541e-01   0.0000000e+00   6.9468266e-02   0.0000000e+00  -3.1392006e-02  -1.7930378e-02   4.9723379e-02
  -2.8786335e-02   0.0000000e+00   0.0000000e+00   7.5388254e-02   0.0000000e+00   6.1788720e-01   1.0013356e-01   4.9049641e-02  -1.3724920e-01   7.4185185e-02   2.0784304e-01   1.6945805e-01   7.9836131e-02   1.8313050e-02   1.7064459e-01   7.5820336e-02   3.1260044e-01   3.2624548e-01   2.0587242e-01   2.2973999e-01   7.8818901e-02   3.9417980e-02  -5.4811165e-02  -7.1378591e-02   5.4047609e-02   1.1160885e-01   4.8886939e-01   3.1654621e-01   1.6409746e-01   2.6287722e-01   1.9923822e-01   3.6348964e-01   2.8950403e-01   1.6204427e-01   2.2065299e-01   3.4454454e-01   3.7312323e-01   2.8174691e-01   3.0439716e-01   1.6283794e-01   1.0785655e-01   2.5002208e-01   2.3086479e-01   2.6966015e-01   2.8564308e-01   4.2958957e-02   7.2373216e-01   2.3546684e-01   1.1751073e-01   3.2416108e-01   1.7703834e-01   2.2034165e-01   2.8240744e-01   2.5092466e-01   1.3402933e-01   1.5069243e-01   3.9970956e-01   1.4118569e-01   2.2210120e-01   1.0198084e-01   1.4188234e-01   2.4273800e-01  -1.3436910e-01   2.3982160e-02   1.3518069e-01   1.7564394e-01   9.2342112e-02   1.1457310e-01  -2.7765738e-03   2.2057682e-01   2.8871500e-01   5.5325455e-02  -6.1649933e-02   5.4283992e-02   0.0000000e+00   5.6450946e-02   4.6114613e-02   3.4931610e-01   4.8577479e-01   2.7518811e-02   4.4111427e-01   2.8297765e-01   3.6550346e-01   1.6630908e-01   4.6309564e-01   1.8421556e-01   2.0078860e-02   3.0442841e-01   3.8936746e-01   9.5770742e-02   1.2116197e-01   5.7266218e-01   1.2259651e-01   2.9305008e-01   1.8105652e-01   1.6094757e-01   2.6943115e-01   2.4636731e-01   2.5087144e-01   1.8559608e-01   3.6813299e-01   3.2139779e-01   2.3623662e-01   1.2188807e-01   2.6795923e-01   1.0325733e-01   7.7390669e-02   1.9208583e-01   2.6779867e-01   8.9919430e-02   2.2392381e-01   1.0183850e-01   0.0000000e+00   3.6365026e-01   0.0000000e+00   1.2390147e-01  -6.4965071e-02   7.0684850e-02
  -5.1872829e-03   0.0000000e+00   0.0000000e+00   6.7454851e-02   6.1788720e-01   0.0000000e+00   1.1237439e-01   7.8645148e-02   1.3180213e-02  -3.2198294e-02   1.9223136e-01   1.2821434e-01   1.8264334e-02   4.0213902e-02   8.7761377e-02   4.2206778e-02   1.6218908e-01   2.1635206e-01   1.4245923e-01   9.0262814e-02  -7.9370639e-02   1.7138222e-02  -1.6386370e-01  -1.6905469e-01  -5.8721061e-02  -1.0200608e-02   3.4363471e-01   1.1624803e-01   2.4670953e-02   9.8338416e-02   8.1905806e-02   1.7055013e-01   9.3853748e-02  -2.4541380e-03   8.9726475e-02   2.1444000e-01   2.4906126e-01   1.6650786e-01   1.7971775e-01   6.3537791e-02   9.6565870e-02   1.9373283e-01   9.1674108e-02   1.7250886e-01   1.3865833e-01   6.6306382e-02   3.9792151e-01   1.7810439e-01   8.1802835e-03   1.3750068e-01   8.8316384e-02   1.2279274e-01   1.3599343e-01   1.3892722e-01   9.4337374e-02   6.9903954e-02   2.3588000e-01   6.3694588e-02   1.2823171e-01  -2.6488017e-02   5.0450196e-02   2.2530696e-01  -2.1595431e-02  -8.8827265e-03   3.9773925e-02   1.2154849e-01   6.8531941e-02   4.2167546e-02  -2.8296810e-02   1.9813215e-01   1.5478005e-01   8.5133353e-02   2.5464551e-03   3.5702616e-02   0.0000000e+00   3.0921021e-02   4.1379866e-02   2.5630762e-01   3.6153651e-01  -5.7175878e-02   2.9355780e-01   1.0803750e-01   3.7626998e-01   7.9481169e-02   2.4754110e-01   1.6380948e-01   3.2542881e-02   2.8879308e-01   2.9992249e-01   2.3491680e-02   6.6273062e-02   3.9138013e-01   9.0460895e-02   1.9586571e-01   1.4954511e-01   2.5305711e-02   1.6942861e-01   1.3815130e-01   1.5715955e-01   1.0935747e-01   1.7055888e-01   1.7448179e-01   1.5753550e-01   7.8538754e-02   1.3498163e-01   6.0825995e-02   2.8947615e-02   6.9044239e-02   8.6970876e-02   2.6631560e-02   1.1474748e-01   1.1835501e-01   0.0000000e+00   2.9053117e-01   0.0000000e+00   8.7769191e-02  -3.1046573e-02   6.1883991e-02
   2.6933521e-01   0.0000000e+00   0.0000000e+00   1.4976860e-01   1.0013356e-01   1.1237439e-01   0.0000000e+00   1.9613739e-01   7.1016092e-02  -3.5255342e-02   1.9013756e-01  -6.8914909e-02   7.9097372e-02  -1.1693924e-02   1.1071640e-01   2.1299510e-01   1.5557004e-01   2.8326429e-01   7.5656542e-02   1.2076403e-01   8.8640102e-02  -1.9405808e-02   1.5434870e-01   1.4373065e-01   5.6890549e-02   1.0960910e-01  -5.5389395e-02   2.0148660e-01   2.0996325e-01   2.5187108e-01   1.1966701e-01   1.8185867e-02   3.0172646e-01   2.5988255e-01   8.7560124e-02   1.2393051e-01   1.2283860e-01   1.3931609e-01   9.0587999e-02   4.5601847e-01   2.4755483e-01   1.4774725e-01   3.7163237e-01   1.9135383e-01  -1.1902753e-02   2.7911986e-01  -6.5488975e-02   1.8731712e-01   2.0610288e-01   2.9154247e-01   1.0957344e-01   5.4453412e-02   2.1520946e-01   5.8035183e-03   2.4248589e-01   2.4750976e-01  -1.0293428e-01   1.0673776e-01   4.9303906e-02  -2.4066256e-02  -1.4118289e-01  -1.6289645e-01  -1.9609413e-01   5.1048676e-01   1.2794005e-01   2.1473537e-01   1.7537877e-01   1.7300167e-01   3.7128323e-01   1.1139699e-01   9.9954874e-02  -6.8704116e-02   3.0784587e-01   1.5603928e-01   0.0000000e+00   2.3906914e-01   4.0722985e-01   1.4764600e-01   9.0026473e-02   1.5073392e-01  -7.5237610e-02   5.4863672e-02   9.5486227e-02   2.0339725e-01   9.5285389e-02   2.2576815e-01   3.4740505e-01   2.7283196e-02   1.5213172e-01   2.5349397e-01   3.7039955e-01  -6.9300999e-02   7.4080006e-02   5.5492065e-02   1.9736491e-01   1.2501309e-01   9.4035641e-02   1.4947869e-01   7.2265501e-02   1.0615872e-01   3.3044408e-02   8.6255776e-02   8.0637574e-02  -1.2026195e-01  -1.1507696e-01   1.5805802e-01   3.5895931e-02  -7.3824038e-03  -2.6456689e-02   2.2311393e-01   4.6374185e-02   7.6123860e-02   0.0000000e+00   3.4505863e-02   0.0000000e+00   8.9856031e-02   1.6185374e-01   1.3924371e-01
   9.6723261e-02   0.0000000e+00   0.0000000e+00  -1.0510943e-02   4.9049641e-02   7.8645148e-02   1.9613739e-01   0.0000000e+00   1.8331911e-01   2.5701846e-02   1.9080294e-01  -5.3462418e-02   8.6999600e-02   1.2002500e-01   1.3213359e-01   1.6545498e-01   2.5775460e-02   7.2795389e-02   1.7992856e-01   1.9669550e-02  -1.0508704e-02   3.0616428e-03  -3.1637841e-02  -6.9905963e-02  -5.0967524e-02  -1.1326476e-03   6.1315404e-03   1.8444799e-02  -1.5872699e-02   4.4367442e-02  -6.3796202e-02   7.8977102e-02   8.8378180e-02   7.4795188e-02   1.2621161e-01   9.6885491e-02   7.7064014e-02   6.8062841e-02   1.0338301e-01   1.1421576e-01   8.8768412e-02   1.0974202e-01   8.1282762e-02   3.6080545e-02  -8.2891121e-02   1.3056072e-01   5.4944645e-02   1.9603952e-01   1.2342566e-01   5.7166182e-02  -8.3492717e-03   5.2261255e-02   9.7024295e-02   1.3043371e-01   1.0786351e-01   6.9235556e-02   5.0516969e-02   1.7373630e-01   1.7205962e-01  -5.1604194e-02  -9.6245537e-02  -6.5712363e-02  -8.8842965e-02   4.6443174e-02   9.1816239e-02   3.7000210e-02   1.8842668e-01   9.6619041e-02   1.4586890e-01   1.9315755e-01  -2.1091710e-02   2.8360683e-02   5.4213167e-04  -4.9344218e-02   0.0000000e+00   1.0027708e-01   1.7888222e-01   2.0969457e-01   1.1346655e-01   6.8788550e-02   3.7562963e-03   7.7781065e-02   5.3403979e-02   8.1764445e-02   4.5787206e-02   1.6989753e-01   9.6517243e-02   7.5488491e-02   1.0809138e-01   9.1566968e-02   8.8244669e-02   8.7133122e-02   4.4087739e-02   7.2117062e-02   1.5150290e-01   5.3763437e-02   1.2434024e-01   1.2369752e-02   1.7741842e-01   6.5013323e-02   9.6944368e-02   5.2550578e-02   4.6744674e-02  -3.3844410e-02   6.4630358e-02   3.2435831e-01   2.2897185e-01   9.9413910e-02   1.4312235e-01   1.4463777e-01   6.0154566e-02   1.9395829e-01   0.0000000e+00   1.4006844e-01   0.0000000e+00   4.4922547e-01   2.7529992e-01   4.0917388e-02
   9.2449435e-02   0.0000000e+00   0.0000000e+00   2.0453769e-01  -1.3724920e-01   1.3180213e-02   7.1016092e-02   1.8331911e-01   0.0000000e+00  -4.1951598e-02  -3.7667970e-02  -1.6279057e-01  -8.2267043e-02  -3.4162517e-02   6.9429891e-02  -7.7999586e-03  -7.4518286e-02  -4.0790464e-04  -9.0573103e-02  -1.9201080e-01  -1.6909754e-01  -1.0723191e-01  -5.2826075e-02  -6.8783228e-02  -1.9351140e-01  -1.2472281e-01  -1.4779735e-01  -2.0083943e-01  -1.5425291e-02  -3.1261930e-02  -2.3285701e-01  -1.1385633e-01  -1.3825689e-01   1.4355025e-03  -1.3937698e-02  -1.8953671e-02  -4.6710142e-02   5.7180306e-03  -6.2259713e-02   6.1834115e-03   1.3184121e-01  -3.8470701e-02   2.8482572e-02   6.0192945e-02  -2.2398435e-01   8.0996566e-03  -1.6046160e-01   5.1730615e-02  -3.4115738e-02  -1.3039577e-01  -4.6462905e-02  -1.8171288e-01  -6.4609940e-02  -8.0922799e-02  -9.2049370e-02  -1.1414159e-01  -1.4794107e-01   3.8425284e-02  -1.1968881e-01  -3.5292241e-02  -1.6285003e-01  -8.0062989e-02  -8.5092032e-02   9.7294055e-02   6.6705912e-02  -7.3446741e-02   1.2079274e-01  -9.2849687e-02  -1.1071318e-01   1.0690988e-02  -1.9677648e-01   2.8678685e-02   8.7854340e-02  -8.1794594e-02   0.0000000e+00  -3.8568230e-02   1.2497476e-02  -1.6113676e-02  -3.8190772e-02  -8.0966214e-02  -8.5716706e-02  -1.5333059e-01  -1.6791940e-01  -5.6256578e-02  -2.5493941e-02  -8.7065204e-02   4.1207553e-02  -1.7761554e-02   6.1475198e-02  -7.6504271e-02   1.1865485e-01  -7.0693323e-02   6.1040602e-02  -6.4745059e-02   1.9591921e-02   1.1166298e-02  -9.5326763e-02   1.5142702e-01   1.1729425e-01   7.1189904e-02  -1.3104320e-01  -1.5893823e-02   3.9257838e-02  -6.2233951e-02  -7.7696458e-02   4.9146923e-02   4.3290809e-02  -4.8615584e-02  -8.2732490e-02   1.4776131e-01   1.5200613e-01   8.3211679e-02   0.0000000e+00   2.5265738e-02   0.0000000e+00   7.3757001e-02   6.5270215e-02  -1.0174396e-01
  -1.4482468e-01   0.0000000e+00   0.0000000e+00   2.5343290e-02   7.4185185e-02  -3.2198294e-02  -3.5255342e-02   2.5701846e-02  -4.1951598e-02   0.0000000e+00   4.4905350e-02   2.0194726e-01   1.3372265e-01   5.8573304e-02   9.2476200e-02   3.7977749e-02   1.3991287e-02   2.4918224e-02   1.4774773e-01   1.2521608e-01   4.4128582e-02   8.3864174e-02   1.3372157e-01   6.2879514e-02   8.1898033e-02   4.4724461e-02   2.3217070e-02   6.8522839e-02   5.1611643e-02   5.9708603e-02   2.6228284e-02   6.2145201e-02   6.1986296e-02   1.9650808e-01   1.5638488e-01   9.4870301e-02   1.8286138e-01  -4.8464728e-02  -8.3934308e-02   9.7122756e-02   1.3018061e-02   2.2394388e-02   1.4180964e-01   9.1590387e-02   7.0410685e-02   1.1115024e-01   6.7974363e-02   7.5157181e-02   1.8024156e-01   6.8360008e-02   1.0013023e-01   8.5623241e-02   1.5653912e-01   1.9182586e-01   7.1154945e-02   1.2179780e-01   5.5414977e-02  -6.6618483e-03   1.9280869e-01   3.2997798e-02  -8.4066628e-02  -7.1318802e-02  -5.8539344e-02  -1.4490208e-01   5.0750344e-02  -8.1337771e-02   2.4494790e-02   6.7572154e-02   1.2581607e-01   4.8414201e-02   3.2455586e-02   7.1606939e-02  -2.2037446e-01  -1.5741424e-01   0.0000000e+00   5.8595282e-02   1.1538976e-01  -7.4194795e-02   3.5280404e-02   6.2236387e-02  -4.2660312e-03  -2.1262904e-02   7.1197735e-03   7.4066595e-02  -9.0125427e-02   3.0637129e-02   8.9319808e-02  -1.7170299e-02  -5.8101080e-02   3.2715345e-02   1.2743622e-01   9.8893460e-03  -1.2161040e-01   1.2446259e-01   1.3545622e-01   1.1057480e-01   7.1266519e-02   7.0004845e-02   4.9032729e-02   1.0666871e-02  -1.3689980e-04  -6.6821014e-02  -6.7239378e-03  -3.0825276e-02   6.0376259e-02   1.2655033e-01   8.0774978e-02   1.3896578e-01   1.3212247e-01   5.9242899e-02   1.1143098e-01   1.2889321e-01   0.0000000e+00   1.0378171e-01   0.0000000e+00   7.1424837e-02   1.7199827e-02   7.2432936e-02
   2.2568173e-01   0.0000000e+00   0.0000000e+00   4.2318614e-02   2.0784304e-01   1.9223136e-01   1.9013756e-01   1.9080294e-01  -3.7667970e-02   4.4905350e-02   0.0000000e+00   1.0806981e-01   1.7442730e-01   4.2375504e-02   1.9117283e-01   2.5535643e-01   1.9386719e-01   2.0798835e-01   3.2854374e-01   2.1542479e-01   1.4892103e-01   3.2345451e-03  -2.7483986e-02  -3.6052042e-02   3.1594185e-02   7.3852922e-02   9.0113911e-02   1.3084483e-01   2.2195677e-01   1.8250383e-01   1.9712651e-01   2.0807084e-01   3.0171883e-01   2.0757460e-01   2.2447841e-01   3.2958960e-01   2.5726716e-01   2.0018314e-01   1.6582167e-01   3.0099406e-01   2.3685087e-01   2.1029404e-01   1.5942381e-01   7.5180269e-02   4.6589606e-02   2.5362190e-01   2.1389575e-01   3.6211321e-01   1.6077291e-01   1.1118704e-01   2.2425338e-01   2.1581350e-01   1.9529463e-01   1.5643926e-01   2.3534680e-01   2.6140824e-01   1.9610932e-01   9.8589732e-02   2.2417776e-01  -3.4193398e-03  -5.3906492e-02  -3.5474466e-02  -6.7271183e-02   2.7533042e-01   9.4939033e-02   3.6003825e-01   1.6936771e-01   4.1766520e-02   1.0221676e-01   2.6096744e-01   1.1758841e-01  -1.0602939e-01   2.7917326e-01   1.8436273e-01   0.0000000e+00   1.4385937e-03  -7.3924409e-03   2.7838584e-02   1.7875373e-01   1.7442520e-02   1.0889807e-01   7.8584758e-02   3.8303516e-02   6.9041232e-02   1.8685051e-01   1.7125475e-01   1.3649219e-01   3.0097083e-02   1.8904464e-01   1.9399052e-02   4.1227688e-02   1.7711548e-01   1.0611223e-02   1.7760990e-01   1.4041155e-01   8.8642319e-02   1.4381329e-01   6.5257012e-02   6.6720820e-02   5.7138913e-02   7.2445920e-02   1.6977477e-01  -3.3747104e-02  -4.8329611e-02   3.8365079e-02   1.6033208e-01   4.1204202e-02   5.9358264e-02   1.0034553e-01   1.5860452e-01   2.3706615e-01   8.9207987e-02   0.0000000e+00   2.3580459e-01   0.0000000e+00   3.8851149e-02  -3.8474565e-02  -4.8157744e-02
  -1.7795924e-01   0.0000000e+00   0.0000000e+00  -1.9336477e-03   1.6945805e-01   1.2821434e-01  -6.8914909e-02  -5.3462418e-02  -1.6279057e-01   2.0194726e-01   1.0806981e-01   0.0000000e+00   6.1637341e-02   1.2335839e-02   7.0563245e-02  -3.0683780e-02   5.3211135e-02   8.8957577e-02   1.9730121e-02   4.5424932e-02   2.8399626e-03  -4.6515464e-02  -2.2067482e-02  -2.9222408e-02  -2.7454324e-02  -3.6325733e-02   5.5075617e-02   1.0212933e-01  -2.2296889e-02   3.6321057e-02   1.7930877e-01  -1.3424819e-02  -7.0448891e-02  -1.0643496e-01  -5.5312431e-02   5.4802095e-02   1.4358925e-01  -8.5154640e-03   1.9688615e-02   6.8927149e-02  -6.0689783e-02   8.4813670e-02   7.2652338e-02   1.1858603e-02   6.9642536e-02  -8.6922195e-02   1.6187758e-01   5.7252872e-02   9.5300595e-02   1.0437207e-01   6.8179707e-02   7.5203548e-02   1.5043216e-01   9.3439311e-02   4.8009739e-02   1.2039036e-01   1.7683337e-01   1.2996146e-03   1.2253000e-01   2.7287210e-02  -2.7480315e-02   2.4522795e-02  -7.9775320e-02  -5.5730879e-02   3.8085197e-02   2.5133346e-01   5.4147377e-04   9.5535447e-02   2.4305093e-02   5.5106593e-02   1.0490575e-01  -2.6201803e-02  -1.4846360e-01   2.0761341e-01   0.0000000e+00   3.1478079e-02   1.9096237e-02   8.1914533e-03   6.6781736e-02   2.1564937e-02   1.3896023e-01  -3.3827865e-02  -9.0789011e-04   2.6532762e-03   6.9365064e-02   1.2014740e-01   7.8371462e-03   1.2521814e-02   1.7977396e-02   5.8784116e-03  -6.6305159e-02   8.6025388e-02  -8.6565379e-02   8.7999743e-02   6.4177055e-02   4.1052487e-03   5.1360871e-02   1.0126908e-02   1.0353869e-02  -6.8562813e-03   1.5279590e-01  -3.6989765e-02   8.4177666e-02  -6.7234902e-02   1.4657541e-01   5.8700079e-02  -1.0448683e-02   1.5619850e-01   4.2952560e-02  -8.7020955e-02   1.1500910e-01   4.7036285e-02   0.0000000e+00   1.0568762e-01   0.0000000e+00  -4.4589126e-03  -8.2331091e-02  -4.4526844e-02
  -6.2886409e-02   0.0000000e+00   0.0000000e+00   4.0413873e-02   7.9836131e-02   1.8264334e-02   7.9097372e-02   8.6999600e-02  -8.2267043e-02   1.3372265e-01   1.7442730e-01   6.1637341e-02   0.0000000e+00   3.4263679e-01   1.2502505e-01   1.9139933e-01   4.2375966e-02   7.4675500e-02   4.0609852e-02   3.8015866e-01   1.6407041e-01   1.0794465e-01   1.4634633e-01   4.5904584e-02   9.6643860e-02   1.5028772e-01   8.1811456e-02   1.7189825e-01   2.7607947e-01   2.5113521e-01   3.1039680e-01   5.7309436e-02   1.9771413e-01   2.7930457e-01   1.5913862e-01   2.7074835e-01   1.3499332e-01   1.4054885e-01   4.4177469e-02   2.7401644e-01   2.0236961e-01   2.1684103e-01   9.7506129e-02   3.4319220e-02   3.5554708e-03   2.2219156e-01   1.4038977e-01   3.1975111e-01   3.8473957e-01   6.3333295e-02   2.3141993e-01   7.7316555e-02   9.1831671e-02   1.6816450e-01   2.5235439e-01   3.5666757e-01   2.2062311e-01   1.6738866e-01  -1.3099038e-02   3.0012871e-02  -2.0757244e-02   3.5788619e-03  -8.7964282e-03   1.9356198e-01   3.7193376e-02   2.4674406e-01   8.5257686e-02   7.1290427e-02   1.2745457e-01   2.7213132e-01   8.3071430e-02   9.7440505e-02  -4.7534987e-02   2.7597849e-02   0.0000000e+00  -6.2945314e-02  -4.8768252e-02  -4.6640225e-02   9.5929922e-02   6.3736619e-02   3.7588354e-02   3.6788048e-02   1.3803996e-01   9.0099426e-02  -1.4757934e-02   5.3123524e-02   1.5737773e-01   6.2721820e-03   8.7805018e-02  -8.7891684e-02  -4.4462555e-03   9.7576056e-02  -3.7756849e-02   5.5255822e-02   4.1961219e-02   7.3995916e-02  -2.2102276e-02   7.8769424e-02  -5.8028459e-02   5.7072652e-02  -3.2833667e-02   8.4526094e-02  -7.2598419e-02  -1.2552136e-01   8.4948853e-02   3.1809178e-01   5.5095495e-02   1.1591906e-01   8.2303457e-02  -2.6808114e-02   2.8552730e-01   8.7344260e-02   0.0000000e+00   1.1293207e-01   0.0000000e+00   9.0706680e-02  -4.1609300e-02   6.0827748e-02
   6.7214280e-03   0.0000000e+00   0.0000000e+00  -6.7422664e-02   1.8313050e-02   4.0213902e-02  -1.1693924e-02   1.2002500e-01  -3.4162517e-02   5.8573304e-02   4.2375504e-02   1.2335839e-02   3.4263679e-01   0.0000000e+00   5.8698036e-02   8.0333073e-02  -6.2083187e-02  -8.8808547e-02   7.2811014e-02   7.3915430e-03   2.8129916e-01   1.1697900e-01  -2.9043880e-03  -8.6832617e-02   2.2130884e-01   3.5437354e-02   1.0403579e-01   1.1357879e-01   1.3943552e-02  -9.1740674e-03   1.3183992e-02   5.8948098e-02   6.9973953e-02   1.3196792e-02   5.9706419e-02   1.4554396e-01   9.6496609e-02   9.9077878e-02   1.0413882e-01   4.3397889e-02   8.7022078e-02   1.5066094e-01   2.8585067e-02   2.5279079e-02  -1.0457752e-02   1.6098964e-02   6.9156457e-02   1.0629065e-01   4.8815089e-02  -6.1757341e-02   1.0809716e-02   6.4929123e-02   3.6911627e-02   1.2666766e-01   1.0824773e-01   9.4912127e-02   2.6376645e-01   3.6332470e-02   4.7941382e-04   2.2529540e-02  -3.9944673e-02  -6.8841272e-02   8.5928707e-02   5.0673965e-02  -7.6864984e-03   2.8190242e-02  -1.5083378e-02   2.0740402e-02   6.0966658e-03   1.4850801e-01   3.7324377e-02   6.4927194e-02  -1.3684079e-02   1.4283929e-03   0.0000000e+00  -1.1415837e-01  -7.3865852e-03   7.4090256e-02   1.0732065e-01  -5.7848724e-02   1.5640391e-02   1.3912051e-01   1.1909392e-01  -7.9631430e-02   2.6657895e-02   3.0508446e-03  -2.1935246e-02   3.5640045e-02   1.3071444e-01  -9.9708413e-02  -1.9001999e-02   1.3327184e-01  -4.5543364e-02   6.5716224e-02   4.6696949e-02   2.8981716e-03  -2.6031993e-02   9.5549231e-02   3.0921408e-03   4.5853556e-02   5.1500869e-02   4.5394209e-02  -6.0737953e-02  -7.5101554e-02   2.6644879e-01   1.5507649e-01   1.0312917e-01   4.4523304e-02   1.2117279e-01   4.2493230e-02   7.7468083e-02   1.3654401e-02   0.0000000e+00   8.1395214e-02   0.0000000e+00   1.8719161e-01  -3.9021776e-02  -3.8814362e-02
   1.5118223e-01   0.0000000e+00   0.0000000e+00   1.1759567e-01   1.7064459e-01   8.7761377e-02   1.1071640e-01   1.3213359e-01   6.9429891e-02   9.2476200e-02   1.9117283e-01   7.0563245e-02   1.2502505e-01   5.8698036e-02   0.0000000e+00   3.1718559e-01   1.5258389e-01   1.3899085e-01   1.3395767e-01   2.3984461e-01   1.5691540e-01  -5.8161893e-02   1.0231705e-01   9.0303569e-03  -9.8520069e-03   7.4990945e-02   1.1456432e-01   1.5365169e-01   3.4752439e-01   3.2090706e-01   1.6706497e-01   1.8632094e-01   2.2618672e-01   3.3580628e-01   2.8034294e-01   3.6629629e-01   2.8701993e-01   1.9769187e-01   1.8972373e-01   2.5303413e-01   2.2978913e-01   2.8411024e-01   2.6452998e-01   2.6029941e-01   1.5265874e-02   3.4921147e-01   1.7509146e-01   3.8656290e-01   1.7479338e-01   2.8892633e-02   7.7735944e-02   1.9016184e-01   2.1478448e-01   1.4320358e-01   2.0872150e-01   3.8119993e-01   1.3865329e-01   3.7951207e-02   2.1156700e-01   3.9237870e-02  -9.9999243e-02  -7.5779271e-02  -1.5180529e-01   1.5070791e-01   1.4050356e-01  -7.9341136e-04   1.9620247e-01  -3.9190491e-02   9.1494942e-02   1.4254165e-01   2.9289677e-02   2.0155270e-02  -6.9009103e-02  -1.6338340e-01   0.0000000e+00   4.4665658e-02   1.1022876e-02   8.8964092e-02   7.0418455e-02   7.6216297e-03   6.0549037e-02   3.1084900e-02   2.6149795e-02   7.3139985e-02   1.5118590e-01   5.4330423e-02   2.0916333e-01  -1.3632710e-02   1.8353268e-01  -1.7898782e-02   1.3079572e-01   1.4801987e-01  -6.3606362e-02   1.2154404e-01   1.2642193e-01   3.9883626e-02   7.4816736e-02   6.2687427e-02   9.0200356e-02   1.8638994e-02   8.1414747e-02   7.3020610e-02   3.2332936e-02  -3.4711333e-02   8.1939061e-02   1.2643777e-01   8.0133745e-02   4.5853297e-02   1.2326008e-02   1.3049458e-01   4.5217193e-01   2.2366956e-01   0.0000000e+00   2.7960362e-01   0.0000000e+00   5.6439393e-02  -1.4867059e-02   1.0949676e-02
   1.5904094e-01   0.0000000e+00   0.0000000e+00   3.7430662e-02   7.5820336e-02   4.2206778e-02   2.1299510e-01   1.6545498e-01  -7.7999586e-03   3.7977749e-02   2.5535643e-01  -3.0683780e-02   1.9139933e-01   8.0333073e-02   3.1718559e-01   0.0000000e+00   6.1213527e-02   6.1490200e-02   8.8724799e-02   1.5585243e-01   9.8023628e-02  -3.7734099e-02   2.3339029e-02   1.5132499e-02   8.6530340e-03   3.5958945e-02   7.2795785e-02   1.9184431e-01   1.6934522e-01   1.8570152e-01   1.7715233e-01   1.3999220e-01   1.7887847e-01   1.7185177e-01   1.7781290e-01   4.1994357e-01   2.3202184e-01   1.6273565e-01   2.2193643e-01   2.0404003e-01   2.3885583e-01   2.3301959e-01   7.1970043e-02   1.3013535e-01  -1.4420194e-02   2.7643542e-01   1.5222812e-01   3.7556586e-01   1.9552708e-01  -1.1248430e-04   7.2590842e-02   2.8936859e-01   2.8203421e-01   1.8920416e-01   5.2120570e-01   4.0869319e-01   1.1196722e-01   1.0784960e-02   1.3139057e-02  -6.0438962e-02  -1.2590913e-01  -1.9781747e-02  -4.4582958e-02   1.5670435e-01   1.1158846e-01   1.9440900e-01   6.6428910e-02   2.6563594e-02   1.0964539e-01   1.1512362e-01  -3.3769985e-02   1.2733981e-02   1.5807632e-01   4.5085452e-02   0.0000000e+00  -8.8166038e-02   1.5608539e-02   1.1437969e-01   6.1504841e-02   1.3530680e-02   3.2658714e-02   7.4618608e-02  -6.0625865e-02  -4.1456719e-02   4.0703605e-02   1.6841043e-01   6.9317607e-02  -6.5785687e-02   1.9882712e-01  -1.2665474e-01   6.3981183e-02   1.2956408e-01   1.0595440e-02   2.5487365e-01   1.8133598e-01   1.7354613e-01   1.6869717e-01   1.2190352e-01   5.8749242e-03  -4.5772049e-02   9.3528703e-02   1.9181829e-01  -7.7542008e-02  -8.9875903e-02   6.6604786e-02   1.4764167e-01   1.0637295e-01   6.8984622e-02   1.0837335e-01   1.1487135e-01   2.1774125e-01   1.5234305e-01   0.0000000e+00   2.2885683e-01   0.0000000e+00   8.7080880e-02  -2.8099222e-02  -5.5555921e-02
   1.8870256e-01   0.0000000e+00   0.0000000e+00   9.9637916e-02   3.1260044e-01   1.6218908e-01   1.5557004e-01   2.5775460e-02  -7.4518286e-02   1.3991287e-02   1.9386719e-01   5.3211135e-02   4.2375966e-02  -6.2083187e-02   1.5258389e-01   6.1213527e-02   0.0000000e+00   4.1416074e-01   8.9735877e-02   4.1880345e-01   1.7237290e-01  -2.1766227e-03  -3.3088121e-03   6.7910692e-02   9.3781033e-02   1.9904733e-01   1.4914568e-01   1.8002000e-01   2.4690425e-01   2.9457231e-01   2.9368788e-01   2.5826540e-01   3.4482765e-01   2.5901010e-01   3.3932070e-01   2.8748457e-01   2.8753763e-01   3.0762553e-01   1.6643972e-01   3.1648660e-01   1.4850147e-01   1.9531749e-01   1.5679509e-01   2.1336440e-01   2.5899964e-01   1.5589673e-01   2.4986675e-01   2.6870636e-01  -2.3655825e-02   2.1350244e-01   3.4741330e-01   1.9460598e-01   1.6305500e-01   5.5692009e-02   8.6405251e-02   1.7909231e-01   1.7753483e-01  -1.9645566e-02   1.5071823e-01   9.4778571e-02  -4.9469084e-02  -7.0322821e-02  -1.9581190e-01   2.0123878e-01   1.0949795e-02   1.0377929e-01   7.9703283e-02   1.1844116e-02  -6.9804696e-02   1.6390283e-01   1.7525514e-01  -1.3280834e-01   4.1234471e-02   6.8545442e-02   0.0000000e+00  -4.2496181e-03   6.5753657e-03   2.9596150e-02   1.2054869e-01   2.9208565e-02   1.3521439e-01   1.0327545e-01  -5.3438105e-03   2.2206363e-01   2.1164461e-01   2.0904862e-01   1.5557846e-01   2.5017160e-02   1.8201885e-01   2.0379336e-02   9.1837035e-02   1.4227987e-01   2.4127856e-02   1.0232440e-01   8.8370911e-02   5.6454852e-02   1.4649032e-01   1.2979642e-01   1.0407075e-01   6.4906867e-02   9.3872174e-02   2.1086250e-01   1.5040880e-01   5.7105291e-02   1.1273566e-02  -1.0252644e-01   5.4057286e-03  -4.8483368e-02  -1.0257515e-02   8.6438092e-02   1.0329515e-01   2.6051361e-02   0.0000000e+00   1.1641286e-01   0.0000000e+00  -3.9913033e-03  -6.0657965e-02  -8.5814775e-02
  -5.7278116e-03   0.0000000e+00   0.0000000e+00   1.5188014e-01   3.2624548e-01   2.1635206e-01   2.8326429e-01   7.2795389e-02  -4.0790464e-04   2.4918224e-02   2.0798835e-01   8.8957577e-02   7.4675500e-02  -8.8808547e-02   1.3899085e-01   6.1490200e-02   4.1416074e-01   0.0000000e+00   9.1059747e-02   5.3457912e-01   2.5041547e-01   6.7973112e-02   1.6190628e-01   8.6327955e-02   9.6079059e-02   8.3908719e-02   1.1156489e-01   1.4748050e-01   3.3704142e-01   4.7758786e-01   3.0834673e-01   5.3496552e-02   2.7077505e-01   2.6833829e-01   1.9919101e-01   6.9338345e-02   1.0748360e-01   1.3902067e-01   6.7803537e-02   3.5221997e-01   1.2759926e-01   1.7059558e-01   3.8667417e-01   1.6722870e-01   7.3918279e-02   1.9830769e-01   1.0413762e-01   2.4503022e-01   1.9611773e-01   4.3121784e-01   5.0809696e-02  -1.6658725e-02   1.0916690e-01   4.4259144e-02   1.8716645e-01   2.3395615e-01   3.1452087e-02   1.2013962e-01   1.4867427e-01   1.7738854e-01  -5.7236909e-02  -8.7171498e-02  -3.4376741e-01   1.9131064e-01   7.2427153e-02   1.5723512e-01   1.8232128e-01   1.4278961e-01   2.5191905e-01   1.9889035e-01   3.2040520e-01  -7.2460724e-02  -7.0306260e-02   1.2918642e-01   0.0000000e+00   3.0692056e-01   3.4313544e-01   7.4953902e-02   2.1772314e-01   9.9776502e-02   4.9808053e-02   4.6375576e-02   2.1356689e-01   4.6945000e-01   2.5699979e-01   3.0600272e-01   4.2039928e-01   1.8971858e-01   1.1747651e-01   3.2562072e-01   3.7809202e-01   4.8447708e-02  -3.6883032e-02   7.4420201e-04   1.0026950e-01   2.5570088e-02   1.0765013e-01   7.8773559e-02   1.5609397e-01   1.6489259e-01   6.6821098e-02   1.8880662e-02   2.3986753e-01  -4.1627284e-02  -6.7102227e-02   3.1075075e-02   9.2321542e-03  -3.5457655e-02   1.3130094e-02   2.6150086e-02   1.7712024e-01   1.4562025e-01   0.0000000e+00   1.3709255e-01   0.0000000e+00   8.7216795e-02   7.7778290e-02   1.3078716e-01
   3.0128139e-01   0.0000000e+00   0.0000000e+00  -2.2605206e-01   2.0587242e-01   1.4245923e-01   7.5656542e-02   1.7992856e-01  -9.0573103e-02   1.4774773e-01   3.2854374e-01   1.9730121e-02   4.0609852e-02   7.2811014e-02   1.3395767e-01   8.8724799e-02   8.9735877e-02   9.1059747e-02   0.0000000e+00   6.9740582e-02   1.4037627e-01   3.1246577e-02   4.4448613e-03  -1.0390705e-01   1.8419857e-02   3.3625963e-02   5.8047836e-02  -8.6013338e-02   8.0969353e-02   2.6155102e-02  -3.5633626e-02   1.8451902e-01   2.0742203e-01   2.0012255e-01   2.1406146e-01   2.4543411e-01   2.3724893e-01   1.3115814e-01   8.4926433e-02   4.3334721e-02  -6.2338945e-02   1.7460450e-01   1.8350147e-01   1.1835591e-01  -1.5338645e-02   1.3976638e-01   2.2787803e-01   1.7338421e-01   1.5734081e-02   8.6126672e-03  -1.6919752e-02   2.2183700e-01   1.4200779e-01   2.8888257e-01   5.3601283e-02   7.2849030e-02   1.0662574e-01   1.0147565e-01   7.1923046e-01   1.9764932e-02  -5.0315949e-02   1.9903766e-03  -3.3666752e-02   7.9382492e-02  -1.7321645e-02  -5.2338402e-02   5.9233851e-02   7.0197596e-03   5.4811494e-02   1.0422841e-01   1.7390108e-02   4.4811496e-03   1.4648463e-01  -1.0349017e-01   0.0000000e+00   4.0758835e-02   2.1077478e-02   8.6960362e-02   7.2269340e-02   4.7372893e-03   2.9911131e-02   7.3470403e-02   3.0138197e-02  -1.1952215e-03   1.8232237e-01   1.8334742e-01   1.2449466e-01   3.5999480e-03   9.1064624e-02  -2.1100253e-03   3.0568139e-02   1.2774997e-01  -8.4674131e-02   2.0783483e-01   1.5573080e-01   3.6834965e-03   8.1310721e-02  -1.6531236e-03   1.8615100e-01  -3.2926389e-02   6.6470803e-02  -7.2048686e-02  -1.6137008e-02   5.7787974e-02   1.3821200e-01   2.0026890e-01   7.6376654e-02   6.4765582e-02   1.0016719e-01   1.9096849e-01   7.8238017e-02   1.3050265e-01   0.0000000e+00   3.0480627e-01   0.0000000e+00  -6.4113172e-02  -6.3905292e-02  -7.0763057e-02
  -7.3115712e-02   0.0000000e+00   0.0000000e+00   1.4223834e-01   2.2973999e-01   9.0262814e-02   1.2076403e-01   1.9669550e-02  -1.9201080e-01   1.2521608e-01   2.1542479e-01   4.5424932e-02   3.8015866e-01   7.3915430e-03   2.3984461e-01   1.5585243e-01   4.1880345e-01   5.3457912e-01   6.9740582e-02   0.0000000e+00   5.0764641e-01   2.7882057e-01   2.8005956e-01   1.4358238e-01   3.9824626e-01   2.7840192e-01   2.2665254e-01   2.0036045e-01   4.9412395e-01   4.8173565e-01   5.3297953e-01   7.8281821e-02   4.1118318e-01   4.2872147e-01   3.4814729e-01   2.2493501e-01   1.4350949e-01   1.7070716e-01   4.6263771e-02   4.1193000e-01   1.0908223e-01   2.2194639e-01   1.9483314e-01   1.4308936e-01   5.6736032e-02   2.6180747e-01   1.3981934e-01   4.1486300e-01   3.6386180e-01   3.7735129e-01   1.7598553e-01   1.1541867e-02   1.1116102e-01   1.0656858e-01   2.8420577e-01   4.1193038e-01   2.0120026e-01   3.9403771e-02   1.1328017e-01   2.6112853e-01   4.9594794e-02  -3.0732648e-02  -2.2400617e-01   1.5567069e-01   7.0894975e-03   9.3288196e-02   3.3587067e-02   1.6639705e-02   6.2021714e-02   2.6625792e-01   2.2717665e-01  -3.4521157e-02  -9.7312620e-02  -1.0906365e-02   0.0000000e+00   2.5201539e-02   1.6140855e-02  -3.7586833e-02   1.1917091e-01   5.0305987e-02   6.0365449e-02   5.1126989e-02   1.8896520e-01   3.8495871e-01   1.3216877e-01   1.1619921e-01   3.6486405e-01   7.5458644e-02   1.0149755e-01   2.6618156e-02   1.2894231e-01   6.0043023e-02  -5.1071001e-02  -3.5405105e-02  -2.4700302e-02   5.4742478e-02  -2.3550028e-02   7.4430324e-03  -5.3254387e-02   8.2901217e-02  -4.3908630e-02   2.7032853e-02   3.7003372e-03   2.4091356e-02  -2.7099737e-02   2.4383895e-02  -6.6098138e-02   7.3611394e-04  -1.0031994e-02  -3.5736569e-02   2.4922867e-01   5.8948608e-02   0.0000000e+00   9.3337991e-02   0.0000000e+00  -2.5184631e-02  -9.5101951e-02   8.2626232e-02
  -4.4065063e-02   0.0000000e+00   0.0000000e+00  -4.9604725e-02   7.8818901e-02  -7.9370639e-02   8.8640102e-02  -1.0508704e-02  -1.6909754e-01   4.4128582e-02   1.4892103e-01   2.8399626e-03   1.6407041e-01   2.8129916e-01   1.5691540e-01   9.8023628e-02   1.7237290e-01   2.5041547e-01   1.4037627e-01   5.0764641e-01   0.0000000e+00   2.9429552e-01   1.9686942e-01   6.8653954e-02   3.9722065e-01   1.1764022e-01   3.3284053e-02   1.1483219e-01   3.0715360e-01   2.9179254e-01   3.0203414e-01   8.2631119e-02   2.4702185e-01   3.4665789e-01   2.7242169e-01   1.3759581e-01   3.4779943e-02   1.0063065e-01   3.3697761e-02   2.6717250e-01  -2.2893767e-03   1.5880132e-01   7.5072607e-02   2.4606154e-02  -4.2287123e-02   1.3268258e-01   1.0195024e-01   2.7694820e-01   2.6217802e-01   1.7539140e-01   1.0137419e-01   3.3890529e-02   3.9791136e-02   7.4923928e-02   1.6500379e-01   2.6458780e-01   1.9230146e-01   8.6860876e-02   1.1061364e-01   2.5398549e-01   2.2168263e-02  -2.8771884e-02  -7.8368731e-02   1.8243403e-01  -2.5635600e-02   5.1643885e-02  -2.7175764e-02  -4.9956380e-02   2.4012662e-02   3.8386463e-02   5.1168994e-02   9.5046787e-03  -3.9153856e-02   9.7061321e-03   0.0000000e+00  -8.9609448e-03  -4.4406784e-02  -1.1468220e-01  -7.2517664e-02   8.1901558e-02  -6.1582677e-02  -7.6984553e-02   6.2119140e-02   8.8558450e-02   1.5250089e-02  -1.7514691e-02   1.7876583e-01  -3.9403730e-02  -3.8262626e-02  -1.3346163e-02   2.1583367e-04  -6.4979066e-02  -8.3952187e-02  -2.1523780e-02  -6.2703703e-02   5.0474066e-02  -1.1841027e-01   4.0161988e-02  -5.5905752e-02   4.0633956e-02  -4.4020662e-02  -8.2010365e-03  -1.2203364e-01   6.1724156e-02   1.4768592e-01   6.2688449e-02  -4.4861349e-02   1.5722318e-02   2.0192881e-03  -4.5014135e-02   1.4034706e-01  -6.9166872e-03   0.0000000e+00   4.3227347e-02   0.0000000e+00  -1.6992955e-02  -8.8942437e-02   8.7687386e-02
