   0.0000000e+00   0.0000000e+00   2.1927261e-01   7.6738697e-02   2.3114295e-01   2.3260481e-01   1.9853258e-01   2.0945974e-01   1.6673501e-01   1.1506634e-02   4.3044430e-01   1.0545391e-01  -4.8091770e-02   9.7456018e-02   9.9976108e-02  -4.4864030e-02   1.0357010e-01  -9.3834395e-03   1.6784300e-01  -4.3934093e-03  -1.2834352e-03  -2.9869973e-02   6.4440655e-02   5.9157505e-02   7.2538529e-02   1.5645754e-01   7.7480512e-02   1.0358244e-01  -1.0959536e-01   5.1907045e-02   1.4105312e-01   2.1054949e-01   1.7362716e-02   1.4075905e-02   1.3083386e-02   9.0511898e-02  -1.9220582e-01   2.4681557e-01   1.4687712e-01   3.1182419e-01   3.8273308e-01   1.4060652e-01   2.7098789e-01   1.3575438e-01   1.5748556e-01   7.7575449e-02   5.5130952e-02   1.8982489e-01   8.3525570e-02   2.1369330e-01   5.4911308e-02  -1.1899144e-01   1.8382645e-01   2.0076319e-01   1.5084648e-01   1.4699345e-03  -1.3719802e-02   8.5753773e-02   9.7752008e-02   8.6635788e-02  -4.3390969e-02   2.3617123e-02   9.3417764e-02   2.2935918e-01  -6.7231364e-02   1.4861799e-01   1.1698034e-01   3.4041358e-01   2.9086756e-01   1.4020189e-01  -3.0511390e-02   1.4870621e-01   7.0875099e-01   2.7454762e-01   1.9638652e-01   3.3004534e-01   2.1341325e-01   2.4685137e-01   1.9037004e-01   1.5847566e-01   1.0785554e-01   1.3478076e-01   1.5305159e-01   7.5439962e-02   5.8684528e-02   2.1463383e-01   2.8373705e-01   1.6126909e-01   2.4587147e-01   4.3529824e-01   1.9804546e-01   1.7354499e-02   1.6363902e-01   1.0979510e-02   3.7579868e-01   1.7293925e-01   1.8215972e-01   2.5409322e-01   2.1858912e-01   2.9597189e-01   7.4013616e-02   1.7558257e-01   8.3796298e-02   1.1429147e-01  -1.5931041e-02   1.5973315e-01   5.6053966e-02   3.6091603e-02   9.7934336e-02   1.9480809e-01   8.8460993e-02   1.6617131e-01   1.1377134e-01   6.2941154e-02   0.0000000e+00   2.4676658e-01   1.3247756e-01   2.1575188e-01
   0.0000000e+00   0.0000000e+00   0.0000000e+00   0.0000000e+00   0.0000000e+00   0.0000000e+00   0.0000000e+00   0.0000000e+00   0.0000000e+00   0.0000000e+00   0.0000000e+00   0.0000000e+00   0.0000000e+00   0.0000000e+00   0.0000000e+00   0.0000000e+00   0.0000000e+00   0.0000000e+00   0.0000000e+00   0.0000000e+00   0.0000000e+00   0.0000000e+00   0.0000000e+00   0.0000000e+00   0.0000000e+00   0.0000000e+00   0.0000000e+00   0.0000000e+00   0.0000000e+00   0.0000000e+00   0.0000000e+00   0.0000000e+00   0.0000000e+00   0.0000000e+00   0.0000000e+00   0.0000000e+00   0.0000000e+00   0.0000000e+00   0.0000000e+00   0.0000000e+00   0.0000000e+00   0.0000000e+00   0.0000000e+00   0.0000000e+00   0.0000000e+00   0.0000000e+00   0.0000000e+00   0.0000000e+00   0.0000000e+00   0.0000000e+00   0.0000000e+00   0.0000000e+00   0.0000000e+00   0.0000000e+00   0.0000000e+00   0.0000000e+00   0.0000000e+00   0.0000000e+00   0.0000000e+00   0.0000000e+00   0.0000000e+00   0.0000000e+00   0.0000000e+00   0.0000000e+00   0.0000000e+00   0.0000000e+00   0.0000000e+00   0.0000000e+00   0.0000000e+00   0.0000000e+00   0.0000000e+00   0.0000000e+00   0.0000000e+00   0.0000000e+00   0.0000000e+00   0.0000000e+00   0.0000000e+00   0.0000000e+00   0.0000000e+00   0.0000000e+00   0.0000000e+00   0.0000000e+00   0.0000000e+00   0.0000000e+00   0.0000000e+00   0.0000000e+00   0.0000000e+00   0.0000000e+00   0.0000000e+00   0.0000000e+00   0.0000000e+00   0.0000000e+00   0.0000000e+00   0.0000000e+00   0.0000000e+00   0.0000000e+00   0.0000000e+00   0.0000000e+00   0.0000000e+00   0.0000000e+00   0.0000000e+00   0.0000000e+00   0.0000000e+00   0.0000000e+00   0.0000000e+00   0.0000000e+00   0.0000000e+00   0.0000000e+00   0.0000000e+00   0.0000000e+00   0.0000000e+00   0.0000000e+00   0.0000000e+00   0.0000000e+00   0.0000000e+00   0.0000000e+00   0.0000000e+00   0.0000000e+00
   2.1927261e-01   0.0000000e+00   0.0000000e+00  -1.8281200e-02   1.1772147e-01   1.1724779e-01  -1.2373965e-01  -1.3972842e-02  -6.0970942e-02  -6.6382432e-02   2.6172284e-01  -8.8256854e-02   6.1457631e-02   1.4413736e-02   3.0669910e-01   1.3361171e-01   1.2377486e-01   7.3769632e-02  -7.6207538e-03   1.2473464e-01   1.2770939e-01   1.3198172e-03   1.2534640e-01   8.0931938e-02   7.7941083e-02   1.2050517e-01   1.5484161e-01   6.2109930e-02  -3.1274003e-02   1.4178618e-01   1.7139835e-01   1.0131377e-01   9.0178508e-02   1.8762686e-01   1.6295098e-01   2.8309801e-01   1.1912542e-01   1.2574862e-01   1.0240345e-01   5.6899191e-02   1.6773228e-02   1.3036202e-01   1.6413102e-02  -3.6729287e-02   4.2331223e-01  -5.4946512e-03   5.0938378e-04   9.9028641e-02   1.4710058e-01   1.9252902e-01   1.4756486e-01  -1.9321542e-02   5.8751750e-02   2.4623747e-02   2.9406529e-01   1.6267637e-01   2.1734437e-02   9.1048315e-03   6.9717156e-02  -3.2688429e-03  -5.7280397e-02  -6.6774890e-02  -1.3693071e-01   1.9810315e-01   7.2316938e-02   7.7982426e-02   6.9115851e-02   9.5475461e-02   1.1661222e-01   4.4452161e-02  -2.3469099e-01  -1.1988820e-01  -4.9500332e-02   5.0216784e-03   4.6431114e-02   1.5502293e-01  -4.2212267e-02  -1.1552003e-01  -2.7507950e-02   2.8644262e-02  -2.1087675e-02   5.5910424e-02   6.5820728e-02   9.4013223e-02   4.1015487e-02   5.7697162e-02   2.4186321e-01  -5.7806503e-02   1.1711565e-01   1.7321264e-01   5.6700705e-02  -2.7400961e-02   5.9636303e-02   1.0972144e-01   6.9658730e-02   1.5262704e-01   3.9922124e-02  -6.6939878e-02  -1.3079971e-01  -5.0546781e-02  -2.1035835e-01  -1.2383999e-01  -3.6094787e-01  -5.7524990e-02  -3.8376830e-02  -4.1662527e-03   2.9043005e-02  -5.5761972e-02  -7.2029895e-02  -2.9221253e-02   7.5812603e-02   1.6746921e-01   1.1970032e-01   1.3210416e-01   0.0000000e+00  -6.3340152e-02  -3.6692183e-02   7.1939059e-02
   7.6738697e-02   0.0000000e+00  -1.8281200e-02   0.0000000e+00   1.7752029e-01   2.1320533e-01   1.6941359e-01   3.3064805e-02   1.6764291e-01   1.1495153e-01   3.1290742e-01   8.9339893e-02   1.4704572e-01   1.1565791e-01   1.0432233e-01   1.0995189e-01   1.8947311e-01   1.5188253e-01   2.7514604e-01   2.8263056e-01   1.7557589e-01   1.0702756e-02   2.3667586e-01   1.3174541e-01   1.6422982e-01   1.0664146e-01   9.5514565e-02   1.1547877e-02  -2.0810726e-02  -1.5509783e-03   7.1056859e-02   2.9486473e-03  -7.9968681e-03   9.0028212e-02   1.0625442e-01   1.0733513e-02   5.3018767e-02   5.2892321e-02  -1.3123293e-02   2.5216385e-01   1.4552278e-01   8.7710426e-02   8.8604634e-02   2.7119980e-02   9.4098209e-02  -8.7912303e-02   1.7399731e-01   2.3696642e-01   2.4979395e-01   1.2672045e-01   1.3011730e-01  -3.6206755e-02  -3.1538440e-02   1.7834506e-01   1.5870700e-01   2.3984412e-01   6.6803535e-02   7.6130430e-03   1.6843993e-01   1.3326883e-01  -2.7599267e-02   2.9889668e-02  -2.6963001e-02   2.0933696e-01  -1.5365907e-02   9.2019718e-02   7.4577471e-02   3.6696139e-02   4.3349125e-02  -2.2119250e-02  -2.8211280e-02   8.6286030e-02   7.6738191e-02   1.4955750e-01   1.7420258e-02   2.1043934e-01  -1.1194378e-01  -8.0144971e-02   3.6773074e-02   2.5576220e-02  -1.1830853e-02   3.3058734e-02   7.1585210e-02   1.7887861e-02   2.2854436e-02   4.3969452e-02   1.1806074e-01   3.2146950e-02   2.3631889e-02   2.3215567e-01   9.3493613e-03   3.6173127e-02  -3.7717021e-02  -9.6364664e-03   9.7246568e-02   6.8023528e-02  -1.5481282e-02   4.3972426e-02   8.5974482e-02   1.3606085e-01  -6.7018675e-02   1.7049107e-02  -6.1609733e-02   1.0611789e-01  -1.7599747e-02   9.2582112e-02   1.3153446e-01   3.0923950e-02   1.1180806e-01   7.9293620e-02   9.0454332e-02   1.9574088e-01   1.9111820e-01   1.4854481e-01   0.0000000e+00  -2.4139274e-03   5.4673738e-02   7.2647181e-02
   2.3114295e-01   0.0000000e+00   1.1772147e-01   1.7752029e-01   0.0000000e+00   5.7932018e-01  -4.7542525e-02  -3.7586087e-02   9.5182745e-03  -5.0245305e-02   2.1884208e-01   4.1265758e-02   5.8746635e-02   2.9829004e-01   1.1180822e-01   6.7222854e-03   3.4846290e-01   3.0563973e-01   3.6446887e-02   2.8530669e-01   1.0967717e-01   2.0184007e-01   5.7239746e-02   1.5147787e-01   2.3152319e-01   3.4396737e-01   6.7583055e-01   5.5079286e-01  -3.6668261e-02   8.7753195e-02   4.0054563e-01   4.6196102e-01   3.0704017e-01   2.9456891e-01   1.0100486e-01   2.8162345e-01  -7.7910456e-02   2.5235204e-02   9.1727979e-02   1.5483703e-01   1.3884005e-01   1.0823351e-01   4.0164878e-01   6.9317776e-02  -3.4581091e-02   1.0552205e-01   5.6165995e-01   1.4550703e-01   3.8495891e-01   7.3296747e-01   2.5994825e-01  -9.5148979e-02   2.9901676e-01   2.3029700e-01   2.2479562e-01  -3.3062571e-02   3.3016692e-01   8.1104766e-02   3.9893226e-03   6.9148642e-02   8.4759818e-02  -4.0950785e-02   6.4428044e-02   1.5784569e-01  -4.4020142e-03   2.3424380e-01   1.2281402e-01   2.7148450e-01   1.7610895e-01   3.2681312e-01  -4.8636472e-02  -3.7028917e-02   1.5822397e-01   1.8132674e-01   2.4418892e-01   1.9059367e-01  -8.1745944e-02   1.8101925e-01   6.3028817e-01   1.1210310e-01   5.8324511e-01   5.4433703e-01   6.6668724e-01   3.9655506e-01   3.7361242e-01   4.5360308e-02   4.3961938e-01   3.4079629e-01   6.6496694e-01   3.8792939e-01   1.8365331e-01   4.1363939e-01   2.4302226e-01   2.6225402e-01   2.0406545e-01  -3.7965270e-02  -9.7638443e-02  -6.2381919e-02  -2.0347580e-04   9.4995705e-02  -1.7557854e-01   1.8285681e-01  -1.2908473e-01   1.1950298e-01   2.0068189e-01  -1.1312298e-01   1.1265262e-01   6.1272795e-02   5.9131272e-02  -9.1230018e-02  -6.1837154e-05   1.6982073e-01   1.4442624e-01   3.1901033e-01   0.0000000e+00   1.4980951e-01   3.6913673e-02   2.0039912e-01
   2.3260481e-01   0.0000000e+00   1.1724779e-01   2.1320533e-01   5.7932018e-01   0.0000000e+00   4.8517441e-02   5.4138489e-02   9.3826085e-04   9.3373069e-03   3.1122324e-01   9.6210995e-02  -1.5784517e-02   1.6429587e-01   6.2757027e-02  -1.4300781e-01   1.7371614e-01   1.9494153e-01   1.9704804e-02   1.7601282e-01   3.2973762e-02   7.4235209e-02   5.5406890e-02   8.9855613e-02   1.7360290e-01   2.9369604e-01   4.5345431e-01   3.6610579e-01  -2.1467777e-01  -1.4858470e-02   4.3525785e-01   3.1574830e-01   1.3782489e-01   2.6139008e-01   2.2212994e-02   9.6161342e-02  -1.3305311e-01  -8.9687945e-02  -7.3844282e-02   9.6401986e-02   7.9381959e-02  -6.9174116e-02   2.8243709e-01   2.0598991e-03   6.3495460e-02  -8.7334524e-02   1.7200342e-01   1.0831401e-01   2.7967973e-01   5.4423611e-01   3.5922391e-01  -8.5388735e-02   2.7247306e-01   2.4696793e-01   9.9497664e-02  -6.6943971e-02   1.1994034e-01   7.3190113e-02  -5.6028657e-02  -3.8736953e-02   3.2443002e-02  -8.3620887e-02   5.9383415e-02   2.2861999e-01   3.4968628e-02   1.1086307e-01   2.1481759e-01   3.4828725e-01   3.4865537e-01   1.5166022e-01  -4.1569410e-02   8.9410656e-02   2.3242045e-01   2.8887699e-01   1.5473844e-01   3.2385355e-01  -1.1525405e-01   2.5819006e-02   3.2752327e-01   2.4548339e-01   2.8205345e-01   4.1246322e-01   5.3241024e-01   2.5261325e-01   1.6845677e-01   2.8059884e-03   4.1987284e-01   2.7036422e-01   3.9587522e-01   3.7556111e-01   3.1555932e-01   7.5217855e-02   2.5396993e-01   5.4703996e-02   7.9588938e-02  -6.3313326e-03  -1.2684056e-01  -4.6124787e-02   8.5453432e-02   9.7156436e-02  -1.3288633e-01   1.4995920e-01  -1.7297554e-01   3.5012024e-02  -1.2708617e-02  -1.7416925e-01   4.0407170e-02   1.7181852e-02   5.4557214e-02  -6.9961261e-02  -5.4453355e-02   1.6091169e-01   1.3707243e-01   1.1997947e-01   0.0000000e+00   8.4058386e-02   7.3508178e-02   3.7164484e-01
   1.9853258e-01   0.0000000e+00  -1.2373965e-01   1.6941359e-01  -4.7542525e-02   4.8517441e-02   0.0000000e+00   5.4481429e-02   2.0694902e-01   2.6810952e-01   3.2689624e-01   3.0193360e-01   1.1536422e-01   1.8184557e-01   7.2148800e-03   2.6215228e-01   1.5772207e-01   1.6897101e-01   5.6897011e-01   6.4720719e-02   1.3803801e-01   1.5598046e-01   1.7625493e-03   2.4475663e-03   7.6861099e-02   4.5703656e-02   2.3587206e-02   8.6063194e-02   2.7089971e-01  -1.3512664e-02  -2.1613117e-01   6.5693829e-02   3.8955851e-01   1.9450802e-02   8.3238461e-02   9.9682364e-02   2.4903528e-02   3.4631522e-01   2.9365731e-01   5.0339612e-01   5.1005017e-01   1.2702328e-01   3.5016571e-01   2.9404764e-01  -1.2855770e-01   2.2086231e-01   2.7026639e-01   1.7941462e-01   1.1726369e-02   3.8739549e-02   5.1802458e-03   2.8176989e-01   7.9881522e-02   3.0585638e-01   1.2703791e-01   1.2949050e-01   2.7646874e-01   1.6566826e-01   3.9688085e-01   1.8835386e-01   1.2345924e-01   2.0054316e-01   2.5970415e-01   2.7738672e-01  -4.1441675e-03   5.9608442e-01   2.2542043e-02   1.1404361e-01  -1.5598421e-02   2.1788571e-01   5.7009569e-02   1.3791505e-01   4.2027662e-01   5.3765782e-01  -5.5867899e-02   9.8917593e-02   2.6375179e-01   2.2872690e-01   2.0285903e-01   1.1653693e-01   1.7231718e-01   4.8118850e-02  -5.2583305e-02   6.3941451e-02   3.2082366e-01   2.8728643e-01  -2.8557740e-02   8.7214994e-02   1.7147139e-01   1.4171022e-01   8.7391515e-03   3.4169607e-01   2.3665365e-01   2.4703460e-01   3.2440718e-01   2.1450348e-01   1.8046014e-01   3.7664931e-01   3.6628595e-01   3.1388170e-01   3.6733881e-01   3.5185808e-01   3.2702895e-01   3.1032650e-01   3.3518994e-01   2.4944542e-01   1.6093407e-01   2.0497640e-01   3.2439401e-01   4.7282594e-01   1.8107272e-01  -3.0341037e-02   5.2883370e-02   6.0837300e-02   0.0000000e+00   1.8821574e-01   7.9643543e-02   1.0675211e-02
   2.0945974e-01   0.0000000e+00  -1.3972842e-02   3.3064805e-02  -3.7586087e-02   5.4138489e-02   5.4481429e-02   0.0000000e+00   1.8405965e-01  -1.6062786e-02   5.9895070e-02   4.9658858e-03  -6.7740022e-02  -7.5543564e-02   4.9635988e-03  -7.7618633e-02  -6.8986830e-02  -8.3124490e-03  -7.3653545e-02  -1.2564345e-01  -1.0597832e-01  -9.3217991e-02   3.1238351e-02  -6.1520367e-02  -8.7818674e-03   3.2168231e-03  -1.7471030e-01  -9.9037654e-02  -1.7739749e-01  -1.8266149e-01   3.1466785e-02  -5.8333248e-02  -1.1536266e-01  -1.3156810e-01  -9.3210343e-02  -4.1065163e-02  -9.6159172e-02  -8.0228999e-02  -8.4690269e-02  -1.8370186e-02  -2.9004564e-02  -7.0457189e-02   2.7803973e-02  -2.2575210e-03   1.9180352e-02  -1.2707287e-01  -1.8320972e-01   9.7254762e-02   2.0489515e-02  -8.6556710e-02   3.5859990e-02  -2.0734374e-01   6.1971226e-02  -5.9983744e-04  -6.6233107e-02  -2.4181263e-02  -1.5645927e-01   1.8163682e-01  -7.7130930e-02  -4.8808297e-02  -1.9769798e-02   3.7029611e-02  -2.7322416e-02   6.7697332e-02  -7.5624580e-02  -1.3043890e-01   9.5139549e-02   2.4865619e-01   4.4277110e-01  -9.6059122e-02  -1.0952594e-01   1.2985678e-01   8.4359820e-02   2.8163243e-02  -5.9322911e-03   2.3206040e-01   1.7533830e-01   4.7752658e-02   4.8990037e-02   1.8228247e-01  -1.0696941e-01   3.8688123e-02   1.1531180e-02  -1.1137011e-02  -1.3944456e-01  -6.7394557e-02   4.8934762e-02   1.5725412e-01   7.1439049e-02   1.1717675e-01   1.8806543e-01  -9.1344065e-02   6.2975672e-02  -5.8468170e-02  -1.8065306e-02   1.4966646e-01   5.2971439e-02   1.7191755e-01   1.9289117e-01   2.9397827e-02  -1.0988346e-02  -2.6603624e-02  -9.0378315e-02  -5.0058557e-02  -1.3576699e-01   3.1743333e-01   1.6205725e-02  -7.1732848e-02   3.7535300e-02   1.1645214e-01  -2.7314539e-02   1.3118406e-01   1.0647489e-01  -7.3441870e-02   0.0000000e+00   5.5473804e-01   5.0006870e-01   2.1319922e-01
   1.6673501e-01   0.0000000e+00  -6.0970942e-02   1.6764291e-01   9.5182745e-03   9.3826085e-04   2.0694902e-01   1.8405965e-01   0.0000000e+00   7.1462421e-02   1.5363647e-01   2.9992231e-02   4.3722560e-02  -1.2709167e-02   1.6284940e-01   2.0531782e-01   4.3436726e-02   3.9893525e-02   2.1060802e-01   1.9397492e-03  -1.8184519e-02  -1.1534206e-01   2.3863040e-02  -1.1369142e-02  -1.0325632e-02   8.6564646e-02  -2.9103565e-02   1.1060668e-01   5.7016307e-02   1.2138622e-01   1.2119898e-01  -6.9457531e-03   7.2026693e-02   3.8976904e-02   1.4306056e-01   1.3135554e-01   5.5530150e-02   3.1021708e-01   1.7356304e-01   2.3562397e-01   2.6011727e-01   1.9794305e-01   1.5675866e-01   3.0491706e-01   3.0748527e-02   1.3566383e-01  -7.5735197e-02   2.5084522e-01   2.2269902e-01   8.3408203e-02   9.3624612e-02   1.3693396e-01   1.5202429e-01   1.1901696e-01   1.4191976e-01   2.8788281e-01  -8.0960632e-03   3.9420430e-01   2.3409606e-01   1.6893581e-02  -1.7075018e-01  -1.2734837e-01   2.9847755e-02   1.3843122e-01   4.2663117e-01   2.0449322e-01   5.6215881e-01   1.2837754e-01   2.6710164e-01   8.5984201e-02   6.4938583e-02   1.4753452e-01   1.5476116e-01   1.4238799e-02   1.0126885e-01   2.5508384e-01   1.6473807e-01   1.0442568e-01   3.7666594e-02   7.3655799e-02   3.0828264e-03   2.7523452e-02  -2.5588749e-02  -7.3849287e-03   6.0349323e-02   2.7970810e-01   1.4346993e-01   5.5802055e-02   6.8853466e-02   2.3893799e-01   2.7822661e-01   1.4739365e-02   1.3291641e-01   6.4639396e-02   2.1899590e-01   2.8983124e-01   2.3167675e-01   3.9166768e-01   3.8321669e-01   3.4335838e-01   1.6153202e-01   7.6574800e-02   2.2158337e-01   1.3202101e-02   1.3425033e-01   1.8209590e-01   3.1547969e-01   4.0060227e-01   2.9884527e-01   3.7557243e-01   5.3663926e-01   1.2303117e-01   1.6111569e-01   4.8131588e-02   0.0000000e+00   1.4312094e-01   8.3314569e-02   9.1945061e-02
   1.1506634e-02   0.0000000e+00  -6.6382432e-02   1.1495153e-01  -5.0245305e-02   9.3373069e-03   2.6810952e-01  -1.6062786e-02   7.1462421e-02   0.0000000e+00   1.2346883e-01   6.4933722e-01   5.2873911e-02   5.5345228e-02   1.9190933e-02   1.3691127e-01   6.7150142e-02   1.5867993e-01   2.2733428e-01   6.2959826e-02   4.9627093e-02   6.3438551e-02  -6.5051259e-02  -7.0491004e-02   9.0490560e-02  -6.7643216e-02   3.6784539e-02   5.4257037e-02   1.0532496e-01   4.5684157e-02  -1.2792031e-01   7.9556001e-03   2.5830975e-01   1.0550083e-01   7.6612024e-02  -3.6264695e-02   1.5240505e-01   7.3937122e-03  -5.1644195e-02   6.3859908e-02   1.1381771e-01  -2.5088808e-02   6.7956768e-02   1.1196034e-02  -5.5588252e-02   5.8547081e-02   1.5671032e-01   6.1286500e-02   1.9755021e-02   5.0241153e-02  -9.7208246e-03   1.4234406e-01  -4.4033717e-02   1.0877835e-01   1.9667282e-01   1.2060251e-01   2.1585088e-01   2.3895496e-02   2.0807233e-01   8.5459210e-02  -1.0680955e-01   4.7984323e-04   1.9192939e-02   1.6103698e-01   2.0687037e-02   2.7768045e-01  -3.9760210e-02   7.8723651e-02  -2.7744766e-02   5.1839331e-02  -9.5433543e-03   8.6152467e-02   7.3197667e-02   1.0041289e-02  -3.4575277e-02   1.3266569e-02   4.7326350e-02   5.0897429e-02   4.9975717e-02  -7.0837793e-02   3.9875546e-02  -1.4065888e-03  -1.3032216e-01  -2.3139289e-02   1.9418189e-01  -7.0398179e-02  -8.2715872e-03  -2.3114979e-02   9.0508874e-02  -5.0637619e-03  -3.0890861e-02   1.8101106e-01   4.5757440e-03   1.9463071e-01   1.3175478e-01   1.8794237e-02  -3.1352644e-02   1.4468085e-02   2.4810981e-02   6.5109553e-02   4.2172950e-02  -3.0720835e-02   1.0389369e-01   8.1120620e-02   1.2710442e-01   4.5755670e-02   4.0106737e-02   6.2730786e-02   5.7315529e-02   2.9752968e-01   2.0296498e-01  -1.9242758e-02   1.2266367e-01   1.0827022e-01   0.0000000e+00   6.6628625e-02  -6.6135695e-03  -1.0358637e-01
   4.3044430e-01   0.0000000e+00   2.6172284e-01   3.1290742e-01   2.1884208e-01   3.1122324e-01   3.2689624e-01   5.9895070e-02   1.5363647e-01   1.2346883e-01   0.0000000e+00   1.1086530e-01   2.5478354e-01   1.2107838e-01   1.1516546e-01   1.8276274e-01   1.6451668e-01   1.7662637e-01   4.0315405e-01   2.5465869e-01   1.9686280e-01   7.2134797e-02   3.0467446e-01   2.5442360e-01   2.7991110e-01   2.3496103e-01   2.3972770e-01   2.7107856e-01  -6.5281594e-02   2.5046619e-02   2.2538148e-01   4.2635511e-01   1.9050625e-01   2.7145044e-01   3.8397742e-01   2.9760531e-01   1.0388548e-01   2.8541000e-01   1.7560079e-01   6.6479073e-01   4.2229266e-01   2.7848001e-01   3.2666740e-01   1.0569408e-01   2.4184425e-01   8.5767301e-02   1.1837515e-01   3.8286638e-01   4.3010089e-01   3.4611872e-01   3.0936837e-01  -3.7014253e-02   1.3827732e-01   3.6901150e-01   3.8198250e-01   2.7762228e-01   7.4328095e-02   1.9064985e-01   2.9996021e-01   1.1540064e-01  -2.4084852e-02  -6.0499429e-02  -2.1282959e-02   4.9965899e-01   1.3731524e-02   3.4639382e-01   2.2420453e-01   4.3086638e-01   2.7806173e-01   1.3772871e-01  -1.1389685e-01   1.5621761e-01   4.2277957e-01   4.0033105e-01   1.4035647e-01   5.0760974e-01  -5.5977360e-03  -8.5565763e-02   7.6516342e-02   1.2911526e-01   5.4119763e-02   9.2167175e-02   2.5422534e-01   1.3821779e-01   2.4398625e-01   2.2811181e-01   3.6829357e-01   9.2780306e-02   2.3376265e-01   5.9082176e-01   2.4114066e-01   1.2059890e-02   7.8315217e-02   1.0996352e-01   2.7281500e-01   1.7538232e-01   6.3032930e-02   1.7838491e-01   1.5728752e-01   3.1246253e-01  -5.0767101e-02   2.5523782e-01  -1.1933652e-01   5.3636973e-02   7.0907902e-02   3.0517716e-02   1.0422919e-01   6.5188293e-02   1.1876504e-01   2.8897950e-01   2.4621050e-01   1.6525533e-01   1.7234709e-01   1.5225926e-01   0.0000000e+00   3.2153063e-02   8.1818348e-02   2.3633276e-01
   1.0545391e-01   0.0000000e+00  -8.8256854e-02   8.9339893e-02   4.1265758e-02   9.6210995e-02   3.0193360e-01   4.9658858e-03   2.9992231e-02   6.4933722e-01   1.1086530e-01   0.0000000e+00   1.1353073e-01   1.4084899e-01   9.1559049e-03   5.4136499e-02   8.0540441e-02   1.4264211e-01   2.2960524e-01   5.4654137e-02   1.1010286e-01   1.0829811e-01   2.9678529e-03   3.9501910e-02   7.0370278e-02   3.4769212e-02   1.2966250e-01   1.4646151e-01   1.0859145e-01   4.2698972e-02  -3.0365176e-02   1.7495229e-01   2.5780892e-01   1.5589711e-01   8.1773125e-03  -8.5947133e-02  -3.1337223e-02   5.9782732e-02   3.8877232e-02   1.1380311e-01   2.3431015e-01  -2.5350524e-02   2.0987003e-01   2.3596734e-02  -1.0759431e-01   9.7201950e-02   1.5197561e-01   1.4903001e-01   6.2375682e-02   9.4749005e-02   5.3555585e-02  -1.0140832e-02   6.6804300e-02   1.3703076e-01   1.1781599e-01   1.2961189e-02   2.0423638e-01   1.9272748e-02   2.0391762e-01   1.8452751e-01   8.5681611e-02   1.5874348e-01   1.3212563e-01   1.5714243e-01  -5.8228357e-02   1.7496117e-01   6.8699833e-02   7.1431923e-02   6.1557812e-02   1.8453796e-01  -1.9077583e-03   1.3626936e-01   2.4939678e-01   1.1776646e-01   1.1818511e-02   1.7188200e-01   1.4766815e-01   7.3258149e-02   1.6246687e-01   1.3234078e-02   1.9152490e-01   1.1192368e-01   6.4783752e-02   1.1742633e-01   1.5617794e-01   1.1218163e-01   1.0587624e-01   1.5085690e-01   1.1962475e-01   1.7610791e-01   1.1031244e-01   1.6856468e-01   1.0851523e-01   1.8368450e-01   2.0426283e-01   5.5254559e-02   4.8160042e-02   6.1773785e-02   1.4240016e-01   1.7073960e-01   3.5477579e-02   8.3427335e-02   1.8143763e-01   2.2156163e-01   1.6436116e-01   1.2516441e-01   6.5319577e-02   1.0794101e-01   1.4769939e-01   1.6417141e-01   8.9442731e-02   1.4398040e-02   4.9198719e-02   4.8783063e-02   0.0000000e+00   1.4072557e-01   7.5147542e-02  -6.9292087e-03
  -4.8091770e-02   0.0000000e+00   6.1457631e-02   1.4704572e-01   5.8746635e-02  -1.5784517e-02   1.1536422e-01  -6.7740022e-02   4.3722560e-02   5.2873911e-02   2.5478354e-01   1.1353073e-01   0.0000000e+00   1.9330193e-01   2.3715402e-01   2.8262466e-01   2.7236270e-01   2.8616460e-01   2.6607506e-01   6.8561108e-01   6.2451213e-01   3.9087220e-01   2.8613167e-01   3.1179727e-01   4.1389221e-01   1.9411979e-01   3.6478296e-01   1.8195177e-01   3.8197915e-01   1.9318576e-01   6.2306228e-02   2.7820821e-01   2.9775040e-01   4.0553764e-01   4.5910374e-01   2.2741750e-01   1.2727221e-01   1.1698985e-01   1.4040251e-01   2.3278389e-01   1.3156151e-01   2.6723518e-01  -1.0168396e-03   8.3034054e-02   2.8502324e-02   6.4026463e-02   2.2144013e-01   4.3868603e-01   4.8958319e-01   2.8973905e-01   4.4295447e-01   1.7969578e-01  -1.1352926e-01   9.9286996e-02   3.0612013e-01   5.2905051e-01   4.3060600e-01   3.8949882e-01   2.9104406e-01   2.5686999e-01   2.2108438e-01   1.0744989e-01   6.5461193e-02   3.8408503e-01   1.3212820e-01   3.1613515e-01   1.3573856e-01  -1.5047690e-01  -1.0762956e-01   2.9460090e-01  -3.5344317e-02   3.9905171e-02  -7.1254792e-03   1.3643646e-01  -4.1159632e-02   1.8971058e-01  -6.6542700e-02  -1.3551488e-01   9.5191649e-03   5.9594801e-02   1.4623363e-01  -4.4582527e-02   5.2590591e-02   4.7633935e-01   3.5845788e-01   8.4743261e-02   1.4229841e-01   2.7282930e-02   1.0280143e-02   1.5878308e-01  -3.6964926e-02   2.4703155e-01  -1.3340286e-01   1.9605138e-01   5.4881346e-02   3.9299250e-02  -6.9438753e-03  -2.8370662e-02  -5.6495587e-02   1.3782321e-01  -1.5295436e-02   9.4529213e-03   3.7848704e-02   1.1158902e-01   4.2122157e-01   2.1749540e-01   6.7971725e-02   2.3568058e-01   1.8668242e-01   1.0931156e-01   2.8456027e-01   8.5366693e-02   6.1455251e-03   2.8670568e-01   0.0000000e+00  -6.3813566e-02   1.6697357e-01   3.9528393e-02
   9.7456018e-02   0.0000000e+00   1.4413736e-02   1.1565791e-01   2.9829004e-01   1.6429587e-01   1.8184557e-01  -7.5543564e-02  -1.2709167e-02   5.5345228e-02   1.2107838e-01   1.4084899e-01   1.9330193e-01   0.0000000e+00   4.1274687e-02   9.6842885e-02   3.6287170e-01   1.7309534e-01   2.1151700e-01   2.4598944e-01   2.8765469e-01   5.2530422e-01   1.7331980e-01   6.2119116e-02   3.4559455e-01   3.1138371e-01   4.1950638e-01   2.7607936e-01   1.4078730e-01   8.5459603e-02   6.1085991e-02   2.8101942e-01   1.1786501e-01   4.9241035e-03   4.4006028e-02   2.8442350e-01  -2.4398679e-02   2.1700104e-01   2.2601699e-01   3.6526095e-01   3.5685310e-01   1.5148500e-01   1.8656093e-01   2.5996398e-01  -7.4556080e-02   2.4251036e-01   5.0655242e-01   2.0947544e-01   9.2482035e-02   2.8236743e-01   3.0498408e-02   5.0072114e-02   1.6959753e-01   1.8033522e-01   9.7059553e-02  -4.8886110e-02   4.3157728e-01   6.2627627e-02   1.8036208e-01   3.2205100e-01   4.4843403e-01   7.0140184e-01   3.8099776e-01  -4.7878976e-02  -6.1156935e-02   2.6681822e-01  -4.3135351e-02   1.5754544e-01  -1.3106012e-01   4.1433601e-01   1.6173359e-01   1.0588909e-01   1.3037203e-01   1.0412537e-01   1.5346258e-01   5.6688413e-02   1.6330378e-01   3.6682288e-01   5.3798888e-01   1.4654365e-01   5.2208360e-01   4.4127570e-01   5.0412625e-01   3.0881893e-01   2.4823297e-01   1.8141684e-01  -4.7221947e-02   3.6301346e-01   1.6166863e-01   1.7719386e-01  -1.3280112e-01   5.0242074e-01   2.5366380e-01   2.7744998e-01   2.5885269e-01   1.4932317e-01   2.2495460e-01   2.0082908e-01   9.1536281e-02   7.0634059e-02   2.2181939e-01   4.4112850e-01   8.9261133e-02   3.5665796e-01   3.7817819e-01   2.3988600e-01   7.8027199e-02   1.1686200e-01   3.0761383e-01   1.0990275e-01  -1.5874875e-01   6.8873562e-02  -3.9403084e-02   1.7195794e-01   0.0000000e+00   3.1237042e-01   2.5455299e-01   1.2329400e-01
   9.9976108e-02   0.0000000e+00   3.0669910e-01   1.0432233e-01   1.1180822e-01   6.2757027e-02   7.2148800e-03   4.9635988e-03   1.6284940e-01   1.9190933e-02   1.1516546e-01   9.1559049e-03   2.3715402e-01   4.1274687e-02   0.0000000e+00   2.5185789e-01   1.8551950e-01   2.0654860e-01   1.7141482e-01   1.3636248e-01   1.3846864e-01   4.6047615e-02   1.1802115e-01   1.3601582e-01   7.8962621e-02   1.8207766e-01   1.3587624e-01   6.9326484e-02   5.5341343e-02   1.0476784e-01   1.5944243e-01   2.2912163e-02   1.2341000e-01   1.6553286e-01   1.5552415e-01   2.8836997e-01   6.1841888e-02   2.3721637e-01   1.8296089e-01   1.3204505e-01   1.5121638e-01   2.7873316e-01  -1.3345732e-02   2.5507544e-01   2.2615472e-01   1.9620250e-01   1.5483178e-01   2.4779835e-01   2.1170622e-01   1.6153664e-01   1.5497604e-01   1.0472156e-01   1.7764126e-01   6.7296461e-02   4.0319795e-01   3.5651552e-01   1.0795573e-01   1.8803582e-01   2.6219600e-01   1.5642205e-01  -6.8654085e-02  -5.7253485e-02   1.5370916e-02   2.9010548e-01   7.8938002e-02   2.1089901e-01   6.5763379e-02  -5.4692995e-02   8.5394351e-02   1.3676271e-01  -6.8712147e-02   2.1129353e-02  -7.2261491e-02   1.6796560e-02  -1.5415068e-02   1.2825985e-01   1.4824613e-01   6.8372505e-02   8.7142701e-02   4.1982517e-02   1.3781109e-01   7.7461846e-02   5.2441167e-02   1.1861867e-01   6.2369098e-02   1.5381676e-01   1.6493820e-01   6.7495955e-02   4.6663537e-02   1.1157253e-01   3.8993330e-02   7.5814791e-02   8.3085360e-02   2.1560196e-01   2.1045509e-01   2.1811293e-01   2.2168269e-01   1.9713218e-02  -8.1916285e-02  -2.1272160e-02   5.0101337e-02  -8.5981355e-02   5.5167055e-02   1.0145530e-01   1.6121326e-01   4.7794008e-02   1.4957443e-01   1.2357481e-01   1.1332413e-01   7.8685704e-02   2.4307665e-01   3.4248478e-01   3.9121859e-01   3.2998292e-01   0.0000000e+00  -4.1389084e-03   4.3112403e-02  -6.3247010e-02
  -4.4864030e-02   0.0000000e+00   1.3361171e-01   1.0995189e-01   6.7222854e-03  -1.4300781e-01   2.6215228e-01  -7.7618633e-02   2.0531782e-01   1.3691127e-01   1.8276274e-01   5.4136499e-02   2.8262466e-01   9.6842885e-02   2.5185789e-01   0.0000000e+00   1.8562207e-01   1.2950208e-01   3.8866845e-01   1.8765114e-01   1.8562775e-01   6.1582155e-02   6.8175715e-02   5.6730048e-02   9.4820664e-02  -3.7255259e-02   5.8383731e-02   6.2661701e-02   4.2774962e-01   2.4546837e-01  -1.4409298e-01   9.8318744e-02   2.6894780e-01   9.6139481e-02   2.6809821e-01   3.5313440e-01   3.4929345e-01   3.8350369e-01   3.5391112e-01   3.7630482e-01   3.1803712e-01   3.7436845e-01   3.3107544e-02   3.7054470e-01   8.5926147e-02   2.5114931e-01   1.9157661e-01   2.9244047e-01   1.8187544e-01   2.0723464e-02   3.5455531e-02   4.7690027e-01   1.0019892e-01   2.9058917e-01   5.8128590e-01   5.4822762e-01   3.0503862e-01   2.5636565e-01   3.9099102e-01   8.6885800e-02  -8.9848777e-02  -1.6967005e-02   1.8232225e-02   2.6499887e-01   2.9863332e-01   4.1042137e-01   1.6516233e-01  -1.1176071e-01  -5.7430728e-02   1.1328160e-01   7.5731012e-02   1.8151631e-02  -4.0009981e-02   1.6581851e-02  -4.7335618e-02   2.8559345e-02   1.1328575e-01   5.6108103e-02  -6.1916847e-02  -5.1880213e-02   2.4809998e-02  -4.3962924e-02  -1.5578552e-01  -4.2514113e-03   1.9151464e-01   3.1122334e-01  -3.3905479e-02  -1.1082881e-01  -3.2843781e-02   5.4927255e-02  -1.0518413e-01   1.8990083e-01   5.3094247e-02   3.0459375e-01   1.9202051e-01   1.6571022e-01   2.1651686e-01   2.4421776e-01   1.4061336e-01   1.8413967e-01   2.0356365e-01   9.7926695e-02   1.9423818e-01   1.4264677e-01   4.8647031e-01   1.8186391e-01   2.8300561e-01   4.7302646e-01   3.6648818e-01   2.9237785e-01   3.4886528e-01   1.8791032e-01   1.4171532e-01   4.0841467e-01   0.0000000e+00  -1.4038332e-02  -6.0536663e-02  -1.2180116e-01
   1.0357010e-01   0.0000000e+00   1.2377486e-01   1.8947311e-01   3.4846290e-01   1.7371614e-01   1.5772207e-01  -6.8986830e-02   4.3436726e-02   6.7150142e-02   1.6451668e-01   8.0540441e-02   2.7236270e-01   3.6287170e-01   1.8551950e-01   1.8562207e-01   0.0000000e+00   6.5892854e-01   1.8003356e-01   4.3013104e-01   2.5006401e-01   2.4998392e-01   6.0649804e-03   1.4822613e-01   1.5135475e-01   2.1921387e-01   4.2068998e-01   2.8340190e-01   2.3524807e-01   2.1366118e-01   6.9966440e-02   2.5244668e-01   2.6031603e-01   2.1127666e-01   2.5271142e-01   1.6037758e-01   1.5413218e-02   2.1422798e-01   2.4699631e-01   3.2813840e-01   2.5232893e-01   1.8251435e-01   2.1177898e-01   2.0927758e-01  -3.7856850e-02   2.0437406e-01   4.3436199e-01   3.5424100e-01   2.9254693e-01   3.0312272e-01   1.5665304e-01   1.8178189e-01   1.0985493e-01   1.9274602e-01   1.6676782e-01   1.6700764e-01   4.0566510e-01   1.6228732e-01   2.0416949e-01   1.2006555e-01   1.1409534e-01   9.6377047e-02   1.7363533e-01   2.1677875e-01   4.6733172e-02   3.5560661e-01   5.3882211e-02  -5.5768993e-02  -9.6821661e-02   4.4366864e-01   1.0858243e-01  -6.0661053e-02   1.3333204e-01   2.6845080e-01   1.4929918e-01   8.0049260e-02  -2.0235868e-02   1.4570989e-01   3.3523548e-01  -7.2068432e-03   3.9340098e-01   2.6823756e-01   1.6210828e-01   3.0884158e-01   3.0601696e-01   2.4734597e-01   1.4309435e-01   1.4471081e-01   1.7707043e-01   3.0834009e-01  -1.2330196e-01   4.1768012e-01   1.3965820e-01   2.1762054e-01   1.3037761e-01   2.9243810e-02   7.1622704e-03   1.1721744e-02   3.4850940e-02   8.8833163e-02   8.2414894e-03   2.4609261e-01   4.1132736e-02   2.0442494e-01   3.1910346e-01   1.1328884e-01   4.4547070e-02   1.1730957e-01   1.5920289e-01   6.9420352e-02   2.6875200e-02   5.7211192e-04   4.8342023e-02   1.5434298e-01   0.0000000e+00   1.2068143e-01   6.1216205e-02  -7.5923303e-02
  -9.3834395e-03   0.0000000e+00   7.3769632e-02   1.5188253e-01   3.0563973e-01   1.9494153e-01   1.6897101e-01  -8.3124490e-03   3.9893525e-02   1.5867993e-01   1.7662637e-01   1.4264211e-01   2.8616460e-01   1.7309534e-01   2.0654860e-01   1.2950208e-01   6.5892854e-01   0.0000000e+00   2.2357886e-01   3.3735182e-01   2.6407871e-01   2.3826178e-01   7.1822843e-03   1.1105265e-01   1.7650464e-01   2.9233545e-01   3.6591361e-01   2.3962971e-01   1.8729209e-01   1.5767115e-01   1.2032533e-01   2.1347694e-01   3.6660995e-01   3.3634155e-01   2.4617750e-01   1.7395646e-01   1.0432518e-03   1.3510595e-01   1.9734582e-01   2.5417805e-01   2.2290512e-01   1.3612739e-01   2.3790861e-01   1.4874945e-01  -5.6344428e-02   1.4374696e-01   4.3177076e-01   4.1851098e-01   3.8234363e-01   3.1033425e-01   3.1727372e-01   1.4797572e-01   6.5185549e-02   1.4368851e-01   1.9515717e-01   1.5005811e-01   3.7913482e-01   2.2291599e-01   2.2804096e-01   2.5431662e-01   9.9945451e-02   3.8512327e-02   1.1927617e-01   1.9087669e-01   4.5750277e-02   3.1789611e-01   2.3069921e-02  -2.2235115e-02   1.5740236e-02   4.0906659e-01   6.8745343e-02  -2.3411023e-02   9.7854250e-02   2.1838823e-01   6.9886825e-02   9.3440769e-02   1.6548257e-02   6.8903401e-02   3.2556892e-01   5.6219620e-02   3.8054794e-01   2.7976129e-01   1.8474825e-01   4.1706645e-01   3.2785115e-01   1.1396993e-01   2.2632824e-01   1.3874196e-01   2.7460241e-01   2.4832176e-01   2.9182500e-02   4.0665042e-01   8.9194545e-02   2.7342929e-01   1.4426769e-01  -1.3790929e-03  -8.8025103e-02  -3.8666357e-02   2.3085008e-02   8.6727722e-02  -4.0464602e-02   1.0815534e-01   5.3244473e-02   2.2689285e-01   3.1392930e-01   9.1672260e-02   8.9360705e-02   9.6835075e-02   4.4516754e-02   6.6086633e-02   7.1362962e-02   6.8292251e-02   7.6115551e-02   1.8183181e-01   0.0000000e+00   9.5422130e-02   8.3970748e-02   1.4790069e-03
   1.6784300e-01   0.0000000e+00  -7.6207538e-03   2.7514604e-01   3.6446887e-02   1.9704804e-02   5.6897011e-01  -7.3653545e-02   2.1060802e-01   2.2733428e-01   4.0315405e-01   2.2960524e-01   2.6607506e-01   2.1151700e-01   1.7141482e-01   3.8866845e-01   1.8003356e-01   2.2357886e-01   0.0000000e+00   1.3363397e-01   2.8189620e-01   1.3089380e-01   3.9728090e-02   1.0984181e-01   1.7891772e-01   6.2335850e-02   1.1468266e-01   8.8559578e-02   3.4447913e-01   2.2423697e-01  -1.2997415e-01   1.2468081e-01   3.2049851e-01   9.3307705e-02   2.2065925e-01   2.5869548e-01   1.0851161e-01   5.2702443e-01   4.3793444e-01   5.7662743e-01   5.9832900e-01   4.0153754e-01   2.7367323e-01   3.6850504e-01  -1.0293087e-02   3.0499723e-01   3.8457166e-01   3.9260905e-01   1.4624243e-01   1.2011775e-01   1.8036429e-02   3.7192377e-01   9.8180844e-02   3.9281629e-01   3.4919975e-01   3.5143574e-01   3.2171057e-01   2.0642675e-01   9.3756369e-01   2.4034986e-01  -6.0277502e-02   8.7115007e-02   1.5263969e-01   3.0038398e-01   9.4937993e-02   6.7132448e-01   6.3993039e-02   1.1550590e-01  -4.2342987e-02   2.1030530e-01  -8.7348649e-03   1.4253844e-01   3.2403667e-01   2.9071324e-01   6.4236866e-02   1.7560858e-01   8.1403448e-02   7.7816162e-02   1.0934520e-01  -5.0744343e-02   1.4519858e-01   6.4171117e-02  -2.7813814e-02   8.1413343e-02   4.0391449e-01   3.4711644e-01   5.4613270e-02   1.1654262e-02   1.1185551e-01   2.3701985e-01  -1.7393754e-02   3.4871877e-01   1.4442029e-01   5.1922525e-01   5.5101044e-01   2.4784941e-01   9.8198162e-02   4.0648374e-01   2.5215614e-01   4.1579685e-01   1.3317450e-01   2.5257543e-01   2.0263128e-01   3.0773212e-01   4.4718654e-01   2.4469180e-01   2.4386314e-01   2.5362575e-01   3.3633168e-01   5.0352799e-01   4.0802968e-01   1.1796215e-01   1.0675354e-01   2.2936922e-01   0.0000000e+00   2.7216241e-02  -2.1034988e-02  -1.0478552e-01
  -4.3934093e-03   0.0000000e+00   1.2473464e-01   2.8263056e-01   2.8530669e-01   1.7601282e-01   6.4720719e-02  -1.2564345e-01   1.9397492e-03   6.2959826e-02   2.5465869e-01   5.4654137e-02   6.8561108e-01   2.4598944e-01   1.3636248e-01   1.8765114e-01   4.3013104e-01   3.3735182e-01   1.3363397e-01   0.0000000e+00   6.0017817e-01   4.1078507e-01   2.0139562e-01   2.7363341e-01   3.5311788e-01   2.7662332e-01   5.9994691e-01   3.0127684e-01   1.9709955e-01   2.5056130e-01   2.3495109e-01   2.9947751e-01   2.2729595e-01   4.5567273e-01   4.7664697e-01   2.5516206e-01   7.8164048e-02   2.6079882e-02   4.8922046e-02   2.4774611e-01   5.9298348e-02   1.9983274e-01   7.1654888e-02   1.2882807e-02   9.3316414e-02   3.8677779e-02   3.0237527e-01   2.4641393e-01   4.3179473e-01   3.8214962e-01   4.1330414e-01   1.0415189e-01  -3.8290152e-02   8.0811477e-02   2.8288300e-01   2.7387323e-01   5.1084515e-01   1.8348802e-01   1.2589497e-01   2.2125583e-01   2.8714219e-01   7.6805716e-02   6.0181183e-02   2.3498847e-01   3.6371016e-02   2.4631679e-01   3.7507309e-02  -1.5594627e-01  -1.3770135e-01   4.4796840e-01  -2.5461182e-02  -6.1131612e-03   2.6783863e-03   1.9274166e-01   3.6189071e-02   6.3732338e-02  -1.6004530e-01  -8.9330184e-02   1.5818076e-01   9.2075430e-02   2.8845545e-01   8.4416059e-02   1.7931316e-01   5.4755087e-01   3.3015437e-01   3.7416168e-02   1.8190113e-01   1.3544913e-01   7.0402544e-02   2.5041454e-01  -6.3592361e-02   3.1992133e-01  -6.0978089e-02   7.3948778e-02  -2.1960918e-02  -1.3268493e-02  -4.7875839e-02  -1.6954798e-01  -1.0089165e-01   7.1955246e-02  -1.2100639e-01   5.5907739e-02  -4.8994889e-02   7.5199224e-02   2.4629217e-01  -3.4073737e-02  -2.7274933e-03   1.6011146e-01   3.0943446e-02  -5.1831826e-02   7.4142238e-02  -4.3840535e-02  -3.1666754e-02   2.7530386e-01   0.0000000e+00  -6.8260560e-02   8.7468308e-02   8.8488603e-02
  -1.2834352e-03   0.0000000e+00   1.2770939e-01   1.7557589e-01   1.0967717e-01   3.2973762e-02   1.3803801e-01  -1.0597832e-01  -1.8184519e-02   4.9627093e-02   1.9686280e-01   1.1010286e-01   6.2451213e-01   2.8765469e-01   1.3846864e-01   1.8562775e-01   2.5006401e-01   2.6407871e-01   2.8189620e-01   6.0017817e-01   0.0000000e+00   5.8073892e-01   2.2027185e-01   3.1867236e-01   5.9140371e-01   2.1306110e-01   3.7110737e-01   1.0669222e-01   3.1894712e-01   2.0686233e-01   2.7860185e-02   1.6875055e-01   2.0142334e-01   2.8179494e-01   4.1739847e-01   2.1991435e-01   7.8766820e-02   1.6785118e-01   1.6795557e-01   2.5216245e-01   1.4623314e-01   2.9657435e-01  -7.5352022e-04   1.0334713e-01   1.0241559e-01   1.0035678e-01   3.1191878e-01   3.8742157e-01   3.2647409e-01   2.5864696e-01   2.7875085e-01   1.7464419e-01  -6.1033220e-02   9.1842993e-02   2.2957817e-01   3.4867838e-01   5.5341528e-01   1.2414854e-01   2.7138240e-01   4.0104253e-01   3.4274765e-01   2.0650662e-01   7.3631254e-02   1.8430465e-01  -7.1077374e-03   2.8382416e-01  -1.9900958e-02  -9.6546570e-02  -1.6791781e-01   2.6216133e-01   9.0736653e-03  -1.0124290e-02  -3.4442739e-03   1.3049840e-01  -7.1690493e-03   1.4527059e-02  -6.2979746e-02  -3.6900860e-02   4.1124900e-02   4.5310552e-02   1.6328360e-01  -5.3598581e-03   8.1429868e-02   3.5455389e-01   3.0928453e-01   1.4634032e-01   9.0914294e-02   4.3661479e-02  -1.1135896e-03   1.1570806e-01  -4.8538979e-02   3.5450254e-01  -4.0268481e-02   2.1207015e-01   1.2757118e-01   5.1537061e-02   2.4364839e-02   5.9873984e-02   6.3750950e-03   1.4082405e-01   2.5563573e-02   6.7142636e-02   6.3423954e-02   2.8225512e-01   3.8374369e-01   1.4324157e-01   7.4391745e-02   1.1251743e-01   1.5593322e-01   9.5639587e-02   1.0987331e-01  -3.1182830e-02  -1.7907894e-02   2.4621258e-01   0.0000000e+00  -1.1575082e-01   2.2198401e-02   1.2140997e-01
