   0.0000000e+00   0.0000000e+00   0.0000000e+00   7.0739394e-02   7.3857299e-02   1.6769558e-02   2.5411185e-01   1.5718675e-02   1.1838422e-01   1.7000926e-01   3.0614711e-02  -2.4541163e-02  -1.0441355e-01  -1.0866918e-01  -3.8272625e-02  -4.1030909e-02  -4.8767204e-02  -3.1317223e-02   4.5018334e-02   5.1001026e-02  -2.3908604e-02  -1.0189607e-01  -4.4433512e-03   4.0064099e-02   6.1724623e-02   6.0017845e-02   5.3372208e-02   7.7380271e-02   6.4569980e-02   3.3388583e-02  -2.8356064e-02   7.1621892e-03   4.4304229e-06  -3.5777367e-02   2.5321594e-02  -2.3958150e-02   1.9336640e-02   3.4619486e-02   4.7427983e-02  -3.0608555e-03   1.0819110e-01  -4.3138782e-02   7.0132385e-02   2.9325854e-02  -1.3702728e-02   2.6646726e-02   1.0281905e-01   1.5579836e-02  -1.0519991e-01   1.3054503e-02   0.0000000e+00   9.4336884e-02   3.7448631e-02   2.7513299e-02  -6.5879795e-02   2.9615359e-02  -2.5273217e-02  -5.2422669e-02   8.5380320e-02   9.0442882e-02  -6.0071287e-02  -3.0845094e-02  -1.7561216e-01   1.6197232e-01   4.3377668e-02   3.8756899e-02   2.2711172e-01   1.7237423e-01   1.1010746e-01  -7.2749827e-02   1.9487846e-02  -9.6109737e-03   2.3866417e-01  -3.3455694e-02   2.9244756e-01   2.0686547e-01   1.4355681e-01   1.0436978e-01  -5.9513370e-03   4.6839676e-02   2.9643393e-02   1.0075384e-01   1.6084448e-02  -1.9058362e-02   6.4618162e-03  -1.0227962e-01   1.2850627e-01   1.8132504e-01   1.3180847e-01   1.1391259e-01   4.8973208e-04  -4.7534186e-02   2.7069609e-02   2.1429637e-02   1.5308139e-02   3.2400938e-02  -2.6846378e-02   7.6774189e-02   5.9000421e-02   4.8410876e-02  -7.4485169e-02   4.5036802e-02  -4.3606912e-02   7.3118637e-02  -7.1850002e-02   4.4946336e-02   5.1592572e-03  -9.6829733e-02  -6.5601872e-02   5.5407378e-02   1.1122526e-01   1.1105465e-01   4.1500352e-02   3.7188955e-02   0.0000000e+00   2.8965231e-02   7.3521416e-02   2.3342028e-01
   0.0000000e+00   0.0000000e+00   0.0000000e+00   0.0000000e+00   0.0000000e+00   0.0000000e+00   0.0000000e+00   0.0000000e+00   0.0000000e+00   0.0000000e+00   0.0000000e+00   0.0000000e+00   0.0000000e+00   0.0000000e+00   0.0000000e+00   0.0000000e+00   0.0000000e+00   0.0000000e+00   0.0000000e+00   0.0000000e+00   0.0000000e+00   0.0000000e+00   0.0000000e+00   0.0000000e+00   0.0000000e+00   0.0000000e+00   0.0000000e+00   0.0000000e+00   0.0000000e+00   0.0000000e+00   0.0000000e+00   0.0000000e+00   0.0000000e+00   0.0000000e+00   0.0000000e+00   0.0000000e+00   0.0000000e+00   0.0000000e+00   0.0000000e+00   0.0000000e+00   0.0000000e+00   0.0000000e+00   0.0000000e+00   0.0000000e+00   0.0000000e+00   0.0000000e+00   0.0000000e+00   0.0000000e+00   0.0000000e+00   0.0000000e+00   0.0000000e+00   0.0000000e+00   0.0000000e+00   0.0000000e+00   0.0000000e+00   0.0000000e+00   0.0000000e+00   0.0000000e+00   0.0000000e+00   0.0000000e+00   0.0000000e+00   0.0000000e+00   0.0000000e+00   0.0000000e+00   0.0000000e+00   0.0000000e+00   0.0000000e+00   0.0000000e+00   0.0000000e+00   0.0000000e+00   0.0000000e+00   0.0000000e+00   0.0000000e+00   0.0000000e+00   0.0000000e+00   0.0000000e+00   0.0000000e+00   0.0000000e+00   0.0000000e+00   0.0000000e+00   0.0000000e+00   0.0000000e+00   0.0000000e+00   0.0000000e+00   0.0000000e+00   0.0000000e+00   0.0000000e+00   0.0000000e+00   0.0000000e+00   0.0000000e+00   0.0000000e+00   0.0000000e+00   0.0000000e+00   0.0000000e+00   0.0000000e+00   0.0000000e+00   0.0000000e+00   0.0000000e+00   0.0000000e+00   0.0000000e+00   0.0000000e+00   0.0000000e+00   0.0000000e+00   0.0000000e+00   0.0000000e+00   0.0000000e+00   0.0000000e+00   0.0000000e+00   0.0000000e+00   0.0000000e+00   0.0000000e+00   0.0000000e+00   0.0000000e+00   0.0000000e+00   0.0000000e+00   0.0000000e+00   0.0000000e+00   0.0000000e+00
   0.0000000e+00   0.0000000e+00   0.0000000e+00   0.0000000e+00   0.0000000e+00   0.0000000e+00   0.0000000e+00   0.0000000e+00   0.0000000e+00   0.0000000e+00   0.0000000e+00   0.0000000e+00   0.0000000e+00   0.0000000e+00   0.0000000e+00   0.0000000e+00   0.0000000e+00   0.0000000e+00   0.0000000e+00   0.0000000e+00   0.0000000e+00   0.0000000e+00   0.0000000e+00   0.0000000e+00   0.0000000e+00   0.0000000e+00   0.0000000e+00   0.0000000e+00   0.0000000e+00   0.0000000e+00   0.0000000e+00   0.0000000e+00   0.0000000e+00   0.0000000e+00   0.0000000e+00   0.0000000e+00   0.0000000e+00   0.0000000e+00   0.0000000e+00   0.0000000e+00   0.0000000e+00   0.0000000e+00   0.0000000e+00   0.0000000e+00   0.0000000e+00   0.0000000e+00   0.0000000e+00   0.0000000e+00   0.0000000e+00   0.0000000e+00   0.0000000e+00   0.0000000e+00   0.0000000e+00   0.0000000e+00   0.0000000e+00   0.0000000e+00   0.0000000e+00   0.0000000e+00   0.0000000e+00   0.0000000e+00   0.0000000e+00   0.0000000e+00   0.0000000e+00   0.0000000e+00   0.0000000e+00   0.0000000e+00   0.0000000e+00   0.0000000e+00   0.0000000e+00   0.0000000e+00   0.0000000e+00   0.0000000e+00   0.0000000e+00   0.0000000e+00   0.0000000e+00   0.0000000e+00   0.0000000e+00   0.0000000e+00   0.0000000e+00   0.0000000e+00   0.0000000e+00   0.0000000e+00   0.0000000e+00   0.0000000e+00   0.0000000e+00   0.0000000e+00   0.0000000e+00   0.0000000e+00   0.0000000e+00   0.0000000e+00   0.0000000e+00   0.0000000e+00   0.0000000e+00   0.0000000e+00   0.0000000e+00   0.0000000e+00   0.0000000e+00   0.0000000e+00   0.0000000e+00   0.0000000e+00   0.0000000e+00   0.0000000e+00   0.0000000e+00   0.0000000e+00   0.0000000e+00   0.0000000e+00   0.0000000e+00   0.0000000e+00   0.0000000e+00   0.0000000e+00   0.0000000e+00   0.0000000e+00   0.0000000e+00   0.0000000e+00   0.0000000e+00   0.0000000e+00   0.0000000e+00   0.0000000e+00
   7.0739394e-02   0.0000000e+00   0.0000000e+00   0.0000000e+00   2.3644661e-02  -1.3939458e-02   1.3567640e-01   5.1437644e-02   2.8435137e-02   9.1149691e-02   2.1334906e-01  -6.6516566e-02   3.0577300e-02   1.7839648e-01   8.5723999e-02   1.2438778e-01   3.3323572e-04   5.6448846e-02   5.3794852e-02  -8.4511652e-02  -4.2069446e-02  -4.8041105e-02   2.7163185e-01   2.0063315e-01  -1.2801693e-02  -1.1593154e-02  -5.0150216e-02   1.4279526e-01   8.3480668e-02   2.0189657e-01   8.4734972e-02  -3.3296443e-03   1.9576933e-02   1.1527971e-01   1.3359894e-01  -2.6373833e-02   3.0496614e-02   1.7198111e-01   1.7216100e-01   3.1176305e-01   1.9337289e-01   4.7175261e-02  -3.0018877e-02   7.7799027e-02   1.4059470e-01   8.0268069e-02   2.8873399e-02   1.1399254e-01  -6.0684514e-02   2.1183613e-02   0.0000000e+00  -4.0931684e-02   2.0879451e-02   7.4106104e-02   1.1941491e-01   1.7923503e-01  -1.0553020e-01   4.0731541e-02   1.2772262e-01  -3.9070378e-02  -3.1915971e-02  -4.6065609e-02   6.6354373e-02   2.4392299e-02  -2.6872686e-03   4.8940035e-03   1.6899517e-02   8.2399057e-02  -4.3582058e-02  -9.7445056e-02   1.0000731e-01   1.2290478e-02   7.1853501e-02  -4.1113895e-02  -9.7782555e-03  -4.6954994e-03  -1.2458257e-02  -8.6287414e-02  -6.0001544e-02  -3.5461369e-02  -1.0949344e-01  -2.1882227e-02   4.8510262e-02  -1.0727388e-01  -8.1936499e-02  -5.0631673e-02   2.4555709e-02  -8.3344551e-02  -2.0889544e-02   3.0924284e-02  -6.9489375e-02  -1.1164953e-01   3.5487086e-03  -6.6463181e-02   3.8140886e-02   6.0181384e-02   2.5618641e-02   1.0471062e-01   2.1964154e-02   3.8163699e-02  -7.6164023e-02   6.5933211e-02  -1.0661056e-01  -3.4841923e-02  -7.5891083e-02  -4.9586688e-02   4.6438683e-02   5.2148376e-04   1.5013841e-02  -3.2735525e-02   5.8194720e-02   5.5828220e-02   1.0557025e-01   8.2893758e-02   0.0000000e+00   6.4040931e-02   5.2970395e-02   1.3219257e-01
   7.3857299e-02   0.0000000e+00   0.0000000e+00   2.3644661e-02   0.0000000e+00   2.9131905e-01   2.0088891e-02   3.8964120e-02  -1.6483409e-01   2.6499578e-01   4.8101802e-02   1.2071483e-01   2.4851554e-01   5.2633573e-02   8.8622175e-02   7.2288253e-02   4.4539259e-01   4.4851660e-01   1.9866297e-01   3.6063213e-01   2.5764268e-01   2.7127072e-01  -2.4044171e-03   7.9020092e-02   3.4977979e-01   2.2532536e-01   4.7856630e-01   1.8526350e-01   2.4695320e-01   5.8131911e-02   3.2463916e-01   2.3602725e-01   1.8461949e-01  -3.7811095e-02   1.7821305e-01   2.3643206e-01   8.9849752e-02   1.3145095e-01   1.6391955e-01   5.4922074e-02   1.8633035e-01   1.7380800e-01   3.0357404e-01   9.8985515e-02   1.5065958e-01   2.2602632e-01   2.6747252e-01   1.3286927e-01   3.6814550e-01   3.7553404e-01   0.0000000e+00   3.1221319e-01   2.0088518e-01   1.5076826e-01   2.0368089e-01   1.4093942e-01   4.3587697e-01   1.4549264e-01   1.8805865e-01   5.6242888e-02   9.5082833e-02   6.7790994e-02  -3.7193106e-02   1.4519651e-01   1.0515471e-01   2.0790327e-01   1.1166818e-01   9.6605697e-02  -2.6762580e-03   2.8290079e-01   8.6585304e-02  -8.1244404e-02   6.4471582e-02   4.5001105e-02   5.1059453e-02  -8.9184298e-03   1.7629665e-02   2.1650514e-01   1.2981581e-01   5.5694267e-02   3.0425764e-01   3.7942229e-01   1.4056189e-01   3.5482960e-01   3.8735316e-01   2.7928624e-01   1.5338972e-01   2.4178959e-01   2.1993404e-01   1.5611130e-01   1.7350953e-01   2.5192725e-01  -3.5950069e-02   2.0567733e-01   1.3905406e-01   1.2247130e-01  -2.8236112e-02   3.5095252e-02   5.3008851e-02   1.3277289e-01   1.0864779e-01  -8.5043526e-02   1.4254627e-01   9.9461712e-02   5.4110177e-03   7.5795378e-02   9.3668766e-04   1.1484042e-01  -4.6413306e-02   2.3862065e-01   5.5508906e-02   3.7508007e-02   4.1601285e-02   1.5253960e-01   0.0000000e+00   3.3545882e-02  -5.9798163e-02  -4.0706806e-02
   1.6769558e-02   0.0000000e+00   0.0000000e+00  -1.3939458e-02   2.9131905e-01   0.0000000e+00  -3.2991364e-02   2.7181003e-03  -9.1256579e-02   9.1829773e-02  -2.0613248e-02   1.9149189e-02   9.0175093e-02   4.3748621e-02  -5.6615915e-02  -1.8174043e-02   1.4175581e-01   2.2314278e-01   6.1630421e-02   8.1301620e-02   3.2097501e-02   6.7162606e-02  -3.6387593e-02  -9.5366314e-02   1.2167650e-01   1.8754656e-01   3.3347916e-01   9.2406698e-02   6.0119145e-02  -6.2284269e-02   1.4151421e-01   7.5043893e-02   6.1899182e-02  -7.9127748e-02   6.3884448e-02   4.2985050e-02   2.0768920e-02   1.1267637e-01   9.9980036e-02  -2.2878047e-02   1.8325005e-02   7.0851367e-02   1.0040141e-01   1.3095914e-02   4.1091040e-02   5.2289248e-02   8.0278268e-02   1.5432995e-02   1.4813349e-01   1.6013453e-01   0.0000000e+00   1.6298228e-01   9.3604895e-02  -2.5699379e-02  -1.0900822e-02   1.6600668e-02   2.3395435e-01   7.2652661e-02  -1.1297888e-02   2.1791306e-02   5.7897594e-02   6.8646911e-02   1.1141467e-01   3.0066486e-02   1.9860125e-02   3.1675941e-02   4.7352023e-02   1.1303499e-01   1.2578097e-02   1.6491393e-01   1.1099074e-01   7.7757219e-02   6.4862314e-02   8.4318621e-02   1.2239039e-01   4.3159972e-02  -1.8079681e-02   1.3800279e-01   1.9076112e-01   4.2534392e-02   1.3432837e-01   2.2002736e-01   2.4269277e-01   1.9215712e-01   1.6987002e-01   1.1096477e-01   1.0484364e-01   1.9461282e-01   1.2331952e-01   1.1953157e-01   5.9921903e-02   2.0807468e-01  -6.4232496e-02  -1.2121576e-02   9.7257306e-03   1.0502058e-01   2.8631541e-03   1.2570288e-03  -8.0237701e-02   2.9771753e-02   1.4551433e-01  -4.5037440e-02   6.5874705e-02   1.9911643e-02  -2.7810699e-03   2.4293553e-02   3.6183656e-02   9.4613940e-02  -1.9098965e-02   6.0587587e-02  -6.7485526e-02   7.4311386e-02   3.7624180e-02   6.0193956e-03   0.0000000e+00   7.7935661e-03  -2.5842346e-02   2.3178710e-02
   2.5411185e-01   0.0000000e+00   0.0000000e+00   1.3567640e-01   2.0088891e-02  -3.2991364e-02   0.0000000e+00  -4.8514508e-02  -1.7713559e-02  -8.5112076e-02   2.0329466e-01   1.1320598e-01   5.8030126e-03   1.6529966e-02   1.7414438e-01   2.0302443e-01  -6.3116703e-03  -3.2851829e-02   1.1672417e-01  -4.1833336e-02  -2.2131696e-02  -1.6391224e-01   1.1423019e-01   1.0205554e-01   5.8347976e-02   6.3254229e-02   8.3392497e-02   2.2894656e-01   2.0057830e-01   3.1263190e-01   9.0145096e-02   2.7212945e-02   1.1645283e-01   1.4861442e-01   1.5003342e-01   2.6406804e-02   5.7569564e-02   1.3551354e-01   6.0819309e-02   2.0089130e-01   2.0724954e-01  -1.8883153e-02   1.2163576e-01   3.5388654e-02  -4.2145337e-02   6.8843083e-02   1.3054060e-01   2.3726630e-01   1.1959209e-02   7.1160789e-02   0.0000000e+00   9.3740239e-02   1.3323264e-01   2.4111058e-01   9.2137534e-02   1.9868234e-01  -8.5812109e-02   7.3595876e-02   1.2986602e-03   5.6899414e-02  -1.2927299e-01  -1.2447647e-01   7.7330940e-03   4.0386220e-01   4.7756109e-03   2.9355442e-01   2.5273662e-01   1.6538803e-01   2.0246353e-01  -1.4534285e-01  -6.1592228e-02   8.6612108e-03   2.0116457e-01  -2.5719468e-01   1.8862202e-02   1.0815569e-01  -1.0428238e-01   7.1736397e-02  -1.5088851e-01   9.6763449e-02  -6.8716823e-04   3.6427326e-02   9.0956500e-02  -5.2441507e-02   7.9676461e-03  -2.7373193e-02   2.1938870e-01   9.9037972e-02   1.5040223e-01   3.6184855e-02  -2.4655673e-02  -1.2318841e-01   3.7734113e-02   8.3173887e-02   2.2218721e-01   4.2687756e-02  -5.4911038e-02   5.3110120e-02   1.3458911e-02   7.2628839e-02  -7.4248316e-02   2.7145987e-02  -1.7128121e-01  -2.2082123e-02  -4.2571819e-02   9.3879757e-02  -3.6204989e-03   6.4403496e-02  -2.9223352e-02  -2.7374017e-02   2.6404242e-01   1.2631571e-02   4.7003531e-02  -7.1684125e-02   0.0000000e+00  -6.4543793e-03   1.4152995e-01   1.6179720e-01
   1.5718675e-02   0.0000000e+00   0.0000000e+00   5.1437644e-02   3.8964120e-02   2.7181003e-03  -4.8514508e-02   0.0000000e+00   8.4176990e-02  -1.3475958e-02   9.9021713e-02  -1.1741133e-01  -3.6697084e-02   2.5392903e-02   2.1361726e-02  -1.6629040e-02  -2.6045343e-02  -2.3301699e-02  -5.1327969e-02  -7.3415450e-02  -9.6711086e-02   1.5061187e-02  -3.3152300e-02  -2.7357121e-02  -1.1995277e-02  -1.5329542e-02   3.0914047e-03   8.7022606e-03  -5.8190071e-02  -1.1465525e-02  -5.4973113e-02  -3.1629639e-02  -1.3671087e-01  -7.8074830e-02  -8.2715500e-02  -1.4038168e-01  -1.4918513e-01  -5.4367745e-02  -4.1745828e-02  -5.2991317e-03  -1.2573554e-03  -1.0612117e-01  -6.2862463e-02  -1.2971040e-01  -1.1515445e-01  -4.3526651e-02   5.7246925e-02   3.0798017e-02  -9.9020690e-03   1.0149661e-01   0.0000000e+00  -9.4918847e-02  -3.6304306e-02   3.6604570e-02  -3.4069579e-02  -6.2593648e-03  -4.3635060e-02  -7.2508593e-03  -7.3238163e-02  -3.3988854e-02  -9.0944047e-03  -2.2047829e-02  -3.6939276e-02  -3.3545668e-02  -9.7426548e-02  -9.9057368e-02   8.1361599e-03   7.6240576e-02   1.2595038e-01  -4.1390537e-02  -7.2756348e-02   2.6743751e-02   4.6608877e-02   5.3693591e-02   3.5387049e-02   3.9216093e-02   2.3505946e-02   6.6074583e-02   2.0689147e-02   9.4728267e-02  -7.0128122e-02  -2.9637198e-02   3.9767716e-02  -5.0051253e-02  -1.7721840e-02   1.3897873e-02   6.1166169e-02  -4.0774645e-03   5.1227280e-02   7.2389800e-02  -5.9702988e-02  -3.2297143e-02   6.0868569e-03   3.2726982e-02  -7.0684337e-02  -2.3892202e-02  -1.3251301e-01  -1.1414724e-01  -3.3263734e-02   1.2620412e-03  -8.5796852e-02  -1.9260946e-02  -7.7087071e-02  -8.1411190e-02   5.9841463e-03  -1.2714791e-02   2.1254865e-02   2.7069216e-02   4.0691005e-02  -4.1415083e-03   7.4794250e-02   2.7578720e-02  -2.0600231e-02  -1.0591451e-02   0.0000000e+00   7.8281534e-01  -7.2158753e-02  -6.1700019e-02
   1.1838422e-01   0.0000000e+00   0.0000000e+00   2.8435137e-02  -1.6483409e-01  -9.1256579e-02  -1.7713559e-02   8.4176990e-02   0.0000000e+00  -8.4630268e-02  -2.9682174e-02  -1.5380988e-01  -2.1600923e-01   2.2952972e-02  -1.7610581e-01  -1.0650868e-01  -1.7951090e-01  -1.7763227e-01  -1.1579907e-01  -1.4747040e-01  -2.8070482e-01  -1.5097475e-01  -5.3641435e-02  -9.3506667e-02  -2.0928319e-01  -2.0854197e-01  -3.0920244e-01  -2.3938754e-02  -2.0345160e-01  -1.5944594e-01  -1.7179592e-01  -8.5688734e-02  -1.9210677e-01  -1.6300001e-01  -2.3354074e-01  -2.4414588e-01  -2.4341104e-01  -7.0828227e-02   2.7277658e-02  -2.3123182e-02  -5.2558038e-02  -8.3612784e-02  -2.0709841e-01  -1.1308831e-01  -1.3476143e-01  -1.2808982e-01  -6.9344876e-02  -1.0359030e-01  -2.1416806e-01  -1.3753486e-01   0.0000000e+00  -2.0906074e-01  -3.3512405e-02  -9.2288012e-02  -1.1958515e-01  -1.2032754e-01  -2.2088754e-01  -5.2633494e-02  -1.4764491e-01  -1.5642007e-01  -9.1623150e-02  -9.8745012e-02  -1.4541128e-01  -8.6804373e-02  -9.6007645e-02  -6.9734639e-02  -2.7092512e-03   1.4316299e-01   7.6950042e-02  -9.7091213e-02  -9.5830063e-03  -2.7522233e-02   2.9912198e-02   4.0906697e-02   2.6931621e-02   2.0121603e-01   3.1525417e-01   9.8516049e-03   1.6384613e-01  -8.4591479e-02  -1.2584820e-01  -1.0594372e-01  -1.2568479e-01  -2.2521252e-01  -5.2892521e-02  -1.2691859e-01   2.7820908e-03  -1.2803312e-01   3.8406492e-02   4.5155221e-02   1.9937334e-02  -2.9952770e-02   1.9066391e-01   1.1498318e-02   8.2305959e-02  -1.8281716e-03   1.7196874e-01   2.0089720e-02   1.6449290e-01   4.5439412e-02  -2.0112067e-01   5.8996259e-02   4.3929475e-02  -1.9674737e-01  -5.6316390e-02  -9.6065900e-02   2.5929235e-03  -1.7571403e-01   2.1629106e-02   9.1643957e-02   4.8037036e-02  -2.3139482e-02  -3.9753518e-02  -7.6389749e-02   0.0000000e+00   5.5727516e-02  -4.3533453e-02  -4.8680960e-02
   1.7000926e-01   0.0000000e+00   0.0000000e+00   9.1149691e-02   2.6499578e-01   9.1829773e-02  -8.5112076e-02  -1.3475958e-02  -8.4630268e-02   0.0000000e+00   1.7734264e-01  -1.6911850e-01   1.2562411e-01   7.5215151e-02   1.5335988e-01   4.8485117e-03   9.0031122e-02   1.7927924e-01   1.4751275e-01   2.2382128e-01   2.5720922e-01   1.2310571e-01   1.1994118e-01   2.0927549e-01   1.6048172e-01   9.3773456e-02   2.5943121e-01   3.2672342e-01   1.8985835e-01   1.5934888e-01   2.1737036e-01   2.7195184e-01   8.4788644e-02   5.7277318e-02   1.1524832e-01   2.8855286e-01   1.1987499e-01   3.7429490e-01   3.3572737e-01   4.0951549e-01   3.4476960e-01   2.6457792e-01   2.1603580e-01   2.7105423e-01   2.2972087e-01   1.6463708e-01   2.4954191e-01   1.1101709e-01   8.2136608e-02   1.2480597e-01   0.0000000e+00   2.1851567e-01   2.0899849e-01   7.9796113e-02  -7.7919916e-03   1.2544891e-01   2.6368828e-01  -5.3649192e-02   9.6902933e-02  -2.8165007e-02  -1.5983858e-02  -9.3745864e-03  -1.0470656e-01  -9.6970454e-02   2.2825798e-02  -3.3674791e-02  -1.9227284e-02  -2.2467111e-02   2.5471703e-03   1.4722889e-01   7.7855125e-02  -9.9477015e-02   1.3085379e-01   1.6087179e-02   1.6765026e-01  -3.4666774e-02  -8.2026522e-02   1.2732097e-02  -2.3380010e-04  -1.0773313e-01   1.3103203e-01   1.3489956e-01  -1.5670278e-02   1.0406469e-01   2.0510251e-01   1.3492985e-01   4.4746000e-02   1.9860253e-02   1.3755044e-01   2.5567566e-03   5.2644822e-02   1.0757633e-01  -7.2301115e-02   9.2048279e-02  -3.8574518e-02   6.3352523e-02   5.5437411e-02   2.1499815e-01   4.9280068e-02   3.1711638e-02   4.0878413e-02  -1.2682992e-01  -2.2291337e-02   6.3277146e-02  -4.7140432e-02  -3.6316036e-02  -1.2870801e-02  -2.6934824e-02  -7.1820307e-02   6.3669010e-02  -1.6361277e-02   1.3193071e-01  -2.7812830e-03   1.8541545e-01   0.0000000e+00  -7.3889047e-03  -4.9213027e-02  -8.0593555e-02
   3.0614711e-02   0.0000000e+00   0.0000000e+00   2.1334906e-01   4.8101802e-02  -2.0613248e-02   2.0329466e-01   9.9021713e-02  -2.9682174e-02   1.7734264e-01   0.0000000e+00  -2.2564001e-01   1.4105699e-01   2.2494577e-01   2.4322664e-01   1.0433903e-01   9.9598710e-03   1.0592375e-01  -3.2646839e-02  -3.4760313e-02   8.4921389e-02  -7.7007703e-02   3.5688691e-01   2.9586299e-01   4.0939906e-02  -3.1378575e-02   6.3478163e-02   4.0123860e-01   1.4759998e-01   4.3307658e-01   1.3890788e-01   4.8023222e-02  -5.4635432e-02   1.5021550e-01   1.5837918e-01  -3.9241673e-02  -4.8029141e-02   2.6781242e-01   1.8824123e-01   5.1465086e-01   4.1087683e-01   9.5362280e-02   1.4128849e-02   9.0910487e-02   1.6772552e-01   1.1518764e-01   1.2495062e-01   1.4205491e-01  -1.7670601e-02   8.7042266e-02   0.0000000e+00   9.1539953e-03   5.0834996e-02   1.7831494e-01   4.9043893e-02   1.4178684e-01  -1.0400093e-01  -3.3005987e-02  -4.7447688e-02  -6.7648836e-02  -7.8932068e-02  -2.3264028e-01   1.0689686e-01   1.5884582e-02  -5.4429213e-02  -8.4339597e-02  -2.9032781e-02   4.2529327e-02   5.3398287e-02  -1.4115603e-01   4.6715852e-02  -1.0771013e-03   1.8106282e-01   6.8158916e-02  -2.2560965e-02  -9.4741481e-02  -1.9979155e-01  -8.5711195e-02  -1.9775061e-01  -5.5293155e-02  -2.3411047e-01   8.1914554e-02   4.9331702e-02  -1.6458958e-01  -5.8585515e-02   2.9063185e-02   8.8232306e-02  -1.4117931e-01   1.6418245e-02  -5.3896666e-02  -3.7495255e-02  -1.8806301e-01  -8.8357863e-02  -4.4098344e-02  -4.9761619e-02  -2.2211352e-03  -3.2912339e-02   1.2689499e-01  -6.2274175e-02  -1.4730091e-02  -4.8793506e-02  -1.1676948e-01  -2.7060089e-01  -1.9750710e-01  -1.3939980e-01  -1.3623843e-01   9.5957336e-03  -5.9774876e-02  -4.5900004e-02  -1.0337605e-01   5.9223382e-02   5.1052695e-02   9.1605682e-02  -6.8128993e-02   0.0000000e+00   1.3802813e-01   1.8095946e-02  -3.3115656e-02
  -2.4541163e-02   0.0000000e+00   0.0000000e+00  -6.6516566e-02   1.2071483e-01   1.9149189e-02   1.1320598e-01  -1.1741133e-01  -1.5380988e-01  -1.6911850e-01  -2.2564001e-01   0.0000000e+00   1.0907363e-01  -2.8107091e-02   3.8136918e-02  -1.5597629e-02   8.1159177e-02   1.5559783e-01   6.0992362e-02   1.3883578e-01   1.0748917e-01   1.6723862e-01  -2.6165699e-02  -5.1861943e-02   6.7254040e-02  -1.1329798e-03   1.9071668e-01  -6.4175995e-02   1.9702678e-01   2.0248899e-02   1.0914722e-01   1.6410324e-01   2.3476381e-01   1.4926364e-01   7.5898604e-02   2.2595174e-01   2.5521217e-01  -4.1944419e-02  -7.5874681e-02  -9.6242359e-02  -8.7711367e-02   5.0982646e-02   2.1652780e-01   3.6810084e-02   7.5508702e-02   2.4705109e-01   6.2596766e-02  -1.0533415e-02   1.9767935e-01   7.2676536e-02   0.0000000e+00   1.3146380e-01   8.9406159e-02  -2.5102117e-02   9.9403212e-02   9.2484985e-03   1.6316991e-01   2.8157394e-02   1.5950106e-01   1.6847686e-02   7.8783901e-02   5.4191956e-02  -4.3348838e-02   1.3929753e-01   8.4720965e-02   3.0197126e-01  -9.4444947e-03  -3.3514307e-02  -5.1775851e-02   1.3620818e-01  -6.1755746e-02  -2.8519781e-02  -6.5034200e-02  -2.5533588e-01  -4.1465799e-02   2.9464327e-02   1.2827776e-02   8.9321382e-02   4.2520558e-02  -1.5500455e-02   7.6013904e-02   1.1522149e-01   3.1420996e-03   1.5171344e-01   9.0444148e-02   1.0046363e-01   5.2426921e-02   4.5239192e-02  -4.9485044e-02   7.8807612e-02   1.5818068e-01   8.0067443e-02   4.1050400e-03   5.5864572e-02   1.6145173e-01   6.4815090e-02  -7.6925993e-02   2.7849481e-02   7.9114363e-02   1.0608771e-01   8.5128301e-02  -2.9135588e-02   9.4425798e-02   5.9668777e-02  -2.5100420e-02   1.0761793e-02  -1.8728816e-02   9.4772275e-02  -2.7877107e-02   5.8678215e-02   3.9089755e-02  -2.4410836e-03   5.4365302e-02   8.4695395e-02   0.0000000e+00  -4.3983470e-02  -1.3340552e-01  -8.3107374e-02
  -1.0441355e-01   0.0000000e+00   0.0000000e+00   3.0577300e-02   2.4851554e-01   9.0175093e-02   5.8030126e-03  -3.6697084e-02  -2.1600923e-01   1.2562411e-01   1.4105699e-01   1.0907363e-01   0.0000000e+00   2.4303115e-01   1.4346233e-01   1.4528033e-01   2.3267984e-01   3.6645876e-01   5.0850877e-02   3.8006979e-01   5.7052836e-01   3.7350241e-01   1.5689172e-01   2.0637731e-01   3.3889072e-01   1.6869727e-01   3.7427898e-01   1.7918048e-01   2.7702761e-01   2.9172509e-01   4.5429770e-01   1.3610053e-01   1.0891235e-01   1.7703607e-01   3.6496042e-01   8.0211647e-02   3.4300772e-02   1.1711413e-01   4.4691464e-02   1.9979105e-01   9.6852219e-02   1.0091757e-01   2.3205200e-01  -2.5655321e-02   3.3910815e-01   2.8021551e-01   1.9680751e-01   1.0117443e-01   5.0329876e-01   2.6059800e-01   0.0000000e+00   2.2167773e-01   7.0179211e-02   1.0383641e-01   1.3936583e-01   1.9749114e-01   3.6363528e-01   7.6850526e-02   2.2087803e-01   9.0713148e-02   1.3014485e-01   4.4771581e-02   1.2080331e-01   1.3280316e-01   8.1564787e-02   2.3134084e-01  -1.6562215e-02   4.2376296e-03  -1.8871613e-02   3.8030656e-01   1.4957440e-01   1.5509264e-02  -4.8966132e-02   3.0754003e-02   9.7115062e-03  -6.7372589e-02  -6.8759226e-02   6.7584286e-02   1.2690340e-01  -4.5993344e-02   9.6287494e-02   3.0448900e-01   1.3353874e-01   3.2802105e-01   2.3779861e-01   2.0694067e-01   1.7298442e-01   1.3218899e-01   7.3497758e-02   3.1235420e-02   1.9768219e-01   2.8128910e-01  -6.7870880e-02   1.7119186e-01   6.1864018e-02   3.5611454e-02   6.6052151e-02  -7.3075563e-02  -7.7375859e-02   4.0159364e-02   8.8892735e-02  -5.1181794e-02  -4.9915661e-02   7.2555878e-02   1.0171560e-01   1.3735040e-01  -3.5846529e-02   1.3649709e-01   7.4316163e-03   1.7888338e-01   7.9093407e-02   1.2058371e-03  -4.8355889e-02   5.6907831e-02   0.0000000e+00   1.6783409e-02  -1.7139318e-01  -1.1791003e-01
  -1.0866918e-01   0.0000000e+00   0.0000000e+00   1.7839648e-01   5.2633573e-02   4.3748621e-02   1.6529966e-02   2.5392903e-02   2.2952972e-02   7.5215151e-02   2.2494577e-01  -2.8107091e-02   2.4303115e-01   0.0000000e+00   1.1914069e-01   1.4141242e-01  -3.9887971e-03   1.1132072e-01   6.2709966e-02   7.0063737e-02   8.2843192e-02   2.8222138e-01   4.3777873e-01   2.4368607e-01   3.4916899e-02  -1.7563057e-03   1.0068456e-01   3.1082446e-01  -2.4301696e-02   1.6710364e-01   2.1362646e-01   1.5153744e-01  -1.4981166e-01   1.2663716e-01   5.3949712e-02  -7.2433319e-02  -5.8897951e-02   1.2676191e-01   1.8616713e-01   2.0384455e-01   1.8076298e-01   1.0555015e-01   1.4972771e-02  -4.7214085e-02   1.1348484e-01   3.1653222e-02   8.1465822e-02   1.3504277e-01   1.3314277e-01   1.2646701e-01   0.0000000e+00  -3.9173276e-02   1.2448837e-01   1.7551082e-01   7.1448690e-02   9.1055766e-02   6.4182885e-02   3.2100170e-02  -1.8668643e-02  -1.8804494e-01   3.6300331e-01   1.6733517e-01   4.9065215e-01  -5.8186232e-02  -7.7940504e-02  -4.2772117e-02  -3.2566893e-02   2.0438507e-01   6.5158634e-02   1.1269514e-01   2.6220383e-01   3.0755245e-01  -1.6407976e-02  -3.4051626e-02  -5.3142785e-02   9.7240136e-02   5.2870368e-02  -7.4369073e-03   1.7273510e-01   3.2637083e-02  -3.2177866e-02   3.0626065e-01   4.0965464e-01   3.9078291e-02   1.0249292e-01  -2.6514536e-02   5.7700684e-03  -5.6261579e-03   4.9748550e-02   5.5475656e-02   5.8834857e-02   4.3340559e-02   1.3478106e-01   7.3956909e-02   1.0671833e-01   4.1670540e-02   9.6783441e-02   5.7071584e-02   4.4558514e-02   2.5339752e-02  -4.1207222e-02   6.0791424e-02  -1.0240961e-01  -1.4729217e-01   2.0670679e-01   1.0791642e-01   6.3271648e-02   5.9184999e-02   1.1422920e-01   1.5429912e-01   3.6773079e-02   5.1205519e-03   2.2969624e-02  -4.6935082e-02   0.0000000e+00   5.4800829e-02  -3.3017986e-02   3.6782501e-02
  -3.8272625e-02   0.0000000e+00   0.0000000e+00   8.5723999e-02   8.8622175e-02  -5.6615915e-02   1.7414438e-01   2.1361726e-02  -1.7610581e-01   1.5335988e-01   2.4322664e-01   3.8136918e-02   1.4346233e-01   1.1914069e-01   0.0000000e+00   3.5545679e-01   7.2216600e-02   6.3017786e-02   1.1878777e-01  -3.1171250e-02   1.3377508e-01   3.6913732e-02   1.2818001e-01   1.1681416e-01   9.1681117e-03  -1.0938429e-02   7.1006619e-02   1.9179469e-01   2.1103878e-01   2.7841582e-01   1.2050605e-01   7.4114200e-02   8.7502227e-02   2.3738218e-01   1.2827351e-01   5.8020202e-02   2.2824348e-02   1.4086836e-01  -1.1256316e-02   1.9691055e-01   1.6230125e-01   9.5286605e-03   7.3437274e-02  -2.8674611e-02   2.9518192e-02   1.8994311e-01   1.3499999e-01   3.2641474e-01   1.2346007e-01   1.0748532e-01   0.0000000e+00   1.3204990e-01   7.4439089e-02   2.4264124e-01   2.0883518e-01   2.5183104e-01   4.8444964e-04   1.0309394e-01   1.1488708e-01  -7.5465174e-02  -5.9204751e-02  -7.6719389e-02   5.2013454e-02   1.3162464e-01   5.7226163e-02   1.9060856e-02   5.5236310e-02   3.0018644e-02   1.1320517e-01  -1.4624116e-02  -5.7260236e-02   2.1162254e-02  -1.9010438e-02  -6.8470554e-02  -9.0708013e-02  -3.2064593e-02  -1.6181781e-01  -1.5000654e-02  -1.4352951e-01  -7.4897092e-03  -3.7409374e-02   9.5687637e-02   7.7812041e-02  -4.2729847e-02  -4.8683910e-02   2.2070521e-02  -1.5731707e-02  -2.7429937e-02  -5.6298164e-02  -8.8960682e-02   5.4527625e-02  -6.1723371e-02   1.7743693e-02   9.4356183e-03   2.0707522e-03   3.1965787e-02   6.6186592e-02  -1.9531109e-02  -5.0159159e-02  -5.7772395e-02   7.1203974e-02   4.3516385e-02  -9.0227976e-02  -1.1208943e-01   6.2584815e-02   1.1079560e-01  -3.9936411e-02   1.2539527e-01  -7.6907308e-03  -1.0078163e-02   1.4206246e-01   1.3209448e-01   8.3169042e-02   6.2983067e-02   0.0000000e+00   5.2616417e-02   4.1015485e-02  -4.8565091e-02
  -4.1030909e-02   0.0000000e+00   0.0000000e+00   1.2438778e-01   7.2288253e-02  -1.8174043e-02   2.0302443e-01  -1.6629040e-02  -1.0650868e-01   4.8485117e-03   1.0433903e-01  -1.5597629e-02   1.4528033e-01   1.4141242e-01   3.5545679e-01   0.0000000e+00   8.4688744e-02   5.6299483e-02   2.0802685e-01  -1.7159508e-02   7.5608799e-02   3.3606691e-02   1.2123699e-01   1.2930618e-01   8.9925970e-02   4.7053257e-02   1.8933194e-02   1.6668907e-01   1.7401094e-01   1.6607623e-01   1.0612928e-01   5.9347052e-02   4.3329577e-02   2.4446999e-01   1.5099248e-01   2.7205404e-02   5.5762928e-02   1.6644889e-01   1.1804067e-02   1.4145281e-01   1.4305006e-01   3.5462216e-02   6.2805074e-02   1.8438208e-02   4.8614192e-02   1.2281472e-01   1.1011082e-01   3.0386885e-01   1.8452236e-01   1.8045682e-01   0.0000000e+00   6.6906543e-02   1.0502225e-01   2.6362289e-01   3.9461875e-01   2.9777331e-01  -2.4529818e-02   2.0779820e-01   1.5094290e-01  -3.9216931e-02  -2.7038299e-02  -6.0883275e-03   1.1005988e-01   2.4180044e-01   6.8008380e-02   9.8310007e-02   9.4761690e-02   1.5960664e-01   1.5267200e-01  -1.8538099e-02  -2.3679436e-02   6.0692375e-04  -5.7617852e-02  -6.9104097e-02  -9.8508517e-02   1.0618234e-01  -9.5662190e-02  -1.5350772e-02  -6.1113428e-02   3.7341156e-02   3.7062328e-02   4.2091150e-02   8.8063861e-02  -1.2755862e-02  -4.0102119e-04   2.3118444e-02  -1.3124773e-02   4.6660932e-02   1.8973138e-02  -1.3240620e-02   9.2538138e-02  -1.0793757e-01   5.7932030e-02   1.2263028e-01   1.3814038e-01   1.2301468e-01   7.1168055e-02   6.7883449e-02   3.2701410e-02   5.6341134e-02   5.9327720e-02   2.7230956e-02  -7.2825442e-02  -2.0104782e-03   1.3027366e-01   1.9515865e-01   1.6561548e-02   2.5273406e-01   7.5595453e-02   5.3505034e-02   2.1064542e-01   7.3302438e-02   5.2544550e-03  -4.9318388e-02   0.0000000e+00   6.7512101e-02   6.2810209e-02   4.4418659e-02
  -4.8767204e-02   0.0000000e+00   0.0000000e+00   3.3323572e-04   4.4539259e-01   1.4175581e-01  -6.3116703e-03  -2.6045343e-02  -1.7951090e-01   9.0031122e-02   9.9598710e-03   8.1159177e-02   2.3267984e-01  -3.9887971e-03   7.2216600e-02   8.4688744e-02   0.0000000e+00   4.0186692e-01   1.4724833e-01   2.0573377e-01   3.0038247e-01   1.7744876e-01   7.2217730e-03   1.2147654e-01   2.1114664e-01   1.8212732e-01   2.2492209e-01   1.6302607e-02   1.5709479e-01   5.0912829e-02   2.4296807e-01   1.2113252e-01   2.0344472e-01   5.3839573e-02   1.4171751e-01   2.0076364e-01   1.0149724e-01   1.3159002e-01   1.5634455e-01   5.9855484e-02   7.5500512e-02   1.8322020e-01   1.8253794e-01   1.5859867e-01   1.2666398e-01   2.1972638e-01   1.1043042e-01   1.0426080e-01   2.5099127e-01   1.2710888e-01   0.0000000e+00   2.2536331e-01   1.2709615e-01   1.1842541e-01   1.8142861e-01   1.7475333e-01   2.4336834e-01   4.8880278e-02   1.5327014e-01   5.9800681e-02   9.4911615e-03   1.3413036e-02  -4.7976871e-02   1.0906119e-01   5.9931941e-02   1.5631214e-01   6.2393373e-02  -8.8953758e-02  -6.2672144e-02   2.0566059e-01   2.7487976e-02  -8.3277694e-02   9.8445108e-03   7.0811883e-02  -1.7789673e-02  -8.1958743e-02  -3.2245620e-02  -2.2408169e-04   1.7090946e-02   1.0210206e-03   1.0443132e-01   9.8211190e-02  -1.1371092e-02   2.5238574e-01   1.5038799e-01   1.2267898e-01   5.8316792e-02   1.7114326e-02   4.8569285e-03   5.4353005e-02   1.5086095e-01   1.3442800e-01  -8.1734962e-02   8.8782167e-02   1.0442714e-01   8.1768433e-02  -5.9069928e-03   1.2652165e-01   2.8702183e-02   6.2630291e-02   1.0077162e-01  -7.6529689e-02   4.2023806e-02   1.0237702e-01  -1.4437495e-02  -5.4270799e-03  -6.3419135e-02   8.5434147e-02  -4.2469010e-02   8.4696056e-02   2.7241473e-02  -2.4204155e-02  -3.0247674e-02   1.0497799e-01   0.0000000e+00   2.6261438e-04  -4.5851247e-03  -2.4637127e-02
  -3.1317223e-02   0.0000000e+00   0.0000000e+00   5.6448846e-02   4.4851660e-01   2.2314278e-01  -3.2851829e-02  -2.3301699e-02  -1.7763227e-01   1.7927924e-01   1.0592375e-01   1.5559783e-01   3.6645876e-01   1.1132072e-01   6.3017786e-02   5.6299483e-02   4.0186692e-01   0.0000000e+00   1.6176048e-01   4.1720250e-01   2.8098277e-01   3.2058374e-01   1.6002682e-02   4.4446115e-02   2.8373389e-01   1.8035360e-01   4.2760213e-01   9.3180656e-02   2.7687163e-01   1.1202106e-01   4.4064661e-01   2.6272258e-01   2.3291568e-01   2.5176682e-02   2.9208434e-01   2.1852214e-01  -3.1173679e-03   1.4489046e-01   1.6882696e-01   1.1151974e-01   1.4145623e-01   2.5515325e-01   3.1748905e-01   1.2717159e-01   1.9009303e-01   3.2888988e-01   2.8499351e-01   3.9406759e-02   4.8204274e-01   3.1957088e-01   0.0000000e+00   3.2420035e-01   1.6881583e-01   4.5956916e-02   1.6267371e-01   1.3549587e-01   5.0733156e-01   3.7934805e-02   2.8876508e-01   4.4450174e-02   8.2185072e-02   4.1064039e-02  -6.3883732e-02   1.2533595e-01   1.4383472e-01   2.3991045e-01   2.1919656e-02   2.1286780e-02  -1.1267134e-01   4.9783883e-01   1.4901131e-01  -1.3497412e-02   5.7236561e-02   7.3197194e-02   1.8730740e-03  -7.3646146e-02   5.8143497e-02   1.4139279e-01   1.8908772e-01   1.1732252e-02   1.6300615e-01   2.7766370e-01   1.1449883e-01   5.3670275e-01   3.1278890e-01   3.0460017e-01   1.7287989e-01   8.3995993e-02   7.3434251e-02   1.3602379e-01   2.0618619e-01   2.5335995e-01  -4.3939007e-02   1.5275216e-01   5.7458107e-02   8.8560059e-02  -4.5980613e-03   6.0836900e-02   4.9163801e-02   1.1263627e-01   1.2955725e-01  -6.4619897e-02   1.3157799e-01   6.6165873e-02  -6.2074644e-03  -3.0439853e-02  -9.2565943e-04   9.4856605e-02  -5.7627110e-02   1.9270045e-01  -5.8689116e-02   9.4274142e-04   5.8509890e-03   1.2953141e-01   0.0000000e+00   1.8030739e-02  -1.2169004e-01  -9.0728504e-02
   4.5018334e-02   0.0000000e+00   0.0000000e+00   5.3794852e-02   1.9866297e-01   6.1630421e-02   1.1672417e-01  -5.1327969e-02  -1.1579907e-01   1.4751275e-01  -3.2646839e-02   6.0992362e-02   5.0850877e-02   6.2709966e-02   1.1878777e-01   2.0802685e-01   1.4724833e-01   1.6176048e-01   0.0000000e+00   1.1163850e-01   1.3436317e-01   1.3475713e-01   5.6925939e-02   8.0930248e-02   1.6476661e-01   9.4854105e-02   1.3053787e-01   5.5063209e-02   1.4572880e-01   7.2902660e-02   1.1299838e-01   1.3090664e-01   1.5447939e-01   7.3138159e-02   9.0120577e-02   2.7241844e-01   1.3818057e-01   1.8642700e-01   1.2607469e-01   6.1282770e-02   1.4760688e-01   2.0669779e-01   2.9605236e-01   1.5491320e-01   1.0034566e-01   1.7789844e-01   1.6614606e-01   2.3696185e-01   1.7747158e-01   1.2445666e-01   0.0000000e+00   2.1823912e-01   4.1008260e-01   2.2633099e-01   2.7959226e-01   9.1380044e-02   2.0460163e-01   9.9847047e-02   4.9427324e-01  -7.5321074e-02  -3.4229590e-02  -1.3518248e-02  -5.2624872e-02   2.8913386e-01   7.8988450e-02   2.1734516e-01   1.5912519e-01   1.6010784e-01   1.2610554e-01   9.4889735e-02  -2.0128678e-02  -1.3164926e-01   3.9662720e-02  -6.5984072e-02  -4.0514761e-02   1.3722958e-01   5.4580065e-02   6.8562348e-02  -3.0429843e-04   3.1786273e-02   1.1825301e-01   8.7793337e-02  -1.6843818e-02   1.0169978e-01   1.5398621e-01   8.4114920e-02   9.9353138e-02   5.3898218e-02   2.2227842e-01   8.0919748e-02   2.0955014e-01   4.7517042e-02   7.6295128e-02   3.0084407e-01   3.3534003e-01   1.4761630e-01   7.2877738e-02   1.8284926e-01   2.7080785e-01   2.1290637e-01   1.1831109e-01   8.6144025e-02   1.0763221e-01   3.4177110e-02   1.5675895e-01   1.9800751e-01  -2.6096791e-02   2.1578477e-01   6.4264506e-02   1.9416846e-01   2.0958235e-01  -7.1430266e-03   1.4943615e-02   5.5536100e-02   0.0000000e+00  -8.2577784e-02   2.8256858e-02   1.8535187e-02
   5.1001026e-02   0.0000000e+00   0.0000000e+00  -8.4511652e-02   3.6063213e-01   8.1301620e-02  -4.1833336e-02  -7.3415450e-02  -1.4747040e-01   2.2382128e-01  -3.4760313e-02   1.3883578e-01   3.8006979e-01   7.0063737e-02  -3.1171250e-02  -1.7159508e-02   2.0573377e-01   4.1720250e-01   1.1163850e-01   0.0000000e+00   5.0647740e-01   4.6149582e-01   6.2326076e-02   9.2977279e-02   4.3705305e-01   2.7455087e-01   4.4244777e-01   1.6482352e-01   1.0721925e-01   1.6117049e-02   3.6529355e-01   1.7759758e-01   9.2231152e-02  -7.7797940e-02   2.8025509e-01   1.0707960e-01   3.5146382e-02  -1.3956521e-02   1.0034369e-03  -2.3763209e-02  -7.7790402e-03   1.0801486e-01   2.9522224e-01  -2.1450145e-02   9.4134782e-02   1.5641136e-01   1.6114231e-01  -1.3109814e-01   4.3994515e-01   1.6148949e-01   0.0000000e+00   2.2110172e-01   1.8949094e-01  -5.2456387e-02   1.2684139e-01   5.9531916e-02   4.2255936e-01  -7.3970375e-02   2.3291250e-01   1.7835440e-01   3.6343793e-01   2.5605477e-01  -6.2503363e-02   2.4864845e-02   8.6090891e-02   1.4811544e-01   2.6590194e-02   3.8427340e-02  -1.4384209e-01   4.6864216e-01   8.8777633e-02  -7.1823384e-02   8.7706434e-02   6.5873309e-02   1.0298049e-01   2.2174061e-02   1.1314287e-01   3.4233518e-01   1.5966530e-01  -8.0713271e-02   5.7917654e-01   3.1573324e-01   1.4065168e-01   7.7008650e-01   4.4204939e-01   4.6640680e-01   2.7593866e-01   3.6620999e-01   3.2453566e-01   1.9355717e-01   1.7095686e-01   2.1423675e-01  -1.1193736e-02   2.4909254e-01   1.1765745e-01   8.4807805e-02   8.1557275e-03  -3.9244744e-02   6.8405703e-02   7.5531745e-02  -2.6217251e-02  -1.1142340e-01   1.9666320e-01   2.5399883e-01  -1.1922907e-02   1.1093386e-04  -5.8709657e-02   6.3880232e-02  -9.4847540e-02   1.8475020e-01  -5.4344896e-02   9.9061315e-03  -5.4644971e-02   5.3524431e-02   0.0000000e+00  -5.5271969e-02  -1.4997462e-01  -3.4412853e-02
  -2.3908604e-02   0.0000000e+00   0.0000000e+00  -4.2069446e-02   2.5764268e-01   3.2097501e-02  -2.2131696e-02  -9.6711086e-02  -2.8070482e-01   2.5720922e-01   8.4921389e-02   1.0748917e-01   5.7052836e-01   8.2843192e-02   1.3377508e-01   7.5608799e-02   3.0038247e-01   2.8098277e-01   1.3436317e-01   5.0647740e-01   0.0000000e+00   3.2191323e-01   2.0551469e-01   3.4170638e-01   4.0698344e-01   2.0999957e-01   3.4607522e-01   2.1222070e-01   2.4372057e-01   3.0226109e-01   4.0105916e-01   1.9201165e-01   1.8180752e-01   1.9183537e-01   2.7581074e-01   1.8826586e-01   1.4431861e-01   3.1420156e-01   1.5168676e-01   2.5059400e-01   1.8434542e-01   2.4194267e-01   2.5247269e-01   1.7929443e-01   2.5526840e-01   3.3037506e-01   2.1886749e-01   9.5037911e-02   3.1051195e-01   9.3922109e-02   0.0000000e+00   2.3792073e-01   1.4882453e-01   1.1555767e-01   1.3519067e-01   1.7280420e-01   3.5034531e-01  -5.5277133e-03   2.5496503e-01   1.6849948e-01   1.6349130e-01   1.3488321e-01  -5.4760918e-02   1.2047501e-01   1.4504727e-01   1.9364068e-01  -2.5143186e-02  -8.1022895e-02  -5.2819511e-02   3.0842157e-01   6.9077920e-02  -6.5252221e-02  -9.9753971e-02   1.3512033e-02   2.4642790e-02  -1.2269008e-01  -6.2432219e-02   4.7140157e-02   3.3984902e-03  -6.9950758e-02   2.2937852e-01   2.0445638e-01   3.3591194e-02   3.0420707e-01   1.6917013e-01   1.6932568e-01   6.0185287e-02   1.0958690e-01   3.2894491e-02  -6.7851658e-02   1.8512895e-01   1.7807245e-01  -1.4643462e-01   1.5936802e-01   4.1453482e-02   7.1097165e-02   6.3550320e-02   9.0703854e-02   6.8036619e-03   4.3188240e-02   2.6818465e-02  -1.3247246e-01  -4.3566270e-02   2.6155367e-01   5.4630731e-02   7.1484550e-02   5.0440172e-03   9.4654310e-02  -2.1812349e-02   1.2082009e-01   4.3568371e-02  -1.6707662e-02   2.2771897e-02   5.7832864e-02   0.0000000e+00  -8.9647127e-02  -5.5390764e-02  -9.2021650e-02
