   0.0000000e+00   4.8969208e-02   8.4752876e-02  -5.3222512e-02   5.3158238e-02   4.7991410e-02   1.2054576e-01   1.8911482e-01   3.4180940e-02   2.7402492e-03   7.5437136e-02   7.3415970e-02  -4.7764002e-02   6.7520033e-02  -3.4781434e-02  -3.4509277e-02  -1.0861253e-01   4.1064031e-02  -4.1859455e-02  -5.0404880e-02  -6.1852443e-03   7.2148608e-03   4.8467463e-02  -4.5405518e-02   2.4813881e-03   1.1279387e-01   4.9140186e-02   1.4272300e-01   4.3723940e-02   6.3877630e-02  -5.2846902e-03   1.3902218e-01   6.0906930e-02  -3.8183708e-02   1.1316126e-01  -1.3290116e-02  -1.5897395e-02   2.1940058e-01   1.4708352e-01   8.5350542e-02   2.4772659e-02   6.7181107e-02   7.4751500e-02   1.0851385e-01   9.5984592e-02   2.3456888e-02  -1.4161433e-01  -2.3640064e-02  -2.3628242e-02   1.4948558e-01   1.9477101e-02   9.7093175e-02   1.4251339e-01   3.1982621e-02  -6.2231010e-02  -1.1586701e-01   8.8017674e-02  -8.6693324e-02   5.7606489e-02  -6.5537254e-02   1.8690961e-02   9.4048301e-02   1.4149392e-01  -3.2644349e-02  -6.7151182e-02  -7.4514142e-02   9.4784967e-02   1.7338622e-02   2.1560248e-02   1.0185950e-01   1.0328026e-01   8.0625364e-02  -2.9856642e-02   2.3636335e-01   2.5056307e-01   2.6060439e-02   5.1274290e-02   1.3725498e-01   1.8840177e-01   1.3066354e-01   1.8234084e-01   1.1590105e-01   2.8376766e-02   4.7127119e-02   5.3000900e-02   1.7803438e-01   1.3161861e-01   1.0829379e-01   1.3162902e-01   5.2207883e-02   1.1920890e-01   1.9066830e-01   1.1278363e-01   1.4637537e-01   8.4261254e-02  -2.5655974e-02   1.1484550e-01   1.0348052e-01   1.1714504e-01   1.1673417e-01   1.3445325e-01   1.4497487e-01   1.7213510e-01   4.8427422e-02   1.7049671e-01  -5.2658915e-02   1.6619667e-01   1.4549323e-01   1.0686642e-01   9.6561312e-02   5.2204883e-02   1.9715948e-02  -3.7587425e-03   2.2754293e-02  -1.1521441e-01   2.1298987e-01   1.3899491e-01   4.9589904e-02
   4.8969208e-02   0.0000000e+00  -1.4064378e-01   6.4007822e-02  -1.2405580e-01   5.4523197e-02   8.6549636e-02   1.5387706e-01   7.1989097e-02  -1.8101444e-02   8.2470776e-02   1.1277175e-01   4.0057866e-02   1.7757152e-02  -1.2614413e-01  -1.0409667e-01  -1.5864337e-01   4.7231552e-02   5.2001033e-02  -3.1014385e-02   3.9894495e-03  -6.2438897e-02  -3.6804318e-03   3.0415594e-02  -2.0518679e-03  -3.3372122e-02  -6.9739554e-02   2.2762905e-03  -7.6526819e-02   4.3991348e-02   5.7168246e-02  -4.8168400e-02  -6.2896017e-02  -3.7284945e-02  -1.7004633e-01  -6.2366648e-02  -7.4535478e-02  -3.1218512e-02  -3.6700966e-02   6.2333061e-02   3.3787433e-02  -4.5504961e-02  -8.6439225e-02   5.0332115e-02   5.2281700e-02  -4.5050388e-02  -7.2707802e-02  -1.4167260e-01  -2.6778230e-02   4.0665621e-02   5.9393741e-03   3.5089226e-02   7.6601445e-02  -8.0034040e-02  -1.2378452e-01   7.3417069e-02  -7.9533316e-02  -9.6030176e-03   4.1682780e-02   1.3032350e-01  -3.6601602e-02  -6.3061795e-02  -9.3755290e-02  -8.6071386e-03  -5.5375351e-02  -2.8265497e-02   5.4607221e-02   5.2128067e-02   2.9712084e-01  -9.1397491e-02   1.5576456e-01   1.6413740e-01   2.3716585e-01  -8.9644457e-02   1.2396858e-01   2.2525119e-02   1.7334541e-01   1.1510199e-01   4.3365496e-02   1.2450592e-01   7.1147622e-02   6.4031969e-02   7.3271228e-02   6.0912249e-02  -5.6309185e-02   1.6641035e-02   2.2811278e-01   2.0302666e-01   2.1212152e-01   1.6212776e-01   8.6081017e-02  -4.2546571e-02   2.9351734e-02   4.8306314e-02   7.3834502e-02   4.7793285e-02  -2.4814007e-02   2.4145359e-02  -1.3088085e-02   9.8134618e-02  -6.4929014e-02   3.5805855e-02   1.5479831e-01  -1.9023555e-03   8.3183671e-04  -1.6090717e-02   4.3567596e-02  -5.3367903e-02  -3.0930870e-03   2.6537122e-02  -2.2764808e-03  -2.3465712e-01  -1.7213849e-01  -1.6743422e-01  -1.7550741e-01   5.8241359e-02   1.6932424e-01   2.8844722e-01
   8.4752876e-02  -1.4064378e-01   0.0000000e+00   5.8741993e-02   1.3445707e-01  -1.6500752e-02  -2.1986022e-02  -4.1892488e-02  -5.3823130e-02   3.8951453e-01   1.5846189e-01   1.0419629e-01   1.1331322e-01   3.0092137e-02   1.1560158e-01   3.2459399e-02  -8.8438141e-03   1.0213027e-01   5.2080430e-02   6.1819314e-02   8.7448276e-02   2.1548806e-01   1.0261134e-01   6.8678409e-02   1.5812060e-01   5.7723338e-02   1.7276292e-01   1.9421291e-01   1.6487754e-01   1.7716849e-01   2.2592652e-02   8.5943616e-02   2.6263216e-02   1.3413661e-01  -6.2541763e-03   9.0431234e-02   5.3372206e-02   2.1167485e-01   7.4252472e-02   2.1933333e-01   2.4902851e-01   7.2866513e-02   4.3395054e-02  -1.1848483e-02  -8.4351395e-02  -2.0991298e-02   9.3757921e-02   1.3857764e-01   2.2608336e-02   1.2898298e-01   9.2186742e-02   1.1849425e-01   4.4968013e-02   1.4455049e-01   3.6079820e-02   5.2762015e-03   1.2414536e-01   4.9232032e-02   1.6571847e-01   5.7924090e-02   3.1342423e-02   8.1356606e-02   2.1655777e-03   9.4938449e-02  -7.0104345e-02   2.0302779e-01  -8.3402129e-02  -8.7876431e-02  -1.4542384e-01   9.2902145e-02  -1.0862179e-01  -3.3869202e-02  -1.3568201e-01   2.3199212e-01   1.4113896e-01  -7.8053524e-02  -1.3751673e-01  -7.6332324e-02   5.7062844e-03  -4.7722467e-02   2.6312183e-02   9.6320817e-02   4.4047832e-03  -3.0339008e-05   1.8299453e-01  -1.6499471e-02  -1.6679363e-02  -4.4574762e-02   7.8647218e-02  -1.7779428e-02  -5.3689864e-02   2.4423025e-02  -9.2207047e-02   1.1867729e-01   9.2271736e-03  -9.2786656e-02  -1.3437238e-01  -8.7594685e-03  -3.7554436e-02  -4.0534184e-02   7.4123135e-02  -8.3981957e-02  -1.8931801e-01   2.4188125e-03   5.1905450e-03  -2.3286709e-02  -2.0475686e-02  -2.1889108e-03   8.5356724e-02   1.5856010e-01   1.7563263e-02   9.1164062e-02   6.6279725e-02   1.2915411e-02  -3.2723526e-02  -4.4821601e-02  -2.5511896e-02  -6.7020992e-02
  -5.3222512e-02   6.4007822e-02   5.8741993e-02   0.0000000e+00   8.0678022e-02  -9.5084980e-02   1.1136901e-01  -1.9556087e-02   6.3205984e-02   1.6357851e-01   4.9375057e-02   5.7328832e-02   5.5964540e-02   5.7720605e-02  -6.9145913e-03   6.6426522e-02   7.4157907e-02   8.6632176e-02   1.7050159e-01  -2.9470625e-02   7.6881394e-02   2.2090696e-02   1.2116353e-01   7.3456054e-02   2.4982362e-03   6.6020694e-02   2.3063115e-02   4.4562478e-02   8.5747388e-02   1.4093704e-01  -6.7247799e-02   5.8900432e-02   1.5139395e-02   1.1345921e-01   6.0242460e-02   6.7299374e-02  -1.2271684e-02   9.7143534e-02   1.4001163e-01   1.2339950e-01   1.0403884e-01   4.8426878e-02   5.0929441e-02   2.4362791e-02   2.6659890e-02   4.1462840e-02   1.3332922e-01   1.1496718e-01   5.1468073e-02  -3.8302996e-02   4.1071842e-02   4.7684193e-02   5.3950667e-03   4.7696936e-02  -1.6491181e-02   5.5831306e-02  -1.1302212e-02   4.6488868e-02   1.6881249e-01   1.8301918e-02   3.4683845e-02   1.8320267e-02  -5.2469532e-03   1.7928882e-02   5.0618143e-02   3.3752254e-02   5.2952829e-02   4.5833388e-02   1.8579835e-02   5.2714318e-02  -2.8316229e-02   4.4546662e-02   3.5714519e-02   2.1634387e-03  -4.4200719e-02   8.0228446e-02  -4.2831463e-02  -7.5103879e-02   3.1648826e-02   2.6073290e-02  -2.2156108e-02   2.5085677e-02  -8.4415025e-03  -3.2584490e-03  -1.0438644e-02  -1.0816362e-02   6.0917690e-02  -2.4906850e-02   3.9525953e-02   5.4576030e-02   4.3409456e-02  -6.1540557e-03   1.1496168e-02   7.6307073e-02   7.3361010e-02   5.3641005e-02   4.7704986e-02   7.5246901e-02   8.2110124e-02   8.4137273e-02  -3.9530341e-02   3.5237961e-02  -2.5712289e-02  -7.2138023e-02   3.0042664e-02   2.5701233e-02   3.5201586e-03  -2.3270409e-02   7.7753330e-03   6.4178347e-02   7.3570166e-02   7.4095900e-02   1.2015822e-01  -1.5574821e-02   2.3040881e-03  -7.6655962e-02  -4.7318307e-03   1.5226149e-02
   5.3158238e-02  -1.2405580e-01   1.3445707e-01   8.0678022e-02   0.0000000e+00   2.0078080e-01   9.7597109e-02   3.4276740e-02   2.0469480e-02   3.0132492e-01   3.8734229e-02   1.1280639e-01   2.1259774e-01   9.1403052e-02  -1.7671478e-02  -4.7145139e-03   1.8562309e-01   3.0615502e-01   2.8172311e-02   2.0707113e-01   9.4662723e-02   1.3011114e-01   4.5515862e-03  -4.6395356e-03   2.2221992e-01   1.8235353e-01   3.8062840e-01   2.3528792e-01   1.6918299e-01   2.2161969e-01   1.5598779e-01   1.9656927e-01   5.9618442e-02   1.6875248e-01   4.3457990e-02   5.7257286e-02   9.6856679e-02   2.0516250e-01   1.8176885e-01   1.7605283e-01   1.8253532e-01   1.2477805e-01   1.6069144e-01   2.8031936e-02   6.4959176e-02  -1.3308051e-02   4.3770603e-01   1.3245581e-01   1.6103727e-01   2.4064949e-01   2.5226834e-01   2.1224855e-01   4.4753285e-02   1.0852628e-01   2.3108613e-01   4.0485314e-02   2.6265833e-01   1.3771290e-01   2.3296560e-02   1.0269716e-01   2.0577478e-01   1.5007644e-01   6.9309261e-02   6.2473955e-02  -4.3232233e-03   1.6614885e-01  -2.0132904e-02   4.3573573e-02  -1.1706249e-01   2.3791265e-01   4.4877499e-02   1.3124534e-01  -3.1775980e-02   4.2403649e-02   2.5185924e-02  -6.9288864e-02   1.8723934e-02   4.8384237e-02   2.2985639e-01  -3.2850852e-02   2.6895115e-01   2.3494569e-01   2.1644591e-01   2.1108921e-01   2.2594852e-01   8.7306869e-02   7.4698464e-02   5.4385633e-02   1.7853415e-01  -8.9171775e-02   4.7589723e-02   2.2052191e-01   5.7304805e-02   6.6481094e-02   5.3718419e-02  -3.8757777e-02  -2.3792875e-03   5.0291881e-02   1.4967346e-02   3.5890487e-03   1.9531849e-01  -1.5045638e-02  -1.5402556e-01   1.6228832e-01   7.5934445e-02   1.7267288e-01   1.0652604e-02   1.6139584e-01   2.0405577e-01   9.4882894e-02   7.6693167e-03   1.7207605e-01   1.2642004e-01   2.1337401e-01   1.3607668e-03   8.6729306e-02  -5.6563977e-02  -4.2855528e-02
   4.7991410e-02   5.4523197e-02  -1.6500752e-02  -9.5084980e-02   2.0078080e-01   0.0000000e+00   6.4532798e-02   1.6945821e-01   7.4158158e-02   6.5583501e-02   3.6940878e-02   5.5582243e-02   1.0937353e-01  -4.8495057e-02   4.5956886e-02  -1.3957706e-01  -6.3300115e-03   1.7493703e-01  -5.8046273e-02   7.5958582e-02   7.7349418e-02  -6.8403672e-02   1.0935335e-01   2.3021158e-02   4.6611814e-02   1.0032619e-01  -2.9697454e-02   4.9546334e-02   2.1917461e-02  -6.5231853e-05   3.3511148e-02  -3.7829280e-02  -6.0557663e-02   2.2059181e-02  -4.5386038e-02  -8.2086538e-02  -7.5363717e-03   1.4787214e-02   3.3210461e-03   8.3302952e-02   2.2634948e-02   6.3855834e-03  -3.1643712e-02  -3.2002812e-02   3.5034975e-02  -1.9915092e-02   2.4840796e-02   1.6368640e-02   4.7813745e-02   5.6689837e-02   1.3975514e-01   9.9027640e-03   2.2422552e-02  -1.0176378e-01  -2.7862155e-02   4.4821340e-02   9.9068324e-03   1.7819691e-02  -1.0208171e-01   3.3719370e-02   1.8222750e-03  -4.6968329e-02  -6.1859353e-02   2.6284998e-02  -5.6893700e-02  -5.4060626e-02   8.4181635e-03  -2.7852273e-02   7.0216983e-02  -2.1008430e-02   1.6678623e-01   1.6344905e-01   9.8282720e-02  -4.5878184e-02   8.9423141e-03   1.0186333e-02   5.1318576e-02   5.5861085e-02   6.1460279e-02   8.7567502e-02   3.2680408e-02   1.0070787e-01   1.2455889e-01   5.6725961e-02   1.5362023e-02   2.9805977e-02   1.4543273e-01   1.0265237e-01   1.9559220e-01   8.0770105e-03   7.2990974e-02  -4.4484288e-02   2.7976177e-03   8.1649352e-02  -5.5257103e-02  -4.3393243e-02  -5.7263429e-02  -7.3775361e-02  -2.7572873e-02   1.4759760e-02  -5.1584027e-02  -8.5716936e-02  -6.8586591e-02  -4.3335845e-03  -1.1805909e-01   3.5792541e-02  -1.3497486e-01   6.5765010e-03   1.6458548e-02   5.2531480e-02  -5.1059136e-03  -8.6721758e-02   4.7244056e-02  -1.9627024e-01  -1.5056581e-01   1.0626946e-01   5.0251211e-02   1.0348222e-01
   1.2054576e-01   8.6549636e-02  -2.1986022e-02   1.1136901e-01   9.7597109e-02   6.4532798e-02   0.0000000e+00   6.7945311e-02   6.9056244e-02   1.8757719e-01   1.7647342e-01  -3.3553586e-02   9.0280930e-02   3.8329773e-02   8.1849978e-02   1.3655414e-01   9.6873601e-02   8.7311622e-02   2.7401912e-01   2.0093927e-02   4.1751705e-02   1.0681322e-02   6.9039647e-02   4.9892321e-02   5.6819598e-02   2.3810802e-01   1.1339986e-01   1.1960484e-01   7.9339501e-02   6.8042883e-02  -1.3442208e-01   2.7593100e-01   2.9383134e-01   9.0468225e-03   1.5361774e-01   1.9791561e-01   2.2150050e-01   2.8392643e-01   2.6559531e-01   2.0320389e-01   1.8896183e-01   1.4180058e-01   1.8641788e-01   2.9283237e-01   1.1876901e-01   2.0818866e-01   1.2675250e-01   1.1273484e-02   1.1812777e-02   3.9143944e-02   7.7389630e-02   1.1725353e-01   1.7272068e-01   1.5659188e-01   1.6327124e-01   1.4931865e-01   2.1324223e-01  -7.7314590e-02   1.2412678e-01   4.1493737e-02   2.5157013e-02   1.2491045e-01   1.6322550e-01   1.2050984e-01   1.2060194e-02   2.3719873e-01  -9.4917119e-03   9.1884865e-02   6.8687651e-03   1.6874011e-01  -1.2896673e-01   2.5365499e-02   4.4805026e-01  -5.7217143e-02   1.3577465e-01   5.7154861e-02  -3.1507023e-02   2.7230973e-01   3.2330717e-01  -1.1646357e-01   8.6543673e-02  -9.5374554e-03   1.1728815e-02  -9.3667544e-04   1.1823059e-01   3.1405247e-02   6.5936235e-02  -2.2773915e-02   2.0691309e-01  -4.8318859e-02   1.0122675e-01   2.8215639e-01   3.2215352e-01   4.3763808e-02   3.4518643e-01   1.5166805e-01   3.0539706e-01   3.1544627e-01   2.6856291e-01   2.3045769e-01   1.2905020e-01   2.5499897e-01   2.1653703e-01   1.0520890e-01   1.8727362e-01  -5.7833100e-02   1.5606828e-01   2.0938792e-01   1.5614005e-01   2.9819874e-01   5.4980388e-02   4.7134287e-02  -9.4461352e-03   1.1516000e-01  -3.1046078e-02   1.9797968e-01   1.7265801e-02  -3.0893332e-02
   1.8911482e-01   1.5387706e-01  -4.1892488e-02  -1.9556087e-02   3.4276740e-02   1.6945821e-01   6.7945311e-02   0.0000000e+00   2.5259867e-01  -1.1165265e-01   1.4457797e-02   4.7061421e-02  -3.0537317e-02   7.9815085e-02  -1.1192388e-01  -1.1185652e-01  -5.2006389e-02   4.1061289e-02  -1.2695589e-02  -1.0265558e-01  -1.0106443e-01  -9.2353984e-02  -9.0405146e-03   3.2608025e-03  -9.9542850e-02   7.4294105e-02  -1.7861280e-01  -1.4505731e-02  -1.5460658e-01  -6.3301514e-02  -4.2598697e-02  -1.5228048e-02  -1.4601648e-01  -2.0982641e-01  -1.2215738e-02  -2.2827366e-01  -2.1818231e-01   9.4169273e-03   3.5385091e-03   1.8303308e-02  -3.4505581e-02  -8.4763153e-02   1.1536881e-02   3.2728526e-02   4.9968086e-03  -1.9728220e-01  -1.1503977e-01  -1.6869433e-01  -2.6785935e-02  -1.5211790e-02   9.0498600e-02  -9.1383070e-02   1.0060851e-01   2.3885573e-02  -1.2467221e-01  -1.1335327e-01  -1.8170197e-01  -1.4425128e-01  -6.3519431e-04  -4.3602415e-02   1.1748525e-02  -5.7360761e-02   4.9067556e-02   3.3985427e-02  -8.8910468e-03  -3.9210120e-02   2.8792872e-01   1.1411608e-01   3.8105375e-01  -1.0155914e-02   2.4438141e-01   3.1555102e-01   2.3447781e-01  -1.7676816e-02   1.7591593e-01   1.8927786e-01   2.3396645e-01   1.9832071e-01   1.1847453e-01   3.3373039e-01   1.2397161e-01   1.9487619e-01   6.9491644e-02   1.2481396e-01  -4.3766838e-02   1.8271861e-01   3.7610848e-01   3.3346356e-01   2.8570781e-01   3.7762937e-01   2.1333216e-01  -4.5482126e-02   3.2520715e-02   1.2264821e-01   1.9771529e-03   7.8818445e-02   3.6229136e-02   4.8473259e-02   2.3438863e-01   1.4309726e-01  -8.7330296e-02   9.0859701e-02   2.1983974e-01  -1.3121971e-01   8.7362941e-03   1.0126339e-02  -4.4127870e-03  -1.0223900e-01  -6.5612891e-02   6.9662221e-02   1.3266735e-01  -3.9117621e-02   5.3950470e-02  -1.8460665e-01  -2.1071427e-01   4.2123993e-01   4.9707605e-01   2.6108360e-01
   3.4180940e-02   7.1989097e-02  -5.3823130e-02   6.3205984e-02   2.0469480e-02   7.4158158e-02   6.9056244e-02   2.5259867e-01   0.0000000e+00  -1.7774598e-02   2.0816407e-02   5.5200711e-02  -2.0666936e-02   3.2325958e-02  -5.9037085e-02   8.4170550e-02   7.3066647e-03   5.1830660e-02   9.8650178e-02  -5.8810865e-02  -3.0025504e-02  -1.8937245e-02  -7.7079325e-03  -1.9283798e-02  -5.6520467e-02  -1.1642231e-01  -6.6456061e-02  -2.9135097e-02   2.3626498e-02   1.4896695e-02   8.3258236e-03  -1.3606666e-02   7.0892092e-02   1.7050243e-02   1.2438691e-01  -3.7694586e-02  -1.0912664e-01   6.5808520e-02   1.0727645e-01   7.7608720e-02   1.4972558e-01   8.9508323e-02   5.4984004e-02   1.3062965e-02  -4.5536050e-02  -7.1785278e-02  -1.8081672e-02  -1.7246550e-02   1.3702077e-01  -1.0198094e-01  -2.2631620e-02   2.7116467e-02  -5.6454553e-02  -1.6821741e-02   9.4894031e-02  -5.0545112e-02  -2.0768289e-02  -1.5593139e-03   1.3265293e-01  -6.1914544e-02  -1.1211858e-02  -3.0671629e-02  -5.5263515e-02   1.6177760e-01   1.5490589e-01   1.0528215e-01   1.7616965e-01   7.3049558e-02   2.6901864e-01   9.3657899e-04   1.2278950e-01   8.1653697e-02   8.4598930e-02   5.4775264e-02  -1.4522437e-03   2.7772225e-01   9.5093558e-02   5.6376963e-02   4.8361180e-02   7.6421262e-02   8.7341601e-03   7.4868489e-02  -2.9970024e-02   2.8451052e-02  -7.6283434e-02   1.9715535e-01   2.5562296e-01   1.0426027e-01   1.9643878e-01   1.5811252e-01   1.9356634e-01   3.0829464e-02  -1.9329019e-03   4.2399187e-02   6.7245226e-02   2.4035356e-02   5.6546331e-02   1.1459956e-01   9.5824497e-02   2.4125080e-02  -7.1938866e-02  -1.2035785e-02   1.3501231e-01  -1.5649401e-02  -2.1195957e-02   1.0089480e-01   6.4445310e-02  -3.9521555e-02   3.2510044e-02   1.5466804e-01   3.0210550e-01   5.1184674e-02   7.2542307e-02  -4.3666131e-02  -7.3236012e-02   1.0661334e-01   1.3657967e-01   1.9015247e-02
   2.7402492e-03  -1.8101444e-02   3.8951453e-01   1.6357851e-01   3.0132492e-01   6.5583501e-02   1.8757719e-01  -1.1165265e-01  -1.7774598e-02   0.0000000e+00   3.7919555e-01   3.9520878e-01   3.1653184e-01   1.0597971e-01   1.0966968e-01   1.0910333e-01   6.5992689e-02   1.6217980e-01   1.3164688e-01   1.7864319e-01   3.8922319e-01   3.9351667e-01   1.3489970e-01   1.8815876e-01   4.1002039e-01   1.9375094e-01   3.4117475e-01   4.5825875e-01   3.9410149e-01   2.4759235e-01   8.4297572e-02   2.3372359e-01   1.2532802e-01   3.0098304e-01  -3.4086606e-02   2.3401602e-01   2.8463998e-01   6.2896624e-01   5.3613779e-01   6.0828808e-01   6.0459848e-01   3.4648429e-01   1.3078396e-01   4.5663130e-02  -2.0699567e-01   1.8592064e-01   2.7186817e-01   3.8356696e-01   8.0307558e-02   2.1879255e-01   1.4628140e-01   4.6867837e-01   8.7915847e-02   1.9754264e-01   1.4872211e-01   1.8439783e-01   3.4766651e-01   1.0224683e-01   2.2022819e-01   2.1157408e-01   8.5739173e-02   1.8486967e-01   6.8523131e-02   3.4753930e-02  -1.8564592e-01   2.4506814e-01  -7.3999292e-02  -3.8944360e-02  -2.1887286e-01   1.2025608e-01  -2.1898785e-01   3.6237465e-02  -5.2380224e-02   9.4716600e-02   4.5837153e-02  -1.0650697e-01  -2.4225386e-01  -1.0068066e-01   9.4221668e-02  -1.2776063e-01   9.1949470e-02   2.3257113e-01   1.5006264e-01  -2.0919025e-02   2.7035274e-01   1.0241047e-01  -6.0526202e-02  -1.6027110e-01   2.6452088e-01  -1.4605203e-01   5.0469643e-02   1.1310637e-01  -1.4935709e-01   1.7131567e-01   1.0513250e-01  -1.0114430e-01  -1.4859310e-01   3.9802971e-02  -1.8801589e-02  -9.5165113e-03   1.5365204e-01  -1.6456200e-01  -2.6121571e-01   1.4634737e-01   8.9721334e-02   3.6583918e-02   4.4647369e-02   1.0482741e-01   2.6915097e-01   2.4382728e-01   1.1510093e-01   2.0952609e-01   1.0622286e-01   1.8615681e-01   4.6777792e-02  -8.7193075e-02  -1.8535961e-01  -1.4199250e-01
   7.5437136e-02   8.2470776e-02   1.5846189e-01   4.9375057e-02   3.8734229e-02   3.6940878e-02   1.7647342e-01   1.4457797e-02   2.0816407e-02   3.7919555e-01   0.0000000e+00   1.9879959e-01   3.2719910e-01   1.6054926e-02   2.0216375e-01   1.1689143e-01   2.1696236e-02  -5.7337315e-02   1.7453564e-01   2.0284574e-01   4.6115753e-01   2.4205430e-01   2.1614516e-01   3.1168297e-01   2.6121465e-01   9.2751955e-02  -5.3006215e-02   1.2581961e-01   2.3115796e-01   1.4050101e-01  -6.2259346e-02   2.2965988e-02   6.8257034e-02   2.5199293e-01   9.8305648e-03   2.3723509e-01   4.4839960e-01   3.4323901e-01   1.2708183e-01   6.1164389e-01   2.9164915e-01   2.3009833e-01   1.3064301e-01   1.4469710e-01   2.7349722e-02   2.7155101e-01   1.3584276e-01   2.0626322e-01   5.2628060e-02  -4.8898921e-03   1.0382641e-01   6.7695162e-03   1.5449292e-01   1.9075801e-01   3.2025410e-02   1.6391506e-01  -1.8846471e-02   4.3970564e-02   9.1935665e-02   1.7571146e-01  -9.3641497e-02  -7.1048604e-02  -3.2044870e-02   1.0788737e-01   2.9611494e-02   1.8512686e-02   5.7017681e-02   2.5274455e-02   1.4112466e-02  -1.4406491e-01  -1.0919627e-01  -4.9551182e-03   1.3362345e-01  -1.0968496e-01   8.6940744e-02   5.6049523e-02  -9.6709420e-02  -6.5222507e-03  -1.4885530e-01   1.4359760e-02  -1.3875477e-01  -4.8091541e-02   2.8167176e-02  -1.2668046e-01   2.4826110e-02  -6.5401403e-02   3.5201899e-02  -6.8902965e-02   1.1619989e-01   1.3608400e-02   4.9231057e-02  -1.6831862e-01  -4.3770127e-02   1.0331828e-01   1.3124532e-01   7.5179540e-02  -1.7103814e-02   7.0455713e-02   5.7745652e-02   6.8825919e-02  -1.5069778e-02   1.2439523e-02  -3.3762595e-02  -5.2031213e-02   1.3600730e-02   6.9356791e-02   1.8112775e-03  -1.3986095e-02   1.1302894e-01   3.8322750e-02   1.2127640e-01  -2.8261100e-02   2.9771728e-04  -1.1037625e-01  -7.3403838e-02  -1.0144808e-01   5.6153645e-04   8.4184167e-02
   7.3415970e-02   1.1277175e-01   1.0419629e-01   5.7328832e-02   1.1280639e-01   5.5582243e-02  -3.3553586e-02   4.7061421e-02   5.5200711e-02   3.9520878e-01   1.9879959e-01   0.0000000e+00   1.5452322e-01   1.1203463e-02  -7.7534189e-03  -3.8979953e-02   1.8838711e-02   1.7574111e-01  -4.4915144e-02   2.6936679e-01   1.8912798e-01   1.4733598e-01   7.1208440e-02   1.3375373e-01   1.5726206e-01   1.7333745e-02   1.4345663e-01   1.9703477e-01   2.4318419e-01   1.8102195e-01   2.8677945e-01  -5.0597070e-02  -1.1140831e-01   1.3105933e-01  -1.7735177e-01  -1.6312776e-01  -1.5133524e-01   3.0639809e-01   2.8258513e-01   3.9706210e-01   2.7072588e-01   1.7344957e-01   1.7389795e-03  -6.5445285e-02  -2.1792609e-01  -4.2034397e-02   6.8394337e-02   2.1342553e-01   5.6566811e-02   1.5063414e-01   1.7629032e-01   2.3330224e-01   4.3006512e-02   3.2190282e-02   1.0445887e-02   7.2505548e-02   5.5347503e-02   1.5903369e-01   1.7377909e-01   3.3000414e-01   2.6482776e-01   1.0639511e-01  -1.5113536e-01   8.1164276e-02  -5.4920309e-02   2.7740842e-03   1.2062383e-01   8.7599049e-02   7.1589119e-02   1.5309446e-01   1.4727133e-01   1.8757144e-01  -6.4535328e-02   8.6970592e-02   5.6566946e-02   3.5409377e-02   2.2564729e-01  -1.0831930e-01   2.4058585e-03   1.3325021e-01   1.3808582e-01   2.4068791e-01   1.6307031e-01   2.7660175e-01   1.6141577e-01   3.3868490e-01   1.8852796e-01   6.9498224e-02   2.8111617e-01   2.9968428e-01   2.2028530e-01  -4.6539737e-02  -2.2565859e-01   1.3211950e-01   1.7489341e-02  -7.9170396e-02  -2.8494226e-01  -1.3966664e-01   3.2807881e-02  -3.2479783e-02  -9.4490527e-02  -1.4344100e-01  -1.8426408e-01   7.3048098e-02  -4.7966713e-02   1.7056274e-01   2.5453256e-03  -1.1558956e-01   9.7540308e-02   2.1492798e-02   1.8815171e-01   1.2516970e-01   9.6103345e-02   1.2723575e-01   1.3457470e-01  -5.6279051e-02   1.0300291e-01   8.7562099e-02
  -4.7764002e-02   4.0057866e-02   1.1331322e-01   5.5964540e-02   2.1259774e-01   1.0937353e-01   9.0280930e-02  -3.0537317e-02  -2.0666936e-02   3.1653184e-01   3.2719910e-01   1.5452322e-01   0.0000000e+00   1.2349070e-02   2.2657540e-01   7.0505273e-02   1.4523865e-01   2.0492042e-01   1.4418859e-01   4.9619682e-01   4.7288107e-01   2.7319976e-01   3.0917940e-01   3.5058313e-01   2.8126929e-01   1.8020241e-01   6.5191277e-02   1.3086362e-01   3.4948479e-01   4.3522573e-01   1.5801875e-01  -2.6190221e-02   3.3359958e-02   4.5494261e-01  -4.9138618e-02   1.1555315e-01   3.1381596e-01   2.4963831e-01   3.8042648e-02   4.4627878e-01   1.9821350e-01   2.2665937e-01   1.2786840e-01   7.6512192e-02   9.5247959e-02   2.4157837e-01   3.2121538e-01   3.1011397e-01   1.1032435e-01   3.3143352e-02   3.9013370e-01   9.6857682e-02  -1.1371107e-02   1.3133166e-01   3.4672613e-02   2.0776744e-01   1.3359873e-01   3.4135704e-01   1.6089151e-01   2.9192990e-01   6.5655886e-02  -1.8894290e-02  -3.3885952e-02   1.6988991e-01   2.3114833e-02   6.7937652e-02  -9.8246984e-02  -1.0377409e-01  -5.5630792e-02   1.2693802e-01  -5.0743641e-02  -2.4172520e-03  -6.0308817e-02  -1.8514081e-01  -1.5736211e-02  -2.8208253e-02  -2.7921295e-02  -1.3462625e-01  -7.3284253e-02  -8.7859624e-03  -5.2738862e-02   3.3975799e-02   1.0341495e-01   9.4247073e-02   9.8881168e-02  -7.8520130e-02   1.4915686e-01  -8.9362331e-02   9.5725535e-02  -6.9500690e-02   6.6176722e-02  -5.7514280e-02  -8.1358632e-02   1.1746307e-01   6.3125856e-02   1.7592380e-02  -1.1684196e-01  -1.5701837e-02  -6.6528156e-03   3.0831941e-02  -7.2314090e-02  -1.8010393e-01  -1.8877751e-01   5.0601001e-02   3.6717980e-03   3.1483074e-01  -2.8531656e-02  -4.2429159e-02   2.0864258e-01   1.0485589e-01   1.2982743e-01   2.7445656e-02   2.6806304e-02  -4.8886732e-02  -3.0724226e-02  -1.3201430e-01  -6.7405745e-03   1.2744635e-01
   6.7520033e-02   1.7757152e-02   3.0092137e-02   5.7720605e-02   9.1403052e-02  -4.8495057e-02   3.8329773e-02   7.9815085e-02   3.2325958e-02   1.0597971e-01   1.6054926e-02   1.1203463e-02   1.2349070e-02   0.0000000e+00  -6.4683221e-02  -4.9769836e-02  -8.0350306e-02   2.1011202e-02   6.6050427e-02   9.9521810e-02   7.7692791e-02   2.6993017e-01   2.8414472e-01   1.0371559e-01   2.5571728e-01   1.7519036e-01   1.9372558e-01   3.9807803e-01  -1.2409933e-01  -7.1053466e-03  -7.4748456e-02   2.1118517e-01   2.2716898e-03  -1.9739243e-01   1.2623393e-01   3.9442993e-02  -5.2449024e-02   8.9235920e-02   1.8237028e-01   4.8712613e-02   7.8215330e-02  -1.3522203e-02   1.4628402e-01   4.4648507e-02   1.2377055e-01  -3.4243878e-02  -1.9537747e-02  -1.9789487e-02  -4.4966711e-02   1.3544382e-01  -3.1141719e-02   5.4641424e-02   5.3241802e-02   2.3452365e-01   7.8605685e-04   2.2894549e-02   2.1195304e-01  -1.3214668e-01   2.6413977e-03   9.0476240e-02   1.9740554e-01   2.8771266e-01   2.6926936e-01  -9.0404851e-02  -1.4138532e-01  -2.3515202e-03   5.5814743e-03   1.1580106e-01  -9.1102011e-02   2.0057704e-01  -1.9565492e-02   1.9377454e-01   1.0651591e-01   6.2349311e-02   6.8961346e-02  -6.4720436e-02  -3.4006406e-02   1.5766846e-01   2.6671045e-01  -5.5985670e-02   2.7684924e-01   3.7687456e-01   3.4794215e-01   2.8129265e-02   8.6836100e-02   3.6362186e-02  -1.0874046e-01   1.8164854e-01  -5.3647973e-02   4.3150414e-02  -3.6618567e-02   2.7127244e-01   1.5218008e-01   3.9076695e-02   1.0216472e-01  -2.9923821e-02   2.0221561e-01   5.8390363e-02   6.8426612e-02   1.0625618e-01   1.7999485e-01   1.8428916e-01   2.0697177e-01   1.6103850e-01   3.5114869e-01   4.9108641e-02   1.6919461e-01   9.0508813e-02   2.2788356e-01   4.8791867e-02  -8.4542670e-02   1.1926717e-01   1.0173386e-01   1.0077894e-01   1.6037534e-02   2.8144847e-01   9.1701806e-02  -5.3242011e-03
  -3.4781434e-02  -1.2614413e-01   1.1560158e-01  -6.9145913e-03  -1.7671478e-02   4.5956886e-02   8.1849978e-02  -1.1192388e-01  -5.9037085e-02   1.0966968e-01   2.0216375e-01  -7.7534189e-03   2.2657540e-01  -6.4683221e-02   0.0000000e+00   3.0166686e-01   1.3564194e-01   6.6917418e-02   2.6098679e-01   1.0651888e-01   2.1485334e-01   1.7352974e-01   1.0552790e-01   1.2810754e-01   1.2739925e-01  -9.5519640e-03   2.7471017e-02   3.2671333e-02   1.8980175e-01   1.9006631e-01  -2.9738712e-02   2.8771846e-02   1.6727808e-01   2.6772096e-01  -6.8583768e-03   2.1257456e-01   3.4374420e-01   1.1723022e-01   2.9575046e-02   1.7040444e-01   8.4448238e-02   2.0048919e-01   1.4113480e-01   1.5603921e-01   6.5273552e-02   2.3239035e-01   1.9729233e-01   2.3479096e-01   1.2551716e-01   9.6538755e-02   1.0213123e-01   2.7764364e-03   1.5379763e-01   1.2651400e-01   1.7341644e-01   2.2397571e-01   1.0773216e-01   1.2179678e-01   1.7857518e-01   7.8890363e-02   3.9795685e-02   7.5692797e-02  -1.7000918e-02   1.1074980e-01   7.6924768e-02   8.6536546e-02   6.7265622e-02   1.3657538e-01  -7.5356883e-02   3.8989875e-02  -1.8248105e-01  -1.2874922e-01  -1.1648050e-01  -1.4917004e-02  -2.1248031e-01   1.1387166e-01  -6.7883314e-02  -6.7616377e-02  -5.2699817e-02  -2.0562616e-02  -7.2282006e-02  -2.4485201e-02   1.8698345e-02  -3.2722258e-02   9.7859280e-02  -1.1744125e-01  -7.9846041e-02  -5.6129289e-02  -2.3941746e-02  -2.5286350e-02  -2.4699866e-02  -1.6440246e-02  -2.8988009e-02   9.1380289e-02   1.9230200e-01   1.4077318e-01  -1.3063184e-03   9.7169021e-02   6.3647339e-02   1.3093894e-01   6.5289155e-02  -2.3544406e-02  -1.4391384e-01   8.4921801e-02   8.6076167e-02   1.9269909e-01   2.8359091e-02   9.0651763e-02   1.3518642e-01   1.2958778e-03   1.6948207e-01   1.1955157e-01   8.6993510e-02   7.8210018e-02   1.2407932e-01  -1.3285761e-01  -7.3536590e-02  -6.2868057e-02
  -3.4509277e-02  -1.0409667e-01   3.2459399e-02   6.6426522e-02  -4.7145139e-03  -1.3957706e-01   1.3655414e-01  -1.1185652e-01   8.4170550e-02   1.0910333e-01   1.1689143e-01  -3.8979953e-02   7.0505273e-02  -4.9769836e-02   3.0166686e-01   0.0000000e+00   5.5526925e-02   3.0906479e-02   3.8435311e-01   1.3603467e-02   7.8301806e-02   1.4866040e-01   2.8863597e-02   8.0995657e-02   6.8291653e-02  -9.5969172e-02   7.0921537e-02   1.7467740e-02   2.8331539e-01   1.1245103e-01   1.8020922e-04  -2.9209606e-02   2.4717961e-01   1.4089026e-01   6.3831057e-02   3.6284442e-01   2.6475963e-01   1.5054676e-01   1.5825447e-01   9.7592619e-02   1.5567156e-01   3.0305007e-01   1.2637618e-01   2.1484309e-01   5.6010347e-02   1.7732636e-01   1.9567696e-01   2.2988232e-01   1.3227229e-01   5.2651094e-02  -3.4391066e-02   1.2516636e-01   1.7332571e-01   2.3461274e-01   4.6599976e-01   2.5245853e-01   3.4076192e-02   1.9891369e-02   2.5226787e-01  -4.7797837e-02  -2.3443964e-03   1.6773286e-02  -2.8936396e-02   1.1953626e-01   9.9032169e-02   1.4300727e-01  -3.8303485e-02   2.1119107e-01  -6.7405624e-02  -1.4649076e-02  -1.7247595e-01  -1.4403945e-01  -1.3792152e-01   4.4633515e-02  -2.1440822e-01   1.4020203e-01  -3.5106596e-02   2.3388071e-02  -1.0544148e-01  -1.7091161e-01  -1.0158489e-01  -7.9252840e-02  -1.1696357e-01  -9.9226876e-02   5.5318744e-02  -9.9113627e-03  -9.6927833e-02  -1.8164795e-01  -6.9204545e-02  -5.1924220e-02  -5.7636452e-02   3.6532054e-02   1.7137026e-02   7.8307720e-02   1.0971764e-01   1.6653148e-01   1.0297314e-01   2.4854127e-01   6.1250168e-02   1.0767663e-01   1.2107776e-01   9.5177143e-02   9.2365782e-02   2.9527636e-02   8.5823972e-02   8.1412487e-02   4.2566713e-02   1.4242569e-01   1.0026087e-01   7.0825456e-02   1.4340918e-01   1.9083590e-01   8.2567337e-02   2.3692728e-01   1.4579776e-01  -1.7116491e-01  -1.5980761e-01  -1.4261782e-01
  -1.0861253e-01  -1.5864337e-01  -8.8438141e-03   7.4157907e-02   1.8562309e-01  -6.3300115e-03   9.6873601e-02  -5.2006389e-02   7.3066647e-03   6.5992689e-02   2.1696236e-02   1.8838711e-02   1.4523865e-01  -8.0350306e-02   1.3564194e-01   5.5526925e-02   0.0000000e+00   3.4082476e-01   6.3927939e-02   1.5704192e-01   4.6171478e-02   6.2477300e-02  -2.8510619e-02   6.2285983e-02   7.2375829e-02   4.2630233e-02   1.9521747e-01   6.6122102e-03   1.6157097e-01   2.2230648e-01   1.3750008e-01   6.5442564e-02   1.3247181e-01   1.8801279e-01   3.5883791e-03   7.4236929e-02   1.0437124e-01   8.8228870e-02   3.4693166e-02   1.1007992e-01   9.4706322e-02   9.2900852e-02   6.4656864e-02  -1.4054636e-02   6.9258244e-02   1.2770754e-01   3.9219733e-01   1.3912929e-01   1.2653967e-01   2.9983764e-02   4.5350655e-01   1.2314014e-01  -6.7115569e-02   9.9881735e-02   7.4759651e-02   2.3779659e-01   1.6193577e-01   2.0868202e-01   2.8965969e-02   1.7878429e-01   1.5198520e-01   4.8489613e-02  -1.2986907e-01   1.1184931e-01   6.3377548e-02   1.4405217e-01  -1.3110603e-01  -3.8329006e-02  -1.3035586e-01   2.5853302e-01  -6.5659752e-02  -7.4282899e-02  -6.7959140e-02   1.9791510e-02  -2.3545686e-01  -1.8788283e-02   7.6743562e-02  -3.5696380e-02   9.6940404e-02  -1.0156285e-01   6.9074899e-02   4.5793195e-03   5.8969953e-02   2.3271981e-01   1.6097264e-01   1.0505955e-02   3.7542495e-02  -2.1025617e-02   7.4603790e-02  -4.3912359e-02  -4.4874853e-02   7.8251196e-02  -6.6345057e-02  -1.6716936e-02   8.4485608e-02  -1.7401852e-03  -3.7447619e-02  -3.4643833e-02  -1.4221054e-01  -3.7168691e-02   6.0272477e-02  -1.0321900e-01  -6.5985192e-02   1.5596009e-01  -2.4859680e-02   1.3133319e-01   4.4465971e-02   5.0889052e-02   1.1442777e-01   1.8255480e-01  -3.7205200e-03   1.9535821e-02   3.4946749e-02   6.2024796e-02   3.5024539e-02   2.4364568e-02  -5.2127945e-02  -1.1567373e-01
   4.1064031e-02   4.7231552e-02   1.0213027e-01   8.6632176e-02   3.0615502e-01   1.7493703e-01   8.7311622e-02   4.1061289e-02   5.1830660e-02   1.6217980e-01  -5.7337315e-02   1.7574111e-01   2.0492042e-01   2.1011202e-02   6.6917418e-02   3.0906479e-02   3.4082476e-01   0.0000000e+00   1.1596419e-01   1.5701166e-01   2.5333962e-02   1.1306259e-01  -7.4909487e-02  -1.3486319e-01   1.4975845e-01   1.1387447e-01   4.0576053e-01   1.9376432e-01   2.7035210e-01   4.0248967e-01   3.7495772e-01   2.1319041e-01   2.4464056e-01   1.9897526e-01   1.4434030e-01   9.1627947e-02   2.1037419e-02   1.8179492e-01   2.1025057e-01   9.9745722e-02   2.0318307e-01   2.0606458e-01   2.0801186e-01   1.5650095e-02   1.7735463e-01   1.3317708e-01   1.5835981e-01   2.7143085e-01   3.6721086e-01   3.5042110e-01   3.3913447e-01   3.4219744e-01  -4.8023255e-02   4.4256065e-02   8.6262746e-02   2.3358343e-01   3.6920157e-01   2.9433157e-01   1.8947124e-01   1.2932533e-01   2.9370166e-01   1.5377922e-01  -2.4754609e-02   1.4168945e-01   3.4820273e-02   2.1746796e-01  -5.8869421e-02  -2.4058212e-03  -1.7468153e-01   5.6002053e-01   1.0585031e-01   1.1297918e-01  -4.8062188e-02   2.0744750e-01  -1.3939974e-02   1.1917852e-02   2.0521908e-01   9.9322782e-02   2.5795581e-01  -6.2171317e-02   2.9427277e-01   2.2530844e-01   1.8811544e-01   4.6750126e-01   3.3279914e-01   2.8726831e-01   9.3141075e-02   1.1749008e-01   1.8770583e-01  -3.4663242e-03   8.3937828e-02   2.9034938e-01  -6.4226005e-02   3.6220082e-02   2.8524889e-03  -9.5389458e-03   4.9570160e-02   3.7845624e-02  -3.5479325e-02  -1.8353111e-02   1.9464514e-01  -5.0453692e-02   3.1110783e-02   1.7506541e-01   3.2529123e-02   2.5012693e-01   1.2773235e-01   1.8156847e-01   2.8315622e-01   2.4186543e-01   3.2116142e-02  -7.1530738e-03  -1.1880596e-02   2.2326296e-01   4.9182702e-02   1.5809671e-01   1.6735248e-02  -1.6569784e-01
  -4.1859455e-02   5.2001033e-02   5.2080430e-02   1.7050159e-01   2.8172311e-02  -5.8046273e-02   2.7401912e-01  -1.2695589e-02   9.8650178e-02   1.3164688e-01   1.7453564e-01  -4.4915144e-02   1.4418859e-01   6.6050427e-02   2.6098679e-01   3.8435311e-01   6.3927939e-02   1.1596419e-01   0.0000000e+00   1.6413840e-02   1.1573312e-01   1.6291588e-01   3.8418246e-02   1.1359381e-01   1.8745297e-01   5.2311087e-02   8.6203499e-02   8.6686991e-02   2.2997623e-01   2.0183339e-01  -3.4438944e-02   8.7030749e-02   2.3586213e-01   1.5920999e-01   8.1636681e-02   3.8264541e-01   2.2531384e-01   1.8164243e-01   2.0485739e-01   1.6710252e-01   2.3013127e-01   2.3057372e-01   2.6378695e-01   3.5211580e-01   8.8660120e-02   2.4020397e-01   1.9032974e-01   2.4691235e-01   1.5883798e-01   8.4279401e-02   5.0142939e-02   1.0749188e-01   2.9668489e-01   2.4720929e-01   1.5805741e-01   2.4377038e-01   1.0118197e-01   6.5380085e-02   4.7269881e-01  -4.0773535e-03   3.7852106e-02   6.5741977e-02  -2.2757530e-02   9.1423195e-02   1.2935346e-02   1.7182985e-01   4.3200494e-02   2.6928655e-01   1.0831649e-02   7.8952606e-02  -1.8484363e-01   1.1162517e-02   1.2004154e-01   3.1421783e-02  -1.2802969e-01   1.9750566e-01  -4.3596686e-02   4.3866336e-02   8.3475552e-02  -1.6123054e-01   4.6072992e-02   3.0612548e-02   4.8480232e-02  -2.4698937e-02   1.3623538e-01  -5.4611141e-02  -5.0430917e-02  -4.9057846e-02   1.2231151e-01   2.4009071e-02   5.7187178e-02   1.0521704e-01   1.0605697e-01   1.6757786e-01   3.1884799e-01   2.4062757e-01   2.0976933e-01   3.8669178e-01   2.6075812e-01   3.0702165e-01   1.5226178e-01   1.9192483e-01   1.0761652e-01   8.6305412e-02   1.5016410e-01   1.7806384e-01   1.4490033e-01   7.2768379e-02   2.0098839e-01   1.6542337e-01   1.7132596e-01   1.0472668e-01   1.5962231e-01   1.2472751e-01   7.4630812e-02  -5.2620360e-02  -3.6287194e-02  -9.4742383e-02
  -5.0404880e-02  -3.1014385e-02   6.1819314e-02  -2.9470625e-02   2.0707113e-01   7.5958582e-02   2.0093927e-02  -1.0265558e-01  -5.8810865e-02   1.7864319e-01   2.0284574e-01   2.6936679e-01   4.9619682e-01   9.9521810e-02   1.0651888e-01   1.3603467e-02   1.5704192e-01   1.5701166e-01   1.6413840e-02   0.0000000e+00   3.6985995e-01   2.8963307e-01   3.2962848e-01   3.6837786e-01   2.5592685e-01   1.1526930e-01   2.3010777e-01   2.1611431e-01   2.0312874e-01   2.5806763e-01   2.3133628e-01  -3.2030413e-02  -3.8864214e-02   1.6586886e-01  -1.4538449e-01   6.8084125e-02   1.7950166e-01   1.8911665e-01   3.9041656e-02   3.6770990e-01   1.6042146e-01   1.2332904e-01   7.9215330e-02   1.8034195e-01   5.7991131e-02   1.5926104e-01   1.8573054e-01   1.8881523e-01   1.1956696e-01   1.5229064e-01   2.2491935e-01   1.2363823e-01   5.6201891e-02   7.5070690e-02   1.3968198e-01   1.9477384e-01   1.8297023e-01   1.6545364e-01   7.7717992e-03   2.6848777e-01   2.8152216e-01   8.3577321e-02  -1.2997027e-01   8.8834299e-03  -3.7938520e-02   3.1533154e-02  -2.2859526e-01  -9.9594937e-02  -6.6409854e-02   1.7005948e-01   6.3912989e-02  -6.3213328e-02  -4.8636391e-02  -5.5570747e-02  -2.0607925e-02  -1.8051929e-01   1.6307819e-01  -8.8068024e-03   1.3530732e-02  -1.2312850e-01   1.0551262e-01   4.8119619e-02   1.4999026e-01   2.8952708e-01   1.6303629e-01   7.6645032e-02   5.7815978e-02  -6.6193757e-02   8.4876259e-02  -1.2012530e-01   1.1489005e-01   4.7456053e-02  -2.0070237e-02  -2.4810654e-02   5.1689060e-02   6.5078780e-03  -1.0166913e-01  -4.1028080e-02  -6.5477399e-02   4.8635151e-02   4.1527619e-02  -2.1192676e-01  -1.5308842e-01   1.1367501e-01  -6.3390791e-02   1.7570205e-01  -1.0022531e-01  -7.1232352e-02   5.7294175e-02  -1.7181157e-02  -1.1230927e-02  -1.5341018e-02  -7.3067944e-02  -1.6273355e-02   5.0915267e-02  -6.0392914e-02  -5.4979021e-02   9.4219282e-02
  -6.1852443e-03   3.9894495e-03   8.7448276e-02   7.6881394e-02   9.4662723e-02   7.7349418e-02   4.1751705e-02  -1.0106443e-01  -3.0025504e-02   3.8922319e-01   4.6115753e-01   1.8912798e-01   4.7288107e-01   7.7692791e-02   2.1485334e-01   7.8301806e-02   4.6171478e-02   2.5333962e-02   1.1573312e-01   3.6985995e-01   0.0000000e+00   5.0437158e-01   3.7757665e-01   5.0201414e-01   4.0566285e-01   1.5815970e-01  -3.8526221e-02   1.7626379e-01   2.9656554e-01   1.7388147e-01  -1.0176409e-01   5.1605294e-02   2.9162176e-02   2.8879714e-01   7.0963930e-02   2.0964911e-01   4.6854496e-01   3.5114581e-01   1.4136494e-01   5.3693786e-01   1.8809800e-01   2.4393481e-01   1.4619236e-01   1.6015325e-01  -1.5637604e-02   3.0410180e-01   2.4034843e-01   2.9594865e-01   5.5354691e-02  -5.1789327e-02   1.0657594e-01   2.0953507e-02   1.1825663e-01   1.9852831e-01   2.2778387e-02   9.2603775e-02   7.9333706e-02   2.1072463e-02   8.2980388e-02   1.8769429e-01   3.3925205e-02   7.8593803e-02   3.0532420e-02  -4.5729737e-02  -1.2106584e-03  -1.1283437e-01  -6.7443579e-02  -7.0052529e-02  -9.5846262e-02  -1.0539272e-01  -1.2120508e-01  -1.0900364e-01  -1.2475156e-01  -1.5503927e-01  -1.1827693e-01  -2.3257950e-02  -2.3636372e-01  -1.4981608e-01  -1.2350598e-01  -3.5640597e-02  -1.2317042e-01  -4.3561718e-03   9.7986759e-02  -1.2953452e-01  -6.3642986e-03  -1.8222648e-01  -1.0626279e-01  -1.1086368e-01  -4.5104644e-02  -5.5432311e-02   3.3902884e-02  -1.6528061e-01  -2.8437373e-02   6.6766655e-02   1.1095975e-01   7.6705893e-02  -5.9682494e-02   9.9036488e-02   6.3353462e-02   9.2488244e-02  -1.3556887e-02  -1.0002316e-01  -1.5827220e-01   4.8592590e-02   2.3800111e-02   3.0547543e-02  -5.4646353e-02  -7.0223481e-02   5.6736308e-02  -5.5187336e-02   6.1834610e-02   5.5183430e-02  -1.1497431e-02  -6.1526668e-02  -2.7847287e-02  -1.2481689e-01  -7.8627279e-02   5.7420791e-02
