   0.0000000e+00   0.0000000e+00   0.0000000e+00   1.2068658e-01  -7.3376565e-03   7.5805487e-02   2.6895905e-01   6.2569772e-02   9.0247054e-03   2.1779906e-01   1.5618270e-01   6.7143208e-02  -9.7225307e-02   2.4364660e-02  -1.8425183e-02  -6.9669333e-02   0.0000000e+00   3.5344785e-02   1.9278852e-01  -4.6134869e-02   6.1984596e-02  -4.3154114e-02   7.6473114e-02   3.9296193e-02   2.5300962e-02  -4.1538552e-02  -9.2921149e-02  -1.0369282e-01  -6.8186471e-02  -4.5137057e-02  -1.9483019e-02   4.3873484e-02  -1.2136337e-01   6.5162574e-02  -3.9649008e-02  -4.3557198e-02  -5.1590243e-02   6.1689219e-02   4.8594832e-02   3.0084968e-02   8.3679511e-02   2.4561576e-02  -8.5870494e-02   6.8334720e-02  -5.5178810e-02  -3.4094707e-02   3.1676919e-02   2.5482880e-03   8.5137379e-02  -2.4244068e-03  -9.5715487e-03  -1.5707860e-01   2.2707679e-02   5.1582310e-02  -3.1906634e-02   1.0904763e-02  -1.6240202e-02   9.5508535e-02  -5.8455333e-02  -6.1561535e-02  -4.8262243e-02  -9.4522457e-02   9.3894327e-03   2.0644254e-01   4.4998728e-02  -6.9664793e-02   8.0847665e-02   1.9606526e-01   2.5475076e-01  -1.0575328e-01   4.6639066e-02   0.0000000e+00   4.5927937e-01   7.7267291e-02  -3.6386541e-02   2.1066181e-01   6.4582697e-02  -1.0574736e-01  -5.6755411e-02   1.0266010e-01  -1.2394247e-01   1.4374748e-02  -1.1748825e-02  -4.6993589e-02  -7.7195319e-02   6.4278969e-02   1.1411925e-01  -7.3340690e-02   3.0626900e-02   1.9744199e-01   9.5575542e-02  -8.9379450e-02   9.5915678e-02  -4.6514568e-02  -6.8824841e-02   5.5277746e-02  -1.5797564e-01   6.8267176e-02   1.2730719e-01   7.5258240e-03  -1.4315046e-01  -6.7667550e-02   4.4997266e-02  -1.0521095e-01  -7.5787108e-02   4.8875398e-02   5.5186440e-02  -2.7852704e-02   2.7507868e-03   1.0448089e-02   7.1577274e-02   0.0000000e+00  -1.4316540e-02   3.3623657e-02   0.0000000e+00   4.0959327e-02   1.0999648e-01   2.6174347e-02
   0.0000000e+00   0.0000000e+00   0.0000000e+00   0.0000000e+00   0.0000000e+00   0.0000000e+00   0.0000000e+00   0.0000000e+00   0.0000000e+00   0.0000000e+00   0.0000000e+00   0.0000000e+00   0.0000000e+00   0.0000000e+00   0.0000000e+00   0.0000000e+00   0.0000000e+00   0.0000000e+00   0.0000000e+00   0.0000000e+00   0.0000000e+00   0.0000000e+00   0.0000000e+00   0.0000000e+00   0.0000000e+00   0.0000000e+00   0.0000000e+00   0.0000000e+00   0.0000000e+00   0.0000000e+00   0.0000000e+00   0.0000000e+00   0.0000000e+00   0.0000000e+00   0.0000000e+00   0.0000000e+00   0.0000000e+00   0.0000000e+00   0.0000000e+00   0.0000000e+00   0.0000000e+00   0.0000000e+00   0.0000000e+00   0.0000000e+00   0.0000000e+00   0.0000000e+00   0.0000000e+00   0.0000000e+00   0.0000000e+00   0.0000000e+00   0.0000000e+00   0.0000000e+00   0.0000000e+00   0.0000000e+00   0.0000000e+00   0.0000000e+00   0.0000000e+00   0.0000000e+00   0.0000000e+00   0.0000000e+00   0.0000000e+00   0.0000000e+00   0.0000000e+00   0.0000000e+00   0.0000000e+00   0.0000000e+00   0.0000000e+00   0.0000000e+00   0.0000000e+00   0.0000000e+00   0.0000000e+00   0.0000000e+00   0.0000000e+00   0.0000000e+00   0.0000000e+00   0.0000000e+00   0.0000000e+00   0.0000000e+00   0.0000000e+00   0.0000000e+00   0.0000000e+00   0.0000000e+00   0.0000000e+00   0.0000000e+00   0.0000000e+00   0.0000000e+00   0.0000000e+00   0.0000000e+00   0.0000000e+00   0.0000000e+00   0.0000000e+00   0.0000000e+00   0.0000000e+00   0.0000000e+00   0.0000000e+00   0.0000000e+00   0.0000000e+00   0.0000000e+00   0.0000000e+00   0.0000000e+00   0.0000000e+00   0.0000000e+00   0.0000000e+00   0.0000000e+00   0.0000000e+00   0.0000000e+00   0.0000000e+00   0.0000000e+00   0.0000000e+00   0.0000000e+00   0.0000000e+00   0.0000000e+00   0.0000000e+00   0.0000000e+00   0.0000000e+00   0.0000000e+00   0.0000000e+00   0.0000000e+00
   0.0000000e+00   0.0000000e+00   0.0000000e+00   0.0000000e+00   0.0000000e+00   0.0000000e+00   0.0000000e+00   0.0000000e+00   0.0000000e+00   0.0000000e+00   0.0000000e+00   0.0000000e+00   0.0000000e+00   0.0000000e+00   0.0000000e+00   0.0000000e+00   0.0000000e+00   0.0000000e+00   0.0000000e+00   0.0000000e+00   0.0000000e+00   0.0000000e+00   0.0000000e+00   0.0000000e+00   0.0000000e+00   0.0000000e+00   0.0000000e+00   0.0000000e+00   0.0000000e+00   0.0000000e+00   0.0000000e+00   0.0000000e+00   0.0000000e+00   0.0000000e+00   0.0000000e+00   0.0000000e+00   0.0000000e+00   0.0000000e+00   0.0000000e+00   0.0000000e+00   0.0000000e+00   0.0000000e+00   0.0000000e+00   0.0000000e+00   0.0000000e+00   0.0000000e+00   0.0000000e+00   0.0000000e+00   0.0000000e+00   0.0000000e+00   0.0000000e+00   0.0000000e+00   0.0000000e+00   0.0000000e+00   0.0000000e+00   0.0000000e+00   0.0000000e+00   0.0000000e+00   0.0000000e+00   0.0000000e+00   0.0000000e+00   0.0000000e+00   0.0000000e+00   0.0000000e+00   0.0000000e+00   0.0000000e+00   0.0000000e+00   0.0000000e+00   0.0000000e+00   0.0000000e+00   0.0000000e+00   0.0000000e+00   0.0000000e+00   0.0000000e+00   0.0000000e+00   0.0000000e+00   0.0000000e+00   0.0000000e+00   0.0000000e+00   0.0000000e+00   0.0000000e+00   0.0000000e+00   0.0000000e+00   0.0000000e+00   0.0000000e+00   0.0000000e+00   0.0000000e+00   0.0000000e+00   0.0000000e+00   0.0000000e+00   0.0000000e+00   0.0000000e+00   0.0000000e+00   0.0000000e+00   0.0000000e+00   0.0000000e+00   0.0000000e+00   0.0000000e+00   0.0000000e+00   0.0000000e+00   0.0000000e+00   0.0000000e+00   0.0000000e+00   0.0000000e+00   0.0000000e+00   0.0000000e+00   0.0000000e+00   0.0000000e+00   0.0000000e+00   0.0000000e+00   0.0000000e+00   0.0000000e+00   0.0000000e+00   0.0000000e+00   0.0000000e+00   0.0000000e+00   0.0000000e+00   0.0000000e+00
   1.2068658e-01   0.0000000e+00   0.0000000e+00   0.0000000e+00   7.6280088e-02   1.5888451e-01   1.4403650e-01   7.2982156e-02  -3.9364862e-02   6.8738064e-02   1.2183489e-01  -5.1140480e-02  -5.6508218e-02   1.6379329e-01   5.2937489e-02   3.1646890e-02   0.0000000e+00   1.2545056e-01   5.5578496e-02   5.0005031e-02   1.6273892e-01   5.7474800e-02   2.5620295e-01   1.5197169e-01   7.3022074e-02   8.0402072e-02   6.2412872e-02   9.9927155e-02  -8.4743177e-03   2.7929149e-02   1.2017564e-02   8.5616299e-02   1.2625902e-03   9.2968264e-02   8.3991203e-02  -8.9154308e-02   1.9518352e-03   1.0835756e-01  -4.6998304e-03   8.7712929e-02   6.3872022e-02   3.2926213e-02  -9.5502927e-02   1.3048950e-02  -1.8169935e-02  -4.1022581e-02   1.9646771e-01   6.6059916e-02  -6.4346082e-03  -5.9741391e-02   3.0696177e-02  -7.1266825e-02   2.3660850e-02   1.5603043e-01   8.0539001e-03   4.3309899e-02   7.1073398e-02   4.6267389e-02   1.4517354e-01  -2.8209814e-02  -8.2531120e-04  -4.3270880e-02   6.7328613e-02   1.2767587e-01  -1.1459079e-02  -9.5026219e-02   4.0142272e-02   1.3957172e-01   8.0281606e-02  -5.4442801e-02   9.4737943e-03   0.0000000e+00   8.1582034e-02   5.4372104e-02  -9.4801266e-02   8.7953776e-02  -4.9515071e-02  -8.3082035e-02  -9.6849113e-02   5.4913541e-02  -5.1901038e-02   1.3164032e-01   8.4697396e-02  -6.3738371e-02  -6.5855817e-02   3.4216893e-02   3.2595854e-02  -5.6918815e-02  -3.4939666e-02   2.0222921e-01   8.5948340e-02  -1.0269465e-01   7.7494294e-02  -4.2299638e-02  -1.5751944e-02   1.2827714e-01  -4.9028836e-02   8.4927849e-02   9.2460835e-02   4.3589920e-02  -2.1881473e-02   7.6392190e-02  -9.6216987e-02  -6.5740772e-02  -7.3773489e-02   2.6387508e-02   4.1029722e-02  -1.2563907e-01  -5.7917060e-02  -3.4735587e-02   2.1780182e-02   0.0000000e+00   9.6672999e-02   3.9868908e-02   0.0000000e+00   9.6414844e-03   4.1091988e-02   1.4095744e-01
  -7.3376565e-03   0.0000000e+00   0.0000000e+00   7.6280088e-02   0.0000000e+00   3.4722086e-01   2.0485147e-01  -7.1818714e-02   3.7907210e-02   1.6341405e-01   3.2881792e-02   5.9523715e-02  -3.2977852e-02   2.6063611e-02   1.8996343e-01   1.7105095e-01   0.0000000e+00   2.1959407e-01   2.8373250e-01   2.2860460e-01   5.0443552e-02   1.2973185e-01  -4.1086381e-02  -3.4276949e-02   2.1855071e-02  -1.2794730e-02   5.3076502e-01   1.6967464e-01   3.0315364e-01   2.8717376e-01   2.4545510e-01   1.2388223e-01   4.1026516e-01   2.3375689e-01   2.9556827e-01   1.3630333e-01   1.0637434e-01   2.6127260e-01   2.1178664e-01   1.9829452e-01   2.7365919e-01   2.0229695e-01   3.2270674e-01   1.9307525e-01   1.3699719e-01   2.3592134e-01   3.9077438e-01   1.1153325e-01   2.1841601e-01   3.5454861e-01   4.3609894e-02   1.5846542e-01   7.4129917e-02   1.3945066e-01   1.9317960e-01   2.9043691e-01   4.1707768e-01   1.0025206e-01   2.2153199e-01   1.9049244e-02   1.1393996e-01   7.3869722e-02  -5.6235441e-02   2.8697527e-03  -6.0089177e-02   4.0661225e-01  -1.2841385e-02   1.3390800e-02  -5.4070908e-02   4.1709991e-01  -6.4409583e-03   0.0000000e+00   1.7958486e-01   1.3654703e-01   7.2653148e-02  -1.1735299e-01   5.9583309e-02   7.9248635e-02   3.0482665e-01  -6.4827642e-02   2.9449683e-01   1.7377964e-01   1.6831429e-01   1.8495559e-01   3.4484834e-01   8.9816569e-02   4.0027669e-02   5.9018923e-02   2.6098512e-01   6.1604616e-02  -4.9771088e-02   3.7402279e-01   1.6891334e-01   1.8377908e-01   1.7396848e-01   1.3700736e-01   3.4967814e-02   9.7249840e-02   6.1816712e-02  -1.0933225e-03   1.9722823e-01   1.5633914e-01   5.6506911e-02   7.1452073e-02   1.9401527e-01   4.2942204e-02   6.6381628e-02   1.1281604e-01   1.7139319e-01   1.3222873e-01   3.9211060e-02   0.0000000e+00   5.3373960e-02   2.8169868e-01   0.0000000e+00  -6.0231779e-02   5.3064442e-02  -7.9546313e-02
   7.5805487e-02   0.0000000e+00   0.0000000e+00   1.5888451e-01   3.4722086e-01   0.0000000e+00   5.9869516e-02  -1.6412099e-03  -1.3472086e-04   1.5466137e-02  -1.1760780e-02   9.0818866e-02  -1.0779836e-02  -4.0257204e-02   8.4082354e-02   6.5393472e-02   0.0000000e+00   3.3304633e-01   1.5240389e-01   1.1962391e-01  -1.0503828e-02  -8.9097350e-03  -5.6177716e-02  -7.0393945e-02  -6.0864029e-02   2.6835324e-02   2.4688232e-01   9.9940319e-02   1.6032125e-01   1.1302135e-01   1.4179132e-01   2.3089767e-02   2.5235536e-01   2.1032169e-01   1.5522760e-01  -8.4631796e-04   1.3677798e-01   7.6508467e-02  -6.8953047e-03   6.2775537e-02   5.1078047e-02   2.1216667e-02   1.8209285e-01   4.6758255e-02   6.7382191e-02   4.2901437e-02   7.4415567e-02   6.3755925e-02  -3.4555677e-03   9.2093891e-02   1.9562416e-01   5.2667931e-02   8.0433963e-02   8.7839988e-02   5.5718233e-02   6.5736559e-02   1.3436477e-01   7.1701015e-02   1.3139954e-01  -5.0934895e-02   4.4099826e-02  -8.5775580e-03   4.8810531e-02  -4.1651273e-02   5.1314731e-02   1.5468023e-01   9.5471917e-02   9.5683399e-02  -7.6676504e-06   2.2526213e-01   1.6843743e-02   0.0000000e+00   1.5854293e-02   1.4572804e-01   8.4083426e-02   5.7134436e-02   1.0574907e-01   1.0884747e-01   1.7743872e-01   5.0664225e-02   9.9892776e-02   1.4307421e-01   1.0710875e-01   1.7884283e-01   1.5442932e-01   4.1532153e-02   1.3923094e-01   7.1540698e-02   1.5797533e-01   2.8076702e-02   3.8976916e-02   2.3314557e-01   1.4912467e-01   8.1202713e-02   9.7890822e-02   2.4615220e-01   1.2116054e-01   1.1152046e-01   9.0757859e-02   1.1569058e-01   6.0458589e-02   1.4596571e-01   1.2553413e-01   2.2562044e-02   4.3737185e-02   7.4411564e-02   3.1718063e-02  -4.2208634e-02   9.0703249e-02   9.1741910e-02   8.5407998e-02   0.0000000e+00   6.8969750e-02   1.9594787e-01   0.0000000e+00   5.0383931e-02   1.1291133e-01  -2.1997684e-03
   2.6895905e-01   0.0000000e+00   0.0000000e+00   1.4403650e-01   2.0485147e-01   5.9869516e-02   0.0000000e+00   9.6482469e-02  -2.9376310e-03   2.0333132e-01   2.3428952e-01  -9.6333692e-02  -5.0304595e-03   1.6178895e-01   8.1586969e-02   9.8611361e-02   0.0000000e+00   5.1828360e-02   3.1788277e-01   8.6778053e-02   3.6790704e-01   1.3134985e-01   1.9570062e-01   1.7400804e-01   1.7869545e-01   1.2566815e-01   2.2696151e-01   8.5348124e-02   1.0522335e-01   7.8279692e-02   3.5754521e-01   3.9116626e-01   8.8188508e-02   4.5348784e-01   1.1057145e-01   2.4423691e-01  -6.4494213e-02   2.4861751e-01  -2.6756643e-02   2.9815551e-01   1.1365725e-01   2.0934979e-01   1.5009927e-01   2.1316666e-01   8.1517064e-03   2.9544005e-01   3.7057547e-01   1.9004414e-01   2.3234373e-01   1.9787965e-01   1.3261304e-01  -7.1091449e-02   1.1035780e-01   2.4959465e-01   1.9944395e-01   2.0380255e-01   2.3670532e-01   7.7029709e-02   2.6109473e-01  -2.9485955e-02  -2.4791693e-02  -1.0201107e-01  -7.4138447e-02   4.9850938e-01  -6.6647824e-02   2.1561539e-01   2.2096119e-02   3.9861182e-01   3.7848613e-01   9.5800233e-02  -1.8491583e-01   0.0000000e+00   1.9931405e-01   2.4636568e-01  -7.9448717e-04   2.4516031e-01   1.1263650e-01  -1.0368877e-01   7.0874397e-02   3.9604984e-02   1.2973744e-02  -9.1965180e-02   1.8668243e-01  -4.0882677e-02   3.0627432e-01   2.1864962e-01   3.2582129e-01  -7.6402598e-03   3.6682662e-01   2.9116353e-01   9.1178880e-02  -2.3039080e-02   8.1019034e-02   2.1024097e-01   2.0884564e-01   7.9693986e-02  -1.7326340e-01   4.8524610e-02   9.5716533e-02  -6.9262968e-02  -1.9444430e-01  -7.0090572e-02  -1.2789930e-03  -1.2158515e-01   1.0987192e-01   8.3693729e-02   7.0949096e-02   1.4416417e-01   9.8538107e-02   9.3711393e-02   1.9271448e-01   0.0000000e+00   3.4011569e-02   1.0172743e-01   0.0000000e+00   2.8874288e-02   7.3926436e-02   9.0267399e-02
   6.2569772e-02   0.0000000e+00   0.0000000e+00   7.2982156e-02  -7.1818714e-02  -1.6412099e-03   9.6482469e-02   0.0000000e+00   8.7679660e-02  -1.0596410e-01   5.5500802e-03  -5.0255762e-02   4.9094467e-02   1.4813586e-01  -4.7115377e-02   5.6996768e-02   0.0000000e+00  -3.7048318e-02   5.4034937e-02  -1.0381777e-01  -5.5340240e-02  -5.6440487e-02   6.9247230e-02   2.1707054e-02  -6.2171928e-02  -1.1165698e-01  -1.0023281e-01  -8.7962383e-02  -1.7332116e-01  -1.8911474e-01  -9.4767829e-02   5.1443134e-02  -1.1771462e-01  -1.3999574e-02  -9.3315651e-02  -3.8451118e-02  -6.2023748e-02  -1.9294040e-02  -2.9744063e-02  -2.8158092e-02  -8.9654432e-02   3.3026291e-02  -7.4303622e-02   9.1800513e-02  -1.0765469e-01  -6.1536221e-03  -1.7619066e-02   1.0965553e-01  -1.2070844e-01  -7.1194051e-02  -2.9564444e-02  -1.5639821e-01   7.7143554e-03   6.6117893e-02   1.3237431e-02  -3.0572637e-02  -9.4232390e-02  -6.8172805e-02  -7.6296763e-02  -1.3851775e-01   4.6221884e-02  -4.4837862e-02  -1.6417313e-01   1.2945116e-02   7.7567232e-02  -1.5251215e-01  -3.9558302e-02   1.0395582e-01   1.7681030e-01  -1.4220739e-01   1.2155451e-01   0.0000000e+00  -2.3048506e-02   8.2041225e-02  -8.9137765e-03   1.0524375e-01   1.0532909e-01   8.2503640e-02  -5.1055226e-02   2.7087172e-03  -1.0192944e-01   6.6488556e-03   4.5671697e-02  -2.1982600e-02  -1.4351367e-01   8.3080318e-02   1.0634807e-01  -1.1240722e-01   1.2681863e-02   1.1521133e-01   1.0948084e-01  -1.0997250e-01   4.8485860e-02  -1.2599346e-01   2.0750129e-02   5.5074197e-02   2.3075047e-02   8.2442428e-02   1.4915018e-01   9.4851259e-02  -1.1288785e-01  -1.1699964e-02   6.6806124e-02  -8.7998504e-02  -1.4556373e-01  -1.1101773e-01  -2.2396868e-02  -6.3788041e-02  -9.5604126e-02  -3.8127153e-03  -3.1165195e-02   0.0000000e+00   4.2884678e-02  -5.8428978e-02   0.0000000e+00   5.5524858e-01  -5.0077972e-02   5.4075225e-02
   9.0247054e-03   0.0000000e+00   0.0000000e+00  -3.9364862e-02   3.7907210e-02  -1.3472086e-04  -2.9376310e-03   8.7679660e-02   0.0000000e+00  -2.1906388e-02   2.4837435e-02  -3.9590243e-02  -2.4310358e-02  -6.3973503e-02  -1.5774717e-03   1.5792069e-01   0.0000000e+00  -4.0895883e-02   2.2972290e-01  -1.6162867e-01  -1.4132483e-01  -1.1529221e-01  -4.5294250e-02  -1.3016442e-01  -2.2354403e-02  -1.0553065e-01  -4.5190243e-02  -3.9677961e-03   2.2548990e-02   1.4103616e-03  -6.3634770e-03   4.2937930e-02   1.7959168e-01   4.1364995e-02   6.1722749e-02   1.8619221e-01   2.1967648e-01   5.9453317e-02   1.3188481e-01   8.1694437e-02   1.5459849e-01   5.2388816e-02   2.0594124e-01   1.7650715e-01   5.5378533e-02   1.8308126e-01  -7.7326681e-03   8.8008765e-02  -1.4553742e-02   6.8847666e-02  -1.1568538e-01   1.1844146e-01   1.1479144e-01   1.6715217e-01   1.4121667e-01   1.4960694e-02  -3.8527015e-02   5.6152802e-02   9.8244686e-02  -1.5720309e-01  -1.2418598e-01  -8.4924186e-02  -1.5393970e-01   6.0163915e-02   3.4105366e-01   1.0788318e-01   3.0252966e-01   2.2793706e-02   2.1367346e-01  -3.1627937e-02   1.0888615e-01   0.0000000e+00   1.3628184e-01  -5.3982328e-02  -1.0751670e-01   1.2089871e-01   2.1907323e-01   1.9030994e-01   1.0670992e-01  -3.8392930e-02   7.7850488e-03   4.2657592e-03  -1.0441172e-01  -3.5662638e-02   8.8098983e-02   2.2679702e-02   1.3954594e-01   3.0953861e-02   1.4332245e-01   6.7763997e-02   3.0780460e-01   9.6643983e-02   1.6539988e-01   1.3787282e-01   2.3671257e-01   6.2761444e-02   2.3502691e-01   2.6641461e-01   2.1363006e-01   1.2330709e-01   4.3001211e-02   4.1001066e-02   3.0451501e-01  -6.1088729e-02   9.7459224e-02  -1.3723033e-02   8.4601388e-02   1.2171092e-01   2.1784727e-01   3.5382201e-01   3.5936699e-01   0.0000000e+00   3.4388526e-02   9.7117135e-02   0.0000000e+00   1.1993568e-01  -1.1949968e-03  -1.6045175e-01
   2.1779906e-01   0.0000000e+00   0.0000000e+00   6.8738064e-02   1.6341405e-01   1.5466137e-02   2.0333132e-01  -1.0596410e-01  -2.1906388e-02   0.0000000e+00   3.7860222e-01   1.4903683e-01   5.2106743e-02   1.4022020e-02   1.4785758e-01   4.9739184e-03   0.0000000e+00   6.4699333e-02   3.0331120e-01   1.3228604e-01   3.4320973e-01   4.3090649e-01   5.9088821e-02   3.1519071e-01   4.3866844e-01   1.5914544e-01   2.6538195e-01   4.4600302e-01   2.0552791e-01   3.1064631e-01   1.5369492e-01   4.0575731e-01   1.8082998e-01   3.3255721e-01   3.2035009e-01   5.2820597e-01   1.3550821e-01   4.0183419e-01   2.1753345e-01   5.1491898e-01   4.1278424e-01   1.3157260e-01   1.4293384e-01   1.9257447e-01   2.7194846e-01   3.4844522e-01   4.6681397e-01   2.5357298e-01   1.3787347e-01   1.3758001e-01   1.6001518e-01   1.9524568e-02   2.6605015e-01   1.6082080e-01   8.8606881e-02   1.7173671e-01   2.9436139e-01   4.7547105e-02   2.8055617e-01   9.2377392e-02  -2.2228594e-02  -5.9590975e-02   2.4088512e-01   1.7113045e-01   2.3154794e-02   1.8630232e-01   2.0440265e-02   9.2878913e-02   6.3052019e-02  -7.3720431e-02   4.0761966e-02   0.0000000e+00   2.2261836e-01  -8.1717139e-02  -7.1545228e-02   3.8496228e-04  -7.4160806e-02  -1.9569376e-01  -1.1525416e-01  -1.8108316e-02  -5.9318698e-02  -1.4770823e-01   5.4771916e-02  -4.2737505e-02   1.0416530e-01   9.5341685e-03  -1.2407102e-02  -7.7519553e-02  -1.0346289e-01   1.3100259e-01  -2.3056918e-02  -6.2856850e-02   2.4684384e-03   7.2250944e-02   7.0405787e-02   6.5371601e-02  -2.4220651e-01   1.1550262e-01   3.9699110e-02   7.5856760e-03  -2.0078583e-01  -4.5333208e-02  -2.1205401e-01   8.6157460e-03   2.0074877e-01   8.9336836e-02  -5.2911141e-02   8.7332433e-02   4.5612380e-02   9.0867995e-02   8.2077180e-02   0.0000000e+00  -1.2874324e-02   1.8162596e-01   0.0000000e+00  -7.9557558e-02   2.0178210e-03  -9.6420590e-02
   1.5618270e-01   0.0000000e+00   0.0000000e+00   1.2183489e-01   3.2881792e-02  -1.1760780e-02   2.3428952e-01   5.5500802e-03   2.4837435e-02   3.7860222e-01   0.0000000e+00  -7.5448323e-02   3.8625139e-02   2.1145502e-02   1.1356823e-01   9.0249004e-03   0.0000000e+00   3.5737034e-02   1.1837250e-01   6.3826547e-04   2.8974673e-01   2.6001575e-01   2.3547429e-01   3.1944032e-01   4.0131780e-01   1.6937155e-01   7.8250428e-02   3.5949146e-01   5.4730604e-02   1.1997669e-01   1.2379573e-01   3.4785667e-01   5.5889058e-02   2.4206459e-01   1.6238794e-01   3.8136951e-01   1.5153717e-01   4.3026338e-01   5.7404949e-02   5.9383537e-01   3.4514665e-01   1.4271243e-01   4.9873477e-02   2.0130669e-01   1.9912706e-01   1.6062506e-01   2.5295406e-01   2.6738483e-01   1.3984031e-01   4.7517258e-02   1.6210225e-01  -8.5632394e-03   1.1113118e-01   1.1389322e-01   3.1119888e-02   8.0878148e-02   5.2170005e-02   8.5415148e-02   1.9664737e-01   9.6353707e-02  -8.0918930e-02  -5.6669819e-02   1.5459956e-01   2.6327598e-01   4.8879096e-02   3.6080056e-02   3.0652659e-02   2.8361525e-02   1.0478989e-01  -1.7723821e-01   1.5537114e-02   0.0000000e+00   5.3010753e-02   6.7800647e-02   9.3739917e-02   6.5534092e-02  -4.8548871e-02  -1.1785150e-01  -1.3858491e-01   1.5494655e-02  -1.0924378e-01  -1.2191829e-01   3.1197919e-02  -1.3832031e-01  -2.5514537e-02   3.2000292e-02   1.8460719e-02  -3.1702518e-02  -9.8512983e-02   1.2184831e-01   6.7704111e-02  -1.6415226e-01  -4.2689916e-02  -4.6937025e-02   3.1025054e-02   8.6660677e-02  -6.0539672e-02   7.8752486e-02   6.1121982e-02   5.3462987e-02  -8.1764554e-02  -2.1927775e-03  -1.3401882e-01  -1.0166804e-01   5.0353396e-02   8.5319384e-02   3.2926920e-02   6.5494511e-02   8.7844653e-02   1.0850973e-01   1.6861737e-01   0.0000000e+00   1.1715824e-01   6.9995656e-02   0.0000000e+00  -6.7840860e-02  -8.7156914e-02  -8.5592369e-02
   6.7143208e-02   0.0000000e+00   0.0000000e+00  -5.1140480e-02   5.9523715e-02   9.0818866e-02  -9.6333692e-02  -5.0255762e-02  -3.9590243e-02   1.4903683e-01  -7.5448323e-02   0.0000000e+00  -4.0768695e-02  -3.5024266e-02   8.4825042e-03   3.4991286e-02   0.0000000e+00   3.9350081e-02   8.8504062e-02   4.5339906e-02  -1.3511752e-02   1.5428518e-02  -7.3433994e-02  -9.0257152e-02  -5.8028864e-02  -4.9269350e-03   5.7204201e-02   2.1250132e-02  -4.5770685e-02   4.7732205e-02  -1.7811690e-02  -1.4855975e-01   9.9245932e-02  -3.1063709e-02   9.1053960e-02  -1.5602822e-01   1.1063050e-02  -3.6824234e-02   2.7995270e-02  -1.2155809e-01   5.0371084e-02  -1.4690477e-01   1.1991349e-01  -2.0525445e-02   5.4075556e-02  -7.9560385e-02  -8.4354091e-02  -1.0349513e-01  -4.0038083e-02   4.9304783e-02   3.0677775e-02  -2.0473824e-02   5.4787987e-02  -8.1651929e-02   5.0687378e-03   1.0194135e-02   7.5809534e-02   5.9773871e-02  -9.1710671e-02   8.9254053e-02   1.3963618e-01   7.2828545e-02   2.7900443e-03  -1.5266160e-01   2.3739826e-02   2.1001621e-02   5.2752618e-02  -3.4819700e-02  -7.9131639e-02   1.3112335e-01  -5.2969024e-02   0.0000000e+00   5.1118582e-02   7.7070775e-02  -8.8960109e-03  -3.5554528e-02   2.2377143e-02   1.4560794e-02   1.3948598e-01   7.4229165e-02   1.6889144e-01   1.3903604e-01  -4.1831970e-02   2.1498119e-01   3.4223806e-02  -6.8403633e-02  -1.1505995e-01   3.4336038e-02   1.4265123e-02  -4.3525651e-02   1.1864906e-02   2.2117174e-01   1.0602832e-01  -3.2406765e-02   1.2137557e-01   8.6423935e-03   3.7400902e-02   4.5418480e-02   3.5794942e-02   2.9479111e-02   8.4164544e-02   8.1915422e-02   9.6675524e-02   2.5001329e-01   5.5909499e-02   2.0868889e-02  -1.6004549e-02   5.5137709e-03   3.7688186e-02  -7.4317594e-02  -1.1228866e-01   0.0000000e+00  -1.0845875e-01  -2.2819647e-02   0.0000000e+00   2.7095558e-02   1.0436665e-01  -1.8400391e-02
  -9.7225307e-02   0.0000000e+00   0.0000000e+00  -5.6508218e-02  -3.2977852e-02  -1.0779836e-02  -5.0304595e-03   4.9094467e-02  -2.4310358e-02   5.2106743e-02   3.8625139e-02  -4.0768695e-02   0.0000000e+00   3.6484845e-02   8.7360870e-02   7.0188620e-02   0.0000000e+00  -4.1427106e-02  -2.9977173e-02   1.9380195e-01   9.9733088e-02   1.2895901e-01   1.3505673e-01   3.9610437e-02   9.1003928e-02   7.4780119e-02   7.6307599e-02   1.5135616e-01   7.6319054e-02   8.7750650e-02   4.8685192e-02   4.0782037e-02   3.5689656e-03   7.5997897e-02   9.3472082e-02   1.1471438e-01   5.6933328e-02   4.7137908e-02   6.5857805e-04   4.1167745e-02   1.2857952e-01   3.6489546e-02   3.8584429e-02   6.1390893e-02   5.4285750e-02   2.5191319e-02   8.6614220e-02   1.2754811e-01   9.3109320e-02  -1.1469655e-02   1.0792579e-01   4.2369586e-02   9.1726730e-02   8.3217687e-03   5.7712039e-02   5.3976038e-02   9.4921406e-02  -7.9311125e-02   9.1559104e-02  -8.4621813e-03   5.2009212e-02   5.1684059e-03   2.0512703e-01  -4.0016928e-02  -1.1172595e-01   8.2449625e-02  -1.6244672e-01  -7.8061301e-02  -1.2609986e-01   3.0137387e-02   1.6462303e-01   0.0000000e+00  -9.1158133e-02  -4.5538948e-02  -2.8662121e-02  -1.2246210e-01  -4.5728011e-02   3.1344041e-02  -5.2614853e-03  -1.0652534e-01  -3.0701690e-03  -6.0677440e-02   5.6894575e-02   5.0226933e-02   5.2768510e-02  -1.2084356e-01  -9.5472560e-02   4.7061384e-02  -1.7923527e-02  -3.7109714e-02  -1.1083180e-01  -8.3494175e-03  -9.1079759e-02   1.2017864e-02  -2.2943666e-03  -7.1372995e-02  -5.1252133e-02  -3.1537589e-02  -6.4195332e-02   4.6510108e-02  -4.4433192e-02   1.3608781e-02  -1.4973077e-01  -1.2635496e-02   1.5944966e-01   5.9520733e-02   8.4261574e-02   9.6752978e-02   2.3547920e-01   1.1713917e-02  -1.0664191e-01   0.0000000e+00  -1.0770229e-01   4.2491108e-02   0.0000000e+00   1.4381226e-02  -3.2395938e-02  -4.0257926e-02
   2.4364660e-02   0.0000000e+00   0.0000000e+00   1.6379329e-01   2.6063611e-02  -4.0257204e-02   1.6178895e-01   1.4813586e-01  -6.3973503e-02   1.4022020e-02   2.1145502e-02  -3.5024266e-02   3.6484845e-02   0.0000000e+00  -1.5243500e-02   3.1254232e-02   0.0000000e+00  -3.8157681e-02   4.1284113e-02   2.7232862e-01   2.1382926e-01   2.4937937e-01   1.9943875e-01   1.0200453e-01   7.6074130e-02   1.7170850e-01   7.4044255e-02   5.6872697e-02  -1.1444411e-01  -1.0011201e-01   5.7166216e-02  -4.5634521e-02  -9.7594729e-02   8.6769786e-03   1.1479329e-01  -2.7095489e-02  -1.0168473e-01   7.9786936e-02   6.6858248e-02   7.5345764e-02   4.7261807e-02   4.8453490e-02  -7.9388592e-02   2.0476656e-02  -1.0815334e-01  -2.4237792e-02   3.8531445e-02   6.8114108e-02   8.9726214e-02   5.3970506e-02   3.9670050e-03  -1.0265233e-01   3.3719779e-02   9.3561558e-02  -1.3742054e-04   6.3613759e-02   3.3290096e-01   3.9121194e-02  -6.6589603e-02  -1.0871018e-01   3.1845047e-01   1.7324354e-01   1.1273008e-01  -1.0328668e-02  -8.4390979e-02  -9.2431043e-02  -2.5605799e-02   2.6854621e-01   2.4439178e-02  -7.9629861e-02   9.2549732e-02   0.0000000e+00  -5.9976747e-02   3.4391964e-02  -1.5167463e-01   3.8108935e-02  -7.0199070e-03   2.7684236e-02   8.2724847e-02   1.0714080e-02   1.3621222e-02   1.2876945e-01   2.7036348e-01  -1.3091719e-02  -5.3326972e-03   4.0456370e-02  -1.7276126e-02   9.1478587e-02   3.9961414e-02   1.1314383e-01  -7.5019767e-02   5.1991033e-02   9.1698753e-02   2.8222476e-02   5.9215807e-02   3.6895353e-02  -1.2231717e-01  -2.2645895e-02  -2.9881093e-03  -1.2122196e-01  -4.1621502e-02   3.5688790e-02  -1.6590111e-01  -3.7765001e-02   2.9336032e-01   3.0243907e-02   4.4017257e-02   1.5235333e-02   8.0557647e-02   2.4369641e-02  -6.6475619e-02   0.0000000e+00  -2.6291473e-02  -3.8149272e-02   0.0000000e+00   3.5283763e-02   7.4521149e-02   5.5147645e-01
  -1.8425183e-02   0.0000000e+00   0.0000000e+00   5.2937489e-02   1.8996343e-01   8.4082354e-02   8.1586969e-02  -4.7115377e-02  -1.5774717e-03   1.4785758e-01   1.1356823e-01   8.4825042e-03   8.7360870e-02  -1.5243500e-02   0.0000000e+00   2.7031796e-01   0.0000000e+00   1.1472334e-01   1.0306957e-01   2.3028185e-01   8.9520594e-02   8.5294349e-02   1.3151452e-02   6.6624267e-03   7.9892594e-02   4.9963585e-02   1.8280895e-01   1.0463643e-01   2.3370548e-01   1.5436540e-01   2.2193247e-01   1.1321831e-01   9.1555679e-02   1.8659167e-01   1.1226588e-01   1.1476294e-01   7.1694879e-02   1.2872339e-01   5.6384967e-02   1.5868806e-01   1.1019015e-01   9.0365591e-02   1.1494381e-01   1.0710202e-01   9.3593151e-02   1.6906599e-01   2.2990682e-01   1.1621758e-01   1.7437398e-01   1.8071167e-01   1.2278811e-01  -8.5183602e-02   2.8426325e-02   1.1815135e-01   2.3794833e-01   2.9956079e-01   1.9369593e-01   5.3323559e-02   2.2045934e-01   1.2512253e-02   3.7107461e-02   1.2515863e-02   2.8976791e-02   2.8688611e-02  -7.0947299e-02   1.7578339e-01  -6.1713790e-02  -1.0430524e-02  -1.1061410e-04   1.9587530e-01   3.1834198e-02   0.0000000e+00   1.6845597e-02  -5.7370721e-02   3.6997981e-02  -1.0276613e-01   1.4053488e-03   4.0514465e-02   1.0599672e-01  -5.8593629e-02   6.7424380e-02  -8.4191465e-02   4.1491373e-02   9.4889139e-02   1.7198826e-01  -1.7452072e-02  -2.5379119e-02   1.3815383e-01   6.4658024e-02  -1.1273287e-02  -5.2860289e-02   1.0191669e-01  -1.3710961e-02   1.5794289e-01   3.9113340e-02   2.2743760e-02  -1.2001429e-01  -1.5910622e-02  -2.4621936e-02   4.6349950e-02   2.6754860e-02  -2.8706146e-02  -9.0251822e-02   7.3427204e-03   1.4947505e-01   3.8785498e-02   3.1451275e-02   1.3031668e-01   1.1225430e-01   5.1950520e-02   4.6471249e-02   0.0000000e+00   7.0620468e-02   2.6589157e-01   0.0000000e+00   8.7933216e-02  -7.0350939e-03  -3.5778348e-02
  -6.9669333e-02   0.0000000e+00   0.0000000e+00   3.1646890e-02   1.7105095e-01   6.5393472e-02   9.8611361e-02   5.6996768e-02   1.5792069e-01   4.9739184e-03   9.0249004e-03   3.4991286e-02   7.0188620e-02   3.1254232e-02   2.7031796e-01   0.0000000e+00   0.0000000e+00   5.2295188e-02   3.4192992e-01   1.1366058e-01   2.1537139e-02  -9.4009827e-03  -6.8187964e-03  -5.1458777e-02  -5.3499768e-02  -6.1228509e-02   1.1635441e-01   6.7902868e-03   1.5805218e-01   1.8125965e-01   1.5769244e-01  -2.9021306e-02   2.4936295e-01   1.3740446e-01   9.4532697e-02   1.8471392e-01   2.2254180e-01   1.5812897e-01   1.0531108e-01   8.7053946e-02   1.7555583e-01   2.0031311e-01   1.9290967e-01   2.1853245e-01   1.2265035e-01   1.9549129e-01   9.3244750e-02   1.3470453e-01   1.8439666e-01   1.5099389e-01  -3.8691725e-02   1.0919298e-01   7.2533561e-02   2.5024323e-01   5.1445123e-01   3.5353090e-01   1.6006802e-01   1.1446156e-01   2.3972453e-01  -6.9267571e-02   4.4000361e-02   1.8187655e-02  -6.9123979e-02   3.9587662e-02   9.9833837e-02   2.4167632e-01   9.2691749e-02   6.8237714e-02  -3.4929252e-02   1.9750981e-01   4.0967272e-02   0.0000000e+00  -1.9012086e-03   2.4566775e-02   3.8175523e-02  -4.2551754e-02   1.1081194e-01   1.8642237e-01   2.2066126e-01  -5.6260696e-02   7.4923117e-02   5.8259070e-02  -4.0636800e-02   3.6264684e-02   1.8671652e-01   4.5670999e-02  -2.0582809e-02   2.6957486e-02   1.9040657e-01  -5.8373852e-02   1.5901936e-02   1.9316799e-01   1.4162367e-01   1.8638467e-01   2.3880359e-01   1.1277203e-01   1.0711114e-01   2.1399780e-01   1.1231073e-01   7.1014799e-02   1.0201877e-01   1.9441487e-01   1.2041578e-01  -2.7309569e-02   3.0919736e-01   3.4183780e-02   1.3072544e-01   2.5925461e-01   3.8348446e-01   3.0429788e-01   1.3997344e-01   0.0000000e+00   1.9536189e-02   3.2522967e-01   0.0000000e+00   1.6381948e-01  -1.2636516e-03  -1.0730353e-01
   0.0000000e+00   0.0000000e+00   0.0000000e+00   0.0000000e+00   0.0000000e+00   0.0000000e+00   0.0000000e+00   0.0000000e+00   0.0000000e+00   0.0000000e+00   0.0000000e+00   0.0000000e+00   0.0000000e+00   0.0000000e+00   0.0000000e+00   0.0000000e+00   0.0000000e+00   0.0000000e+00   0.0000000e+00   0.0000000e+00   0.0000000e+00   0.0000000e+00   0.0000000e+00   0.0000000e+00   0.0000000e+00   0.0000000e+00   0.0000000e+00   0.0000000e+00   0.0000000e+00   0.0000000e+00   0.0000000e+00   0.0000000e+00   0.0000000e+00   0.0000000e+00   0.0000000e+00   0.0000000e+00   0.0000000e+00   0.0000000e+00   0.0000000e+00   0.0000000e+00   0.0000000e+00   0.0000000e+00   0.0000000e+00   0.0000000e+00   0.0000000e+00   0.0000000e+00   0.0000000e+00   0.0000000e+00   0.0000000e+00   0.0000000e+00   0.0000000e+00   0.0000000e+00   0.0000000e+00   0.0000000e+00   0.0000000e+00   0.0000000e+00   0.0000000e+00   0.0000000e+00   0.0000000e+00   0.0000000e+00   0.0000000e+00   0.0000000e+00   0.0000000e+00   0.0000000e+00   0.0000000e+00   0.0000000e+00   0.0000000e+00   0.0000000e+00   0.0000000e+00   0.0000000e+00   0.0000000e+00   0.0000000e+00   0.0000000e+00   0.0000000e+00   0.0000000e+00   0.0000000e+00   0.0000000e+00   0.0000000e+00   0.0000000e+00   0.0000000e+00   0.0000000e+00   0.0000000e+00   0.0000000e+00   0.0000000e+00   0.0000000e+00   0.0000000e+00   0.0000000e+00   0.0000000e+00   0.0000000e+00   0.0000000e+00   0.0000000e+00   0.0000000e+00   0.0000000e+00   0.0000000e+00   0.0000000e+00   0.0000000e+00   0.0000000e+00   0.0000000e+00   0.0000000e+00   0.0000000e+00   0.0000000e+00   0.0000000e+00   0.0000000e+00   0.0000000e+00   0.0000000e+00   0.0000000e+00   0.0000000e+00   0.0000000e+00   0.0000000e+00   0.0000000e+00   0.0000000e+00   0.0000000e+00   0.0000000e+00   0.0000000e+00   0.0000000e+00   0.0000000e+00   0.0000000e+00   0.0000000e+00
   3.5344785e-02   0.0000000e+00   0.0000000e+00   1.2545056e-01   2.1959407e-01   3.3304633e-01   5.1828360e-02  -3.7048318e-02  -4.0895883e-02   6.4699333e-02   3.5737034e-02   3.9350081e-02  -4.1427106e-02  -3.8157681e-02   1.1472334e-01   5.2295188e-02   0.0000000e+00   0.0000000e+00   1.4157258e-01   1.4639829e-01   4.2561267e-03   5.4242120e-02  -4.4744800e-02  -8.3858748e-03   3.3678986e-02   4.3964455e-02   3.1987199e-01   1.0346458e-01   2.2733610e-01   1.8383231e-01   2.1670444e-01   3.6553820e-02   2.8095331e-01   2.8180075e-01   1.7427584e-01   3.4817930e-02   9.9150260e-02   6.9516579e-02   1.4412006e-02   1.2831166e-01   9.6288247e-02   1.2605254e-01   2.0729592e-01   7.1238765e-02   1.5757179e-01   2.1626533e-01   1.4205307e-01   2.3761322e-01   1.6333565e-01   1.5727269e-01   2.3297368e-01   5.8924045e-02   7.1184655e-02   3.9442520e-02   6.0966577e-02   1.6828265e-01   2.0989673e-01   5.0287305e-02   1.6738931e-01  -3.8652227e-02   4.4825880e-02   4.3893837e-02  -1.8661581e-02  -2.2858217e-02  -5.3277169e-02   2.0103394e-01  -1.5206797e-02   5.4928477e-02  -1.0785725e-02   2.5505490e-01  -5.8931323e-02   0.0000000e+00   2.8611750e-02   7.3266052e-02  -9.6605775e-02  -4.6802755e-02   4.3959954e-02   7.2793359e-02   1.1841133e-01  -1.4148324e-02   1.9198103e-01   7.7179880e-02   1.0740911e-01   2.4049842e-01   1.6025646e-01   9.4031881e-02   1.3388875e-01   9.4602654e-02   1.0990111e-01   1.3319042e-02  -2.4998427e-02   1.8898329e-01   1.2074739e-01   1.1639829e-01   1.3706657e-01   1.5258366e-01   5.2907402e-02   2.5239561e-02   4.9653138e-03   7.6611458e-02   6.8444300e-02   1.5135209e-01   8.2095159e-02   1.1626040e-02   1.0017120e-01  -6.6894725e-02  -2.3616433e-03   7.4473416e-02  -6.0166626e-03   5.1568530e-02   2.3098634e-02   0.0000000e+00   8.9716475e-02   1.4768151e-01   0.0000000e+00  -1.8071148e-02   6.6839663e-02  -7.1491569e-02
   1.9278852e-01   0.0000000e+00   0.0000000e+00   5.5578496e-02   2.8373250e-01   1.5240389e-01   3.1788277e-01   5.4034937e-02   2.2972290e-01   3.0331120e-01   1.1837250e-01   8.8504062e-02  -2.9977173e-02   4.1284113e-02   1.0306957e-01   3.4192992e-01   0.0000000e+00   1.4157258e-01   0.0000000e+00   5.2348519e-02   1.0021275e-01   4.6938220e-02  -5.6846221e-02  -1.0445308e-01  -5.0645353e-03  -3.3532145e-02   2.3445731e-01   1.0495798e-01   1.6024896e-01   3.0201888e-01   2.1301132e-01   1.0613503e-01   3.3874551e-01   3.1168600e-01   3.3240289e-01   3.7083969e-01   2.2132154e-01   3.7380489e-01   2.4563128e-01   1.5601083e-01   3.2590856e-01   3.0140104e-01   4.3235649e-01   3.4637223e-01   2.1133565e-01   3.9609734e-01   2.2930018e-01   2.1948647e-01   2.0538473e-01   2.2383785e-01  -9.3945053e-03   1.9820438e-01   2.8220969e-01   3.6460834e-01   3.5233941e-01   3.4815849e-01   2.5912750e-01   1.0170469e-01   4.0502645e-01  -1.1153107e-01   3.6780959e-02  -6.2679249e-03  -8.3157682e-02   1.7780216e-01   1.5397305e-01   3.8733395e-01   2.0744586e-01   1.5646772e-01   5.7502653e-02   1.2120092e-01   1.3545505e-02   0.0000000e+00   3.3050690e-01   1.3509773e-01  -8.5005069e-02   7.1944882e-02   1.3890371e-01   6.5377840e-02   1.7981872e-01  -2.2171672e-02   6.1110880e-02   2.8501912e-02  -6.6406712e-02   2.7948837e-03   3.3769465e-01   8.7961614e-02   9.1261312e-02   3.1014343e-02   1.7898438e-01   5.1416064e-02   9.3885335e-02   1.9100387e-01   2.2014325e-01   3.0670072e-01   4.4663940e-01   1.9885702e-01   8.4876239e-02   3.2074320e-01   2.5522950e-01   1.3595621e-01   1.4980681e-02   1.4221501e-01   1.5904111e-01  -5.0663970e-02   3.8311971e-01   3.8255694e-02   9.3915016e-02   2.8498116e-01   3.6995786e-01   4.1762284e-01   2.7947774e-01   0.0000000e+00   1.4531725e-02   3.3491018e-01   0.0000000e+00   7.5398451e-02   9.3185825e-02  -1.2721173e-01
  -4.6134869e-02   0.0000000e+00   0.0000000e+00   5.0005031e-02   2.2860460e-01   1.1962391e-01   8.6778053e-02  -1.0381777e-01  -1.6162867e-01   1.3228604e-01   6.3826547e-04   4.5339906e-02   1.9380195e-01   2.7232862e-01   2.3028185e-01   1.1366058e-01   0.0000000e+00   1.4639829e-01   5.2348519e-02   0.0000000e+00   3.0638662e-01   4.3923076e-01  -4.2027602e-03   5.8551983e-02   2.2128877e-01   3.2557335e-01   4.4511710e-01   1.9323419e-01   4.1761652e-01   2.9369369e-01   3.2366645e-01  -9.9529563e-04   1.2353045e-01   2.3244931e-01   2.8433351e-01  -1.7418761e-02  -2.2328065e-02   1.5972741e-01   7.7488151e-02   1.3944202e-01   1.4359050e-01   9.0621230e-02   6.2774696e-02   3.2050084e-02   1.1804097e-01   9.4200512e-02   2.2584870e-01   3.9245164e-02   2.5265527e-01   2.2612093e-01   1.6494643e-01   1.4861234e-02   3.3582064e-02  -1.7836945e-02   1.5544563e-01   2.4161568e-01   4.6304930e-01   1.2329272e-01   1.3054078e-01   2.3607347e-01   2.6655553e-01   2.2466450e-01   3.2794514e-01  -5.3502710e-03  -1.5848058e-01   1.9123104e-01  -1.8719018e-01   1.9953677e-03  -2.0103200e-01   5.0276851e-01   1.2833438e-01   0.0000000e+00   1.5685888e-02   4.0519048e-02  -4.4395827e-02  -2.0568809e-01  -2.7528658e-02   4.9480527e-02   2.2184035e-01  -1.0359695e-02   1.7421892e-01   8.9698871e-02   2.7792528e-01   3.0062545e-01   2.2829504e-01   1.0153158e-02  -1.2966940e-01   1.4409647e-01   1.1854093e-01  -4.7074382e-02  -3.2422491e-01   2.7931157e-01  -7.4826384e-02   7.8241793e-02  -6.7309328e-02   2.7535948e-02  -1.4650084e-01  -1.1225113e-01  -1.7257950e-01   2.8258956e-03   6.7689477e-02   1.2321372e-01  -1.9488754e-01   2.3711915e-01   2.8191036e-01   7.6432825e-02  -5.4803445e-04   1.1193392e-01   1.4916003e-01   1.9979372e-02  -1.0817626e-01   0.0000000e+00   4.9009368e-02   1.9916827e-01   0.0000000e+00  -2.1276339e-02   1.4081201e-01   3.3365975e-01
   6.1984596e-02   0.0000000e+00   0.0000000e+00   1.6273892e-01   5.0443552e-02  -1.0503828e-02   3.6790704e-01  -5.5340240e-02  -1.4132483e-01   3.4320973e-01   2.8974673e-01  -1.3511752e-02   9.9733088e-02   2.1382926e-01   8.9520594e-02   2.1537139e-02   0.0000000e+00   4.2561267e-03   1.0021275e-01   3.0638662e-01   0.0000000e+00   4.9473922e-01   2.7284466e-01   4.0923687e-01   4.8642102e-01   2.5372718e-01   2.4163840e-01   2.8351670e-01   1.5355272e-01   1.3995557e-01   3.3294381e-01   3.4721671e-01  -4.3239535e-02   3.4288655e-01   1.9443287e-01   1.9013977e-01  -5.9513630e-02   2.6231678e-01  -6.8618823e-02   3.6427307e-01   1.2365884e-01   4.2777774e-02  -4.9397056e-02   8.7355904e-02   9.3446458e-02   1.3433038e-01   3.8055943e-01   1.9689344e-01   1.9800684e-01   7.6241102e-02   3.0807444e-01  -1.1171090e-01   1.6713236e-01   9.0897190e-02   2.9271477e-02   1.0624672e-01   1.9349539e-01   1.3298979e-01   1.8009835e-01   2.1296357e-01   1.3895191e-01   1.8704593e-02   2.2666685e-01   3.1706339e-01  -6.1106661e-02   4.9388274e-02  -1.5484821e-02   1.5515841e-01   1.3043025e-01   1.8763708e-02  -7.7043953e-02   0.0000000e+00   1.7735517e-02   9.3710063e-03   3.7417195e-02   7.2803176e-02  -5.7111953e-02  -1.8142643e-01  -8.4508338e-02   5.0652300e-02  -6.5877046e-02  -1.4284877e-01   2.4268681e-01  -2.5780645e-02   1.0064517e-01   1.2444855e-01   5.2976588e-02   7.0968900e-02  -2.5750392e-02   2.1128557e-01  -7.2393681e-02  -1.3429183e-01  -4.0128581e-02   1.2837704e-02   4.8611131e-02   3.9042072e-02  -2.6063357e-01  -1.0671185e-03  -3.8089917e-02  -6.0814782e-03  -2.5893033e-01  -9.6067522e-02  -2.2234487e-01   7.3941478e-02   2.1071687e-01   1.4118423e-01  -3.8945609e-02   3.5942560e-02   3.3083130e-02  -4.7190620e-02   7.5311792e-02   0.0000000e+00   6.4303843e-02   4.1832255e-02   0.0000000e+00  -8.0734642e-02   4.4981231e-02   1.6944507e-01
