   0.0000000e+00   1.7140058e-02   2.6926406e-02   9.8730673e-02   3.1747141e-01   2.5718203e-01   1.8516560e-01   1.1440626e-01  -4.3305774e-02   3.8653735e-01   1.8150340e-01   1.7714564e-01   9.7266115e-02   6.7587658e-02   4.0452106e-02   7.4262398e-02   1.0565101e-01   6.1696527e-02   1.4966771e-01   1.2567585e-01   1.1002105e-01   3.7612820e-02   1.2709986e-01   1.0177562e-01   4.6329025e-02   1.4042874e-01   1.6789294e-01   2.9070082e-01   1.6145020e-01   1.2110940e-01   2.3535184e-01   1.3444236e-01   1.5798508e-01   1.5903181e-01   8.8204491e-02   1.7500667e-01   1.0753731e-01   1.5558722e-01   1.6243567e-01   1.8741240e-01   3.1241225e-01   1.4113058e-01   2.3336230e-01   1.5444815e-01   4.7282289e-02   2.0869352e-01   1.2633127e-01   1.6548766e-01   1.1317632e-01   2.0268534e-01   2.3831520e-01   2.6464934e-03   1.2860761e-01   5.1184491e-02   8.9606810e-02   1.9834257e-01   8.1563276e-02   1.6909221e-01   1.0376389e-01   7.0562501e-02   4.6125471e-02  -1.3441360e-02   4.5125425e-02   2.0459802e-01  -1.6541955e-02   2.2809280e-01   2.6943683e-01   2.9715309e-01   2.9497623e-01   1.1244242e-01   9.0542077e-02   1.4661177e-01   4.4617735e-01  -1.9934039e-02   5.2527974e-01   3.7544399e-01   1.7510023e-01   8.3460451e-02   7.0188110e-02   1.5046270e-01   2.2924488e-01   1.3863894e-01   1.7213354e-01   1.4503221e-01   2.4579845e-01   1.9320330e-01   3.9117871e-01   2.6211333e-01   3.2073320e-01   2.9404795e-01   3.0180904e-01   1.3413049e-01   1.1775385e-01  -4.2136851e-02   8.9829507e-02   1.9263644e-01   1.4907600e-01   8.2145426e-02   1.2715233e-01   1.9340278e-01   2.0118681e-01   1.5706339e-01  -5.1227407e-02   1.0982437e-01   8.7225849e-02   2.4440931e-01   1.5691459e-01   3.4505058e-02   5.9079882e-02   2.7955845e-01   1.6725793e-01   3.9163840e-02  -3.7283963e-02  -4.1673664e-02   1.2318962e-01   1.5459119e-01   2.3088846e-01   2.2855852e-01
   1.7140058e-02   0.0000000e+00   9.4446781e-02   9.7096448e-02  -6.2948901e-02  -1.0786983e-01  -1.0870233e-01   8.0931220e-02   1.9465836e-01  -4.9554228e-02  -2.0318873e-02   2.8187943e-02   1.5736452e-01   3.4895188e-02  -4.4104359e-02   3.5071350e-02  -9.5714084e-02   1.1459322e-01  -1.3014739e-01   1.0875067e-01   1.1683906e-01  -7.2101788e-02   2.1001684e-01   2.1989761e-01  -1.1820923e-01   8.2234061e-02  -8.5971545e-02  -5.0550433e-02  -1.7788695e-02   1.1804929e-01   9.9381576e-02  -9.9909732e-02  -1.1178991e-01  -1.1728309e-02  -5.1548170e-02  -1.1658565e-02   2.1825709e-02  -6.4769029e-02   6.5414260e-02  -5.1499487e-02  -6.1248114e-02   3.6709242e-02  -1.1648321e-01   1.1194238e-02  -9.9894106e-02   3.7911804e-03  -4.3739720e-02  -1.4251523e-02   8.4381457e-02   9.7724037e-02   7.8316082e-02  -1.1740548e-01   4.2835268e-02   1.2078711e-03  -1.0173550e-01  -2.3937690e-02   1.7135454e-02   1.0005857e-01  -9.0701009e-03  -2.7824254e-02  -6.1670844e-02  -7.7551842e-02  -1.2981302e-02   4.6983745e-02   1.0876477e-01   6.5786811e-03   2.3754125e-01   1.6523978e-01   3.0638059e-01  -4.1749925e-02   2.0479283e-02   2.4637910e-01  -2.0776843e-01  -2.1218451e-01  -7.0497752e-02   2.6624498e-01   1.9121601e-01  -2.9053941e-02   5.2860521e-02   2.9841315e-01   8.5112567e-02   9.7153329e-02   1.5064067e-01   8.1649767e-02   6.5606410e-03   1.5922634e-01   1.8093378e-01   2.3501082e-01  -4.3213450e-03   1.4479396e-01   1.4544759e-01  -1.0335403e-01  -9.5522925e-02   1.4290664e-03  -5.7895036e-02  -5.4841144e-02   4.2877286e-02  -2.7798573e-02   5.5067029e-02  -3.5883491e-02   8.7353418e-02  -2.9357360e-02  -2.5995821e-02  -5.1592187e-02  -5.4116684e-02   9.9679650e-02  -1.7811014e-02   1.3812375e-02   2.4874802e-02   1.8062742e-01   1.4201061e-01  -2.5229011e-01  -1.7806728e-01  -2.7806839e-01  -3.0509553e-01   1.9496976e-01   2.1248473e-01   2.7327039e-01
   2.6926406e-02   9.4446781e-02   0.0000000e+00   9.8217500e-04  -6.0527921e-02  -4.1383461e-02   1.1019549e-01  -5.2699116e-02   2.3126997e-01   7.0835276e-02   4.4431310e-01   9.5467451e-02   1.2369465e-01  -6.5398975e-02   3.8698224e-02   4.6273104e-02  -1.2230504e-02   7.5674754e-02  -1.2780630e-01   8.1229881e-02   1.2794858e-01  -2.1133225e-03   6.6300967e-02   1.2989362e-01  -4.1416305e-02   1.4913631e-01  -2.9032177e-02  -8.3713618e-02   7.1681326e-02   2.0314106e-01   4.4040740e-02  -8.9909695e-02  -1.7672891e-01  -8.1430238e-02  -5.3018181e-02  -8.2126900e-02   2.9182673e-02  -9.4899086e-02  -8.9418402e-02   1.0994322e-01   5.0793010e-02   1.5835408e-01  -5.5986941e-02  -4.7368832e-02   2.7601392e-02   6.6352110e-03   1.6727976e-01   5.6542785e-02  -5.1520201e-03   1.2021182e-01   1.9395183e-01  -9.9977870e-03   7.7131949e-02  -7.1015094e-03  -3.2397540e-02  -7.7925262e-02  -2.5403853e-02   9.6043117e-03   4.4282318e-02  -8.3511620e-02  -6.0000644e-02  -6.8845949e-02  -7.9753767e-02   2.9145726e-01   1.3154937e-01   3.4102881e-01  -4.7387535e-03   1.0669261e-01   1.3459996e-01  -7.3947376e-02   4.5482013e-02   4.3524636e-03  -7.9247223e-03   2.5177618e-01  -2.0168106e-01   3.4742380e-02   3.1750223e-02  -1.7290850e-01  -1.0833043e-01   7.4358534e-02  -3.1064029e-03   9.3749831e-02   3.8512133e-02   3.6160211e-02  -6.9703933e-02   2.3166581e-01   7.0797793e-02   5.4578242e-02  -6.4174504e-02   1.1096798e-01   3.3738878e-02  -8.2086693e-02   1.7735283e-03  -2.4354495e-02  -6.6633168e-02  -1.2186081e-02  -2.5944525e-02   4.8621832e-03   7.9869640e-03  -2.9938504e-02  -1.5554816e-01  -1.0888541e-01  -3.0258602e-02  -8.8371098e-02  -3.6234797e-02   3.3974787e-02  -1.7364879e-01   2.5940627e-02  -3.2107011e-02   2.6382838e-01   5.5381482e-02   2.3730608e-02   5.6044120e-02  -1.3328131e-01  -9.5899282e-02  -4.1090190e-04   4.0052370e-02   6.7973625e-02
   9.8730673e-02   9.7096448e-02   9.8217500e-04   0.0000000e+00   1.4335752e-02  -8.7713735e-03   5.2508975e-02   4.5833069e-02  -3.0300367e-02   1.9487335e-01   2.4613032e-01   1.6663897e-01   3.3010092e-01   5.6601320e-02   2.0165321e-01   1.2267337e-01   6.6390007e-02   2.7505431e-01   1.7615418e-01   2.9188943e-01   3.3399612e-01   1.1180542e-01   3.2333462e-01   2.4231130e-01   1.5771254e-01   2.7313835e-01   1.4578746e-01   8.2076160e-02   2.2049642e-01   2.0841648e-01   2.1318414e-01   6.4891140e-02   7.6510156e-02   2.3064315e-01   1.2052241e-01   1.8619697e-01   1.3074233e-01   1.3234793e-01   1.0559532e-01   2.7067440e-01   1.8015398e-01   1.7145867e-01   1.2084811e-01   2.5131997e-01   2.7913159e-01   1.0461667e-01   2.4054646e-01   2.1843920e-01   1.2787364e-01   1.1334963e-01   1.4858407e-01  -2.5299528e-02   1.5396079e-01   3.0592784e-01   4.5692056e-02   1.8116532e-01   2.5615817e-01   1.5641760e-01   2.9035775e-01   8.9841814e-02  -6.1925855e-02  -1.5713884e-01  -6.5383692e-03   7.0999704e-02   1.1787905e-01   8.4620532e-02   9.4709196e-02   1.5859171e-01   1.3421627e-01   3.9182032e-02  -8.9316414e-03  -9.8647234e-02  -8.5565814e-02  -8.1060256e-02  -6.5414606e-03   1.6014420e-01   7.3485060e-02   2.0517529e-03  -3.4269329e-03   6.4475031e-02   2.7571995e-02   6.4622073e-02  -1.8513562e-02   6.4190544e-02   6.1445617e-03   3.6695312e-02   1.0966004e-01  -1.5483618e-03   2.6552553e-02   1.7413182e-01   1.7775130e-01  -1.4296962e-02  -6.7879275e-02  -8.3601113e-02   1.5491728e-01   1.2561741e-01   1.1787278e-01   1.2534288e-01   8.0247837e-02   8.4871895e-02   6.6616841e-02   1.0909983e-01   5.2777797e-02   3.9038635e-02   3.0718089e-02   1.7946177e-01   4.1475272e-02  -3.8431221e-02   2.6695022e-02   1.6838234e-02   1.2331086e-01   1.0053987e-01   5.4020895e-02  -6.7246595e-02   3.2930560e-02   4.5977020e-02   2.8778499e-02   9.4934164e-02
   3.1747141e-01  -6.2948901e-02  -6.0527921e-02   1.4335752e-02   0.0000000e+00   3.8112465e-01   3.2706327e-01   1.6417443e-01  -6.4807438e-02   3.9532467e-01   7.1257266e-02   4.5954273e-02   8.6786996e-02  -2.3569698e-03   1.5678323e-01   2.2176305e-01   3.6087659e-01   2.7583556e-01   2.3547438e-01   2.5396038e-01   5.0271597e-02   2.7160292e-01  -6.7912273e-03   2.3428550e-02   2.5663398e-01   1.8400294e-01   6.7597307e-01   4.9636049e-01   2.3472858e-01   1.6011733e-01   1.5086390e-01   2.8371249e-01   3.8933459e-01   2.4034616e-01   1.9656098e-01   2.9229907e-01   2.0104144e-01   3.2647778e-01   2.9593284e-01   2.5292691e-01   4.1776101e-01   2.2609024e-01   3.7673399e-01   2.5686130e-01   6.6950857e-02   2.5098659e-01   2.8637665e-01   1.2358405e-01   2.9259224e-01   5.2648955e-01   2.4172564e-01   3.0674392e-01   2.7372464e-01   1.1661943e-01   3.0272741e-01   1.7513484e-01   3.0702818e-01   1.8301583e-01   2.1426052e-01   1.9797440e-01   2.7695609e-01   2.1269637e-01   3.4079276e-02   9.5701870e-02   4.5164162e-02   3.0130304e-01   1.9212800e-01   3.1123967e-01   8.3593908e-02   4.3071187e-01   2.6447911e-02   6.5812428e-02   3.3672401e-01   1.1174272e-01   1.4822121e-01   1.1801261e-01   1.6896043e-01   3.4491797e-01   3.3436375e-01   4.7756842e-02   5.7310384e-01   2.6972197e-01   2.2885670e-01   3.3085333e-01   3.5570862e-01   8.7148703e-02   2.0727116e-01   1.9995579e-01   3.3037309e-01   1.2227617e-01   1.6764799e-01   4.6330379e-01   6.6318572e-02   8.8516479e-02   2.8744659e-01   2.2099634e-01   2.1248778e-01   5.3901873e-02  -2.5983376e-02   1.1365793e-01   1.8454569e-01   3.9066603e-01   2.2397775e-01   2.5532830e-01   3.9435695e-01   1.2830666e-01   2.6135713e-01   2.8144586e-01   2.1658083e-01   1.2413926e-01   8.1482218e-02   1.2809927e-01   6.7507610e-02   1.8659862e-01   2.3753105e-01   1.6173670e-01   1.3973547e-01   8.5832021e-02
   2.5718203e-01  -1.0786983e-01  -4.1383461e-02  -8.7713735e-03   3.8112465e-01   0.0000000e+00   7.0471727e-02   5.4304582e-02  -1.3754324e-01   1.4731574e-01  -9.3432721e-02   2.1776019e-03   1.0028516e-02   4.4627535e-02   6.2830473e-02   6.3693289e-02   1.6840609e-01  -9.1385573e-02   6.1112910e-02   9.4649537e-03   7.1494608e-03   1.0016090e-01  -3.8127470e-02  -1.8968634e-04   3.3607867e-02  -3.5180056e-02   1.6033723e-01   2.0074019e-01   1.3828466e-01  -4.1179036e-02   7.0027879e-02   8.6108331e-02   6.6709010e-02   2.2061904e-02   1.6272631e-02  -4.8460198e-02  -1.6340762e-02   1.1527375e-01  -2.1491755e-02   5.1805816e-02   1.6108130e-01   1.3126506e-02   3.4543100e-02  -3.6042299e-02  -5.1175614e-02   4.3168396e-02   4.4010216e-02   6.2243503e-02  -1.4678022e-02   7.1151808e-02  -4.9582551e-02   6.7693278e-02   4.0803814e-02   7.7841777e-03   4.8777473e-02   1.4932914e-01  -4.6530802e-02   6.8466092e-02   5.9413201e-03   1.2746957e-02   6.6813682e-02   8.0416503e-02   5.6642782e-02  -1.9217564e-02  -5.6721987e-02   8.2996905e-02   1.2092804e-01   3.1803450e-02  -7.8700180e-03   6.4844680e-02   7.5884426e-02   5.0410031e-02   2.3480023e-01   1.0514096e-01   1.4006745e-01   6.8607579e-02  -3.2174329e-03   7.3237722e-03   3.4338615e-02   1.1967471e-02   8.2148485e-02   1.0548365e-02   8.7087977e-02   8.9500913e-02   5.0692646e-02  -5.0847610e-02   3.4922030e-02   4.5041379e-02   1.1343801e-01   1.0245288e-01   6.6019025e-02   9.4546355e-02   1.8551800e-01  -8.9709431e-03  -4.2091031e-02   5.0878869e-02  -6.2835297e-03   3.8896682e-02  -1.1279442e-02   7.0838214e-02   4.6459088e-03   8.8847177e-02  -2.4794695e-02   5.4233955e-02   8.2428970e-02   1.6616028e-02   1.8772184e-01   8.5948401e-03   8.3973652e-02  -3.1962777e-02  -3.4378009e-02   9.7830967e-02   3.6579791e-02   6.1148284e-02   1.1992293e-01  -1.4438761e-02   4.2642276e-02   2.8378906e-02
   1.8516560e-01  -1.0870233e-01   1.1019549e-01   5.2508975e-02   3.2706327e-01   7.0471727e-02   0.0000000e+00   3.7975145e-03   4.1322880e-02   2.9825508e-01   2.7171059e-01  -2.1266048e-01   1.9215793e-01  -6.5054959e-03   8.8980298e-02   1.7494599e-01   2.8162646e-01   2.3536428e-01   3.4699045e-01   2.9575727e-01   2.0024886e-01   1.8499672e-01   6.9518172e-02   6.3693281e-03   2.4514942e-01   2.3152771e-01   4.9413569e-01   3.4410085e-01   3.3677664e-01   1.6630731e-01   8.4119772e-02   3.2334033e-01   4.2966660e-01   3.4961121e-01   1.7920248e-01   2.8113737e-01   2.4745287e-01   2.8284080e-01  -5.0011749e-03   2.5736873e-01   3.0136173e-01   2.7350877e-01   3.7111843e-01   9.2454649e-02   2.1785641e-01   2.9819781e-01   1.8838136e-01   2.3063535e-01   3.7791112e-01   4.3389709e-01   2.6643773e-01   4.7368068e-01   1.9303707e-01   1.4736202e-01   3.2406493e-01   2.2881173e-01   2.6401728e-01   2.0353097e-01   4.0767548e-01   1.1594229e-02   4.6498612e-02  -1.1590920e-02  -4.7975619e-02   1.3995852e-01   2.2463979e-01   3.0530857e-01   1.2359578e-01   2.9740346e-01   5.0518506e-02   2.2891207e-01  -5.4274000e-02   4.8490223e-03   5.1250746e-01   3.3931266e-01  -1.5436195e-03   1.1547303e-01   1.1036808e-01   7.3713574e-02   1.1290433e-01   8.4633785e-02   2.7445174e-01   1.5060392e-01   5.6895310e-02   3.1110240e-01   3.4326611e-01   3.1707124e-01   2.9210189e-01   8.3495182e-02   9.1211159e-02   1.7074901e-01   8.9518096e-02   2.8636634e-01   1.1334164e-01   1.4920733e-01   1.2374680e-01   1.5365945e-01   1.6205813e-01   2.9920813e-03  -7.4425800e-02  -4.2066392e-02  -8.9607933e-02   3.6178320e-02   2.8008894e-01   9.8313547e-02   3.2691168e-01   1.6234807e-01   5.7133030e-02   1.6492053e-01   1.6519332e-01   3.1705348e-01   1.6678677e-01   1.0584986e-01   1.0287780e-01   2.1780770e-01   1.5239332e-01   1.9751479e-02   1.7329655e-02   1.5826298e-02
   1.1440626e-01   8.0931220e-02  -5.2699116e-02   4.5833069e-02   1.6417443e-01   5.4304582e-02   3.7975145e-03   0.0000000e+00   5.9653412e-02   8.5418585e-02  -7.9479881e-02   7.3322500e-02   1.4009499e-01   1.0938275e-01   2.0421945e-01   2.7332489e-01   1.1798170e-01   8.7725154e-02   1.1792279e-01   1.7792512e-02  -2.0186586e-02   9.2966605e-02   6.9979846e-02   1.2610001e-02  -2.0345771e-02  -4.1859086e-02   6.1218940e-02   1.1072182e-01   6.8541653e-02   3.2770386e-03  -2.0959255e-02   9.4343908e-02   1.2426318e-01   6.8272598e-02  -1.2126303e-01   1.3578421e-01   2.2901274e-01   8.2314000e-02   2.0245471e-01   2.2939214e-02   1.1903669e-01   7.6635805e-02   5.0052018e-02   1.3878500e-01  -7.1020159e-02   1.3497649e-01   9.5217417e-02   1.4719871e-01   1.3579047e-01   1.3726515e-01   8.5465775e-02   3.4120034e-02   7.5121300e-02   1.2759146e-01   2.2437624e-01   1.3093278e-01   1.0441842e-01   9.9767863e-02   1.4019160e-01   1.3212989e-02   7.9729445e-02   1.1075206e-01   6.2141017e-02   6.3767304e-02   4.1395894e-02   9.6680782e-02   2.0147250e-01   1.9981260e-01   1.5923373e-01   1.0283620e-01  -1.2823061e-01   1.7311486e-01   1.7127961e-02  -5.4897665e-02  -1.5332224e-02   4.2377897e-02   3.8799178e-02   6.9704855e-02   1.5147137e-01   4.0364537e-02   1.4449847e-01  -1.6574677e-02   1.3981319e-01   3.4969494e-02   8.6888312e-02  -7.2482279e-02   6.9978202e-02   1.0734688e-01   7.3914448e-02  -4.5110223e-02  -3.4292553e-03   1.3578451e-01   4.6162299e-02   7.8055811e-02   1.5347600e-01   4.0812327e-02   4.9628800e-02  -1.7301649e-02   2.3586294e-02   1.1951055e-01   9.0627591e-02   1.4368390e-01  -3.9734671e-02   8.9362306e-02   2.0015989e-01   2.7756016e-01   1.4512781e-01   1.1833395e-01   2.8174528e-01   6.1679900e-02   8.6943540e-02   9.0066186e-02   1.9266811e-02   8.1333526e-02   1.4798835e-01   5.7747134e-01   3.5068812e-01   6.1168018e-02
  -4.3305774e-02   1.9465836e-01   2.3126997e-01  -3.0300367e-02  -6.4807438e-02  -1.3754324e-01   4.1322880e-02   5.9653412e-02   0.0000000e+00  -5.4329055e-02   3.9415514e-02  -1.8682793e-02   2.3929614e-02   1.6577437e-01   7.5356381e-02   1.4297441e-01  -5.1049471e-02  -7.3313896e-02   4.2081061e-02  -1.3243907e-01  -2.2291559e-02  -9.2439590e-02   2.7265301e-02   4.0959662e-02  -1.6537308e-01  -5.1875719e-02  -6.8073668e-02  -6.6804415e-04   4.5404640e-02   5.6980057e-02  -1.2883396e-01   1.4021479e-01   5.5227826e-02   1.3528180e-02  -7.6447720e-02   1.1714030e-01   1.3924212e-01   1.1523345e-01   1.6682792e-01   1.7944376e-02   2.4214508e-02   1.6904121e-01   6.9987297e-02   1.3938292e-01  -1.1571380e-01   2.1257896e-01  -8.8275883e-02   1.2794259e-01   1.6117645e-01   1.4776898e-01   1.1962686e-01   2.2763897e-01   2.1042072e-01   2.4557185e-02   2.1445524e-02  -1.7235736e-01  -9.3596194e-02   7.9583389e-02   1.0518136e-01  -5.7704937e-02  -3.5730858e-03   6.6336401e-02   1.4317705e-01   1.4451661e-01   2.2544204e-01   5.7965950e-02   1.4337248e-01   4.3291955e-02   1.7359634e-01   1.0424829e-01   4.3184729e-02   1.2865369e-01  -5.9234015e-02   2.9706554e-02  -2.0304031e-01   1.6796929e-02   2.5531303e-01   1.1943929e-01   2.5578722e-01   7.5105296e-02  -6.5634732e-03   8.8872372e-02   1.1826250e-02  -1.8590844e-02   1.0973720e-01   1.7471288e-01   4.7635808e-02   5.3268500e-02   1.7934064e-01   1.3997617e-02   4.5506158e-02   4.6441166e-02   2.0562678e-01   4.0937658e-01   9.4584201e-02   1.5336428e-01   1.7748448e-01   1.8964399e-01   2.9691837e-01   1.0274757e-01   1.0251648e-01   1.1209310e-01   1.0226121e-01   6.4829555e-02   5.6767603e-02   1.1912368e-01  -2.6256315e-02   2.9450633e-01   2.1500287e-01   3.2562699e-01   3.2077823e-01  -1.8769846e-02   7.5754566e-02   7.9588227e-02   7.8111163e-02   2.6153642e-01   2.2664486e-01  -4.8951488e-02
   3.8653735e-01  -4.9554228e-02   7.0835276e-02   1.9487335e-01   3.9532467e-01   1.4731574e-01   2.9825508e-01   8.5418585e-02  -5.4329055e-02   0.0000000e+00   1.9861226e-01   4.2054139e-01   2.1760759e-01  -5.1893020e-02   2.2370718e-01   1.0553264e-01   3.2373185e-01   2.9645631e-01   2.6495722e-01   3.5878772e-01   2.9448043e-01   3.2455945e-01   1.5147398e-01   2.0684145e-01   3.8613178e-01   3.1924160e-01   4.4231975e-01   4.1555832e-01   3.5482040e-01   3.2827899e-01   2.8382895e-01   3.0026795e-01   3.7483585e-01   3.4673996e-01   3.1125815e-01   4.0281888e-01   3.2018713e-01   5.0124936e-01   3.4150341e-01   6.0974534e-01   5.5697103e-01   3.7938576e-01   3.4028691e-01   4.3619539e-01   4.2251788e-01   3.6694336e-01   4.4766571e-01   1.9701479e-01   1.5884160e-01   2.7267431e-01   2.8468343e-01   2.3558336e-01   3.3544895e-01   1.4513686e-01   9.9559330e-02   2.9134653e-01   2.2077361e-01   8.4366532e-02   3.6456080e-01   1.7271658e-01   3.4926870e-02  -8.6601798e-02  -1.8456698e-02   1.6984848e-01   1.4572815e-01   1.9230618e-01   1.2658378e-01   3.2130665e-01   1.5274730e-01   5.5012070e-02  -5.2260676e-02  -1.5474559e-01   1.4391623e-01   6.6768787e-02   1.6700266e-01   1.6944753e-01   1.5391421e-01   1.3584327e-01  -2.5922892e-02   3.5389103e-02   2.3130420e-01   1.9174219e-01  -2.6306993e-02   2.1484252e-01   1.8943762e-01   1.5441377e-01   3.3099124e-01   1.2530597e-02   2.6620845e-01   1.5623942e-01   2.1457971e-01   9.4926364e-02   6.6616573e-02  -7.5795408e-02   1.7587998e-01   2.7974671e-01   2.5819126e-01   1.1022568e-01   1.3779725e-02   1.8824971e-01   1.7636966e-01   3.3713399e-01   4.1889579e-02   3.8672883e-02   1.0949087e-01   5.4724242e-02  -5.0375741e-03   2.0678507e-02   7.9569029e-03   1.7987612e-01   1.1711080e-01   9.0360142e-02   3.8145170e-02   1.1098986e-01   1.3172781e-01  -3.9397594e-02   2.3886023e-02   2.5437340e-02
   1.8150340e-01  -2.0318873e-02   4.4431310e-01   2.4613032e-01   7.1257266e-02  -9.3432721e-02   2.7171059e-01  -7.9479881e-02   3.9415514e-02   1.9861226e-01   0.0000000e+00  -2.2703430e-02   2.6287730e-01   3.0888629e-03   5.5645857e-02   1.2854817e-01   6.8372323e-02   2.6087328e-01   1.3158330e-01   2.8955466e-01   3.5883157e-01   9.7068267e-02   2.6274678e-01   2.6485725e-01   2.1397737e-01   3.2771362e-01   1.1897359e-01   7.8287854e-02   2.0841287e-01   2.8808357e-01   1.7089622e-01   1.3719240e-01   7.3742673e-02   2.0705049e-01   1.5404765e-01   2.6407816e-01   1.5545017e-01   1.5094949e-01   1.4535685e-02   5.5116689e-01   3.5780794e-01   3.6855043e-01   1.1428266e-01   2.4470143e-01   3.2245328e-01   9.9819262e-02   3.3383716e-01   2.9890158e-01   9.3945026e-02   1.5938431e-01   2.9989186e-01  -2.2609918e-02   1.6346751e-01   3.0387210e-01   8.0919569e-02   4.2390892e-02   1.9479025e-01   8.3936118e-02   1.6502404e-01   1.1309392e-01  -5.3018950e-02  -1.5828109e-01  -1.5032691e-02   2.8023734e-01   1.3545481e-01   3.2432139e-01   4.3202896e-02   2.1175527e-01   1.8906549e-01   1.9489410e-02   9.4577757e-02  -2.5155144e-02   1.3407220e-01   1.2166644e-01   5.4390466e-02   1.9596107e-01   1.4016634e-02  -6.8605880e-02  -9.5640856e-02   9.6092291e-02   3.3053138e-02   1.7380360e-01   1.0364791e-02   6.1066896e-02   8.1308378e-02   3.0593630e-01   1.3894693e-01   9.6744739e-03   6.7496698e-02   1.4340594e-01   9.4382430e-02  -4.5318558e-02   2.3189946e-02   1.6122827e-03   1.1936730e-01   1.7903697e-01   1.0131512e-01   9.1403052e-02   6.6773057e-02  -1.7228254e-02   1.0960632e-02   4.7057192e-02   3.7526026e-02  -2.6608546e-02   2.1642130e-02   1.7243158e-01  -2.9817194e-02  -2.7397125e-02   1.0867565e-02   3.3650800e-01   1.0732719e-01   5.9353256e-02   7.3863679e-02  -8.3321324e-02  -8.9148591e-02  -2.2348967e-02   7.9733228e-02   1.0284209e-01
   1.7714564e-01   2.8187943e-02   9.5467451e-02   1.6663897e-01   4.5954273e-02   2.1776019e-03  -2.1266048e-01   7.3322500e-02  -1.8682793e-02   4.2054139e-01  -2.2703430e-02   0.0000000e+00  -9.5946859e-03  -4.8439418e-02   1.4026245e-01   4.0168082e-02   6.5480178e-02   2.2524409e-01   3.3943964e-02   5.0605684e-02  -3.4243198e-02   5.7140653e-02  -2.9123499e-02   5.8256060e-02   4.4555395e-02   6.6879326e-02   8.1718371e-02  -1.2621890e-02  -1.4431824e-02   1.5360839e-01   1.2924620e-01   3.7698268e-03   2.5361157e-02  -2.1637398e-02   3.8075771e-02   1.9732633e-01   2.0036493e-01   8.2332181e-02   3.6056603e-01   1.3242828e-01   1.0047021e-01   6.3639546e-02   1.6557399e-01   2.3406475e-01   9.5381222e-02   1.2898499e-01   1.2637957e-01  -1.0676864e-01   4.2199808e-02   4.8522928e-02   2.0738795e-02  -6.1535245e-02   1.5158906e-01  -1.7299528e-02  -1.6381729e-01   1.6530833e-01   8.2188714e-02  -2.0428170e-02   1.5789130e-01   7.9634535e-02   6.1943566e-02   4.3839466e-02  -5.5166141e-02   2.8899985e-01   6.2785720e-03   2.9581997e-01  -7.1424297e-02   1.4236334e-01   9.7828943e-02  -4.1396789e-03  -2.4686179e-02  -9.6565630e-02  -1.3955701e-01   2.9790946e-02   1.4147103e-01   3.8580091e-02   9.9318741e-02   1.6167916e-01   7.9148052e-02  -4.3690548e-02   1.2974484e-01   8.3494927e-02  -8.9198498e-02   1.1434424e-01   1.0395258e-01  -4.2701164e-02   9.9225694e-02   2.9210207e-02   2.4157500e-01  -2.4899980e-02   8.3604413e-02   4.9823038e-02  -1.1725440e-01  -1.1105568e-01   6.5125936e-02   1.0606722e-01   1.0310542e-01   5.7280433e-02   8.3159542e-02   1.9559844e-01   2.8464044e-01   2.0531164e-01  -8.1443803e-02   7.6896788e-02   3.4625553e-02  -8.9713502e-02  -1.1553993e-02   6.2389961e-02  -8.3865982e-02   5.7389983e-02   5.0256478e-02  -1.5309579e-01  -9.6444905e-02  -1.7803417e-01   2.3214137e-02   8.5043849e-02   4.5065539e-02  -7.0144747e-02
   9.7266115e-02   1.5736452e-01   1.2369465e-01   3.3010092e-01   8.6786996e-02   1.0028516e-02   1.9215793e-01   1.4009499e-01   2.3929614e-02   2.1760759e-01   2.6287730e-01  -9.5946859e-03   0.0000000e+00   1.5095483e-01   3.1578846e-01   2.6332160e-01   2.6226425e-01   3.6224669e-01   1.0083508e-01   5.6189717e-01   7.0141410e-01   2.4617549e-01   4.2067712e-01   1.6496152e-01   1.9065765e-01   3.6557088e-01   1.7604960e-01   2.1408047e-01   4.4235575e-01   3.6994237e-01   4.4158659e-01   1.2042803e-01   1.6390617e-01   3.7819924e-01   1.2568054e-01   1.9391114e-01   2.2213104e-01   9.0153139e-02   1.0743843e-02   2.6286599e-01   1.4455950e-01   2.8782015e-01   8.8079860e-02   1.4985432e-01   4.6025832e-01   2.7493042e-01   3.6824486e-01   5.3460912e-01   4.2827786e-01   2.2981297e-01   3.4213139e-01   4.7008361e-02   1.1930406e-01   3.8757418e-01   1.5105894e-01   2.4165229e-01   3.1424153e-01   4.8407932e-01   3.0028167e-01   2.8407307e-02  -2.1555797e-02  -1.7607282e-01   1.5872682e-01   1.9857236e-01   2.5029304e-01   9.8829485e-02   1.5324743e-01   3.1531266e-01   4.4440758e-01   2.0692342e-01   9.2214536e-02   6.0469512e-02  -7.6155757e-02  -1.3612045e-01  -1.4388507e-02   2.1534315e-01   1.8588676e-01  -7.3502682e-02  -3.9210037e-02   1.6603467e-01   1.3032342e-01   9.9530023e-02   8.2820467e-02   2.0332650e-01  -5.1341274e-02   2.8527773e-01   2.9338326e-01   5.4336540e-02  -2.4441904e-02   3.3848248e-01   2.3403008e-01   2.9594973e-02   6.8956426e-02  -6.4078300e-03   4.4997631e-02   1.7702053e-01   1.6998336e-01   1.7572629e-01   4.6399673e-02   7.8677794e-02  -1.1829800e-02   8.0076833e-02   1.5674053e-01  -4.9313657e-02   2.3356679e-01   5.2444113e-01   7.0605819e-02   3.5512211e-03   2.3504143e-01   2.0931646e-01   1.7394802e-01   1.2734530e-01   7.8778117e-02   1.0245821e-02   4.7012727e-02   7.4989414e-02   1.7735369e-01   2.4322584e-01
   6.7587658e-02   3.4895188e-02  -6.5398975e-02   5.6601320e-02  -2.3569698e-03   4.4627535e-02  -6.5054959e-03   1.0938275e-01   1.6577437e-01  -5.1893020e-02   3.0888629e-03  -4.8439418e-02   1.5095483e-01   0.0000000e+00   6.7214535e-03   1.9615924e-01  -1.4029866e-02  -1.1672102e-01   9.7460791e-03  -1.1445951e-01   6.0492968e-02   1.3488986e-01   2.8098613e-01   3.1214891e-02   2.4053827e-02  -2.0543268e-01   2.2786040e-02   6.7426999e-02  -1.2771816e-01  -2.5950739e-01  -2.1937282e-01   2.2598919e-01  -8.0984930e-03  -7.4204124e-02  -2.4280065e-01   1.0072331e-02   1.5296764e-01   9.7573110e-02  -2.2578560e-02   7.2003202e-02   6.2808421e-02  -4.0598699e-02  -1.3384092e-01   6.6307988e-02  -1.8500212e-01  -1.3299693e-02  -4.2336516e-02   1.6911821e-01  -1.0453708e-01  -1.5844710e-01  -1.1124019e-01  -1.2892915e-01  -1.7310183e-02   1.5610124e-01   1.5259758e-02  -2.5156385e-02   2.3339557e-01  -1.8155162e-02  -7.1274084e-02   5.5246048e-02   9.0148007e-02   1.9188357e-01   5.1927684e-01   5.5830879e-02  -1.1503448e-01  -6.7244961e-02   2.1973562e-01   1.4788002e-02   1.0263820e-02   1.3600243e-01   2.6965650e-02   6.8766130e-01   4.6705973e-02   8.8661565e-02   7.0515669e-03  -5.9473452e-02   1.1055394e-01  -1.2162599e-01   2.3303171e-01  -2.7148479e-02  -4.5786277e-02   9.5580422e-02   4.0994973e-01  -1.0181068e-01   8.3404935e-02  -1.4436783e-01  -1.7599836e-01   1.0703226e-01   1.0900572e-01  -1.0038037e-01  -1.0911216e-01   1.1258533e-01   4.5690715e-01   2.5484221e-01   1.3062562e-02   5.4066784e-02  -5.7383496e-02   3.2384626e-01   2.2723430e-01   1.0343554e-01  -1.1027305e-01   1.6673350e-01  -1.7625872e-01   9.7962855e-02   1.8522995e-01   2.5791526e-01   1.9013076e-01  -3.7317491e-02   3.1562854e-01   2.0324962e-01  -2.7535598e-02  -2.3158577e-02   5.3774910e-02  -4.1387149e-02  -5.1505675e-03   2.7378841e-01   3.3171049e-01   1.0806849e-01
   4.0452106e-02  -4.4104359e-02   3.8698224e-02   2.0165321e-01   1.5678323e-01   6.2830473e-02   8.8980298e-02   2.0421945e-01   7.5356381e-02   2.2370718e-01   5.5645857e-02   1.4026245e-01   3.1578846e-01   6.7214535e-03   0.0000000e+00   5.1648916e-01   2.0679026e-01   2.3823078e-01   3.1143220e-01   7.7986507e-02   1.7640272e-01   7.7996490e-02   1.7710373e-01   4.3593991e-02   1.0189747e-01   2.5649160e-02   1.7961868e-01   9.0311015e-02   2.8020869e-01   1.6818458e-01   1.0854944e-01   1.2587283e-01   3.2622188e-01   3.2726395e-01   1.2923058e-02   3.5633137e-01   4.7586033e-01   1.2985808e-01   2.7729601e-01   2.1985272e-01   1.4537533e-01   2.4432137e-01   1.1173189e-01   2.7211901e-01   2.7109171e-01   3.1031742e-01   2.0946332e-01   3.2979498e-01   3.7954908e-01   1.5990920e-01   1.1410467e-01   1.7962696e-01   1.8275513e-01   3.0567950e-01   3.3613790e-01   3.2179038e-01   1.5474603e-01   1.8603287e-01   5.2137952e-01  -4.2499994e-02  -3.5224684e-02  -8.6660064e-02   2.6902250e-02   1.7980967e-01   1.8605699e-01   1.3339825e-01   6.3036799e-02   1.7050511e-01   1.8752472e-01   1.6366147e-01  -1.3976632e-01  -5.5661799e-02  -3.2498176e-02  -4.6475691e-02  -1.4559191e-01   5.9334822e-03   9.1069030e-02   1.3477519e-01   1.5304661e-02  -7.8620515e-02   4.4506103e-02  -8.0981670e-03  -1.3160914e-01  -1.0484228e-02   1.6383721e-02   2.5411898e-02   5.5794034e-02  -1.2592848e-01   8.0861268e-02  -3.2880712e-02  -9.7906693e-03   1.4495510e-01   3.4913708e-03   8.6631085e-02   2.3665425e-01   1.5240842e-01   1.9915694e-01   1.0750730e-01  -7.1362223e-03   1.6053203e-01   9.2280142e-02   1.5156886e-01   1.3804846e-01  -1.4010409e-03   2.2868103e-01   2.6029642e-01   7.5911889e-02   1.2339039e-01   2.5450019e-01   5.6411037e-02   2.5118010e-01   1.9137138e-01   1.0939894e-01   1.3985173e-01   3.6436401e-01   6.6512774e-02   6.9804354e-03  -1.4026806e-01
   7.4262398e-02   3.5071350e-02   4.6273104e-02   1.2267337e-01   2.2176305e-01   6.3693289e-02   1.7494599e-01   2.7332489e-01   1.4297441e-01   1.0553264e-01   1.2854817e-01   4.0168082e-02   2.6332160e-01   1.9615924e-01   5.1648916e-01   0.0000000e+00   1.9477134e-01   1.5278445e-01   3.2804957e-01  -5.3664801e-02   6.7838559e-02   1.3819497e-01   1.7082964e-01  -1.6428189e-02   1.1401901e-01  -7.1327561e-02   1.3595502e-01   9.7050531e-02   1.1931832e-01  -1.6193470e-02  -7.4512942e-02   2.7470862e-01   4.5644915e-01   2.3616310e-01  -3.7001575e-02   3.9451927e-01   5.3571634e-01   1.7594476e-01   2.6350226e-01   1.9150381e-01   2.4973617e-01   2.4563654e-01   1.4932370e-01   2.7052037e-01   8.1035852e-02   3.1891999e-01   8.6503876e-02   3.3153635e-01   3.9558512e-01   1.5334155e-01   1.3783116e-01   2.1663151e-01   1.2370883e-01   4.0864473e-01   5.7874478e-01   1.5965510e-01   2.8909710e-01   2.5323626e-01   4.0288661e-01  -1.0977911e-02   7.3477798e-02   1.0950832e-01   1.0765722e-01   1.8091808e-01   1.1845424e-01   2.9852092e-01   9.5494608e-02   2.4361613e-01   1.6318530e-01   2.7898627e-01  -6.9831081e-02   1.0635521e-01   7.6133702e-02  -1.9561294e-02  -8.4665887e-02  -4.1966721e-02   8.7750438e-02   1.6901644e-01   2.0263395e-01  -2.7077812e-02   1.0365175e-01   5.1077490e-02   4.3128327e-02   9.6695730e-03   1.3943892e-01   1.5784744e-02  -1.7397298e-02  -7.4401645e-03   1.4564671e-01  -4.8408295e-02  -1.2198910e-01   3.2130235e-01   1.1532947e-01   2.7658244e-01   2.9425745e-01   1.7805943e-01   1.9398429e-01   1.5654374e-01  -1.4114543e-02   1.6845269e-01   6.9247659e-02   2.3976632e-01   1.6033019e-01   8.1567369e-02   4.9939130e-01   3.9259002e-01   2.8616599e-01   2.8912388e-01   6.0754347e-01   1.0563527e-01   2.2232903e-01   1.1280368e-01   5.1239190e-02   1.0199793e-01   2.1852076e-01   2.0634231e-01   1.3183364e-01  -1.3088361e-01
   1.0565101e-01  -9.5714084e-02  -1.2230504e-02   6.6390007e-02   3.6087659e-01   1.6840609e-01   2.8162646e-01   1.1798170e-01  -5.1049471e-02   3.2373185e-01   6.8372323e-02   6.5480178e-02   2.6226425e-01  -1.4029866e-02   2.0679026e-01   1.9477134e-01   0.0000000e+00   3.1875528e-01   2.4659956e-01   2.5544078e-01   2.0853640e-01   2.1865054e-01   1.4370046e-01   6.0802154e-02   2.0419754e-01   1.6520233e-01   3.4346552e-01   2.4600982e-01   2.4992716e-01   1.6200064e-01   2.0761132e-01   1.6703366e-01   2.8277741e-01   2.8020063e-01   1.5717644e-01   2.7113707e-01   2.4201623e-01   2.6166820e-01   1.8969728e-01   2.3907517e-01   2.3352305e-01   2.1904082e-01   2.4569786e-01   1.6886634e-01   2.3935532e-01   2.4864604e-01   3.1783692e-01   2.8814293e-01   2.5056357e-01   3.2455136e-01   2.1881818e-01   2.1858886e-01   1.5074858e-01   1.9362590e-01   2.2696031e-01   2.6362356e-01   1.9514546e-01   1.6665957e-01   3.0244084e-01   6.7463396e-02   8.6666535e-02   3.1473468e-02   1.1688552e-01   2.0891059e-01   8.8879294e-02   2.3074058e-01   1.1354058e-01   1.4266718e-01   1.1577896e-02   2.4877594e-01   1.2552383e-02  -8.9174836e-02   1.8459104e-01   4.1961152e-02   3.2760226e-02   2.4248273e-02   6.1186544e-02   1.1599496e-01   9.1173336e-02  -1.0276082e-02   1.9754354e-01   5.5542229e-02  -1.1759879e-02   1.8022470e-01   1.6600257e-01   1.4740864e-01   1.7887883e-01   4.3184752e-05   1.0120436e-01   8.8300827e-02   7.7857733e-02   2.4251629e-01  -2.6830967e-02   5.2321290e-02   1.0167724e-01   1.2500149e-01   1.7627255e-01  -4.2146876e-03  -1.7202940e-03   6.0131857e-02   1.3156382e-01   9.6103898e-02   1.4762636e-01   5.4146564e-02   2.3384030e-01   1.3870072e-01   1.1828404e-01   9.9269536e-02   1.3265218e-01   9.7222449e-02   8.2261464e-02   9.9799338e-02   3.7740511e-02   1.9807406e-01   2.3676535e-01  -4.7032920e-03   2.5868542e-02  -4.2254399e-02
   6.1696527e-02   1.1459322e-01   7.5674754e-02   2.7505431e-01   2.7583556e-01  -9.1385573e-02   2.3536428e-01   8.7725154e-02  -7.3313896e-02   2.9645631e-01   2.6087328e-01   2.2524409e-01   3.6224669e-01  -1.1672102e-01   2.3823078e-01   1.5278445e-01   3.1875528e-01   0.0000000e+00   1.5828792e-01   5.8042510e-01   2.9968210e-01   1.9048006e-01   1.9028518e-01   7.9232666e-02   2.3368826e-01   3.8179207e-01   4.5932354e-01   2.1396542e-01   3.5412053e-01   4.6703443e-01   3.4127824e-01   1.0995603e-01   2.9763126e-01   4.0907202e-01   2.7432493e-01   3.6391873e-01   2.5520606e-01   2.1495794e-01   3.4392532e-01   3.7332379e-01   2.7446102e-01   4.2841298e-01   3.3971034e-01   3.8920416e-01   4.2329714e-01   1.9754030e-01   3.1734718e-01   2.3647713e-01   4.4239148e-01   3.9134673e-01   2.4911731e-01   1.7463453e-01   2.4062053e-01   2.4970061e-01   8.0234635e-02   2.6042805e-01   3.5508826e-01   1.9313351e-01   4.1913233e-01   8.0053151e-02   2.0817602e-02  -1.4132294e-01  -5.6879138e-02   1.8444607e-01   2.2161559e-01   2.2612846e-01   4.5316586e-02   2.8847195e-01   1.7770807e-01   2.9789433e-01  -7.4575852e-03  -1.5510355e-01   1.1522163e-02  -1.1150872e-01   8.4723069e-02   9.8578505e-02   1.0515077e-01   1.8700122e-01   9.1505571e-02   4.2746528e-02   2.8625163e-01   1.7217793e-01  -1.9263169e-02   2.8617830e-01   8.2096551e-02   2.6520810e-01   3.0022823e-01   2.5068293e-02   1.2159372e-01   1.7029610e-01   1.8624702e-01   1.8463567e-01  -2.1031500e-01  -2.0418303e-02   2.4913528e-01   1.4759774e-01   2.5892285e-01   1.0954615e-02  -6.7447764e-03   8.0394807e-02   1.2130327e-01   1.2475762e-01   2.8211195e-01  -2.3334670e-02   1.7569466e-01   1.0966862e-01   2.3754372e-02   1.2074839e-01  -3.0025246e-02   1.4364599e-01   2.3276021e-01  -1.9028217e-02  -5.5877052e-02  -1.2035096e-01  -1.5429617e-02   8.7192453e-02  -6.3133576e-03   3.6421262e-02
   1.4966771e-01  -1.3014739e-01  -1.2780630e-01   1.7615418e-01   2.3547438e-01   6.1112910e-02   3.4699045e-01   1.1792279e-01   4.2081061e-02   2.6495722e-01   1.3158330e-01   3.3943964e-02   1.0083508e-01   9.7460791e-03   3.1143220e-01   3.2804957e-01   2.4659956e-01   1.5828792e-01   0.0000000e+00   6.5629241e-02   1.0623816e-01   1.0163011e-01   1.1788403e-01  -2.8000273e-03   1.6474027e-01   7.1807855e-02   2.6049229e-01   2.2686261e-01   1.8640518e-01   2.7818227e-02  -2.5868523e-03   3.5750995e-01   4.2107091e-01   3.6738962e-01   1.5730358e-01   3.8913321e-01   3.4412569e-01   3.4109232e-01   2.8219340e-01   3.1166227e-01   3.5841393e-01   2.6031461e-01   4.4790491e-01   3.6169393e-01   1.1274243e-01   2.7421933e-01   1.4922144e-01   3.1088030e-01   2.9990121e-01   2.2995274e-01   1.2478683e-01   2.8726251e-01   2.3911952e-01   3.0648169e-01   4.0975446e-01   2.9411809e-01   2.2625659e-01   1.6491319e-01   5.4291493e-01   1.4506415e-01   1.2785227e-01   7.6446700e-02   4.6406306e-02   1.0965228e-01   9.2443699e-02   1.7319466e-01   6.9591269e-02   1.6139499e-01   4.0494081e-02   2.1579859e-01  -7.1386243e-02  -9.4821729e-02   2.5875212e-01   9.4780151e-02   1.4401906e-02   4.4518839e-02   5.8262498e-02   1.7998093e-01   1.4498451e-01  -2.4253706e-02   1.4311471e-01   7.4871849e-02  -3.8903754e-02   9.1299610e-02   2.8731221e-01   1.1895919e-02   4.7277606e-02  -3.7759072e-02   1.3622043e-01   1.4932878e-02   7.5887314e-02   2.5182681e-01   6.2100706e-02   1.9867716e-01   4.0167248e-01   2.6472743e-01   1.7601914e-01   1.3375651e-01   1.3008924e-01   1.4432515e-01   1.0996491e-01   2.5609434e-01   1.2959294e-01   2.1426961e-01   3.1047011e-01   2.1562294e-01   1.6299746e-01   2.1237441e-01   2.8904720e-01   6.8747267e-02   1.8287635e-01   3.2249239e-01   2.0476246e-01   3.4049799e-01   3.3090301e-01   5.0916863e-02   2.4454652e-02  -1.0368487e-01
   1.2567585e-01   1.0875067e-01   8.1229881e-02   2.9188943e-01   2.5396038e-01   9.4649537e-03   2.9575727e-01   1.7792512e-02  -1.3243907e-01   3.5878772e-01   2.8955466e-01   5.0605684e-02   5.6189717e-01  -1.1445951e-01   7.7986507e-02  -5.3664801e-02   2.5544078e-01   5.8042510e-01   6.5629241e-02   0.0000000e+00   5.8454342e-01   3.2834022e-01   2.7892514e-01   3.1262614e-01   2.6043861e-01   7.7248252e-01   4.5615865e-01   3.5942916e-01   4.8154940e-01   5.7217189e-01   6.4718555e-01   3.2697184e-02   1.1909736e-01   3.4895851e-01   2.8389400e-01   1.2011807e-01  -1.7229072e-02   1.2809181e-01  -1.7082286e-03   2.5581217e-01   1.5064292e-01   2.6259721e-01   2.4598403e-01   9.4073989e-02   4.3233470e-01   1.7777889e-01   4.6446051e-01   2.5193100e-01   3.8600823e-01   4.1386196e-01   4.4390845e-01   9.1903855e-02   1.2129917e-01   2.0936843e-01   4.2685523e-02   2.2071874e-01   3.8791867e-01   3.0377576e-01   2.2878452e-01   1.7813729e-01   1.2389855e-01  -1.9482054e-01  -5.0686354e-02   7.9995239e-02   2.2353099e-01   1.2191470e-01   1.9845989e-01   3.9841568e-01   2.6487890e-01   2.3387728e-01   2.4345233e-03  -1.1949834e-01   1.2078232e-02  -6.8449360e-02   3.1305291e-02   3.6907257e-01   1.4354872e-01  -3.1693887e-02  -4.0381836e-02   2.0905187e-01   3.5872504e-01   1.8271991e-01   1.2131982e-01   5.4928504e-01   6.5297319e-02   4.7954456e-01   5.8792984e-01   1.7422530e-01  -5.2688831e-02   4.3754301e-01   4.5558520e-01   2.0196434e-02  -1.4627684e-01  -1.9864993e-01   9.3014223e-02   8.9424999e-02   1.6540480e-01  -1.0723729e-01  -1.5932196e-02   1.4085768e-03  -3.4576094e-03  -2.3998787e-02   1.8868793e-01  -2.7052002e-03   9.0317444e-02   1.5507141e-01  -3.5904606e-02  -4.0410297e-02  -1.6401868e-01   1.9299870e-01   1.0654170e-01   1.1324592e-01   5.2262958e-02  -2.4339442e-02  -1.7182562e-02  -2.5808479e-02   1.1825061e-01   4.4593996e-01
   1.1002105e-01   1.1683906e-01   1.2794858e-01   3.3399612e-01   5.0271597e-02   7.1494608e-03   2.0024886e-01  -2.0186586e-02  -2.2291559e-02   2.9448043e-01   3.5883157e-01  -3.4243198e-02   7.0141410e-01   6.0492968e-02   1.7640272e-01   6.7838559e-02   2.0853640e-01   2.9968210e-01   1.0623816e-01   5.8454342e-01   0.0000000e+00   2.9288268e-01   4.9351508e-01   4.0712360e-01   3.2841248e-01   6.0880786e-01   1.4079402e-01   1.8176915e-01   4.2981953e-01   4.1245355e-01   4.9962956e-01   7.4406210e-02   1.3344085e-01   4.3329629e-01   2.5663496e-01   1.5346587e-01   8.7400136e-02   1.6084918e-01   2.0513834e-02   3.9965613e-01   1.9298248e-01   3.4162563e-01   1.2096852e-01   1.8646775e-01   5.0746463e-01   2.1393131e-01   4.3083016e-01   4.6511856e-01   2.9031692e-01   2.4273418e-01   3.5779720e-01   5.3794812e-02   1.8134798e-01   3.5832618e-01   6.8078173e-02   2.3144474e-01   2.8941391e-01   2.9685615e-01   2.8406050e-01   1.5207650e-01  -4.7067866e-02  -2.4787198e-01   5.8838737e-02   7.0547756e-02   2.7376979e-01   9.4871104e-03   1.0918601e-01   2.3536765e-01   3.1821671e-01  -2.5835279e-02   6.7671412e-02  -6.9999787e-02  -5.1446766e-02  -1.0482030e-01  -3.9166105e-02   3.0905809e-01   1.1664945e-01  -3.5070931e-02  -1.6167679e-01   2.7982527e-01   7.5041343e-02   8.7990319e-02   5.3530392e-03   1.8964536e-01  -1.0389455e-01   3.1675398e-01   2.9847619e-01   7.7712991e-02  -5.9739189e-02   3.8878741e-01   3.4359436e-01  -9.8865988e-02   1.4865985e-02  -1.3630492e-01   5.1379520e-02   2.5086167e-01   2.2611151e-01   9.9592768e-02   7.3339532e-02   8.0764465e-02   1.1720144e-02   4.9157118e-02   1.2696485e-01  -3.4258533e-02   2.2944095e-02   2.4089413e-01  -2.3800919e-02  -9.7632498e-02  -2.9425862e-02   8.1088770e-02   1.4377256e-01   1.4583614e-01   9.8841486e-02   2.9103213e-02   4.9730092e-02  -8.6420181e-02   4.8527944e-02   2.9241287e-01
