   0.0000000e+00  -2.3858896e-02   1.4524526e-01   1.1995627e-01   3.8920271e-02   2.0710825e-01   5.2878334e-01   1.5668154e-01   1.0237778e-01   1.3896884e-01   1.7356110e-01  -6.2259777e-02   1.5621401e-02   1.0159342e-01  -6.0646197e-02   7.5467157e-02   6.6211812e-02  -1.6542728e-02   1.3465388e-01   3.6528768e-02  -8.0064465e-02  -6.3980842e-02  -3.1427163e-02   4.2352758e-02  -1.4932576e-01  -1.3445266e-01  -6.0303840e-02   2.1858570e-02  -9.3047330e-02  -5.8325961e-02   1.3060458e-01   2.0768369e-01  -1.9269951e-01  -5.9277764e-02  -3.1191288e-01  -1.3618254e-01   1.1287240e-01   4.8139884e-02  -2.1928452e-01   6.0009120e-02   1.2179860e-01  -1.3294704e-01  -6.8981749e-02  -5.3067551e-02  -5.2474276e-02  -9.2708599e-02   8.1061309e-03  -2.3554537e-02  -8.5482089e-02  -4.5235136e-02   1.2143049e-01  -1.5814161e-01  -2.3769879e-03  -1.9501322e-02  -2.8656427e-02  -1.6629075e-01  -8.9718230e-02  -7.7002753e-02   4.7946605e-02  -8.3466222e-02  -9.4746496e-02  -4.0515916e-02  -8.5487296e-02   3.5569455e-01  -7.8473906e-02   1.7811086e-01  -1.9969401e-02   2.6682718e-01   2.0685563e-01  -1.4341006e-01  -1.3786589e-01   1.5661504e-01   8.1039988e-01   4.5753640e-01   2.3805551e-01   2.1560681e-01   2.0961416e-01   1.8903018e-01  -7.8287443e-02  -1.2725663e-02  -1.0115080e-01  -8.6752247e-02   3.9179179e-02  -6.0145301e-02  -4.3255933e-02  -3.3045234e-02   1.0736690e-01   1.3098912e-01   2.1885903e-01   2.0744010e-01   9.1296349e-02  -1.8342098e-01  -1.9118423e-01  -1.1758938e-01   5.5989309e-02  -7.7171608e-02  -1.8693796e-01  -1.0167372e-01  -1.0382515e-01  -7.5496805e-02  -1.1695287e-01  -2.4087903e-01  -1.5204339e-02  -5.5774469e-02  -5.4370973e-02   1.0533372e-01  -2.5143986e-02  -7.0294782e-02   1.3439185e-02   1.5023562e-02   9.2548937e-02   2.0281744e-01   9.9743115e-02  -1.1915652e-01  -1.1739118e-01   3.1812628e-03   7.6973315e-02   2.4027435e-01
  -2.3858896e-02   0.0000000e+00   9.2229631e-03  -1.8001236e-01   3.2459014e-02   4.1428974e-02   6.3155736e-02   2.6423012e-02   7.4739345e-02  -6.4304920e-02   1.5382951e-01  -9.3320389e-02  -4.8347128e-02   3.0132046e-02  -3.9483139e-02   8.4963951e-02   4.7494481e-02   3.6759889e-02  -1.8221450e-01   1.5344463e-01  -3.9810409e-02  -3.3692948e-02   9.1744730e-02   2.2779989e-02  -3.6043849e-02  -6.5922797e-02  -6.6105701e-02   3.8151353e-02   4.3115784e-02   3.1373140e-02   1.0910246e-01   1.8911501e-02  -5.2077680e-02   5.1617946e-02   2.4387743e-02  -7.7727615e-02  -6.6887928e-02   8.5763176e-02  -5.6420013e-02   1.1032932e-01   6.3976113e-02  -5.3128912e-02   3.3047904e-02  -6.0976231e-02  -6.4910774e-02  -7.5841990e-02  -4.2678130e-02   5.2568135e-02  -2.1196590e-02   2.7089215e-02   1.2401155e-01  -1.3173559e-01   3.6951198e-02   1.2863679e-01   9.3900033e-03  -1.5770118e-03  -8.7845218e-02  -1.8206402e-02  -1.1793046e-01   9.3868627e-04  -1.3065447e-01  -1.0193894e-01  -3.7553906e-02   8.3981534e-02  -4.9465783e-02   9.8903956e-04  -1.5438593e-02   7.2125771e-02   1.1327785e-01  -7.8648377e-02   2.5794408e-02   1.5270141e-01  -3.4383500e-02  -2.8128708e-02   4.5037912e-02   9.4381996e-02   3.6003372e-02  -1.3102291e-02  -1.0251207e-01  -8.1772864e-02  -1.1685604e-01  -2.0446392e-02   7.2154775e-06  -7.4488051e-02  -3.5629779e-02   5.6613931e-02   1.3968128e-01  -4.7493465e-02   1.0984084e-01   6.7622594e-02   1.1966487e-01  -1.0491610e-01  -1.6842198e-02   2.9539122e-02  -1.2489630e-01   8.6979182e-02  -7.2905471e-02   4.7495283e-02   3.4480079e-03   4.3269698e-02  -8.7685765e-02  -4.2715195e-02  -9.4533195e-03  -3.4638870e-02   6.8917510e-03   2.6681989e-02   1.1964060e-02  -2.8146922e-02   9.3832449e-02   1.6515412e-03   1.6544192e-01  -1.3798850e-01  -3.0731865e-02  -1.0835295e-01  -1.0473753e-01  -1.5384708e-02  -6.0385046e-02   7.8527937e-02
   1.4524526e-01   9.2229631e-03   0.0000000e+00  -5.1016760e-02   1.2520562e-01   4.9590355e-02   1.5233598e-01   5.9545589e-02   1.8900644e-02   3.3725503e-02   3.3136338e-01  -5.7136040e-02   5.8282774e-02   5.7869357e-02  -9.4637353e-03   1.3658473e-01   5.1340825e-02  -1.4294331e-02  -1.4083233e-01   1.3873872e-01   2.3343264e-02   3.7803329e-02   4.4365252e-02  -8.1492170e-03   1.7976088e-03  -6.0425434e-02   1.1838023e-01   1.8319902e-01   5.7028509e-02   8.9102825e-02   1.7541722e-01   3.0700944e-02  -7.5964142e-02   5.2604803e-02   5.3238699e-02   6.7298350e-02   1.4550799e-01   7.9021500e-02   4.0362769e-02   7.8170435e-02   1.2034351e-01   4.0250020e-04   5.3975633e-03   7.1945116e-02  -5.1505990e-02  -8.0468156e-03   9.2027085e-02   4.7341584e-02  -1.8628445e-02   3.9082909e-02   1.5792920e-01  -1.1809338e-02   3.6455039e-02  -3.1198466e-02   8.1677024e-02   1.4729017e-02   1.7659029e-03   6.9565650e-02  -5.1180037e-02  -7.0230747e-02  -9.7461650e-02  -4.0498104e-02  -7.2598818e-02   1.8165651e-01   4.0138084e-02   1.4014291e-01   1.1014988e-01   1.4845663e-01   1.7942170e-01  -1.3147868e-02   1.4435110e-02   9.2688626e-02   4.2447877e-02   9.6227194e-02   1.9822281e-01   9.6119055e-02   1.4875951e-01   1.4996994e-01  -3.5988511e-02   1.7123253e-03  -7.2904283e-03   1.4930876e-02   1.6462091e-01  -1.9364723e-02   4.5623435e-02   1.1510236e-01   1.3702058e-01   1.3495309e-02   1.9017381e-01   1.1899314e-01   5.9800282e-02  -8.9056671e-02  -5.9696821e-02  -2.0495054e-02  -8.8818065e-02   3.3477750e-02  -1.2185502e-02   9.1567636e-02   2.7202460e-02   1.3541443e-01   3.8192027e-02  -7.3166173e-02   1.5803117e-01  -6.3126578e-02   1.0640349e-02   3.1507053e-02  -3.9844394e-02   4.0438975e-02   4.6041651e-02   9.1180370e-02   1.0209428e-01   8.0885853e-02   9.6526437e-03  -2.7274349e-02   6.1016578e-02   3.3829457e-02   8.0692276e-02   5.0169865e-02
   1.1995627e-01  -1.8001236e-01  -5.1016760e-02   0.0000000e+00   1.6189945e-02   1.5360445e-02   2.1029820e-01   2.0593477e-02   5.2224808e-02   1.3201322e-01  -1.2255968e-02   1.8868562e-02   5.9663798e-02   1.0278735e-02   1.1866412e-01   4.9454926e-02   1.7547901e-01   1.3826271e-02   1.9632309e-01   8.9432622e-02   1.6010542e-01   1.4786963e-02   1.4564153e-01   1.1231008e-01  -3.5460209e-02   2.8681443e-02  -3.6231335e-02  -3.6068478e-02   4.3584173e-02  -8.3003004e-02   9.0050644e-02  -6.0450207e-03  -1.5606627e-02   1.8018861e-02   4.8262650e-02   9.2552648e-02   1.0976204e-01   2.0940365e-01   8.8329819e-02   1.8218589e-01   1.1081807e-01   1.9399456e-02   4.6604765e-02   5.6904035e-02  -5.3810333e-02   4.5763393e-02   1.1552258e-01  -1.6822997e-02  -6.7508795e-02  -6.0758119e-02  -8.3551273e-02   8.9298312e-02   8.6490754e-02  -8.5377610e-02   9.7232702e-02   4.0091570e-02  -5.4247250e-02   1.9455973e-02  -7.4632006e-03  -1.1868029e-01  -8.9623252e-02  -1.0925737e-01  -3.3812501e-02   1.2743814e-01   2.5799457e-02   7.4311779e-02  -8.9411243e-03  -1.7406913e-01  -9.5559577e-02  -8.7308703e-02  -2.8963690e-02  -4.8751467e-02   7.6100840e-02   9.7576537e-02  -6.1975078e-03  -4.4160873e-02  -4.7886065e-02  -6.3418000e-02  -1.1737804e-01  -8.5509058e-02  -5.3886125e-02  -6.9020702e-02  -7.5249893e-02  -1.9948041e-02  -5.3516659e-02  -1.7434324e-01  -4.0782876e-02  -1.4372330e-01  -1.2080025e-01  -5.7102966e-02   7.2574329e-02  -5.5327892e-02  -7.3591832e-02  -1.3867860e-01   2.6619256e-01   3.9296508e-02  -1.0296177e-01   9.8979023e-02   4.0254638e-02  -5.2600316e-02  -1.6930052e-01  -3.0418699e-02  -1.3071388e-01  -8.5970099e-02  -2.6826421e-02  -1.0296709e-01  -7.1234592e-02  -4.0628050e-02  -8.2747432e-02  -8.9669427e-02   6.0933648e-02   1.7778368e-01   1.4783172e-01   1.5749840e-02   2.3928538e-02  -7.6938742e-02  -1.0438373e-01  -3.0178087e-02
   3.8920271e-02   3.2459014e-02   1.2520562e-01   1.6189945e-02   0.0000000e+00   2.9883063e-01   1.3649338e-01  -4.8717920e-02   3.1844529e-02  -5.0815956e-02   1.2663710e-01   2.7884226e-02   1.4680979e-01   3.7180438e-02   1.0495327e-01   7.6673275e-02   1.4172205e-01   2.5287365e-01  -1.1588718e-02   1.7410554e-01   3.5537388e-04   1.3031459e-01  -9.0211553e-02  -4.0583924e-02   2.1935234e-01   1.2377294e-01   5.5014124e-01   4.3231479e-01   1.9209706e-01   4.3978383e-01   1.0643726e-01   3.7662360e-01   2.0446370e-01   2.3251033e-01   2.6444422e-01   9.6871426e-02   1.3081761e-01   3.5284449e-02   9.0622962e-02   8.7497281e-02   3.2455471e-02   6.8869524e-02   1.5691340e-01   1.3892013e-01  -4.9116035e-02   1.1949143e-01   2.8685698e-01   6.9927763e-02   1.1807300e-01   4.3121809e-01   1.9212282e-01   2.1359025e-01   1.4640238e-01   1.2663030e-01   8.0854067e-02   2.1895240e-01   2.0298179e-01   1.6001331e-01  -6.3402632e-02   8.5357990e-02   7.7811843e-02   1.1357080e-01  -1.0615124e-01   4.9723861e-02   1.3673835e-01   2.6998027e-01   7.5641910e-02   2.1327125e-01   9.5914866e-02   3.5942108e-01   8.5558220e-02   2.4077468e-01   1.3663442e-01   1.1332386e-01   2.5154092e-02   1.0542765e-02   2.7408543e-02   7.3372734e-02   4.5235913e-01   4.7401866e-02   4.0231690e-01   2.4295814e-01   1.2618699e-01   1.8328841e-01   4.1228254e-01   2.9565152e-01   1.3004981e-01   1.5456568e-01   2.4136206e-01  -6.6761669e-02  -8.0754317e-02   2.8124071e-01   4.9817700e-02   2.3826869e-01   1.0999447e-02   9.4556190e-02   8.2579682e-02   1.1173183e-01   8.6216465e-02   1.1401647e-01   3.0017910e-01   4.6072440e-02   3.0429844e-01   1.1160518e-01   7.4143933e-02   4.3021883e-03   1.2620915e-01   3.1333026e-01   1.2246349e-01   2.9870068e-01   8.1421750e-02  -3.2458235e-02  -3.3936222e-02   1.6488936e-01   5.9039205e-02   1.1264387e-01  -3.8912902e-02  -2.0231693e-03
   2.0710825e-01   4.1428974e-02   4.9590355e-02   1.5360445e-02   2.9883063e-01   0.0000000e+00   8.2238946e-02  -2.7620603e-02   9.1628604e-04  -2.8215946e-02   4.2901168e-02   4.0584842e-02   2.5565844e-02  -5.2197556e-02  -2.9309278e-02   3.4800717e-02  -1.7890622e-02   4.6717726e-02   5.0739296e-02  -3.6248814e-02  -8.0978321e-02  -3.4097160e-03  -1.1843606e-01  -1.9518251e-02   6.9690336e-02   8.3005975e-02   1.4414167e-01   1.0388600e-01   3.1009019e-02   1.7866190e-01   3.6345508e-03   1.8227756e-01   2.7262574e-02   2.0112505e-02  -4.8172549e-03   4.3971453e-02  -6.0670573e-03  -5.8087658e-02   1.6160841e-02   1.2077108e-02   2.4578069e-02   3.9611419e-02  -3.0688825e-02   6.0955215e-02   2.5754615e-02   9.3504568e-02  -9.9492630e-03   6.8714797e-02  -2.7486571e-03   1.3574089e-01   2.9625604e-02   5.9894073e-02   1.2184984e-02   3.2480546e-02  -8.3213274e-02   6.9431462e-02   1.3632966e-01   3.8946670e-02  -5.7138206e-02   5.6908473e-02   1.2322031e-01   1.0435620e-01   5.8396718e-02   3.8849811e-02   1.1916956e-02   1.0264162e-01  -9.0879068e-02   1.7867108e-01  -2.3650612e-02   1.0019097e-01   2.9073232e-02   6.5495998e-02   2.4956394e-01   1.9037315e-01   7.8219669e-02  -7.9364355e-02  -2.6879029e-02   8.3714520e-02   1.6922399e-01   4.9573636e-02   1.5519864e-01   6.0790130e-02   9.1575866e-03   1.1375224e-02   2.0565073e-01   8.6725731e-02  -2.0730570e-02   4.4990567e-02   5.7318625e-02  -3.2956112e-02  -1.6937613e-01   1.3613162e-01  -3.5895189e-03   4.0428038e-02  -1.2875179e-02  -3.5692448e-03  -3.3715482e-02   3.7492985e-02   1.8011551e-02  -1.0962078e-02   2.0031907e-01   2.4335432e-02   1.5013328e-01   8.4024075e-02   4.2614944e-02  -1.4251027e-02  -4.2789561e-02   1.8103469e-01   3.1679287e-02   7.6859181e-02  -3.6781278e-02  -9.4882154e-03  -3.8046463e-02  -5.7985097e-02  -6.5569546e-03   2.7686926e-02  -6.4360546e-02  -3.3885912e-02
   5.2878334e-01   6.3155736e-02   1.5233598e-01   2.1029820e-01   1.3649338e-01   8.2238946e-02   0.0000000e+00   1.6901040e-01   2.2237039e-01   4.6589479e-02   3.5816032e-01  -1.6769331e-01   1.3662738e-01   2.4618559e-01   2.0665312e-02   1.0912614e-01   1.7167107e-01   4.0841880e-02   2.1194112e-01   2.1088544e-01  -2.3310322e-02  -5.0199741e-02   1.3069059e-01   1.5509923e-01  -1.0665075e-01  -1.3760219e-01   2.4329832e-02   2.4818947e-01   1.0350416e-02  -3.4333774e-03   3.3081199e-01   1.4584527e-01  -1.5898945e-01  -2.6845237e-02  -1.5249495e-01  -8.3190006e-02   2.3671699e-01   2.9394037e-01  -8.6980987e-02   2.4745910e-01   2.1465137e-01   1.3599228e-03   2.7411758e-02  -5.3044421e-03  -8.6310203e-02  -7.9275661e-02   1.4976409e-01   6.7319247e-02  -1.0374842e-01   5.4575375e-02   2.3519077e-01  -1.2056341e-01   5.9753360e-02   4.6696995e-02   5.3042654e-02  -1.0572778e-01  -5.7550938e-02  -3.9648156e-02   1.0702707e-01  -7.9554356e-02  -2.2335831e-01  -1.3911132e-01  -9.7060306e-02   6.5388482e-01  -8.4681093e-02   3.6366952e-01   8.5537104e-02   2.2098205e-01   2.5239055e-01  -1.2521386e-01  -1.4132593e-02   3.2071295e-01   4.5648387e-01   4.4773607e-01   2.3624207e-01   3.3365464e-01   2.2921090e-01   2.4186765e-01  -6.2980121e-02  -2.9337623e-02  -1.0334725e-01  -5.3423178e-02   1.0839214e-01  -7.2433172e-02   1.4284962e-02   8.2919821e-02   2.5504414e-01   9.5287575e-02   3.2516170e-01   2.2929124e-01   3.2590421e-01  -1.3462071e-01  -4.6890196e-02  -5.7670479e-02   1.5735413e-01   6.1767294e-02  -1.4724869e-01   1.6391390e-02   1.9548516e-02  -4.9704141e-02  -8.0037531e-02  -1.0766521e-01   7.9638326e-02  -9.7497363e-02   2.9152407e-02   1.3341038e-01  -5.2042124e-02  -1.0978178e-01   7.7134944e-02   1.4901646e-01   3.1516247e-01   1.8609025e-01   2.9068792e-01  -9.7752196e-02  -6.8954615e-02   3.1848420e-02   5.9994070e-02   2.8282577e-01
   1.5668154e-01   2.6423012e-02   5.9545589e-02   2.0593477e-02  -4.8717920e-02  -2.7620603e-02   1.6901040e-01   0.0000000e+00   1.8325686e-01   3.1920334e-02   9.0501220e-02  -9.7756054e-02   7.7720502e-02   1.0982536e-01  -3.2903394e-02   4.9205981e-02   3.1177150e-02  -1.0358597e-01  -1.2246674e-03   2.5686533e-02  -5.5957205e-04   1.4194873e-02   1.3954181e-01   7.9852441e-02  -6.6729531e-02  -5.4762177e-02  -1.4245437e-01  -3.9435964e-02  -2.4474339e-02  -4.4774651e-02   8.0269085e-02   2.4050954e-02  -1.0724443e-01  -7.0097570e-02  -9.0692802e-02  -8.6432991e-03   2.4120665e-02   8.1362071e-02  -2.0689783e-02   1.4010159e-01   1.2281669e-01   7.6782733e-03  -8.7416959e-02   6.3946586e-03   8.5021778e-02  -9.2670946e-03  -3.2585253e-02   1.3819196e-01  -5.8912211e-02  -1.3473945e-01  -4.5700818e-03  -6.4307518e-02  -6.3239952e-02   3.8622054e-03  -2.7159044e-02  -7.1138083e-02  -1.0880557e-01   8.8636161e-02  -1.5435091e-02  -1.1079445e-01  -8.7332156e-02  -1.4154703e-01   7.6622696e-02   1.3139914e-01   5.4827086e-02   6.4829827e-03   1.9528484e-01  -5.0586258e-03   1.5931696e-01  -1.6020325e-01   6.7112463e-02   4.7049203e-02   5.4815733e-02  -1.7419419e-02   4.8588604e-02   1.1901292e-01   1.5681714e-01   2.2500459e-01  -1.7806857e-01  -4.9114221e-02  -1.8001296e-01  -8.3440876e-02  -7.3159742e-02  -1.4232394e-01  -1.0552656e-01   2.8079916e-04   1.2272501e-01  -5.2475385e-02   5.9426997e-02   1.0598231e-01   8.3348162e-02  -1.1920946e-01  -7.6554594e-02  -3.5184059e-03   7.0272250e-02  -2.0467245e-02  -9.8674522e-03  -2.7951626e-02   1.0957914e-01   5.6051553e-02   1.8692595e-02  -9.4236309e-02   2.8206231e-03  -3.1176053e-02   3.9626068e-02   8.6136429e-02  -2.0194897e-02  -5.9094625e-02  -2.5946021e-02  -1.7429271e-02   1.1310979e-01   2.2501897e-02   6.7740281e-02  -1.4575772e-01  -3.0447719e-02   1.9455843e-01   1.7150763e-01   1.5109412e-01
   1.0237778e-01   7.4739345e-02   1.8900644e-02   5.2224808e-02   3.1844529e-02   9.1628604e-04   2.2237039e-01   1.8325686e-01   0.0000000e+00  -5.3442220e-02   1.2012061e-01  -4.9734766e-02   9.0392335e-03   6.6431042e-03   4.8137266e-03   7.5869236e-02   1.5983925e-01  -4.0460667e-02   5.9600211e-02   2.4054102e-02   3.1698186e-02  -7.1771343e-02   2.0416870e-02  -6.7507703e-03  -8.6229483e-02   7.2463918e-03  -6.9836031e-02  -1.2765547e-01   1.2393497e-01   2.9284734e-02   5.3731322e-02   1.9294035e-02   9.9342564e-02   8.7890763e-02  -4.1009468e-02   4.6548193e-02  -1.0092119e-01   1.8657029e-01  -1.3369194e-02   1.5759441e-01   1.2699657e-01   5.1542260e-02   6.9830805e-02   1.4020471e-01   5.2990909e-02   1.3751437e-01   3.7059858e-03   1.7255723e-01   7.6183757e-02  -1.3006581e-01   1.7089961e-01   9.3349971e-02   2.2305865e-02   4.2480581e-02   5.2533365e-02  -3.7195028e-02  -3.3444927e-02   1.9036686e-01   1.2078433e-02  -1.4155797e-01  -9.7834125e-02  -7.6399516e-02   7.0409875e-02   2.5343125e-01   1.8353371e-01   1.3806775e-02   3.3744086e-01   4.1979364e-02   1.7969706e-01  -2.5851082e-02   1.5410070e-01   7.9429175e-02   6.2978637e-02  -2.2856856e-02   5.0875709e-02   5.2899404e-02   1.4945270e-01   1.0088004e-01  -1.0037291e-01  -2.0988135e-02  -1.8146187e-01  -7.2182005e-02  -5.7535989e-02  -1.2044325e-01  -6.6435830e-02   2.5113022e-02   1.0950241e-01   2.7072983e-02   8.5234306e-02   5.9199131e-02   2.5104990e-01  -3.0118828e-02  -4.2953832e-02   1.0052791e-01   1.5503977e-01   7.0706414e-02   3.2353012e-02   1.7885852e-01   2.4623366e-01   9.9290643e-02  -6.8397306e-02   1.0594646e-01   3.5878905e-02  -1.8772564e-02   9.3969611e-02   1.8881251e-01   1.6285785e-01   6.1575237e-03   2.4292271e-01   1.0489556e-01   3.0642846e-01   4.9521543e-02   1.3048037e-01   9.2563074e-02   2.8044204e-02   1.4439799e-02   1.5538792e-02   1.1580894e-01
   1.3896884e-01  -6.4304920e-02   3.3725503e-02   1.3201322e-01  -5.0815956e-02  -2.8215946e-02   4.6589479e-02   3.1920334e-02  -5.3442220e-02   0.0000000e+00  -3.0523349e-02   2.4790057e-01   3.9469684e-02   8.9298868e-02   6.3445296e-02   1.2158276e-01   4.8068960e-02  -7.6662270e-02   1.3754211e-02   8.8259702e-02   1.3133910e-01   1.4376789e-01   8.1063939e-02   6.4431143e-02   5.1557712e-02   2.6217626e-02   8.9351662e-03  -6.7717691e-02  -2.6452712e-02  -7.9063173e-02   7.3113744e-02  -7.9733764e-02  -1.2665367e-02   1.5426312e-02   5.1223892e-02   7.3430837e-02   1.9351434e-01   6.9431378e-02  -8.7120519e-02   1.0678310e-01   5.5716222e-02  -1.1849002e-01  -5.0100500e-02  -1.7136636e-04   8.0659198e-03  -3.8610280e-02   1.2299193e-02   2.2385192e-02  -9.5003571e-02  -1.3075781e-01  -6.1974906e-02   1.8138185e-02  -1.2816163e-01   1.3117232e-02   1.4897882e-01   4.4430126e-03  -9.6693418e-02   5.2363314e-03  -2.8307824e-02   4.2006874e-02  -2.2357599e-02  -4.0518378e-02  -5.9681199e-02  -9.1072127e-02  -2.8462757e-02  -8.9068994e-02  -3.8523400e-02  -1.2944155e-01  -5.5123971e-02  -1.0238343e-01  -8.3446579e-02  -1.1858405e-01   4.2883920e-02   5.0142937e-02   1.1941537e-01  -6.4747045e-02  -1.2549680e-02   1.5751300e-03  -1.9677268e-01  -7.3960026e-02  -1.3829829e-01  -1.0840703e-01  -8.5184713e-02  -3.8821128e-02  -1.0608168e-01  -1.8760398e-01  -5.2490843e-02  -8.9663551e-02  -1.8716651e-01   2.9461460e-02  -6.7692952e-02  -1.0271758e-01  -1.0740230e-01  -1.8432752e-01  -1.4033792e-02  -4.0854227e-03  -1.2211218e-01   4.9138844e-02  -2.1234763e-02  -1.5844996e-02  -1.8468395e-01  -1.5169979e-01  -1.4185653e-01  -1.2747824e-02  -4.4089611e-02  -3.3456374e-02  -6.2653139e-02  -8.0018747e-02  -8.3627498e-02  -2.8522318e-02  -7.6098599e-02   6.9944027e-02   3.4078804e-02  -1.0917954e-01  -2.9164631e-04  -5.3426487e-02  -2.4899727e-02  -5.6725322e-02
   1.7356110e-01   1.5382951e-01   3.3136338e-01  -1.2255968e-02   1.2663710e-01   4.2901168e-02   3.5816032e-01   9.0501220e-02   1.2012061e-01  -3.0523349e-02   0.0000000e+00  -1.1515720e-01   2.3562227e-01   3.1309288e-01   2.1646388e-01   3.1976345e-01   2.3733543e-01   1.5469734e-01  -1.7677505e-02   4.0971574e-01   2.2871312e-01   1.9363967e-01   1.3523411e-01   1.3353120e-01   1.5859873e-01   2.8517759e-02   2.0587917e-01   2.8646993e-01   2.7387269e-01   1.6976815e-01   3.0367164e-01   1.9536416e-01   1.6120141e-02   1.6615582e-01   1.3907071e-01   1.6838634e-01   3.1639642e-01   3.7181631e-01   5.9395264e-02   5.8537801e-01   4.4178781e-01   1.2161981e-01   2.2818151e-01   1.1909361e-01  -8.5896079e-02   1.1684055e-01   2.0204237e-01   3.6096848e-01   3.8953342e-02   1.3459911e-01   2.3150344e-01   6.8325506e-02   1.1802294e-01   1.6723053e-01   1.5763692e-01   1.5644367e-01   8.0649714e-02   8.4160427e-02   1.4030811e-01  -7.6863794e-02  -1.5480018e-01  -8.1308177e-02  -8.9492866e-02   3.2894806e-01  -2.2183200e-02   3.1591589e-01   1.4626340e-01   1.4652447e-01   7.7337309e-02   9.2243178e-02   5.0616879e-02   1.9355543e-01   1.3976676e-01   1.0153406e-01   2.1990581e-01   7.8836335e-02  -1.0477306e-01   5.0483862e-02  -2.2132111e-02  -4.8897253e-02  -8.2563254e-02  -2.7536803e-02   2.4006694e-01  -4.7748061e-02   1.3972222e-01   8.6729011e-02   2.3723942e-01  -2.4903885e-02   1.9367585e-01   9.8669718e-02   1.6028170e-01   2.1427340e-02  -8.9524515e-03   6.8864080e-02  -5.3961873e-02   3.9058142e-02  -1.4702060e-01   5.6012624e-02   9.4420501e-02  -1.8959497e-02  -8.5843299e-02  -3.4895480e-02   6.7191446e-02  -1.2148309e-01   9.6996608e-02   4.4809300e-02   5.9373575e-03   1.1125271e-01   4.2675257e-02   3.8527488e-01   4.2700149e-01   1.3732992e-01   1.3676552e-01   4.1751526e-02   1.3460817e-01   3.2160167e-02   3.5450489e-02   1.6937191e-02
  -6.2259777e-02  -9.3320389e-02  -5.7136040e-02   1.8868562e-02   2.7884226e-02   4.0584842e-02  -1.6769331e-01  -9.7756054e-02  -4.9734766e-02   2.4790057e-01  -1.1515720e-01   0.0000000e+00   6.3285064e-02  -4.9058366e-02   1.2670800e-01  -3.4650343e-02  -1.1840376e-04   6.3346092e-02   1.6557382e-02  -1.0573033e-01  -2.9778686e-02   9.4018530e-02  -3.7512925e-02  -8.0467730e-02   3.7493405e-02   6.7827349e-02  -5.9423789e-02  -1.3450049e-01   8.2632745e-03   1.8161378e-02  -8.5835113e-02  -1.3373107e-01   5.4352585e-02   1.2165982e-02   9.6968391e-03   5.4078348e-02  -5.7477042e-02  -1.3537706e-01   2.7891763e-02  -6.5657226e-02  -1.3448323e-01  -1.5469089e-02   8.1194471e-02   9.2604314e-02   9.7068624e-02   1.4742671e-01   3.2412003e-02   6.3620841e-02   4.4497003e-02  -4.3308273e-02  -1.7605840e-01   3.0192951e-03   2.5976238e-02   1.3852054e-01   1.0820199e-01   1.4710053e-01   7.8901279e-02   8.0422385e-02   8.9776909e-03   2.7078870e-02   8.7572065e-02   7.0359418e-02   6.9677271e-02  -1.9919308e-01   1.0795888e-01  -1.0043202e-01   6.1568731e-02   1.7412854e-03   2.4970058e-02   8.4579953e-02   3.8628261e-02  -9.6411954e-02  -9.8219689e-02   4.8310506e-02   1.9783431e-02   2.3412869e-02  -7.7287542e-02  -7.6150343e-02  -2.8338144e-03   2.7043814e-02   2.1487773e-02  -2.8611042e-02  -9.8607740e-02   7.0132372e-04  -4.1525043e-03  -8.1758190e-02  -1.8410043e-01  -1.8501798e-02  -1.1927499e-01   3.7462085e-02  -6.1478174e-02   7.3112368e-02  -3.9244661e-03  -4.6053098e-02   4.7063209e-02   8.0283731e-02   9.6584694e-02   2.4552678e-02   8.0791945e-02   9.3073823e-02  -1.5953065e-03   6.9505272e-02   3.7884492e-02   8.8847113e-02   1.4729456e-01   2.5943558e-02  -2.3241549e-02   1.7623562e-01   4.6788141e-02  -8.5843915e-02  -8.3205111e-02   9.9767731e-02   1.1689565e-01   1.5720867e-01   1.1699546e-01  -4.1691318e-02   4.7917465e-02  -1.2035710e-01
   1.5621401e-02  -4.8347128e-02   5.8282774e-02   5.9663798e-02   1.4680979e-01   2.5565844e-02   1.3662738e-01   7.7720502e-02   9.0392335e-03   3.9469684e-02   2.3562227e-01   6.3285064e-02   0.0000000e+00   3.0849326e-01   3.5508066e-01   2.6977255e-01   1.4933168e-01   1.8422316e-01   1.2295853e-01   4.5396437e-01   2.7598899e-01   3.2474198e-01   8.9632336e-02   1.0312109e-01   3.1842192e-01   2.3575943e-01   2.0951465e-01   1.0178225e-01   2.4710540e-01   2.5282655e-01   2.1987231e-01   1.2918180e-01   1.2980436e-01   2.4552245e-01   2.3755893e-01   2.4810283e-01   2.4364036e-01   2.1337751e-01   1.7889086e-01   2.9465584e-01   1.1476485e-01   1.9491602e-01   3.9583344e-01   2.1992979e-01   4.1070886e-02   1.4386035e-01   1.0520858e-01   4.3858080e-01   1.9493002e-01   1.9831344e-01   1.9854294e-01   1.1582684e-01   1.0646758e-01   3.0044108e-01   2.6946715e-01   3.7827606e-01   2.8564122e-01   2.2283410e-01   1.5851630e-01   1.4366201e-01   1.5017278e-01   1.2690910e-01   9.9765230e-02   2.0560673e-01   1.3386834e-01   2.0063667e-01   1.9586219e-01   8.4094165e-02   1.2554067e-01   3.2428761e-01   1.5410718e-01   1.8130725e-02  -2.1586182e-02   2.3178192e-02  -1.8019004e-02   1.3205336e-01  -5.1230575e-04   6.1444459e-02   1.3244839e-01   2.6362786e-01   1.0207749e-01   3.5823263e-02   1.2052447e-01   1.2095638e-01   1.6094281e-01   6.1061380e-02   2.3008083e-01   1.6301546e-02  -6.5503514e-03   1.2700527e-01   6.7283125e-02   2.4466420e-01   1.4537754e-01   1.2690775e-01   1.4607954e-01   9.0041729e-02   9.4753426e-02   1.4149153e-01   2.0031862e-01   9.6592459e-02   7.2499655e-02   3.7220236e-02   1.2853170e-01   1.6673110e-01   3.7352968e-01   2.0861162e-01   2.8905031e-02   2.9315096e-01   1.9048223e-01   3.2496732e-01   4.2497158e-01   6.2970567e-02   6.8415569e-02   1.1910910e-01   1.8404014e-01   8.0623661e-02   1.4529061e-01   1.1836694e-02
   1.0159342e-01   3.0132046e-02   5.7869357e-02   1.0278735e-02   3.7180438e-02  -5.2197556e-02   2.4618559e-01   1.0982536e-01   6.6431042e-03   8.9298868e-02   3.1309288e-01  -4.9058366e-02   3.0849326e-01   0.0000000e+00   9.7653922e-02   1.7935880e-01   4.6661049e-02  -2.7437675e-03   3.1089408e-02   1.7478003e-01   2.2453926e-01   3.2708308e-01   2.3112758e-01   1.8019722e-01   2.2788048e-01   4.0120086e-02   3.4755214e-02   1.6768122e-01   3.9223742e-02  -1.0772414e-01   6.4667718e-02   9.8571408e-02  -2.3916570e-02  -2.4365497e-02  -2.9024071e-02   2.3745104e-01   2.6385898e-01   2.5116295e-01  -4.8140334e-03   3.7809775e-01   2.3867899e-01   9.9077543e-03   7.9566126e-02   1.3856136e-01  -2.8991587e-02   7.6144509e-02   2.4724243e-02   1.8848268e-01  -5.3339799e-02   4.9034469e-02   1.1382642e-02  -1.8685273e-02   4.3023462e-02   8.9228515e-02   1.4787603e-01  -2.4503167e-02   2.5556608e-01  -5.3237202e-02   9.8174238e-02   6.7421296e-03  -1.0410240e-02   7.0393750e-02   1.5578673e-01   1.5271046e-01  -1.0484302e-01   1.7497858e-01  -3.5607508e-02   7.9291581e-02   1.3162608e-01   1.7394897e-02   8.6232481e-02   1.9715647e-01   7.8069750e-02   9.1242784e-02   1.8059971e-02   4.8618490e-02   3.1163115e-02   1.4544308e-01  -1.1824623e-03   1.4032224e-01  -5.4263323e-02   1.2529170e-01   2.5366518e-01  -1.1681065e-01   1.5909149e-02  -1.1654229e-01   3.8916587e-02   8.7848558e-02   1.7183876e-02   6.5939359e-03   4.6364037e-02   1.7623889e-01   2.0714801e-01   7.9069768e-02   1.9126821e-02   5.6453717e-02  -1.2666345e-01   1.1321631e-01   6.2565069e-02   2.3997516e-02  -1.8347632e-02  -1.4268228e-02   7.8312536e-02  -5.4730397e-02   2.9150589e-01   4.8791786e-02   1.4782262e-02  -1.5508970e-02   2.3118143e-01   1.9059100e-01   1.2237047e-01   1.2349208e-01   8.4908171e-03  -8.7309049e-03   3.3214940e-02   1.0516557e-01   2.0131263e-02   4.9356990e-02
  -6.0646197e-02  -3.9483139e-02  -9.4637353e-03   1.1866412e-01   1.0495327e-01  -2.9309278e-02   2.0665312e-02  -3.2903394e-02   4.8137266e-03   6.3445296e-02   2.1646388e-01   1.2670800e-01   3.5508066e-01   9.7653922e-02   0.0000000e+00   3.1697048e-01   1.6804584e-01   3.6516893e-02   9.1333611e-02   4.4509089e-01   2.6575002e-01   2.3216251e-01   9.1896820e-02   1.1105255e-01   1.1615451e-01   3.3159090e-02   2.4807422e-01   8.0009371e-02   4.0593019e-01   2.3344072e-01   2.2630245e-01   1.9691606e-02   1.8263674e-01   4.9484352e-01   4.0447216e-01   1.7129903e-01   3.8191890e-01   2.4143312e-01   1.6239848e-01   3.6092059e-01   1.7434380e-01  -1.0453212e-02   2.5653275e-01   1.0091870e-01  -2.0172241e-02   2.2167095e-01   2.2384691e-01   2.5607822e-01   1.5790387e-01  -3.2109678e-03   3.2876126e-03   2.3989854e-01   1.2216339e-01   1.2454874e-01   3.8997299e-01   5.0876602e-01  -4.3061343e-02   1.6707134e-01   1.2960261e-01  -1.1174307e-01  -1.2504588e-01  -1.4977272e-01  -9.3480871e-02   1.5094837e-01   1.7050228e-01   1.3189281e-01   1.6739490e-01  -1.2331696e-01  -6.6775872e-02   1.0829851e-01   2.1584497e-02  -1.3064996e-01  -1.2907976e-01  -1.3718704e-01  -8.2968212e-02  -9.6931276e-02  -1.3958295e-01  -7.6251550e-02  -7.2272340e-02  -6.1564199e-02  -8.8748059e-02  -8.8506110e-02  -2.5210275e-02  -9.5051440e-02   2.7443981e-03  -1.7272936e-01  -3.1395510e-03  -2.0773102e-01  -1.2840241e-01  -1.0687851e-02   1.5656024e-02   3.4468811e-02   8.9576802e-02  -5.3738819e-03   6.7463031e-02   9.1507367e-02   2.0142910e-02   6.7961217e-02   4.8002948e-02   1.2721460e-02  -7.4996282e-02   5.9486432e-02  -1.2768546e-01  -9.4996530e-02  -2.3587084e-02   9.8123295e-02   1.1351023e-01   9.3343820e-02  -1.4500494e-01   2.5417609e-01   3.0111131e-01   1.1319970e-01   2.5062591e-01   1.0574872e-01   9.9808333e-02   4.1376894e-03  -3.4804542e-02  -1.9807137e-01
   7.5467157e-02   8.4963951e-02   1.3658473e-01   4.9454926e-02   7.6673275e-02   3.4800717e-02   1.0912614e-01   4.9205981e-02   7.5869236e-02   1.2158276e-01   3.1976345e-01  -3.4650343e-02   2.6977255e-01   1.7935880e-01   3.1697048e-01   0.0000000e+00   1.1567423e-01   4.9429010e-02  -1.1173029e-02   3.1469851e-01   1.1684192e-01   1.6985277e-01  -2.8702809e-02   9.1742436e-02   1.5406433e-01   1.4575249e-02   1.4596914e-01   3.9465452e-02   1.6172804e-01   1.2602403e-01   1.8019809e-01   1.4599204e-01   1.5921010e-01   2.7522047e-01   1.5875601e-01   1.4868837e-01   1.7747856e-01   1.4247724e-01   7.6530515e-02   2.7533343e-01   1.7528008e-01   4.3644086e-02   1.6892920e-01   1.2533882e-01  -5.1707734e-02   1.3226885e-01   1.2933040e-02   3.2604969e-01   6.2392926e-02   1.9083206e-02   9.3713250e-02   1.3688818e-01   1.5414768e-01   8.9259227e-02   3.3326341e-01   3.1214200e-01   4.2594485e-02   1.1545348e-01   1.1809786e-01  -2.7111520e-02  -8.7659734e-03  -1.7235713e-02  -4.3346359e-02   2.0803014e-01   4.0057351e-02   1.5242155e-01   9.0865815e-02   7.5598630e-02   3.3115097e-02   6.8565961e-02   2.0397499e-02   6.8457414e-03   1.5966157e-02  -4.4676144e-02  -1.7619435e-02  -6.0028632e-03  -1.0749172e-01  -7.4755641e-02  -6.1426276e-02   1.2875559e-02  -7.5777953e-02  -7.5660646e-02   4.8852239e-02  -2.7065746e-02   2.6281337e-02  -9.9739017e-02   3.9940510e-02  -7.0961576e-02  -8.2633932e-02   8.7986786e-03  -1.4684532e-03   1.2278655e-02   6.4706167e-02  -3.8640512e-02  -1.3633606e-02   1.0494321e-01  -2.1131986e-02   1.5801625e-01   5.5503429e-02   1.0386902e-01  -4.5690301e-02   4.5575999e-02  -5.6907223e-02   2.1470629e-02   1.2065739e-01   9.2218761e-02   5.7250346e-02   1.6007197e-01   8.4053451e-02   2.8791248e-01   3.1040913e-01   8.4342255e-02   2.7746229e-02  -2.3642904e-02   2.8004865e-03   2.6963576e-02  -1.3861248e-03  -6.1909929e-02
   6.6211812e-02   4.7494481e-02   5.1340825e-02   1.7547901e-01   1.4172205e-01  -1.7890622e-02   1.7167107e-01   3.1177150e-02   1.5983925e-01   4.8068960e-02   2.3733543e-01  -1.1840376e-04   1.4933168e-01   4.6661049e-02   1.6804584e-01   1.1567423e-01   0.0000000e+00   2.4545690e-01  -6.9667263e-02   4.2929540e-01   2.5765447e-01   1.5146299e-01   8.3184691e-02   4.0028854e-02   9.7393609e-02   3.6601001e-03   1.4757688e-01   1.0029374e-01   2.0617722e-01   1.5163066e-01   2.5762739e-01   7.3742208e-02   9.2818458e-02   3.1122139e-01   1.9072373e-01  -5.2525446e-02   9.1766429e-02   1.8463596e-01  -2.8017284e-02   3.2104884e-01   2.0105938e-01   3.3077067e-02   2.1068450e-01  -2.0125729e-02  -4.1077122e-04   4.4136350e-02   2.0529292e-01   2.8509947e-01   2.4780222e-01   5.8629843e-02   1.0798506e-01   9.5492471e-02   4.6489774e-02   7.1075924e-02   1.1283591e-01   2.3392790e-01  -5.7309940e-02   1.7155479e-01  -5.5632322e-02  -7.7988311e-02  -1.7109935e-01  -1.3797362e-01  -1.5097361e-01   2.2118263e-01   9.9097757e-03   2.0615363e-01   1.5961314e-01  -1.0134901e-01  -9.3659840e-02   1.6309121e-01  -4.8796935e-02   1.4396146e-01   9.7454757e-02   3.7538802e-02   5.5261998e-02   2.3719595e-02  -1.5690613e-01  -1.5795674e-01  -6.5693324e-02  -8.8568819e-02  -9.3991833e-02  -4.6311025e-02   6.6323880e-02   1.6625983e-02  -2.4558041e-02  -2.5087532e-02   9.0413737e-02  -5.5494743e-02  -5.1808030e-02   6.7527010e-02   1.2186866e-01  -2.2711018e-02  -1.4011204e-01  -1.3638627e-01   6.1185585e-02  -1.9891892e-03  -1.3975721e-01   4.4115949e-02  -3.3050042e-03   2.6594468e-03  -2.6166656e-01  -1.5877228e-01  -1.3718772e-01  -5.3087480e-02  -1.0078534e-01   1.8442990e-02   4.9654765e-02   7.2292546e-02  -3.4463064e-02   1.2545824e-01   2.2048248e-01   6.7784039e-02   9.1529711e-02   6.5742537e-02   1.1301914e-01   2.6446696e-02  -9.8287343e-02  -6.1116244e-02
  -1.6542728e-02   3.6759889e-02  -1.4294331e-02   1.3826271e-02   2.5287365e-01   4.6717726e-02   4.0841880e-02  -1.0358597e-01  -4.0460667e-02  -7.6662270e-02   1.5469734e-01   6.3346092e-02   1.8422316e-01  -2.7437675e-03   3.6516893e-02   4.9429010e-02   2.4545690e-01   0.0000000e+00  -4.9283432e-04   1.9840810e-01   5.3816523e-02   1.1695901e-01   2.7265922e-02  -1.2183110e-02   5.4542821e-02   2.8506957e-02   1.9462297e-01   1.7736520e-01   1.4537171e-01   2.4998392e-01   1.8100612e-01   1.3733086e-01   3.1193650e-02   1.3980436e-01   1.3957786e-01  -1.5640208e-02   1.0586778e-01   3.0149106e-02   8.0537848e-02   8.7668334e-02   2.4516660e-03   7.0985099e-02   2.1756446e-01  -2.2595705e-02   1.8741768e-04   5.8091561e-02   1.2088073e-01   1.3335724e-01   2.4230895e-01   2.4621077e-01   1.9988683e-01   2.4358162e-02   1.2958315e-01   6.3163600e-02   1.4033279e-02   2.0514434e-01   2.8554406e-02   8.5078871e-02   5.6496423e-02   3.2970713e-02   2.5155999e-02  -6.6619436e-03  -1.3393195e-01   3.7995505e-02   6.4570963e-02   8.6272890e-02   6.4461035e-02   1.0103722e-01   2.8601411e-02   2.6755563e-01   1.2459529e-01   1.6639941e-01   4.3784524e-02   3.3549625e-02   1.1797231e-01   1.7561253e-01  -3.2905611e-02  -3.4817863e-02   1.3143545e-01   5.5456859e-02   5.2544243e-02   1.7208431e-01   1.4830903e-01   1.8811660e-01   1.7099808e-01   2.7466045e-01   2.4479533e-01   1.2995440e-01   2.1192682e-01   1.5960200e-01   1.0018396e-01   3.4232856e-02  -3.2799213e-02   4.3733625e-02   1.8767888e-02   6.7196726e-02   1.2946028e-02  -2.2552646e-02   1.7073497e-02  -1.5378990e-02   7.6347500e-03  -3.0702544e-02   8.8505260e-02   1.4730368e-02   5.4072337e-02   7.6457683e-02   7.7931100e-02   1.2260411e-01  -2.2729155e-02   1.3614132e-01   1.7130906e-01   2.1861737e-02   2.8336569e-02   1.0429681e-01   1.3418050e-01   1.0107436e-01   3.1888645e-03   2.0574301e-02
   1.3465388e-01  -1.8221450e-01  -1.4083233e-01   1.9632309e-01  -1.1588718e-02   5.0739296e-02   2.1194112e-01  -1.2246674e-03   5.9600211e-02   1.3754211e-02  -1.7677505e-02   1.6557382e-02   1.2295853e-01   3.1089408e-02   9.1333611e-02  -1.1173029e-02  -6.9667263e-02  -4.9283432e-04   0.0000000e+00  -8.7476958e-02  -2.7384671e-02   3.4976587e-02   2.1147495e-02   6.0975492e-02  -2.4002997e-02   8.5981827e-03   5.9208153e-05  -7.2637862e-04   5.3659978e-02  -1.7222581e-02   3.6829788e-02   4.3592773e-02  -2.5162079e-03  -6.3686076e-02  -5.9378055e-02   8.3604664e-02   1.0775651e-01   1.4256182e-01   1.4604907e-01   3.2750691e-02   1.6743965e-02   1.4089943e-01   1.3413032e-01   8.2999548e-02   3.8681337e-02   5.7948318e-02   4.3154567e-02  -1.3539279e-02   4.2821897e-02   6.8007016e-03  -1.4847458e-02   8.2412116e-02   9.7064045e-02   2.2516727e-02  -2.9166672e-02  -1.8749628e-02   7.8165033e-02   2.6011227e-02   4.0274619e-01  -2.8773115e-02   6.5499924e-02   5.0992279e-02   2.4898942e-02   9.6588685e-02   4.8867228e-02   3.8389859e-02  -1.0622714e-02   3.0003016e-02  -2.6396742e-02   3.8973857e-02   5.8395413e-02  -2.3087078e-02   1.4641088e-01   1.3549009e-01   4.3577724e-03   3.3046455e-02  -1.7774022e-03  -3.3571913e-02   6.6134422e-02   8.4779341e-02   4.9162092e-02  -1.6362377e-02   2.5080173e-02   1.4191011e-02   1.1554779e-01  -1.6503854e-02  -1.6525263e-02   7.5936216e-02  -3.2655306e-02  -1.7675286e-02   1.0861570e-01   8.8830458e-02   8.8341073e-03  -6.2290432e-03   4.4572305e-01  -5.9014831e-03   4.0655852e-02   6.6925549e-02   1.5425840e-01  -3.1754768e-02   7.8646578e-02   4.7892572e-02   1.9861329e-02   4.0056388e-02   9.9237874e-02   1.0653227e-01  -1.5984042e-03   9.8019001e-02  -2.3234102e-02   8.3475575e-02   7.9742331e-02   9.2074835e-03   8.0654675e-02  -3.6235394e-03  -5.3773363e-02   3.1415341e-02   9.1561460e-02   2.3204033e-02
   3.6528768e-02   1.5344463e-01   1.3873872e-01   8.9432622e-02   1.7410554e-01  -3.6248814e-02   2.1088544e-01   2.5686533e-02   2.4054102e-02   8.8259702e-02   4.0971574e-01  -1.0573033e-01   4.5396437e-01   1.7478003e-01   4.4509089e-01   3.1469851e-01   4.2929540e-01   1.9840810e-01  -8.7476958e-02   0.0000000e+00   4.4546589e-01   3.3247089e-01   2.4358893e-01   2.8631864e-01   2.2620762e-01   5.0457548e-02   4.3611628e-01   3.1259929e-01   4.4677248e-01   3.4516018e-01   5.5076290e-01   2.0891119e-01   9.5718358e-02   4.6246103e-01   4.7505633e-01   6.8993043e-02   4.9642352e-01   4.6973818e-01   2.1428594e-02   5.4293656e-01   3.3020360e-01  -3.9892370e-02   3.1583618e-01   1.9634890e-02  -5.2618689e-02   6.9546931e-02   2.7464920e-01   3.9351282e-01   1.6295156e-01   1.2820327e-01   3.0911080e-01   1.7388927e-01   8.8841299e-02   6.6949336e-02   2.4586592e-01   3.5252246e-01  -8.5234543e-02   1.0365795e-01   9.0186851e-02  -1.2734804e-02  -1.7180318e-01  -1.7527801e-01  -2.2898014e-01   3.8634839e-01  -2.5507419e-02   2.8973056e-01   8.6619398e-02  -1.0548628e-01  -5.6795358e-02   1.7096972e-01  -7.6223695e-02   5.8180186e-02  -2.0373542e-02  -3.2272775e-02   1.8083812e-02   2.8841383e-02  -7.8699174e-02  -5.7421328e-02  -4.2299060e-02  -7.0581848e-02  -7.9420042e-02  -2.7012345e-02   1.5850295e-01   3.0076244e-02  -4.5831523e-02  -5.0723963e-02   2.9326411e-01  -8.4450646e-02   1.4688644e-02   1.0640188e-01   1.0071557e-01  -2.6003034e-02  -3.0213935e-02  -3.9908471e-02  -1.0448659e-01   2.7514539e-02  -1.6921168e-01   3.4768557e-02  -2.4206305e-02   2.2124747e-02  -1.9933815e-01  -1.7331131e-01  -1.2027569e-01  -1.0598426e-01  -7.3075104e-02   4.3694574e-02   5.1030718e-02   3.5432727e-02  -1.2395534e-01   3.0699250e-01   5.1447445e-01   6.6325425e-02   1.0503886e-01  -4.0990255e-03   1.1119047e-01  -2.7115249e-02  -4.9802689e-02  -1.2140620e-02
  -8.0064465e-02  -3.9810409e-02   2.3343264e-02   1.6010542e-01   3.5537388e-04  -8.0978321e-02  -2.3310322e-02  -5.5957205e-04   3.1698186e-02   1.3133910e-01   2.2871312e-01  -2.9778686e-02   2.7598899e-01   2.2453926e-01   2.6575002e-01   1.1684192e-01   2.5765447e-01   5.3816523e-02  -2.7384671e-02   4.4546589e-01   0.0000000e+00   4.1868145e-01   2.4887000e-01   2.2583905e-01   3.7137402e-01   2.3325909e-01   2.8154347e-01   1.4322905e-01   4.4203219e-01   9.9053229e-02   1.6514437e-01   1.3128283e-01   2.1510298e-01   3.4946291e-01   3.5174676e-01   3.1225239e-01   3.9854739e-01   4.5053320e-01   1.3375662e-01   4.7752791e-01   3.7833831e-01   1.3171651e-01   2.7809621e-01   1.9269542e-01   8.7022505e-02   1.9453299e-01   1.1794312e-01   3.0737485e-01   1.3784176e-01  -8.0516212e-03  -7.0992091e-03   3.4709766e-01   5.5173133e-02   4.8392357e-02   2.3114029e-01   3.1834545e-01   6.6534156e-02   1.7622880e-02   1.4322808e-01   3.9208521e-02  -7.7483976e-02  -7.6085979e-02   4.5461476e-02   9.9774457e-02   1.8737406e-03   1.1884958e-01   2.8769024e-02  -2.3699725e-01  -2.2697553e-01   1.6689125e-01  -3.3291194e-02  -1.2323850e-01  -1.0349896e-01  -8.8065418e-02  -3.4758241e-02  -2.5169017e-01  -2.0629238e-01  -2.9335057e-02  -1.0054697e-01  -9.8039865e-02  -4.4786309e-02   8.6825063e-03   3.6329511e-02  -6.3195260e-02  -1.5240243e-02  -1.9689428e-01  -1.0540938e-02  -1.4783593e-01  -1.9285232e-01  -1.1382872e-01  -4.6485158e-03   1.3117963e-01   3.2345446e-02  -6.6615411e-02  -2.4577841e-02  -9.9336143e-03  -9.2835887e-02   1.4936114e-01   8.8964698e-02  -2.4372084e-02  -1.4289368e-01  -1.3754620e-02  -1.9252253e-01  -5.1166179e-02   9.9541528e-03  -5.6398141e-02   8.1844914e-04   1.1864943e-02  -1.0681361e-01   1.8847374e-01   1.9714198e-01   1.0950930e-02  -1.2927695e-02   5.2924729e-02   5.5545882e-02  -2.7990046e-02  -1.2239950e-01  -2.7173386e-01
