   0.0000000e+00   0.0000000e+00   0.0000000e+00   1.4495033e-01   1.1215799e-02  -3.0430811e-03   3.5939560e-01   2.4934299e-02   1.4076470e-01   8.0987396e-02   1.9403767e-01  -1.4903959e-01  -2.1002089e-01  -6.4800624e-02   5.9238886e-02  -6.0956829e-02   5.8668526e-02  -2.4691209e-02   2.8992289e-02  -3.4472190e-02  -1.7464744e-01  -1.8335998e-01   1.1141743e-01   6.0310000e-02  -5.2532368e-02   7.6653552e-02  -3.5618314e-02   1.1029785e-01  -4.8441488e-02   2.9878081e-02  -1.6368821e-02  -6.5245936e-02  -1.0736542e-01  -1.0027644e-01  -7.2487117e-03  -1.7508609e-01  -1.2670381e-01   3.5319785e-02   2.2239065e-02   1.0051284e-01   1.3585560e-01   3.1661184e-02  -1.2765283e-02   8.9442145e-02   6.5315646e-02  -1.2998886e-01   9.8975282e-03   1.7780029e-02  -1.8746091e-01   8.7519118e-03   0.0000000e+00  -5.7701694e-02  -5.3829348e-02   7.9439550e-03  -1.0747847e-01  -4.8692964e-03  -1.0469205e-01  -7.9774282e-02  -2.2886404e-02   8.7868306e-02  -6.1421178e-02  -5.5921331e-02  -1.2227314e-01   1.0970027e-01  -1.0500502e-01  -5.4312324e-02   1.4542544e-01   2.0792487e-01   1.1200450e-01  -1.1449597e-01   2.3323491e-02   3.2183895e-02   2.4454518e-01  -5.8129160e-02   4.2327310e-01   2.3253232e-01   1.4634642e-01   1.1036369e-01   3.8534631e-02   1.5780739e-01  -4.1952007e-02   4.6650264e-02   1.3430188e-01  -4.3454877e-02  -1.8950206e-02  -8.4245888e-02   1.7947150e-01   1.5359430e-01   8.1012977e-02   1.7656951e-01  -1.6588203e-01  -9.3334738e-02   3.2139887e-02  -2.0910516e-02  -1.1712559e-02   4.3210100e-02  -1.1991103e-01   4.6541597e-02  -3.6892728e-02  -3.4554022e-02  -1.5347189e-01  -1.3915603e-01  -1.3046330e-02  -3.3214009e-02  -9.3612646e-02  -6.3404405e-02   2.8578961e-02  -1.2427813e-01  -4.6739210e-02  -8.3896696e-02   7.8331714e-02   1.6697249e-01   9.9857228e-02  -9.2216253e-02   0.0000000e+00   5.3988378e-02   1.5853824e-01   2.1874560e-01
   0.0000000e+00   0.0000000e+00   0.0000000e+00   0.0000000e+00   0.0000000e+00   0.0000000e+00   0.0000000e+00   0.0000000e+00   0.0000000e+00   0.0000000e+00   0.0000000e+00   0.0000000e+00   0.0000000e+00   0.0000000e+00   0.0000000e+00   0.0000000e+00   0.0000000e+00   0.0000000e+00   0.0000000e+00   0.0000000e+00   0.0000000e+00   0.0000000e+00   0.0000000e+00   0.0000000e+00   0.0000000e+00   0.0000000e+00   0.0000000e+00   0.0000000e+00   0.0000000e+00   0.0000000e+00   0.0000000e+00   0.0000000e+00   0.0000000e+00   0.0000000e+00   0.0000000e+00   0.0000000e+00   0.0000000e+00   0.0000000e+00   0.0000000e+00   0.0000000e+00   0.0000000e+00   0.0000000e+00   0.0000000e+00   0.0000000e+00   0.0000000e+00   0.0000000e+00   0.0000000e+00   0.0000000e+00   0.0000000e+00   0.0000000e+00   0.0000000e+00   0.0000000e+00   0.0000000e+00   0.0000000e+00   0.0000000e+00   0.0000000e+00   0.0000000e+00   0.0000000e+00   0.0000000e+00   0.0000000e+00   0.0000000e+00   0.0000000e+00   0.0000000e+00   0.0000000e+00   0.0000000e+00   0.0000000e+00   0.0000000e+00   0.0000000e+00   0.0000000e+00   0.0000000e+00   0.0000000e+00   0.0000000e+00   0.0000000e+00   0.0000000e+00   0.0000000e+00   0.0000000e+00   0.0000000e+00   0.0000000e+00   0.0000000e+00   0.0000000e+00   0.0000000e+00   0.0000000e+00   0.0000000e+00   0.0000000e+00   0.0000000e+00   0.0000000e+00   0.0000000e+00   0.0000000e+00   0.0000000e+00   0.0000000e+00   0.0000000e+00   0.0000000e+00   0.0000000e+00   0.0000000e+00   0.0000000e+00   0.0000000e+00   0.0000000e+00   0.0000000e+00   0.0000000e+00   0.0000000e+00   0.0000000e+00   0.0000000e+00   0.0000000e+00   0.0000000e+00   0.0000000e+00   0.0000000e+00   0.0000000e+00   0.0000000e+00   0.0000000e+00   0.0000000e+00   0.0000000e+00   0.0000000e+00   0.0000000e+00   0.0000000e+00   0.0000000e+00   0.0000000e+00   0.0000000e+00   0.0000000e+00
   0.0000000e+00   0.0000000e+00   0.0000000e+00   0.0000000e+00   0.0000000e+00   0.0000000e+00   0.0000000e+00   0.0000000e+00   0.0000000e+00   0.0000000e+00   0.0000000e+00   0.0000000e+00   0.0000000e+00   0.0000000e+00   0.0000000e+00   0.0000000e+00   0.0000000e+00   0.0000000e+00   0.0000000e+00   0.0000000e+00   0.0000000e+00   0.0000000e+00   0.0000000e+00   0.0000000e+00   0.0000000e+00   0.0000000e+00   0.0000000e+00   0.0000000e+00   0.0000000e+00   0.0000000e+00   0.0000000e+00   0.0000000e+00   0.0000000e+00   0.0000000e+00   0.0000000e+00   0.0000000e+00   0.0000000e+00   0.0000000e+00   0.0000000e+00   0.0000000e+00   0.0000000e+00   0.0000000e+00   0.0000000e+00   0.0000000e+00   0.0000000e+00   0.0000000e+00   0.0000000e+00   0.0000000e+00   0.0000000e+00   0.0000000e+00   0.0000000e+00   0.0000000e+00   0.0000000e+00   0.0000000e+00   0.0000000e+00   0.0000000e+00   0.0000000e+00   0.0000000e+00   0.0000000e+00   0.0000000e+00   0.0000000e+00   0.0000000e+00   0.0000000e+00   0.0000000e+00   0.0000000e+00   0.0000000e+00   0.0000000e+00   0.0000000e+00   0.0000000e+00   0.0000000e+00   0.0000000e+00   0.0000000e+00   0.0000000e+00   0.0000000e+00   0.0000000e+00   0.0000000e+00   0.0000000e+00   0.0000000e+00   0.0000000e+00   0.0000000e+00   0.0000000e+00   0.0000000e+00   0.0000000e+00   0.0000000e+00   0.0000000e+00   0.0000000e+00   0.0000000e+00   0.0000000e+00   0.0000000e+00   0.0000000e+00   0.0000000e+00   0.0000000e+00   0.0000000e+00   0.0000000e+00   0.0000000e+00   0.0000000e+00   0.0000000e+00   0.0000000e+00   0.0000000e+00   0.0000000e+00   0.0000000e+00   0.0000000e+00   0.0000000e+00   0.0000000e+00   0.0000000e+00   0.0000000e+00   0.0000000e+00   0.0000000e+00   0.0000000e+00   0.0000000e+00   0.0000000e+00   0.0000000e+00   0.0000000e+00   0.0000000e+00   0.0000000e+00   0.0000000e+00   0.0000000e+00   0.0000000e+00
   1.4495033e-01   0.0000000e+00   0.0000000e+00   0.0000000e+00  -2.8319416e-02  -6.1828428e-03   1.8846740e-01   9.7945778e-02   8.5725203e-02   1.0994217e-01   2.1604550e-01  -1.0162150e-01  -7.6580533e-02   1.1856266e-01   1.2607163e-01   2.3059002e-02   1.1986304e-02  -5.0485974e-02  -7.8190407e-02  -1.3734872e-01  -2.3392063e-02  -1.1654052e-01   3.1560724e-01   2.6265426e-01  -2.7499668e-02   7.6594046e-03  -8.2799782e-02   1.3880662e-01  -4.6605255e-02   1.0099692e-01   4.9963335e-02   2.3093383e-03  -1.1184701e-01   9.8946787e-02  -4.3006982e-02  -6.5905899e-02  -9.6326260e-02   2.1948719e-01   1.7539794e-01   2.3468115e-01   2.2109288e-01   9.6838363e-02  -1.7311561e-01   4.6370002e-02   7.7471248e-02  -7.0914515e-02  -4.8554531e-04   9.7663563e-02  -1.4311094e-01  -6.4811293e-02   0.0000000e+00  -1.1574848e-01  -7.4146981e-02   8.0849813e-03   3.5154702e-02   5.8255120e-02  -1.2844308e-01  -3.7604536e-03  -5.0765594e-02   5.6612506e-03   6.0803826e-02  -3.7879378e-03   5.0540546e-02  -1.0942069e-01  -5.1731735e-02  -1.7405879e-01  -1.0872329e-02   3.6211319e-02   1.0013197e-02  -1.7781242e-01   9.1296133e-02   8.7613535e-02   3.3020230e-02  -2.6410094e-02   1.2356653e-01  -5.2390531e-03  -2.7514991e-02  -6.1635874e-02  -1.2251324e-01   1.4958593e-03  -2.0234881e-01  -2.9181415e-02   5.8608059e-02  -1.5902382e-01  -2.0681995e-01  -1.1369576e-01  -1.2425592e-01  -9.8043416e-02  -1.3490264e-01   1.1129567e-01  -2.6609147e-01  -2.4596733e-01   1.2209586e-01  -1.9553793e-01  -1.8185313e-03   4.6519051e-02   6.4234656e-03   3.0314960e-02  -9.9470751e-02  -7.1026999e-03  -1.0183873e-01   6.6592053e-02  -6.4439516e-02  -3.9889252e-02  -3.1042084e-02  -1.0415520e-01   9.2841572e-02  -8.7200998e-02   7.0458128e-02  -2.6136023e-01  -6.2854791e-02   7.6418918e-02  -1.0191471e-02  -2.1301106e-02   0.0000000e+00   1.0186446e-01   1.6078394e-02   2.5858883e-01
   1.1215799e-02   0.0000000e+00   0.0000000e+00  -2.8319416e-02   0.0000000e+00   3.8127489e-01   2.0193752e-02   1.0803644e-01  -1.3665629e-01   2.8813652e-01   2.7015798e-02   1.5662450e-01   3.0751587e-01   7.8131793e-02   1.7948466e-01   1.1442487e-01   3.8840265e-01   3.6362079e-01   2.4561592e-01   4.4313210e-01   2.3633649e-01   2.3471512e-01  -9.5756500e-02  -1.3066285e-02   2.7706188e-01   8.7811400e-02   5.5648762e-01   2.3389151e-01   2.2308150e-01   1.4692728e-01   3.6602208e-01   2.3765862e-01   2.1149043e-01   6.5937082e-03   2.2907478e-01   2.0475542e-01   3.3370209e-02   8.0856171e-02   4.3196912e-02  -1.4752341e-02   3.5307531e-02   8.5007408e-02   3.2007312e-01  -2.9302964e-02   1.6583590e-01   1.9293616e-01   3.8834628e-01   5.5627112e-02   3.4305877e-01   2.8925618e-01   0.0000000e+00   3.1808994e-01   1.1508376e-01   1.2763451e-01   2.0500252e-01   5.9234572e-02   5.1134516e-01   2.0295910e-02   1.4516823e-01   5.1359703e-02   3.2861644e-02  -2.3739866e-02  -9.6841763e-02   7.9498873e-02   7.1256371e-02   7.5617736e-02   9.4311567e-02   5.4127007e-02  -8.5137636e-02   2.9817175e-01   1.8831946e-02  -1.4767472e-01   1.0732152e-01  -1.9185646e-02   5.6745146e-03  -1.6833791e-02  -5.7353866e-03   1.5143777e-01   2.1667980e-02  -1.8996271e-02   2.7498790e-01   3.9400300e-01   9.3489636e-02   4.1337961e-01   4.5287831e-01   2.6871345e-01   2.5219193e-01   1.6970169e-01   2.0008534e-01   1.6046670e-01   1.1783973e-01   1.9430740e-01  -3.0242564e-02   1.2885818e-01   5.0010858e-02   6.3957438e-02  -1.2508795e-01  -1.9190386e-02  -3.4647370e-02   8.7737716e-02   4.6339119e-02  -8.4272408e-02   6.2152513e-02   2.9090902e-02  -5.5207655e-02  -2.3719124e-02  -1.2121590e-01   5.1706092e-02  -1.3786906e-01   7.0421281e-02   4.5857362e-02   4.0138376e-02   2.8683014e-02   2.0457593e-01   0.0000000e+00   4.9493076e-02  -2.8434424e-02  -9.5943686e-02
  -3.0430811e-03   0.0000000e+00   0.0000000e+00  -6.1828428e-03   3.8127489e-01   0.0000000e+00  -2.5491775e-02   3.7981597e-02  -1.0634673e-01   1.7580428e-01   1.0888072e-02   1.7167967e-01   1.3113155e-01   2.5687172e-02   3.2393063e-02   4.2909557e-02   2.1693073e-01   2.3899642e-01   1.0763992e-01   2.0792029e-01   1.1399108e-01   9.7008131e-02  -7.3582655e-02  -1.8069331e-02   2.1667042e-01   1.1926082e-01   4.1108926e-01   1.3343085e-01   6.5438501e-02   3.7608886e-02   1.7733809e-01   1.5504038e-01   1.1108207e-01   1.0008494e-02   1.3763877e-01   5.2429207e-02  -2.3408688e-02   6.0056380e-02   1.1757103e-01  -4.2398554e-02   1.8225545e-02   1.0562829e-01   1.8984888e-01   3.0375085e-02   1.2128090e-01   5.9977140e-02   1.4516863e-01   6.5649937e-02   2.2711712e-01   1.6761632e-01   0.0000000e+00   1.6582683e-01   5.5362338e-02   7.0573447e-02   5.2105637e-02   2.5424253e-02   3.3944838e-01   1.0093723e-01   6.0575202e-02   3.9043606e-02  -2.0859804e-03   7.0962440e-02   7.6784430e-02   6.9444297e-02   8.1732497e-02   1.0511011e-02   7.4464960e-02   4.5002812e-02  -5.1200036e-02   2.4989583e-01   5.1377211e-02  -2.9794309e-02   8.3037934e-02   6.9773174e-02   3.5147708e-02   1.4216730e-02   7.4457127e-04   9.5133651e-02   1.2381942e-01   6.6074252e-03   2.1937947e-01   3.3692640e-01   1.5263493e-01   2.9779370e-01   2.6928228e-01   1.4606486e-01   1.3097569e-01   2.1066212e-01   1.2934781e-01   1.2843310e-01   6.9019454e-02   2.1890036e-01   1.6824308e-02  -5.4033599e-02   1.3521036e-03   3.0695210e-02   1.7432594e-02  -3.0141848e-02  -7.2069749e-02   4.3134554e-02   1.3331848e-01  -8.3686705e-02   6.4079406e-02   1.3913601e-01  -2.0192377e-02   5.9274207e-02  -2.1830025e-02   4.0545639e-02  -1.1353322e-01   1.7388661e-02  -5.1637973e-03  -3.7671978e-02   9.0355283e-02   9.7654553e-02   0.0000000e+00   1.4007170e-02  -8.2741658e-03  -5.2740765e-02
   3.5939560e-01   0.0000000e+00   0.0000000e+00   1.8846740e-01   2.0193752e-02  -2.5491775e-02   0.0000000e+00   2.2704912e-03  -7.3334568e-02  -1.2412754e-01   3.0182460e-01   1.5582687e-01  -2.6198381e-02  -5.0797007e-02   2.5677949e-01   9.8180337e-02   5.0273721e-02  -9.7743777e-02   1.5542586e-01  -9.2393807e-02   6.5064337e-03  -1.7578380e-01   2.6235308e-01   2.5265805e-01   7.7877877e-03   3.4146431e-02  -7.1442338e-03   2.2820228e-01   9.4623968e-02   3.2837729e-01   5.7323801e-02   1.2195607e-02  -1.8287555e-02   1.7566791e-01   1.0471473e-01   3.2665992e-02   3.2914866e-02   1.4242169e-01   2.2648913e-02   2.3756218e-01   1.1305395e-01   7.4245874e-02   8.9349720e-02   1.6435598e-01   2.1539832e-02   3.8706755e-02   1.2103926e-01   1.7650178e-01  -7.1445813e-02   4.5957523e-02   0.0000000e+00   2.0054017e-02   9.5524363e-02   2.1148941e-01   6.1375181e-02   1.5058242e-01  -1.2326120e-01   2.2620740e-03   1.8420799e-02   9.5788771e-03  -1.6318055e-01  -2.7250665e-01  -4.6899773e-02   2.3713187e-01  -1.4442697e-03   1.6436188e-01   1.5078541e-01   8.4407035e-02   1.5706392e-01  -2.7979205e-01  -4.8141104e-02  -2.1822832e-02   1.8839393e-01  -2.8864735e-01   1.1564087e-01   2.5149346e-02  -1.4907703e-01   7.7629391e-02  -2.2511037e-01   6.2932429e-03  -1.4225520e-01   2.3545274e-02   1.7389810e-02  -9.2875920e-02  -7.2192654e-02  -1.3239109e-01   1.8546438e-01  -1.3281305e-03   6.8552151e-02   1.2372180e-01  -9.8128067e-03  -2.0875951e-01  -9.0600668e-02  -1.0709148e-04   2.6075590e-01   1.2839488e-01  -2.1225808e-01   1.6366000e-01   3.5779178e-02   1.0018216e-01  -5.6467322e-02  -1.0899477e-01  -9.1346869e-02  -1.4888863e-01  -1.4311728e-01  -6.8351687e-02  -2.5070230e-02  -7.2986095e-03  -1.2306768e-01  -1.4543230e-01   1.6449920e-01   7.8300212e-02   4.0167632e-02  -3.0439344e-02   0.0000000e+00  -9.5834914e-03   3.4281792e-02   1.8502571e-01
   2.4934299e-02   0.0000000e+00   0.0000000e+00   9.7945778e-02   1.0803644e-01   3.7981597e-02   2.2704912e-03   0.0000000e+00  -1.4494564e-01   6.0542542e-02   5.3732961e-02   4.4704745e-02   2.2986022e-02   2.8175894e-02   3.4517103e-02   5.0542083e-02  -3.6285193e-02   6.3291717e-02  -1.2786695e-02  -6.9334593e-03  -1.5353908e-02   1.7148536e-02  -1.5415671e-04  -5.3395129e-03  -2.0056465e-02   1.8059523e-02   9.6230645e-02  -1.3724270e-02   2.4888327e-02   3.7398953e-02   1.8139626e-02  -5.5582080e-03   5.7720080e-02  -1.9678558e-02  -2.1397374e-02  -1.9136388e-03  -4.2493118e-02   5.4606066e-02   1.8579510e-02   8.9832972e-02   3.4207963e-02   3.5457031e-02   7.8046741e-03  -3.2473321e-02   4.5809944e-02   1.4145619e-02   8.5137405e-02   6.6553335e-02   6.2360844e-02   8.3864512e-02   0.0000000e+00   6.5436112e-03  -6.5224614e-02   6.5579464e-02   8.3493596e-02   1.4531003e-02   2.9118294e-02   5.6385016e-02  -3.2616414e-03  -4.4223017e-02  -1.3619294e-02  -4.3257175e-02  -4.9525614e-02   3.0670515e-02   5.9227063e-02   7.7843179e-03   1.5884972e-02   1.0315178e-01   1.0073742e-01   4.9794550e-02  -1.6119103e-02   6.9926599e-02   6.1253830e-02  -8.5486165e-02   2.7997032e-02   3.7250932e-02   2.2836881e-02   7.9713529e-02  -4.7292151e-03   6.4085287e-02  -3.9901947e-02  -4.3492195e-02   5.8297652e-02   7.3996003e-02   1.1901806e-02  -1.7835070e-02   8.2109936e-02  -3.8986113e-03  -2.1788135e-02   7.7044731e-02  -7.2550379e-02  -4.7680339e-02  -7.6982801e-02   2.8238078e-02  -3.3742430e-02   4.1850985e-02  -1.3953197e-01  -3.3774000e-02  -6.9309119e-02   6.4005438e-03  -1.3112640e-01  -9.9052046e-02  -7.6286684e-02  -8.2865995e-02  -6.6320809e-02   1.1281454e-02  -3.3935790e-02   4.7101117e-02  -1.5113404e-02  -1.2600503e-02   4.5740622e-02   3.0366046e-02   3.4597891e-02   1.2832053e-01   0.0000000e+00   8.1737367e-01   1.6398113e-02   3.4150163e-02
   1.4076470e-01   0.0000000e+00   0.0000000e+00   8.5725203e-02  -1.3665629e-01  -1.0634673e-01  -7.3334568e-02  -1.4494564e-01   0.0000000e+00   2.6500778e-02  -5.1510251e-02  -1.7580205e-01  -1.9897210e-01   4.1792963e-02  -8.6851488e-02  -1.5469592e-01  -8.8750004e-02  -1.4180974e-01  -6.4827861e-02  -1.4263284e-01  -2.0606825e-01  -2.5183644e-02  -3.8928265e-02  -1.3793630e-01  -2.1177814e-01  -2.0801119e-01  -2.1012262e-01  -2.0755409e-02  -2.2808763e-01  -2.0315457e-01  -1.1713452e-01  -7.6848912e-02  -1.5147072e-01  -1.8020186e-01  -1.2883249e-01  -1.8946847e-01  -1.7806943e-01  -7.0414850e-02  -4.3560398e-02  -7.2582418e-02   5.5707195e-02  -6.7268829e-02  -1.4880448e-01  -8.9448283e-02  -1.0887263e-01  -1.5604199e-01  -1.0540728e-01  -6.8724226e-02  -2.0898767e-01  -6.2902155e-02   0.0000000e+00  -2.1586440e-01  -4.9728128e-02  -8.8631569e-02  -6.7386527e-02  -2.0376971e-01  -1.5721665e-01  -9.9354600e-02  -1.6439147e-01  -1.7262406e-01   2.7101396e-02   5.0071474e-03  -1.1018617e-01  -1.2995715e-01  -1.1070229e-01  -7.5242066e-02  -2.3425676e-02   3.9549990e-02   1.0138520e-01  -8.8649059e-02   7.9744067e-02  -1.0725625e-02  -3.0594057e-02   3.9629007e-02   2.6494890e-02   1.3174709e-01   2.8113763e-01   2.1592501e-02   1.5457272e-01   2.3322183e-02  -1.0509942e-01  -7.5816147e-02  -1.0863931e-01  -1.6210343e-01  -1.5257720e-02  -4.7868640e-02  -2.8306307e-02  -8.7427504e-02   4.1655328e-03   4.5815836e-02  -5.2475855e-02   1.0517219e-02   2.4745000e-01  -1.6659199e-02   4.2056687e-02   4.5947016e-02   1.6745916e-01  -2.1624732e-02   1.5294093e-01   1.8229712e-02  -1.6978206e-01   1.0456173e-01   8.8357990e-02  -1.9023589e-01   8.8392326e-03  -8.7151899e-02   3.3772852e-02  -1.0278106e-01   1.0114248e-01   3.3227030e-02  -3.6194029e-02   9.7118576e-03   1.9163748e-02  -1.2702507e-01   0.0000000e+00  -7.2403425e-02   2.7604846e-02  -3.9265606e-02
   8.0987396e-02   0.0000000e+00   0.0000000e+00   1.0994217e-01   2.8813652e-01   1.7580428e-01  -1.2412754e-01   6.0542542e-02   2.6500778e-02   0.0000000e+00   2.6607313e-01  -1.4031959e-01   1.6022612e-01   1.6353714e-01   4.1444982e-02  -4.4413335e-02   1.7947633e-01   2.6255526e-01   9.2520023e-02   2.7169374e-01   3.5569735e-01   1.4456379e-01   2.1505632e-01   2.6300903e-01   2.7186289e-01   1.8624717e-01   3.0477148e-01   4.2125046e-01   1.1124999e-01   8.7072543e-02   3.0113817e-01   3.4450511e-01   1.1498815e-01   2.9748695e-02   3.1172674e-02   1.3657352e-01  -8.8550636e-03   2.9294159e-01   3.4128319e-01   3.4837730e-01   3.5419793e-01   2.0566126e-01   1.2062512e-01   1.1099893e-01   1.9950495e-01   1.1880209e-01   2.5814344e-01  -4.8523082e-02   8.7122459e-02  -4.2246682e-02   0.0000000e+00   2.1770210e-01   5.1392808e-02  -5.3505356e-02   2.8763680e-02  -5.5518123e-02   2.8846241e-01  -8.4068388e-02   4.0180766e-02   1.4303652e-01   9.6245417e-02   7.1200343e-02   1.2002593e-02  -5.2804751e-02   2.9566790e-02  -9.9619781e-02  -9.9005596e-02  -4.5025120e-02  -1.3234911e-01   1.4503236e-01   6.0630938e-02  -9.4456093e-02   4.7376489e-02   1.0918545e-01   1.9450095e-01  -1.0335809e-01   2.5800634e-02   7.8345749e-02   5.5093150e-02  -1.5931070e-01   8.1264833e-02   2.2088016e-01   1.3822352e-01   1.2160408e-01   2.2484372e-01   9.1051017e-02   9.2541013e-03  -1.3871671e-02   1.9131063e-02   7.8874416e-02  -1.1088750e-01   1.0744544e-01   1.8911417e-02  -2.2495159e-02  -1.1446972e-01   2.2176976e-02   9.1355828e-03   1.1860304e-01  -9.9857477e-02   1.3855724e-02  -1.6164348e-01  -1.8476739e-01  -8.4486046e-02   1.7378648e-01  -9.2360766e-02  -1.5461911e-01  -9.1229272e-02  -1.1176554e-01  -1.3941187e-01  -3.9104863e-02  -1.0942931e-01   3.8938699e-02  -3.3523099e-02   4.4212007e-02   0.0000000e+00   2.7559450e-02  -9.6425348e-02  -3.4612612e-02
   1.9403767e-01   0.0000000e+00   0.0000000e+00   2.1604550e-01   2.7015798e-02   1.0888072e-02   3.0182460e-01   5.3732961e-02  -5.1510251e-02   2.6607313e-01   0.0000000e+00  -1.6454565e-01   1.3079318e-01   1.8753244e-01   2.3120004e-01   1.6482153e-01   1.1594844e-01   7.1742962e-02  -5.3864967e-03  -4.6469512e-02   1.2318764e-01  -1.3262279e-01   3.6656643e-01   3.3852782e-01   4.6187045e-02   5.5169716e-02   6.1604507e-02   3.6554602e-01   1.9839633e-01   3.6558168e-01   2.5124182e-01   7.4179366e-02   4.0782161e-02   2.1808631e-01   1.9116466e-01   2.7009697e-02  -8.9165829e-02   3.0445945e-01   2.2319757e-01   5.3941917e-01   3.5534323e-01   1.9392772e-01   3.1993371e-02   1.6605381e-01   7.1708889e-02   1.1566297e-01   1.9436658e-01   1.9063579e-01   1.6955283e-02   2.1765232e-02   0.0000000e+00   7.4321635e-02   2.7191296e-03   2.1702186e-01   1.0606497e-01   1.5071989e-01  -4.9608701e-02   2.2358468e-02   8.4613994e-03   6.0124034e-02  -4.8364385e-02  -1.9830083e-01   8.1875650e-02   2.7936557e-02   5.1915067e-02  -8.1828163e-02   6.1377294e-03  -5.7669397e-02   5.2591549e-02  -1.7649857e-01   5.0454345e-02   1.2966083e-02   9.5329809e-02   8.0905215e-02   9.6351892e-02  -7.9341370e-02  -1.8941818e-01   5.6674851e-03  -1.6946579e-01  -8.9515332e-02  -2.2357933e-01   8.2625885e-02   8.7980644e-02  -1.1315518e-01  -7.8211715e-02  -1.7649090e-02   4.5010057e-02  -1.2249137e-01  -4.8689152e-02   2.5062270e-02  -1.4734160e-01  -1.7413733e-01  -5.4182587e-02  -6.5489053e-02  -7.4421938e-02   8.8209249e-02  -6.6753364e-02   1.3489520e-01  -1.0067604e-01   1.9067502e-02  -1.0870272e-01  -1.1104673e-01  -2.2753349e-01  -9.0380236e-02  -1.2390445e-01  -1.2128020e-01   1.1376108e-02  -4.3533254e-02  -1.0378601e-01  -1.7360030e-01   9.8121057e-03   1.5635132e-02   3.5855041e-02  -7.7772267e-02   0.0000000e+00   4.1709605e-02   6.6716243e-03   8.5202210e-02
  -1.4903959e-01   0.0000000e+00   0.0000000e+00  -1.0162150e-01   1.5662450e-01   1.7167967e-01   1.5582687e-01   4.4704745e-02  -1.7580205e-01  -1.4031959e-01  -1.6454565e-01   0.0000000e+00   5.7210346e-02  -3.2321644e-02   3.5630888e-02   2.9846022e-02   1.3083773e-01   9.1517124e-02   2.3781022e-01   9.0276593e-02   1.8884907e-01   2.2927468e-01  -7.2978359e-02   1.8339338e-02   1.3410458e-01  -8.0369279e-02   1.6071315e-01  -3.0325249e-02   1.2444970e-01   5.0360532e-02   5.7567390e-02   1.5784369e-01   2.5958859e-01   1.4014653e-01   8.6591438e-02   3.7425709e-01   3.8491330e-01   5.7612895e-02  -5.0776312e-02  -1.2650511e-01  -1.3189376e-01   3.1260952e-02   2.5922138e-01   5.2570668e-02   8.9702222e-04   3.1671452e-01   7.1901292e-02   6.0420277e-02   1.5513665e-01   7.4843347e-02   0.0000000e+00   2.0529118e-01   1.6604180e-01   3.1130173e-02   1.3835180e-01   1.1087908e-01   1.6994257e-01   5.8717124e-02   2.2127790e-01  -2.4917405e-02   1.6286081e-02  -6.7333946e-02  -1.0126428e-02   1.6986567e-01   8.3387752e-02   3.5849934e-01  -4.4009100e-02  -1.7219330e-02  -1.0663090e-02   8.2415477e-02  -1.3788361e-01  -1.5049291e-01  -7.8389236e-02  -3.5432021e-01  -1.6642528e-01  -5.4548232e-02  -2.8187730e-02   1.4429364e-02  -5.0562280e-02  -2.4876092e-02   4.1312705e-02   1.1496326e-01  -4.5549340e-02   1.3644969e-01   3.3052778e-02   1.0970460e-01   6.4466823e-02  -3.8493825e-02  -2.0533063e-02   6.3342789e-02   3.0960251e-01   1.7250419e-03  -7.5358051e-02   1.5399423e-01   2.4781783e-01   2.5025492e-02  -1.1691589e-01   9.8543918e-02   1.6207728e-01   7.1704769e-02   4.2935334e-02  -2.7657026e-02   8.1610858e-02   4.7510358e-02  -1.4311821e-02   2.2496763e-02  -2.3387925e-03   1.4891132e-01  -5.5601409e-03   9.3661337e-02   9.7432102e-02  -3.8829969e-02   1.4745072e-01   1.6951110e-01   0.0000000e+00   3.6693423e-03  -1.2813675e-01  -1.4715091e-01
  -2.1002089e-01   0.0000000e+00   0.0000000e+00  -7.6580533e-02   3.0751587e-01   1.3113155e-01  -2.6198381e-02   2.2986022e-02  -1.9897210e-01   1.6022612e-01   1.3079318e-01   5.7210346e-02   0.0000000e+00   2.9279371e-01   1.6292665e-01   1.7250316e-01   1.7823684e-01   3.7117826e-01   6.5951336e-02   5.1394936e-01   5.2810509e-01   4.6322410e-01   1.0831759e-01   1.3705263e-01   4.1800280e-01   1.0200020e-01   4.3537208e-01   2.0425636e-01   3.2096675e-01   2.7321134e-01   4.5752506e-01   1.8163345e-01   2.0601068e-01   9.3152713e-02   3.1892931e-01   1.9550613e-01   7.7988567e-02   1.0901269e-01   1.5622523e-01   1.2989803e-01   3.0149202e-02   1.0818529e-01   2.5941909e-01   1.1211796e-02   3.0274542e-01   2.2883102e-01   3.1226731e-01   8.3065083e-02   4.5080407e-01   2.1045213e-01   0.0000000e+00   3.2832743e-01   6.2812162e-02   1.4689262e-01   2.0686853e-01   2.2675164e-01   4.9073470e-01   8.5215943e-02   1.9044413e-01   4.8044251e-02   1.3648068e-01   2.7484763e-03   1.5430844e-01   9.0344697e-02   1.1592912e-01   1.8349296e-01   3.1632492e-02  -3.6794164e-02  -5.2089063e-02   4.0589436e-01   1.3913656e-01  -9.2982017e-02  -1.6714438e-02   3.8721264e-02  -5.0594593e-02  -9.8531524e-02  -4.1438301e-02   9.5740377e-02   3.3507814e-02  -7.9827784e-02   1.4329521e-01   3.8513988e-01   1.0294358e-01   4.2281378e-01   2.9035487e-01   2.0276200e-01   1.9983882e-01   7.7216186e-02   1.0110443e-01   6.3263457e-02   1.5025083e-01   2.2484465e-01  -4.0051801e-02   8.2926955e-02  -2.8630246e-04  -2.6673663e-02   4.1881306e-02  -3.2068857e-02  -1.1257323e-01   4.4304181e-02   2.5436484e-02  -7.6380502e-02  -8.8326686e-02  -8.6563462e-03   3.0235860e-02   1.1523065e-01  -7.0073897e-02   4.3234989e-02  -1.6148010e-02   1.6906916e-01  -4.4107636e-03  -2.2582653e-02  -2.8477942e-02   9.7804801e-02   0.0000000e+00   1.2299122e-02  -1.7564237e-01  -1.1325207e-01
  -6.4800624e-02   0.0000000e+00   0.0000000e+00   1.1856266e-01   7.8131793e-02   2.5687172e-02  -5.0797007e-02   2.8175894e-02   4.1792963e-02   1.6353714e-01   1.8753244e-01  -3.2321644e-02   2.9279371e-01   0.0000000e+00   9.5721579e-02   9.7617967e-02   7.1674041e-02   1.4276423e-01  -4.2182070e-02   8.9050562e-02   1.0621210e-01   3.3309345e-01   2.8060114e-01   1.5284212e-01   1.2948934e-01   4.4494976e-02   8.9899305e-02   1.7541627e-01   8.7630651e-03   4.3429658e-02   2.2078634e-01   7.7021213e-02  -6.6775589e-02   5.0046759e-02   6.5239124e-02  -9.8247666e-02  -1.1067941e-01   1.3777552e-01   2.2294588e-01   1.5127147e-01   1.4946664e-01   8.3393629e-02   1.3805576e-02  -1.6804107e-02   1.2302579e-01  -1.1417855e-02   4.6685415e-02   5.8283015e-02   8.5446862e-02   8.1835837e-02   0.0000000e+00   8.4482954e-04  -6.5082727e-02   1.4584298e-01   7.9810008e-02   5.9105565e-02   1.1922969e-01  -2.2736250e-02  -5.0279670e-02  -6.1721656e-02   4.3464950e-01   1.9916236e-01   3.9225752e-01  -1.3465625e-01  -1.0480461e-01  -7.3241531e-02  -1.4856835e-01   8.6454238e-02  -5.3852779e-02   1.1523144e-01   2.0915474e-01   2.6783712e-01   5.7019244e-03  -1.2532712e-02   3.7140048e-03   1.7031952e-02  -1.7437670e-02  -1.6051364e-02   1.0767681e-01   4.4044134e-02  -4.6912341e-02   2.3918089e-01   3.5928760e-01   4.9183933e-02   2.8542275e-02  -1.8575034e-02  -7.6849768e-02   1.8218895e-03  -5.7108146e-02   6.7560239e-02  -1.4721023e-01   7.3819019e-02   2.5631275e-02  -3.3233713e-02  -6.3164547e-02   7.5698493e-02   2.9375310e-02  -4.5960850e-03  -1.6733946e-01  -5.3095883e-02  -2.2613934e-01  -1.2217581e-01  -1.8079761e-01  -1.1005866e-01   1.4368424e-01   3.2193385e-02  -2.3905553e-02  -2.4131855e-02   7.9829684e-02   4.6402509e-02  -1.1906153e-01   3.7654599e-03  -2.5870545e-02  -5.8096310e-02   0.0000000e+00   7.0599823e-02  -1.0968285e-02   8.7793559e-02
   5.9238886e-02   0.0000000e+00   0.0000000e+00   1.2607163e-01   1.7948466e-01   3.2393063e-02   2.5677949e-01   3.4517103e-02  -8.6851488e-02   4.1444982e-02   2.3120004e-01   3.5630888e-02   1.6292665e-01   9.5721579e-02   0.0000000e+00   3.3125487e-01   1.7226774e-01   3.9898386e-02   1.8500759e-01   2.8174140e-02   1.0113458e-01   3.7576707e-02   1.2761120e-01   1.7629652e-01   9.8603648e-02   1.1783407e-02   1.0087776e-01   1.4371607e-01   2.4409476e-01   3.0629703e-01   2.1474775e-01   6.2452780e-02   3.0758524e-02   3.0449629e-01   1.4596777e-01   1.2760648e-01   3.2729738e-02   1.2844675e-01   5.9230252e-03   1.8828191e-01   4.6584418e-02   5.5690707e-03   1.2801085e-01   1.8173319e-02   4.4637215e-02   1.6669558e-01   2.1012160e-01   2.9714965e-01   1.1564915e-01   1.0046513e-01   0.0000000e+00   9.6421407e-02   1.0225447e-01   2.0580979e-01   1.5078830e-01   3.2604841e-01   7.8255509e-02   5.6116236e-02   1.7642687e-01  -4.4305312e-02  -1.0106060e-01  -1.0661262e-01   1.3435176e-02   5.7934197e-02   4.8247275e-02  -2.5728320e-02   1.2895002e-01   8.1428190e-02   1.2424340e-01  -2.7800163e-02  -5.0322558e-02  -1.4068065e-03   6.5195982e-02  -7.6639690e-02  -7.9370789e-02   1.2455066e-02  -1.7095223e-01   6.3110951e-03  -1.7580664e-01   5.1025433e-02  -5.6867298e-02   8.1818501e-02  -1.4586434e-03   3.3467011e-02  -4.9141554e-02  -1.7303375e-02   1.4577023e-02   1.4773060e-03  -5.1511906e-03   6.0439605e-02   3.6178256e-02  -8.3972353e-02  -8.8802723e-03  -3.9174265e-02   1.4244001e-02   6.1850592e-02  -7.1174267e-02   2.4986961e-02  -1.8983637e-02   1.0340864e-01   1.0706042e-01  -7.4601771e-03  -1.0454602e-01  -8.4397577e-02  -8.9067194e-03   6.5726955e-02   3.2244726e-02   7.3892865e-02  -3.4531963e-03  -1.4798952e-01   1.4194502e-01   5.4478444e-02   9.7108364e-02   8.0667635e-02   0.0000000e+00   3.0552553e-02   3.4374270e-02   8.8373841e-02
  -6.0956829e-02   0.0000000e+00   0.0000000e+00   2.3059002e-02   1.1442487e-01   4.2909557e-02   9.8180337e-02   5.0542083e-02  -1.5469592e-01  -4.4413335e-02   1.6482153e-01   2.9846022e-02   1.7250316e-01   9.7617967e-02   3.3125487e-01   0.0000000e+00   1.2516258e-01   7.8424103e-02   1.7752772e-01  -1.2976792e-02   1.4730554e-02   4.2426354e-02   1.5296045e-02   2.6667730e-02   8.8438408e-02   8.1149610e-03   2.9685313e-02   4.5835960e-02   2.1109442e-01   1.7114311e-01   1.6293804e-01   3.4420676e-02   9.8748847e-02   2.2325053e-01   9.8484781e-02   1.2802388e-01   1.1957184e-01   8.2976369e-02   5.6190384e-02   9.5291188e-02   6.7442992e-03   8.8540727e-02   8.2862562e-02   2.1701520e-02   4.8604170e-02   1.6782252e-01   4.2379210e-02   2.9473556e-01   2.3163132e-01   1.8351407e-01   0.0000000e+00   7.8019259e-02   1.3060230e-01   2.5685467e-01   4.0559547e-01   3.5579047e-01   2.9366727e-02   2.5208406e-01   1.2592576e-01  -7.5772025e-02  -5.6074255e-02  -6.6462055e-02   4.6865800e-02   1.5621633e-01   1.8736371e-01   6.6188137e-02   1.7524477e-01   8.7684701e-02   1.7151007e-01   2.7032569e-02   4.2155550e-03   1.6059282e-02  -5.3607091e-03  -7.0252340e-02  -9.1309181e-02   8.5687937e-02  -1.5812163e-01  -4.6735477e-02  -1.1288385e-01   3.8861999e-02  -1.6130766e-02   2.5543870e-02  -4.3123966e-02   4.6425189e-02   1.0085790e-02   7.1436413e-02  -3.5310099e-02  -3.9751392e-02  -6.2022153e-03  -1.2014893e-02   7.0199517e-02  -8.4800184e-02  -2.2860576e-02   1.2974063e-01   6.7422532e-02   1.1169146e-01   2.0142746e-02   5.2783329e-04   5.7635391e-02   7.0229085e-02   1.3811807e-01   1.2112374e-01  -1.2089720e-02  -3.0812088e-02   8.3695116e-02   2.1905336e-01   1.3053111e-01   2.2839514e-01   1.0264989e-01   2.9384164e-02   1.9590597e-01   5.4878467e-02   3.3640930e-02   9.1543820e-02   0.0000000e+00   4.0494234e-02   5.0562424e-02   3.7066118e-02
   5.8668526e-02   0.0000000e+00   0.0000000e+00   1.1986304e-02   3.8840265e-01   2.1693073e-01   5.0273721e-02  -3.6285193e-02  -8.8750004e-02   1.7947633e-01   1.1594844e-01   1.3083773e-01   1.7823684e-01   7.1674041e-02   1.7226774e-01   1.2516258e-01   0.0000000e+00   4.1990089e-01   4.3089652e-02   2.2300980e-01   2.1925510e-01   1.4255800e-01   6.3698384e-02   4.6228424e-02   1.8094440e-01   1.2603185e-01   3.5357381e-01   1.4059748e-01   2.0381990e-01   1.3824602e-01   3.0436488e-01   1.7767103e-01   1.9147247e-01   6.5520954e-02   1.8965025e-01   9.5096851e-02   4.7124377e-02   2.1708993e-01   1.2037680e-01   1.1314494e-01   9.3265021e-02   1.4030059e-01   1.9546730e-01   9.8785717e-02   1.9686389e-01   1.4535695e-01   1.7658534e-01   6.5191348e-02   1.6955335e-01   7.6573050e-02   0.0000000e+00   1.8178559e-01   3.1547140e-02   4.0277648e-02   1.6612601e-01   1.3239537e-01   2.9723723e-01  -2.3606322e-02   1.6812020e-01   7.7228737e-02   5.5128868e-02  -3.4836603e-02  -3.8952594e-02   5.7360351e-02   5.9318377e-02   8.5996827e-02   8.0474676e-02  -2.7088566e-02  -1.1781034e-01   1.9720129e-01   2.6802949e-02  -8.7601096e-02  -8.5616579e-03  -1.2379753e-03   6.6462095e-02  -1.2949919e-02   1.1151458e-02   7.7442377e-02   3.1410317e-02  -5.9662768e-02   6.4668086e-02   1.7351666e-01   4.4755087e-02   2.8713298e-01   9.4681508e-02   1.2512141e-01   1.5714127e-01  -4.4564297e-05  -1.5745815e-02   1.8938250e-01  -3.7674925e-03   3.3790857e-02   7.0937278e-02  -4.5004493e-02  -2.1276377e-02   4.7167028e-02  -3.5743225e-02   9.1357554e-02  -7.6409489e-03   4.3713750e-02  -4.7076643e-02  -6.4689042e-02  -2.4010931e-03   6.9529837e-02  -8.9898472e-02  -5.3790111e-02  -5.4352688e-02   1.0142062e-02  -6.9351015e-02  -3.5407498e-02   1.1188170e-02   7.1078130e-02   3.7826297e-02   5.4477316e-02   0.0000000e+00   1.0349981e-02  -5.1169409e-02   9.3428020e-03
  -2.4691209e-02   0.0000000e+00   0.0000000e+00  -5.0485974e-02   3.6362079e-01   2.3899642e-01  -9.7743777e-02   6.3291717e-02  -1.4180974e-01   2.6255526e-01   7.1742962e-02   9.1517124e-02   3.7117826e-01   1.4276423e-01   3.9898386e-02   7.8424103e-02   4.1990089e-01   0.0000000e+00   7.3225189e-02   4.9361076e-01   3.8551004e-01   3.3049011e-01  -2.2380174e-02  -1.4064395e-03   2.9452160e-01   9.6786010e-02   5.0821422e-01   1.4176704e-01   2.9644384e-01   5.7796174e-02   4.2451261e-01   2.6056422e-01   3.1336234e-01  -2.0440469e-03   2.5191048e-01   1.6939145e-01  -2.1825651e-02   1.5565558e-01   2.0761115e-01   5.2883862e-02   7.4569907e-02   2.5842489e-01   2.6100519e-01   9.0483241e-02   1.7237045e-01   2.2082384e-01   3.1455343e-01  -4.9140380e-02   3.3678366e-01   1.0918095e-01   0.0000000e+00   3.6531943e-01  -1.2732076e-02  -4.3778418e-03   1.6116567e-01   7.0386797e-02   5.5375093e-01   4.8048279e-02   1.5377363e-01   6.5714350e-02   1.2226621e-01   1.5486008e-02  -8.6760038e-03   7.3856591e-02   1.9237109e-01   1.8869235e-01   2.6322407e-02  -6.0570244e-02  -1.7865367e-01   4.4044047e-01   1.1893464e-01  -1.0713467e-01   6.0521820e-02   1.3618519e-01   3.9735243e-02  -6.4718500e-02   1.4105121e-01   1.6357480e-01   9.5890149e-02  -1.0611899e-01   1.7793763e-01   3.4801512e-01   1.2195048e-01   5.0778528e-01   3.0222591e-01   3.2007572e-01   2.3718303e-01   2.9395267e-02   6.3645159e-02   1.9982866e-01   4.3182187e-02   1.6894957e-01   1.6960337e-02   3.1038476e-03  -3.4996033e-02  -4.4013875e-03   2.3047283e-02   3.1699667e-02  -7.3831138e-02   5.2383252e-03   3.4509858e-02  -7.2257427e-02   6.5333206e-02   5.6077025e-02  -7.0163713e-02   1.7649309e-02  -7.1273564e-02  -2.5758685e-02  -1.1249817e-01   1.4471512e-01  -4.8586285e-03   8.5378701e-03  -2.1653479e-02   6.4349702e-02   0.0000000e+00   3.5188761e-02  -1.1178292e-01  -1.2221512e-01
   2.8992289e-02   0.0000000e+00   0.0000000e+00  -7.8190407e-02   2.4561592e-01   1.0763992e-01   1.5542586e-01  -1.2786695e-02  -6.4827861e-02   9.2520023e-02  -5.3864967e-03   2.3781022e-01   6.5951336e-02  -4.2182070e-02   1.8500759e-01   1.7752772e-01   4.3089652e-02   7.3225189e-02   0.0000000e+00   1.4252376e-01   1.0840048e-01   1.3054716e-01  -9.9976788e-02   3.9523307e-02   8.8525443e-02  -4.9685964e-02   1.1722079e-01   2.8941519e-02   2.2584925e-01   1.2445181e-01   9.1670313e-02   2.2017935e-01   2.3723158e-01   1.9816367e-01   1.0911366e-01   4.3069825e-01   2.7556052e-01   1.9857703e-01   3.2810791e-02   3.6909242e-02   9.3910938e-02   1.2583612e-01   4.2298078e-01   2.1427530e-01  -8.4818394e-03   3.4081514e-01   2.4751866e-01   1.9365102e-01   1.7748246e-01   1.2346385e-01   0.0000000e+00   3.1866592e-01   3.4046650e-01   1.2083606e-01   1.8792950e-01   1.5336360e-01   2.3073520e-01   5.2713604e-02   4.7243342e-01  -1.4079322e-01  -1.9863901e-01  -1.4926035e-01  -1.9297741e-01   2.9968007e-01   1.1794785e-01   2.7469280e-01   8.0153042e-02   5.7640193e-03   5.3317607e-02   9.5497160e-02  -2.1074986e-01  -2.6952326e-01  -1.2370385e-02  -8.5974592e-02  -1.1339466e-02   6.6786456e-02  -3.5401426e-02  -3.3088116e-02  -1.5674449e-01   1.0333508e-02   2.4651246e-02   2.7729793e-02  -1.6670465e-01   1.0398881e-01   1.4186141e-01   1.5963504e-01   1.8513416e-01  -3.7843889e-02   1.7650967e-01   4.1089685e-02   3.4811073e-01   2.0197943e-02   4.0015663e-02   3.8292282e-01   3.5726469e-01   1.5621917e-01  -4.9018886e-02   2.2803349e-01   3.4351354e-01   2.9066373e-01   1.3223591e-01   2.9376204e-02   7.6737341e-02  -1.2840608e-02   5.6837748e-02   9.6240999e-02   2.7588225e-02   1.1158997e-01   6.6767802e-02   1.4366916e-01   2.6232061e-01  -3.2883878e-02   3.0863874e-02   1.5492296e-01   0.0000000e+00  -3.0016275e-02   1.8207693e-02  -2.9499886e-02
  -3.4472190e-02   0.0000000e+00   0.0000000e+00  -1.3734872e-01   4.4313210e-01   2.0792029e-01  -9.2393807e-02  -6.9334593e-03  -1.4263284e-01   2.7169374e-01  -4.6469512e-02   9.0276593e-02   5.1394936e-01   8.9050562e-02   2.8174140e-02  -1.2976792e-02   2.2300980e-01   4.9361076e-01   1.4252376e-01   0.0000000e+00   5.4878934e-01   5.0954847e-01   3.4252144e-03   1.0154099e-01   4.9446295e-01   2.1772279e-01   6.3867040e-01   2.2677581e-01   1.9399992e-01   9.3699792e-02   4.0127306e-01   2.8094647e-01   2.1169767e-01  -1.1161598e-01   3.0914276e-01   1.8565664e-01   6.7702169e-02   1.0550415e-01   1.4812668e-01  -3.9365010e-03   3.6812365e-02   1.6712841e-01   2.7065270e-01   6.1524344e-04   2.1099158e-01   1.3862660e-01   3.0222057e-01  -1.1629661e-01   4.5141629e-01   1.6016616e-01   0.0000000e+00   3.1631287e-01   4.1431609e-02  -1.4000185e-02   8.9600359e-02   6.1397534e-02   6.2110579e-01  -5.3544090e-03   1.8703071e-01   2.3344558e-01   2.8431723e-01   1.6469070e-01  -3.8153049e-02   6.8771512e-02   1.0641299e-01   1.4148178e-01   6.6484433e-02   4.0639153e-02  -1.7230629e-01   5.2042970e-01   1.3435513e-01  -2.1624065e-01   1.2088832e-01   9.9447658e-02   7.1374877e-02  -1.8114337e-02   1.0729219e-01   2.8420818e-01   8.8963243e-02  -8.6856111e-02   4.6608893e-01   3.9601664e-01   2.0729313e-01   8.1440922e-01   4.8922103e-01   3.8519458e-01   2.9312439e-01   2.6580128e-01   2.2718216e-01   2.5817161e-01   8.3355762e-02   2.8328955e-01  -1.7306211e-02   9.2299264e-02  -3.8743214e-03  -1.6375356e-02   1.8732917e-02  -1.4733527e-02  -3.6820085e-02   6.5994488e-02   3.3015011e-02  -1.1972210e-01   1.3466951e-01   2.2043460e-01  -7.3272817e-02   6.9163438e-03  -8.3977249e-02  -3.6599716e-02  -1.2356663e-01   1.6351786e-01  -2.4810415e-02  -4.6914275e-02  -3.2133138e-02   7.1295636e-02   0.0000000e+00  -8.0890515e-02  -1.7106078e-01  -5.9561599e-02
  -1.7464744e-01   0.0000000e+00   0.0000000e+00  -2.3392063e-02   2.3633649e-01   1.1399108e-01   6.5064337e-03  -1.5353908e-02  -2.0606825e-01   3.5569735e-01   1.2318764e-01   1.8884907e-01   5.2810509e-01   1.0621210e-01   1.0113458e-01   1.4730554e-02   2.1925510e-01   3.8551004e-01   1.0840048e-01   5.4878934e-01   0.0000000e+00   3.5011130e-01   2.7156111e-01   4.7423271e-01   5.3497590e-01   1.9733725e-01   4.4038337e-01   2.7283817e-01   3.0664866e-01   2.5502567e-01   3.9208740e-01   2.9501504e-01   1.9636376e-01   1.5009158e-01   2.1355647e-01   2.8917376e-01   9.9454103e-02   3.4231598e-01   2.3688022e-01   2.4430235e-01   2.0419956e-01   3.0902915e-01   2.6681099e-01   1.8540376e-01   2.1631113e-01   3.2697470e-01   3.1959797e-01  -1.0387402e-03   2.9789204e-01  -1.8612679e-02   0.0000000e+00   3.1760841e-01   1.0515190e-01   4.8375796e-02   1.0223218e-01   1.5485341e-01   4.2485528e-01  -2.0752611e-03   2.4581792e-01   2.7555739e-01   1.8671054e-01   5.4629738e-02   2.6767648e-02   1.0233058e-01   1.2544606e-01   1.3646600e-01   1.8925272e-02  -3.9755739e-02  -1.3692796e-01   2.6514643e-01   1.9181919e-03  -1.1504456e-01  -4.8467034e-02  -7.0224335e-03   2.2784896e-02  -1.8424463e-01  -6.4732007e-02   9.9951124e-02  -2.5655733e-02  -1.1364311e-01   1.1248083e-01   2.4452601e-01   1.5225862e-01   3.5058870e-01   1.9048897e-01   4.2230844e-02   2.0034984e-02   3.7503308e-02  -7.7899087e-02   9.4721368e-02   1.0405000e-01   6.1910210e-02  -3.8722568e-02  -1.9019970e-03  -1.0322146e-02   8.1202047e-03   1.9733689e-02   1.7996069e-01  -8.6117575e-02   3.4580616e-02  -1.0900383e-01  -1.9409028e-01  -1.4856842e-01   2.7987094e-01  -1.2077448e-01  -6.6140406e-02  -1.6808575e-01  -4.1149623e-02  -2.1357228e-01  -1.0050551e-02  -2.3549075e-02  -9.3146991e-02  -9.5512908e-02   4.3699837e-02   0.0000000e+00  -9.6284994e-02  -1.6456560e-01  -8.2094013e-02
