   0.0000000e+00   0.0000000e+00   9.9511777e-02   1.1371727e-01   2.2058413e-01   2.0863372e-01   3.2324147e-01  -1.1902708e-02  -1.0463102e-02   9.3016991e-02   2.0069826e-01   3.6666236e-01   1.1614421e-01  -3.2018892e-02   1.8799228e-01   1.9573238e-01   8.3123781e-02   2.8029790e-01   4.2811440e-01   6.1703060e-02   1.4820413e-01   1.2118241e-01   5.7771561e-02  -7.2961031e-03   1.4103222e-01   1.0403773e-01   4.9370239e-02   8.6067589e-02   6.4460540e-02   1.2138564e-01   1.2292160e-01   1.2101357e-01   6.7955406e-02   1.1922855e-01   5.2172817e-02   1.6022037e-01   3.1358340e-01   1.1641062e-01   4.1366002e-02   2.1993152e-01   3.7612015e-01   6.9041777e-02   1.7533857e-01   7.1548305e-02   8.5212227e-02   2.4375337e-01   2.2143001e-01   1.8554031e-01  -2.5207696e-03   3.0341544e-01  -8.8022417e-02   1.3011977e-01   7.6594426e-02   2.6810003e-01   2.5255164e-01   1.2094519e-01   2.1614531e-01  -6.8048226e-03   4.5571359e-02   1.1567606e-01   7.2767341e-02   1.6872689e-02   4.9899520e-02   2.6392654e-01  -4.4802174e-02   4.4129893e-02   4.5509806e-02  -1.0123532e-01  -2.1855078e-04   2.1440973e-01   1.2132802e-01   0.0000000e+00   8.2855847e-01  -2.3493967e-01   2.1237559e-01  -4.5728592e-02   5.7604561e-02   3.1813493e-02   5.9551354e-02   1.0988941e-01   3.6105367e-02  -2.5213678e-02   6.3868298e-02   2.2148553e-01   9.6121847e-02   4.1182264e-02   1.1493500e-01  -2.8712161e-02  -9.8560546e-02  -2.5743815e-02   2.1050627e-02   1.3341401e-01   8.2278476e-02   8.7930543e-02   1.9117361e-01   2.1390778e-01   2.9940939e-01   1.6039848e-01   7.9550976e-02   3.0741336e-03   9.2305759e-03   7.0155890e-03  -4.7484311e-02   2.3119428e-02   1.6896229e-01  -4.9186577e-02  -1.3779157e-01   1.2597765e-01  -3.2705644e-02  -1.2327591e-01   7.3032822e-03   1.4105068e-01   1.1027406e-01  -5.8990258e-02   0.0000000e+00  -1.4238102e-01   2.8645636e-01  -7.6691244e-02
   0.0000000e+00   0.0000000e+00   0.0000000e+00   0.0000000e+00   0.0000000e+00   0.0000000e+00   0.0000000e+00   0.0000000e+00   0.0000000e+00   0.0000000e+00   0.0000000e+00   0.0000000e+00   0.0000000e+00   0.0000000e+00   0.0000000e+00   0.0000000e+00   0.0000000e+00   0.0000000e+00   0.0000000e+00   0.0000000e+00   0.0000000e+00   0.0000000e+00   0.0000000e+00   0.0000000e+00   0.0000000e+00   0.0000000e+00   0.0000000e+00   0.0000000e+00   0.0000000e+00   0.0000000e+00   0.0000000e+00   0.0000000e+00   0.0000000e+00   0.0000000e+00   0.0000000e+00   0.0000000e+00   0.0000000e+00   0.0000000e+00   0.0000000e+00   0.0000000e+00   0.0000000e+00   0.0000000e+00   0.0000000e+00   0.0000000e+00   0.0000000e+00   0.0000000e+00   0.0000000e+00   0.0000000e+00   0.0000000e+00   0.0000000e+00   0.0000000e+00   0.0000000e+00   0.0000000e+00   0.0000000e+00   0.0000000e+00   0.0000000e+00   0.0000000e+00   0.0000000e+00   0.0000000e+00   0.0000000e+00   0.0000000e+00   0.0000000e+00   0.0000000e+00   0.0000000e+00   0.0000000e+00   0.0000000e+00   0.0000000e+00   0.0000000e+00   0.0000000e+00   0.0000000e+00   0.0000000e+00   0.0000000e+00   0.0000000e+00   0.0000000e+00   0.0000000e+00   0.0000000e+00   0.0000000e+00   0.0000000e+00   0.0000000e+00   0.0000000e+00   0.0000000e+00   0.0000000e+00   0.0000000e+00   0.0000000e+00   0.0000000e+00   0.0000000e+00   0.0000000e+00   0.0000000e+00   0.0000000e+00   0.0000000e+00   0.0000000e+00   0.0000000e+00   0.0000000e+00   0.0000000e+00   0.0000000e+00   0.0000000e+00   0.0000000e+00   0.0000000e+00   0.0000000e+00   0.0000000e+00   0.0000000e+00   0.0000000e+00   0.0000000e+00   0.0000000e+00   0.0000000e+00   0.0000000e+00   0.0000000e+00   0.0000000e+00   0.0000000e+00   0.0000000e+00   0.0000000e+00   0.0000000e+00   0.0000000e+00   0.0000000e+00   0.0000000e+00   0.0000000e+00   0.0000000e+00   0.0000000e+00
   9.9511777e-02   0.0000000e+00   0.0000000e+00  -5.8286580e-02   1.8209211e-01   4.4676334e-01   2.6063203e-01  -4.7843496e-02  -6.6032652e-02  -3.0655761e-01   1.8716531e-01  -1.5190672e-01  -1.0114663e-01  -5.1864235e-03   3.7055009e-02   1.0691019e-01  -1.2903099e-02   1.2781935e-01   6.5820906e-02   1.6592104e-01  -1.6656166e-02   1.5945395e-02   1.9364309e-02  -2.1993151e-02  -1.3451334e-02  -5.9726422e-02   5.3424303e-02   1.7983395e-02   7.0592309e-02   5.1606978e-02   8.8642963e-03  -2.0302776e-02   3.7307119e-02   1.4126363e-01   6.9516968e-02   7.0788482e-03   1.3532163e-01   1.1549396e-01   1.8619372e-03   9.5857647e-03  -3.4664070e-02  -4.7323832e-02   1.3268605e-01   1.9367246e-02   5.1547566e-02   1.5306995e-01   3.0683751e-01  -8.2286376e-02   4.8158701e-02  -2.3775149e-02  -1.1007132e-02  -1.2817734e-01   1.9586891e-02  -6.9289463e-02   8.6555088e-02   2.1172048e-02  -1.3785657e-02   5.5130648e-02  -3.6199398e-02  -9.8898261e-02   2.0100658e-02  -3.7788463e-02  -3.1589070e-02   2.4310401e-01  -8.2844800e-02   1.0588365e-02  -1.7362962e-01   6.1288550e-02   2.9848314e-02   4.5389086e-02  -1.5575180e-02   0.0000000e+00   3.5821092e-01   2.1824638e-02  -1.1453878e-01  -2.9847675e-02   3.5122068e-02   6.5642634e-02   9.8153655e-03   1.2713867e-01   7.9239754e-03  -7.0506347e-02   3.3250849e-02   1.0164605e-01   9.4268659e-03   1.0579312e-01   2.6218676e-02  -5.2528415e-02   1.0031603e-01   3.7676945e-02   4.8793327e-02  -3.2712425e-02   9.1836877e-02   6.9626096e-03  -1.0420052e-01  -6.9946778e-02   8.9852208e-02  -1.6617472e-01   1.3276933e-02   1.7486056e-01  -4.0669277e-02   9.0923967e-02   7.1943377e-02  -8.2250620e-02  -7.3761342e-02  -1.0055962e-01  -4.3046972e-02  -5.3989557e-02  -6.3981341e-02   1.3541320e-01  -4.3189848e-04   5.5149576e-03   1.4633122e-02   1.8025285e-01   0.0000000e+00  -7.5418377e-02   9.9894123e-02   1.8040755e-01
   1.1371727e-01   0.0000000e+00  -5.8286580e-02   0.0000000e+00  -5.4210666e-02  -6.9050795e-02  -1.0617368e-02   2.2030702e-02   7.3900892e-02   2.0797658e-01   1.0576936e-01   4.5079496e-02   1.1532012e-01   9.1815744e-02   8.4000957e-02   1.1588810e-01   5.0377656e-03   7.2501010e-02   1.9937490e-01   1.3711121e-01   6.9466711e-02  -1.8571584e-02   1.2906876e-01   6.9713939e-02   1.2349345e-01   7.1318570e-02  -5.1666779e-02   6.4649285e-02   7.9795203e-02   1.5530079e-01   5.6092037e-02   9.3052982e-02   1.3555123e-01   1.1416708e-01   1.5478634e-01   4.5061022e-02   3.3130753e-02   9.4775328e-02   8.0058011e-02   1.7895000e-01   1.0403855e-01   7.8150719e-02   3.2607789e-02   6.5187679e-02  -5.8540384e-02   5.1692432e-02  -1.8948066e-02   1.2464006e-01   5.9440205e-02  -6.5635509e-03  -1.7758287e-02   1.2797147e-01   5.1015098e-02   1.7485688e-01   1.3456974e-01   1.6668043e-01   4.8621533e-03   1.1502025e-02   1.7086094e-01   2.9129911e-02   1.8948990e-02  -8.3380762e-03  -1.8476973e-02   1.8649688e-01   4.8565144e-02   5.3903559e-02   1.2256590e-01   1.1279195e-01  -3.1953742e-02  -2.8204713e-02   9.5589498e-02   0.0000000e+00   9.2657217e-03  -1.4775651e-02   3.2132005e-02   1.9523145e-02   5.6933032e-03  -1.9584653e-02  -1.2684249e-01  -7.6130418e-03  -1.4991978e-01  -8.5749131e-02   6.5874127e-02   4.3635429e-02  -2.1246509e-02  -9.4975492e-02   1.0113070e-02  -1.0610785e-01  -6.3217343e-02   5.0046869e-03   5.5949833e-02   9.7465001e-03  -5.5176900e-03  -1.6625125e-02   1.6809200e-01   8.5374733e-02   1.0939335e-01   1.3383375e-01   8.6878443e-02  -1.0661898e-02  -6.4101136e-02   2.2169798e-02  -1.9957612e-02  -3.6621692e-02   8.4200355e-02   4.1159922e-02  -4.2711223e-03   1.0396438e-01   5.8839039e-02   4.0962923e-02   1.3025483e-01   1.6091237e-01   6.2450835e-02   1.5980508e-02   0.0000000e+00   2.7813751e-02   1.0863481e-02  -4.2616865e-02
   2.2058413e-01   0.0000000e+00   1.8209211e-01  -5.4210666e-02   0.0000000e+00   4.2540475e-01   1.5395299e-01   8.8172688e-03   5.6975931e-02  -4.5099088e-02   6.1074880e-02   6.5085901e-02  -1.1352824e-02  -3.6207549e-02   1.6459451e-01   1.7596502e-01   4.1656952e-01   3.9180578e-01   2.1765206e-01  -2.7906162e-02   6.0914849e-02  -7.3529380e-03   1.8407225e-02   8.3689160e-03   3.2312562e-02   2.5318918e-02   1.3485057e-01  -1.5202837e-01  -7.4365457e-02   1.1003859e-01   7.6837254e-02  -1.1121957e-01   1.5796272e-02   1.3548302e-01  -4.3524247e-02   4.9044001e-02   2.7143290e-01   3.1300948e-02  -4.8379765e-02   3.4595249e-02   9.8314508e-02  -4.7338024e-02   1.0205292e-01  -1.7038383e-02   1.5070489e-01   1.0577710e-01   7.1960752e-01   6.6781939e-02   2.4097092e-01   5.3680412e-01  -2.0472584e-02  -2.4068987e-02  -2.2485248e-02   1.7438597e-01   2.3454886e-01   1.1257379e-01   7.4862993e-02   1.1381802e-01   2.7786239e-03   6.8315104e-02  -4.9307232e-02  -1.4296812e-01   1.6196231e-02   3.4738427e-02  -1.5487712e-01   1.0823222e-02  -1.2674478e-01  -9.9014631e-02   8.6993826e-03   4.4548953e-02   9.3003112e-03   0.0000000e+00   2.5226836e-01  -2.1535617e-01  -1.4185911e-01   3.9842876e-02  -4.5230463e-02  -1.1700193e-01   6.7637522e-02   1.2824229e-02   4.1426710e-02  -5.7434685e-02  -8.2421453e-02   1.3908020e-01  -3.1607307e-02   1.1887194e-02   4.2684302e-02  -6.2036027e-02  -1.4775210e-01  -1.8865982e-02  -6.6735813e-02  -1.9915898e-02  -5.0214964e-02  -1.0392318e-01  -9.7541432e-03   3.1030140e-02   1.5831990e-01   4.3756585e-02  -1.0171301e-01   6.7782726e-02  -1.5729500e-02  -3.7125504e-02  -9.8944282e-02   1.6301878e-02  -6.1936383e-03   6.8110895e-02  -1.0557999e-01   2.6284845e-01  -6.8806715e-03  -9.8967432e-02   7.4215752e-02   1.0672751e-01   7.2227106e-02   1.0103324e-01   0.0000000e+00  -8.6163528e-02   1.4463731e-01  -1.1807149e-01
   2.0863372e-01   0.0000000e+00   4.4676334e-01  -6.9050795e-02   4.2540475e-01   0.0000000e+00   2.3499761e-01   3.1130160e-02   7.0612999e-02  -1.5486396e-01   4.3737513e-02  -2.3285016e-02  -9.0126287e-02   3.4936534e-02   9.9192271e-02   1.5266309e-01   1.2655211e-01   3.7563558e-01   8.2143154e-02   9.1694353e-02  -5.8640896e-04   1.1571123e-01   1.8865367e-02  -5.2707798e-02   3.4565878e-02   6.2955506e-02   2.0840170e-01  -7.4194919e-02   1.1107164e-02   6.4732549e-02   2.9314659e-02  -3.0770803e-02  -1.9218837e-02   2.4830753e-02   1.0142548e-03   5.5388937e-02   1.5207568e-01   1.2218896e-01   3.6549814e-02  -8.1165543e-02   4.3330265e-02   3.1447886e-02   1.8109222e-01   4.4579745e-02   6.3339880e-02   2.4526604e-02   3.0991569e-01  -3.7370733e-02   8.7149358e-02   2.4978304e-01  -1.3086442e-01  -1.2419450e-01   7.6094650e-02   8.4900841e-02   1.4443050e-01   1.7665420e-02   8.3317148e-02   1.9159150e-02  -1.1843200e-02   2.6027330e-02   5.5795452e-02   5.6609856e-02   6.1194929e-02   3.7317901e-02  -7.8703689e-02   3.5926514e-02  -9.0414776e-02  -3.0944623e-02   1.4026328e-01   7.6825948e-02   3.8219991e-02   0.0000000e+00   3.6095873e-01  -6.7639458e-02  -1.6173990e-01   1.0930778e-01   6.0619224e-02   1.0020279e-01   1.4882571e-01   1.5101048e-01   1.3040716e-01   9.2222227e-02   5.0551763e-02   1.9142989e-01   2.9335273e-02   6.3816278e-02   2.1002137e-02   5.6754043e-02   1.3044833e-01   3.9171735e-02   4.7620036e-02   5.1345066e-02   2.4372103e-02   6.1231965e-02  -9.2905363e-02   4.0101670e-02   1.3974512e-01  -7.0425242e-02   4.2673857e-02   1.7229927e-01   7.0829713e-02   3.7923772e-02   1.1566180e-01   1.5673707e-01  -9.4695895e-03   7.3573448e-02  -1.2866613e-02   1.1655271e-01   1.5480051e-02   4.9132330e-02  -2.4003543e-03   2.0644795e-01   2.5695716e-01   2.9607365e-01   0.0000000e+00  -4.0326486e-02   1.4394388e-01   9.9253155e-02
   3.2324147e-01   0.0000000e+00   2.6063203e-01  -1.0617368e-02   1.5395299e-01   2.3499761e-01   0.0000000e+00  -1.9345000e-01  -4.9490421e-02  -5.3322865e-02   3.0806299e-01   1.6042736e-01  -2.4040427e-03   8.0021426e-02   3.8768465e-01   3.4222046e-01   2.6033247e-02   1.4609027e-01   1.2892163e-01   2.7883881e-01   2.0046918e-01   2.6757136e-01  -2.0437202e-01  -1.9409134e-01   2.2656226e-01  -8.1230407e-02   2.7473149e-01   1.7251157e-01   3.9601913e-01   3.8294812e-01   2.5403188e-02   2.5260467e-01   4.6461412e-01   2.5766566e-01   1.3284759e-01   2.9863156e-01   3.7528140e-01   2.0537244e-01   1.2673614e-01   2.3343248e-01   2.8360280e-01   8.3338565e-02   4.0817866e-01   1.5247098e-01   3.3542876e-01   4.5410348e-01   3.4737238e-01   1.5105556e-01   1.6874403e-01   1.4854746e-01   1.4472112e-01   2.6068594e-01   2.1357418e-01   6.1906836e-02   3.0436181e-01   2.2899409e-01   5.6291101e-01   1.2207634e-01   2.0050346e-01   2.9452037e-01   5.0761888e-02  -1.3269883e-03  -2.6567969e-02   2.8427905e-01   1.0965747e-01   3.9417625e-01   3.8901547e-02   7.3719854e-02  -5.1973626e-02   3.4835767e-01  -5.4635690e-02   0.0000000e+00   5.4985662e-01   1.2660691e-01  -1.0825266e-01  -1.3891103e-01  -1.4467516e-01   3.8447353e-03   2.0020003e-01  -6.8397101e-02   8.2326107e-02   1.4626155e-01   3.6761413e-02   3.5207923e-01   4.3486310e-01   3.4320261e-01   1.8995399e-01  -1.3627106e-01   9.9413956e-03  -1.5332200e-02   1.5926508e-01   4.3750048e-01   1.0186403e-01   2.4795303e-01   2.7486812e-01   4.4259071e-02   2.1045191e-01  -7.8801798e-02  -8.5314407e-02   1.4263625e-01   2.1928474e-01   3.1264644e-01   9.7862981e-02  -3.0745948e-02   3.8252731e-01  -1.3727881e-01  -4.4478166e-02   3.7756026e-01  -7.3980017e-02   3.8450593e-02   8.3730431e-02  -3.8354623e-02  -2.1432245e-02   2.6254888e-01   0.0000000e+00  -1.2530561e-02   8.6702785e-02  -5.8042498e-02
  -1.1902708e-02   0.0000000e+00  -4.7843496e-02   2.2030702e-02   8.8172688e-03   3.1130160e-02  -1.9345000e-01   0.0000000e+00   2.5096294e-01   1.2054658e-01  -6.1141205e-02   4.3428485e-02  -5.4666653e-02  -9.2614090e-03  -1.7395117e-01  -2.6246039e-02   5.2642248e-03   5.6806802e-02  -9.9143609e-03  -1.6577537e-01  -1.2805785e-01  -1.4559573e-01   7.6943776e-02   5.5202515e-03  -9.7508817e-02   1.6742868e-01  -9.4783950e-02  -7.2481392e-02  -1.9560709e-01  -2.0180214e-01   1.3388144e-02  -8.3941845e-02  -2.2722746e-01  -2.4833154e-01  -5.8297861e-02  -4.4278789e-02  -2.9787438e-02  -1.0474384e-01  -6.1072025e-02  -6.6212676e-02  -2.3897482e-02   2.3119233e-02  -1.2664035e-01  -4.3919654e-02  -9.4761858e-02  -1.3673295e-01  -3.7662062e-02   1.6586978e-01  -6.1832619e-02  -3.1297417e-02  -8.8459087e-02  -1.5637392e-01  -3.0508633e-03   9.2175352e-02  -8.5351288e-03  -1.2081220e-01  -2.8585913e-01  -4.0337228e-02  -4.1157770e-02  -1.5328236e-01   4.9643992e-02   5.7967037e-03   6.8650353e-02  -5.4642906e-02  -3.1122436e-02  -3.8134965e-02   2.6588702e-02  -1.5122748e-02   2.4205120e-01   1.4562647e-02   1.0116586e-01   0.0000000e+00  -6.9877128e-02  -8.1000632e-02   4.2716025e-02   6.2488069e-02   1.3713967e-01   5.8659059e-02  -6.6333986e-02   9.5109209e-02  -3.2707950e-02  -7.3409130e-02  -4.8614527e-03  -1.5694041e-01  -1.7259000e-01  -1.0539559e-01  -8.0761145e-02   6.8571912e-02   1.2742019e-02  -2.1743213e-02  -7.3590268e-02  -1.3500720e-01  -7.1620123e-02  -4.0395537e-02  -3.5765495e-02   1.6264616e-02  -7.7598576e-02   8.2849330e-02   5.8497921e-02   1.4186408e-02  -7.5302745e-02  -2.0397503e-01   3.5201530e-02  -2.8458937e-02  -2.3882835e-01   1.2796896e-01  -3.3202571e-02  -1.6344379e-01  -3.1935528e-02   7.0546666e-02  -5.9376766e-02   1.1002123e-01   5.3122881e-02  -4.3103868e-02   0.0000000e+00   4.1895881e-01   1.1687340e-01  -7.2136122e-02
  -1.0463102e-02   0.0000000e+00  -6.6032652e-02   7.3900892e-02   5.6975931e-02   7.0612999e-02  -4.9490421e-02   2.5096294e-01   0.0000000e+00   6.9600245e-02  -2.1391250e-02   7.0819369e-02   1.7733918e-02  -1.1781248e-01  -6.0922077e-02  -4.5355584e-02   9.0142944e-02  -9.0711528e-04   6.5740693e-02  -1.1068172e-01  -9.4998938e-02  -1.5870538e-01   1.6157105e-02  -1.0773994e-01  -1.2802644e-01  -7.4761810e-02  -1.6238998e-01  -1.6765167e-01   2.1400474e-02  -6.5062310e-02   8.9242083e-03  -1.4069988e-01  -9.2812281e-02  -9.7892152e-02   1.6473178e-01  -1.5153577e-02   3.6450696e-02   2.2055556e-02  -9.8877105e-02   9.0686706e-02   6.9096340e-02  -5.0011338e-02  -1.6187053e-02   1.1800874e-01   1.7003501e-01   2.2623922e-02  -5.8804721e-02   4.6598621e-02  -4.0094768e-02  -1.1928689e-02  -5.8413683e-02  -3.9252218e-02   2.4036774e-01   1.7514215e-01   2.2494698e-02  -1.6973846e-02  -1.9868668e-01   3.4681189e-02   1.1112304e-01  -1.5493240e-01   3.2774516e-02  -2.0427744e-02  -9.0345394e-02   7.3279193e-02   2.6683173e-01   2.1070904e-02   3.5252164e-01   4.0779622e-02   2.6066397e-01  -7.8457127e-02   1.4049473e-01   0.0000000e+00  -9.4767375e-02  -1.2641269e-01   1.2301299e-02   2.7836193e-01   3.8539927e-01   2.3049789e-01  -1.8756980e-01   3.3701658e-02  -1.8285440e-01  -1.3057324e-01  -2.0716526e-01  -2.0413584e-01  -2.2114600e-02  -1.3366738e-01  -4.7236052e-02  -6.2556745e-02  -6.5389908e-03   1.5363373e-03   2.8900807e-02  -1.4446927e-01   3.4590641e-02   1.2520995e-01   1.6086343e-01   2.7142558e-01   3.3142602e-01   3.5863644e-01   2.6995275e-01   2.2071521e-01   4.4418970e-02  -5.9903102e-02   1.8648310e-01   6.5968519e-02  -3.7737841e-02   3.9993434e-01   2.9982329e-01  -5.5419356e-02   1.4235696e-01   1.7589216e-01   3.9162137e-01   1.3453847e-01   1.4587241e-01  -6.8621504e-02   0.0000000e+00   2.0138677e-01   9.2770845e-02   1.1699134e-02
   9.3016991e-02   0.0000000e+00  -3.0655761e-01   2.0797658e-01  -4.5099088e-02  -1.5486396e-01  -5.3322865e-02   1.2054658e-01   6.9600245e-02   0.0000000e+00   3.4028995e-01   3.9715758e-01   3.3202181e-02   1.8286457e-02   1.2251435e-01   3.2719282e-01   1.5128794e-01   6.0345890e-04   2.1312582e-01   9.6492975e-02   1.3890645e-01   1.5418775e-01   1.6585919e-01   1.6113940e-01   2.9200150e-01   2.4226532e-01   1.8481680e-01   3.7493985e-01   8.0396659e-02   2.5164067e-01   1.1861103e-01   1.6409671e-01   1.9242171e-01  -2.1421146e-03   5.7224770e-02   2.2991225e-01   5.4266806e-02   3.2717862e-01   3.1956316e-01   4.6559186e-01   4.1587966e-01   3.0126644e-01  -1.1638393e-02   2.0367641e-01  -5.3054139e-02   2.4419305e-02  -9.4910391e-02   1.2597044e-01   1.0649467e-01   5.8313484e-02   1.1762299e-01   1.4274960e-01   2.2456066e-01   3.6626746e-01   2.9196033e-01   3.2870033e-01   2.2005250e-02   1.1008845e-02   1.8738626e-01   2.1968353e-01  -4.0749031e-02  -9.9074810e-02   9.3620382e-02   1.5489663e-01   3.1118786e-02   1.8822950e-01  -3.5292813e-02   9.8041033e-02  -5.4186513e-02  -1.0244108e-01   1.6519733e-02   0.0000000e+00  -1.3072079e-01  -2.0450427e-01   5.7265017e-02   3.5396941e-02  -2.8115340e-02  -1.7002925e-01  -1.4212407e-01  -1.4377260e-01  -1.2023225e-01  -6.0043394e-02   1.6899605e-01   4.7572983e-02  -2.2714182e-02  -1.3827824e-01   4.6160733e-02  -1.2187002e-01  -1.0724672e-02  -6.6761839e-02   8.2590073e-03  -6.2119906e-02  -1.3829199e-01  -4.3734090e-02   2.5504876e-01   2.1369724e-01  -1.4701886e-02   1.8698397e-01  -3.1603450e-02   2.8157214e-02  -1.5103701e-01  -1.2822889e-01  -6.7696061e-02  -5.6890873e-02   6.7529553e-02  -4.5943918e-02  -3.8218945e-02   8.9262031e-02   3.8937033e-02   6.5110842e-03   1.1416103e-01   1.3328335e-01   7.4948643e-02  -8.8388407e-02   0.0000000e+00   9.6481194e-02  -1.0522920e-01  -1.7269408e-01
   2.0069826e-01   0.0000000e+00   1.8716531e-01   1.0576936e-01   6.1074880e-02   4.3737513e-02   3.0806299e-01  -6.1141205e-02  -2.1391250e-02   3.4028995e-01   0.0000000e+00   2.3545945e-01  -5.8389451e-02   9.5095304e-02   6.0975613e-02   1.6960866e-01   3.5731857e-02  -1.0978281e-02   2.1162671e-01   1.9028610e-02   1.0087482e-01   7.5801058e-03  -5.8508470e-02   4.9803541e-02   2.6444848e-01   1.6647846e-01   1.5420980e-01   2.3772083e-01   7.8308428e-02   1.2105554e-01   1.4324830e-01   3.0815650e-01   4.6325324e-01   2.9404521e-01   2.6161357e-01  -1.6110984e-02   9.6207976e-02   3.1709153e-01   8.3302799e-02   5.8862679e-01   3.2784544e-01   5.8703021e-02   2.8169226e-01   2.0900007e-02  -9.2002606e-02   3.1111401e-02  -1.3315645e-02   5.9864992e-02   8.4830191e-02   5.8521207e-02   1.1904012e-01   9.4741628e-03  -1.3759018e-02   3.1523420e-01   8.8895553e-02   2.7408087e-01   1.1483536e-01  -1.1004103e-01   1.6031389e-01   2.8350211e-01  -2.2852457e-01  -1.5779771e-01  -6.0052146e-02   5.4489221e-01   4.0433473e-02   3.8392843e-01  -1.2042420e-01   2.2472471e-01   4.7522609e-02  -1.1234918e-01  -9.6888166e-02   0.0000000e+00   2.0642408e-01   1.2584972e-01   8.2408883e-02  -1.0106068e-01  -6.1325918e-02  -3.3782450e-01  -9.7232170e-02  -1.3018260e-01  -5.0167737e-02  -1.4419231e-01   7.0028943e-02  -2.3214954e-03   1.3873400e-01  -1.3376543e-01   2.1546394e-01  -4.3256599e-02   8.0761671e-02  -4.4312021e-02   2.2248599e-01  -8.7651282e-02   2.2515897e-02  -2.0586761e-01   3.2320733e-01   2.3084357e-02  -7.3535647e-02  -7.2203466e-02   9.2667358e-02   1.0841353e-01  -2.7689348e-01   3.4446453e-02  -2.7779565e-01  -1.6156794e-02   3.6469241e-02  -2.1530624e-01  -1.7720621e-02   1.7330976e-01  -3.4269049e-02   6.7102810e-03   8.6160920e-02   8.4338130e-02   1.5314133e-03  -5.7394549e-02   0.0000000e+00   1.8653564e-02  -1.3481617e-01  -2.1443956e-01
   3.6666236e-01   0.0000000e+00  -1.5190672e-01   4.5079496e-02   6.5085901e-02  -2.3285016e-02   1.6042736e-01   4.3428485e-02   7.0819369e-02   3.9715758e-01   2.3545945e-01   0.0000000e+00  -1.7101047e-02  -1.0896966e-01   2.4330903e-01   1.6387073e-01   1.3846651e-01   8.8793202e-02   1.2287853e-01   2.1751185e-02   1.9857002e-01   1.6858564e-01  -1.3230707e-02  -2.1732771e-02   1.2734208e-01   8.1398629e-02  -4.8715778e-02   8.3870472e-02   4.7036131e-02   1.1966532e-01  -6.7945579e-02   8.5409865e-02  -1.5990399e-02  -1.4801230e-01   9.0790172e-02   3.0616344e-01   2.8726183e-01   3.1737280e-01   2.4666200e-01   2.8162534e-01   4.3814397e-01   2.6640409e-01  -4.0028693e-02   3.1407437e-01   4.1520637e-02   2.1481828e-01   1.7278635e-01   6.8898498e-02  -4.8803721e-02   8.6735306e-02   3.1238315e-02   2.4027237e-01   2.5077547e-01   2.5830640e-01   2.3982847e-01   1.1364491e-01   1.1245894e-01   8.8126048e-02   2.6549736e-02   2.3094677e-01   2.1909790e-01   1.1740030e-01   2.3908464e-01   2.6087807e-02   1.1664755e-02   1.6393995e-01   2.8841600e-03  -2.2444948e-01  -1.4703715e-01   6.7097376e-02   1.8415385e-02   0.0000000e+00   2.6223420e-01  -2.0340519e-01   6.2479647e-02  -1.2480418e-01  -5.1171776e-02  -7.2460948e-03  -2.0688827e-02  -3.6949854e-02  -3.8690679e-03  -1.3471306e-01   2.3924744e-02   1.6343540e-01  -1.4237450e-01   2.4307151e-02  -8.2150423e-02  -6.0456341e-02  -2.5111824e-01  -1.9523596e-01  -1.2096432e-01   1.4777814e-01  -4.3312305e-03   2.9743457e-03   2.4819593e-01   3.8102630e-01   2.2137410e-01   2.7279160e-01  -4.9596963e-02  -7.8270830e-03   4.5894514e-02   5.3555490e-02   5.1021940e-02   5.9593933e-02   1.3583262e-01  -1.5308935e-02  -1.5363076e-01   1.2725015e-01  -1.6690419e-02  -2.0839410e-01  -3.5447549e-02   8.1526271e-03  -5.4362406e-02  -6.8463136e-02   0.0000000e+00   7.0894993e-02   1.7269146e-01  -2.0926469e-01
   1.1614421e-01   0.0000000e+00  -1.0114663e-01   1.1532012e-01  -1.1352824e-02  -9.0126287e-02  -2.4040427e-03  -5.4666653e-02   1.7733918e-02   3.3202181e-02  -5.8389451e-02  -1.7101047e-02   0.0000000e+00   1.9479174e-01  -8.3385299e-02  -2.1290178e-02   1.8323268e-02   7.7839938e-02  -1.9918523e-02   4.4331897e-01   2.6013377e-01  -2.9118774e-02   4.0441235e-01   2.1379021e-01   1.7496384e-01   1.1726892e-01  -1.5676262e-02   1.4576960e-01   8.0013863e-02   2.0913236e-01   1.6218981e-01   1.7171612e-01   1.5635496e-01   3.1976903e-01   1.9077287e-01  -1.8622019e-01  -4.1647142e-02  -3.5349368e-02  -1.5385779e-01   1.2894710e-01   1.6617463e-01  -1.1600718e-01   8.6234188e-02  -1.2880898e-01   5.4768641e-03  -1.0396618e-01  -7.3263406e-02  -3.3873902e-02  -1.2949578e-02  -7.5534573e-02  -1.0893204e-01  -9.7056081e-02  -1.2070783e-01  -3.7979628e-02  -3.4034197e-02  -1.0958531e-02  -6.5259972e-03   2.3664161e-02  -6.5055712e-02   1.2535978e-01   1.0795463e-01  -6.4709894e-02  -1.5873948e-01   4.3523390e-02   1.7750494e-01  -1.4901951e-01   7.3207301e-02  -7.3062174e-02   1.9971786e-01   2.3991367e-01   2.8228612e-01   0.0000000e+00   1.2479701e-01  -2.6538061e-01  -6.6769558e-02   4.4925503e-02   1.4344754e-01  -2.0749798e-02  -1.6519366e-01   3.5143962e-02  -2.2979355e-01  -8.4190530e-02   3.3291462e-02   2.0200390e-01  -8.5106235e-03  -1.4794201e-01   4.3810775e-02  -9.6260249e-02   9.4003239e-03   4.9986793e-02   3.3918274e-01  -1.0525853e-01  -6.5668695e-02  -1.1270050e-01   8.9390232e-02   2.5140867e-03  -5.2988724e-03   4.4496514e-02  -1.0460312e-03  -9.6900079e-02  -2.3282018e-01  -1.0506814e-01  -8.6098334e-02   1.8972925e-02   1.9969528e-01   1.5421757e-01  -3.2736269e-02  -2.9159357e-02  -2.4247070e-02   7.2416173e-02   1.3979418e-01   1.1223460e-02  -5.6842899e-02  -7.5349446e-02   0.0000000e+00  -4.5911196e-02   4.2143572e-02   2.4216711e-01
  -3.2018892e-02   0.0000000e+00  -5.1864235e-03   9.1815744e-02  -3.6207549e-02   3.4936534e-02   8.0021426e-02  -9.2614090e-03  -1.1781248e-01   1.8286457e-02   9.5095304e-02  -1.0896966e-01   1.9479174e-01   0.0000000e+00  -9.3384480e-02   6.0843555e-02   3.5199751e-02   4.9784306e-02  -4.4454499e-02   1.2246189e-01   1.8611288e-01   1.4784938e-01   8.6653276e-02   5.4492041e-02   2.1058747e-01   2.5555699e-01   2.0585592e-01   3.3166949e-01  -2.9110760e-03   9.8698919e-04   5.5256553e-03   3.8225161e-01   1.0727448e-01  -1.2892357e-02   4.0478141e-02   2.9792396e-02  -5.3695901e-02   2.1462783e-02  -2.1245942e-02   1.1548688e-01   1.0863097e-01  -9.0954867e-02   1.7415734e-01  -1.0127163e-01  -2.0842232e-01  -1.2583310e-02   2.5459640e-02  -2.7314628e-02  -3.4509319e-02   3.4496497e-04   4.4564815e-02   3.5630096e-02  -1.0980454e-01  -8.1406635e-03  -6.4124281e-02  -1.9425064e-02   2.5655968e-01  -3.4961995e-02  -8.6208593e-03   1.2804475e-01   2.2276361e-01   1.3227223e-01   2.8564296e-01  -9.2497560e-02  -9.2329015e-02   5.8848855e-02   3.7395475e-02   1.6782992e-01   1.4192626e-01   2.5702314e-01   2.3091686e-01   0.0000000e+00   3.6010416e-02   1.1761839e-01  -4.6558670e-02  -2.1509074e-02   2.2781823e-02   1.2010529e-01   2.8405611e-01  -3.7772934e-02   1.7827562e-01   2.9744697e-01   4.1959284e-01   2.4911158e-02   9.6167122e-02  -6.1114657e-02   6.3943105e-02   1.1059687e-01   1.3419687e-01  -5.5842025e-02   1.1524498e-01   2.4196913e-01   3.4508784e-03   4.2194376e-02   9.0971608e-02  -9.2812570e-02  -1.6840061e-01  -1.3740401e-01  -1.0516539e-01  -1.5651530e-02   5.2275101e-02   8.0738998e-02  -2.9281667e-02   1.1978353e-01   2.1570570e-01   8.9061225e-03  -1.7756245e-01  -8.4776333e-03  -9.4241527e-04   4.2972837e-02  -2.4188925e-01   1.7780638e-02  -3.2321507e-02   1.2887824e-01   0.0000000e+00   2.2991067e-01   4.5648280e-02   2.1316873e-01
   1.8799228e-01   0.0000000e+00   3.7055009e-02   8.4000957e-02   1.6459451e-01   9.9192271e-02   3.8768465e-01  -1.7395117e-01  -6.0922077e-02   1.2251435e-01   6.0975613e-02   2.4330903e-01  -8.3385299e-02  -9.3384480e-02   0.0000000e+00   5.2434932e-01   9.3621876e-02   3.1631566e-01   1.9792908e-01   2.0912894e-01   1.4596125e-01   1.4710406e-01  -1.5045500e-01  -7.8461174e-02   1.4454320e-01  -8.8246327e-02   1.3064614e-01   1.7880646e-02   2.3188299e-01   3.3102267e-01  -3.7733700e-02  -3.9741088e-02   1.8088352e-01   5.3102145e-02  -9.8338542e-02   3.1504196e-01   1.8219623e-01   1.9728542e-01   2.7948787e-01   7.3352243e-02   9.8649202e-02   2.6503330e-01   1.2884150e-01   1.9580605e-01   4.2269170e-01   3.3459203e-01   3.4685742e-01   2.3524429e-01   3.5242813e-01   3.1402886e-01   1.3854302e-01   2.6809983e-01   1.8341836e-01   1.4688061e-01   4.7499489e-01   3.8085535e-01   2.9980450e-01   2.9368764e-01   1.2974106e-01   1.3843441e-01  -4.6640455e-02  -1.4188896e-01  -4.8185209e-02   1.6195210e-01   5.3403036e-02   1.5579205e-01  -9.8306791e-02  -1.0431678e-01  -1.4812278e-01   1.7075223e-01  -9.4004428e-02   0.0000000e+00   2.3413416e-01  -3.2273247e-02  -5.9516930e-02  -1.2642993e-01  -1.0555826e-01   1.5431968e-02   1.0426385e-01  -1.1040872e-01  -2.6984046e-02   6.6981148e-02  -7.1342935e-02   3.0310299e-01   9.3845790e-02   3.1163694e-01   1.1162335e-01  -1.7400559e-01   7.4318473e-03  -4.9742126e-02  -5.5979964e-02   1.9069057e-01   4.1335254e-03   1.5211758e-01   1.0087719e-01   1.0978723e-01   1.9600650e-01  -3.9312856e-02  -1.9164701e-01  -9.8726085e-02   1.8593566e-01   8.8727214e-02   1.6134156e-01  -9.6293033e-02   1.6493834e-01  -6.3255650e-02   3.6970481e-02   3.5637416e-01  -3.2801986e-02  -2.6454476e-02   1.3595826e-01   7.4981361e-02   6.8412006e-02   2.7065455e-01   0.0000000e+00  -8.3356362e-02  -2.9128895e-03  -9.1906510e-02
   1.9573238e-01   0.0000000e+00   1.0691019e-01   1.1588810e-01   1.7596502e-01   1.5266309e-01   3.4222046e-01  -2.6246039e-02  -4.5355584e-02   3.2719282e-01   1.6960866e-01   1.6387073e-01  -2.1290178e-02   6.0843555e-02   5.2434932e-01   0.0000000e+00   1.1017017e-01   2.3925047e-01   1.5532660e-01   2.6688155e-01   1.2906639e-01   2.3741945e-01  -3.8644933e-03   1.0727085e-01   2.6290028e-01   1.5472950e-01   3.9467373e-01   1.8163645e-01   1.2708670e-01   3.1410760e-01   1.4194118e-01   6.7971481e-02   2.0531157e-01   9.2114222e-02  -1.8668373e-01   4.1084829e-01   2.0497253e-01   1.4717199e-01   2.1329262e-01   2.9375802e-01   2.3101439e-01   2.4645472e-01   9.0103579e-02   8.5053969e-02   4.0245185e-01   3.1657414e-01   2.8300970e-01   1.3879274e-01   4.1549380e-01   3.2873892e-01   6.5988741e-02   1.4438040e-01   1.7667824e-01   1.7443693e-01   8.0034293e-01   4.6821870e-01   2.9628371e-01   2.9206895e-01   1.5778247e-01   1.8540582e-01  -3.9897036e-02  -2.0562639e-01   7.0862418e-02   1.7315723e-01  -3.6815724e-02   1.6132594e-01  -1.4613023e-01   3.7644107e-03  -2.3526909e-02   1.4478668e-01  -4.0351607e-02   0.0000000e+00   1.6221852e-01  -6.7144709e-02  -1.9977184e-02  -7.3607120e-03  -3.2724533e-02   5.5874181e-02   1.1436523e-01  -1.2701385e-01  -5.8077127e-03   5.0081181e-02   9.1163845e-02   2.9075750e-01   7.8836409e-02   1.0492853e-01   1.5310440e-01  -2.4759484e-01   1.1805235e-01  -6.0248959e-02  -2.8232325e-02   8.8736539e-02  -9.8658316e-02   7.3704193e-02   7.4373167e-02   6.4986056e-02   2.1293036e-01  -1.1210051e-01  -3.7149925e-01  -1.7682257e-02   1.4028699e-01  -3.4734262e-02   2.3955121e-03  -1.2109126e-01   1.5577318e-01  -3.5213469e-03   1.8979854e-02   2.0788880e-01   3.6992896e-03   2.5375245e-02   1.1881932e-01   8.0532520e-02   3.0535432e-02   2.5683556e-01   0.0000000e+00   2.5284272e-02  -3.8916868e-02  -8.9372922e-02
   8.3123781e-02   0.0000000e+00  -1.2903099e-02   5.0377656e-03   4.1656952e-01   1.2655211e-01   2.6033247e-02   5.2642248e-03   9.0142944e-02   1.5128794e-01   3.5731857e-02   1.3846651e-01   1.8323268e-02   3.5199751e-02   9.3621876e-02   1.1017017e-01   0.0000000e+00   5.4637483e-01   7.6190784e-04   1.3114202e-01   9.1881429e-02   1.4180389e-01   1.6376777e-01   1.3310284e-01   2.0466577e-01   6.0028976e-02   7.8365482e-02   3.1692973e-02   7.4037309e-02   1.1475149e-01  -1.0172683e-01  -7.1586113e-03   8.0424055e-02   4.1151863e-02   1.8760460e-02  -7.4141478e-03   7.4071842e-02   1.7296704e-01   4.2728517e-02   9.3343859e-02   1.1168312e-01  -3.0062816e-03  -4.2024380e-02   5.9657953e-02  -3.3186602e-02  -2.7692009e-02   4.5877898e-01  -5.3772245e-02   2.2303718e-01   2.6326298e-01   2.9843747e-01  -4.5864251e-03  -1.0038433e-01   1.7161981e-01   6.3117864e-02   1.4217831e-01   1.6337479e-01   8.8154237e-02  -3.4534185e-02   7.5877355e-02   1.3601764e-01   4.7391228e-02   7.7768525e-02   7.0970334e-02  -1.0055169e-01   1.0507641e-01  -1.2126812e-01  -1.2088087e-01  -7.3190857e-02   2.7359036e-02  -9.0978831e-02   0.0000000e+00   2.9390358e-03  -1.8976909e-01  -2.1822789e-01  -6.8256739e-02  -2.0914161e-01  -2.4407412e-01   9.4052823e-02  -9.5693021e-02   3.3760864e-02   9.9925141e-03   1.2145025e-01   1.1303129e-01  -8.3811423e-02  -1.1256262e-02  -5.8412324e-02  -1.9673938e-02  -2.3041044e-01  -1.3406832e-01  -1.0982903e-01   1.3997755e-01  -2.7979196e-01  -6.1450027e-02   7.3880135e-02  -6.3823515e-02  -4.3416502e-02  -1.3630558e-02  -1.8046362e-01  -1.0431646e-01  -1.8679308e-01  -9.6318220e-02   7.0576432e-02  -3.8075636e-02   1.4960576e-01   9.4298551e-03  -9.5043775e-02   1.5197502e-01   9.3247893e-03  -6.0164876e-02  -7.0764659e-03  -6.1743793e-02  -1.1449296e-01  -1.4476287e-02   0.0000000e+00   1.1507838e-01   3.6949541e-02   5.3859392e-02
   2.8029790e-01   0.0000000e+00   1.2781935e-01   7.2501010e-02   3.9180578e-01   3.7563558e-01   1.4609027e-01   5.6806802e-02  -9.0711528e-04   6.0345890e-04  -1.0978281e-02   8.8793202e-02   7.7839938e-02   4.9784306e-02   3.1631566e-01   2.3925047e-01   5.4637483e-01   0.0000000e+00   9.1964872e-02   3.5283715e-01   1.6267911e-01   1.5809128e-01   1.6258801e-01   9.7311444e-02   2.1276610e-01   1.4027649e-01   2.2090380e-01   1.0064359e-02   6.4855313e-02   2.0545077e-01   1.1272786e-01  -7.4685258e-02  -1.1816645e-02   9.1368632e-02  -1.1821640e-02  -4.5720116e-03   5.6062559e-02   4.5447039e-02  -4.7860801e-02  -1.2959692e-02   8.5636031e-02  -5.6200042e-03   1.7798395e-01  -1.9705311e-02   1.4470857e-01   1.2198328e-01   3.9864098e-01   1.9254070e-01   3.5735378e-01   3.2440500e-01   1.3770134e-01   1.0893782e-02  -4.0249466e-02   1.5953343e-01   1.7319815e-01   1.3520021e-01   2.1372143e-01   1.8986767e-01   1.5328557e-02   8.9284612e-02   1.1853079e-01   3.7448627e-02  -8.3621477e-03   1.1941631e-01  -8.9302790e-02  -2.7630428e-02  -1.6513847e-01  -1.4643229e-01  -2.0747784e-02   2.9282931e-01   2.2522957e-02   0.0000000e+00   2.7627702e-01  -3.0110160e-01  -1.5233274e-01  -1.6253903e-02  -1.1757416e-01  -1.2352304e-01   1.7900721e-01   1.5065746e-01   5.8849772e-02   9.5617831e-02   9.2728821e-02   4.3091514e-01  -1.0789015e-01   1.4690863e-01   1.4265735e-01  -4.1757590e-02  -4.0015605e-02   1.1382520e-01   1.6904480e-02   1.6193301e-01  -1.5833514e-01   2.9422284e-02   6.0043097e-02   1.0976415e-02   9.2610189e-02  -1.7393769e-02  -1.0326470e-01  -2.9194477e-02  -1.2643248e-01  -5.5682477e-02   1.0639740e-01  -5.1705871e-03   9.9974542e-02  -3.8613746e-03  -8.1751740e-02   1.5270353e-01  -8.2953161e-02  -4.6080267e-02   2.1851199e-02   1.0318421e-02  -1.3809225e-02   1.2146799e-01   0.0000000e+00  -7.2015466e-02   2.5353298e-01   1.2763906e-01
   4.2811440e-01   0.0000000e+00   6.5820906e-02   1.9937490e-01   2.1765206e-01   8.2143154e-02   1.2892163e-01  -9.9143609e-03   6.5740693e-02   2.1312582e-01   2.1162671e-01   1.2287853e-01  -1.9918523e-02  -4.4454499e-02   1.9792908e-01   1.5532660e-01   7.6190784e-04   9.1964872e-02   0.0000000e+00  -6.2083547e-03   1.5655563e-01   7.3056630e-02   5.2224774e-02   3.1949356e-02   1.7795788e-01  -1.2452288e-01  -3.3647874e-02   1.3727124e-01   1.9218717e-01   2.0900523e-01   7.8042335e-02  -6.3117071e-03   2.2405987e-01   9.6687252e-02   3.3552732e-02   2.2980696e-01   2.8595648e-01   2.0816817e-01   8.7138211e-02   2.8504809e-01   3.2395322e-01   1.6337512e-01   5.8671724e-02   1.1714153e-01   1.4127873e-01   2.3666709e-01   2.0770965e-01   2.5491446e-01   2.8305215e-02   2.5314991e-01  -7.4701782e-02   1.9098720e-01   1.5973769e-01   3.3947242e-01   3.7149158e-01   2.4571269e-01   6.1106761e-02  -1.9204007e-02   3.4908393e-01  -2.5171076e-02  -1.1946766e-01  -2.3436584e-01  -1.1007662e-01   1.9265216e-01  -4.5472163e-02   3.2718675e-02  -2.6165671e-02   5.7561040e-02  -8.3147051e-02   1.8910178e-02   2.1047700e-02   0.0000000e+00   3.4637790e-01  -1.7183178e-01   2.3635450e-01  -1.4251614e-02   5.4170835e-02   1.5962860e-02  -1.8213247e-01   3.8273033e-02  -1.8623409e-01  -1.2542907e-01  -9.4222389e-02   8.8324101e-02   7.0789622e-02  -3.1179236e-02   4.3381973e-02  -2.0814468e-01  -9.8551453e-02  -5.8878415e-02  -8.5258487e-02  -1.3503951e-01   2.5243008e-02  -7.4303433e-02   2.0585031e-01   2.3790565e-01   2.9230624e-01   2.4566492e-01   7.2175116e-02   6.7377790e-02  -5.2580119e-03   3.8277487e-02  -5.4953535e-02  -1.7885685e-01   6.1123189e-02  -3.0224011e-02  -1.3055019e-02   2.2101056e-01   7.2918548e-02   8.3873197e-02   2.0762306e-01   2.2703890e-01   1.8868645e-01  -2.5254906e-02   0.0000000e+00  -6.2334610e-02   1.4404204e-01  -2.5764222e-01
   6.1703060e-02   0.0000000e+00   1.6592104e-01   1.3711121e-01  -2.7906162e-02   9.1694353e-02   2.7883881e-01  -1.6577537e-01  -1.1068172e-01   9.6492975e-02   1.9028610e-02   2.1751185e-02   4.4331897e-01   1.2246189e-01   2.0912894e-01   2.6688155e-01   1.3114202e-01   3.5283715e-01  -6.2083547e-03   0.0000000e+00   4.3136879e-01   3.7257864e-01   4.1944709e-01   2.2506203e-01   4.8074164e-01   1.8630539e-01   4.3128180e-01   3.5388917e-01   3.0464910e-01   6.1381391e-01   2.4336054e-01   1.8921407e-01   3.2483077e-01   3.5175008e-01   1.1985011e-01   5.5488112e-02  -5.6679068e-03   1.4091003e-01   4.2584844e-02   2.2981056e-01   1.8389072e-01   1.0743339e-01   1.7424406e-01   1.7406733e-03   2.8329459e-01   1.7520431e-01   9.4659315e-02   4.3144453e-02   3.7685005e-01   6.0576137e-02   1.0596341e-01  -4.7453120e-03   4.2206884e-02  -1.1014083e-01   2.3573128e-01   2.5386609e-01   2.6021136e-01   2.5756710e-01   4.8496662e-02   3.4891171e-01   2.0336253e-01  -1.2660633e-02  -9.9367967e-02   2.3140284e-01   7.0864591e-02  -1.1696969e-02  -1.4232449e-01  -9.5491674e-02   3.2061298e-02   3.3220635e-01   2.6088032e-02   0.0000000e+00   1.7487271e-01  -2.0780207e-01  -1.4926115e-01  -1.0706094e-01  -6.6846460e-02  -3.9937473e-02  -3.2574713e-02   1.0648411e-01  -8.3004645e-02   2.8677496e-02   1.8737408e-01   7.5897531e-01   3.0309623e-02   1.1359640e-01   1.6340579e-01  -1.6626570e-01   3.5596606e-02   1.3368498e-01   2.3438359e-01   3.9865713e-02  -1.9980734e-01   5.3889586e-03  -8.7347148e-03   1.4069905e-02   2.8703893e-02  -1.3598643e-01  -1.2715597e-01  -9.1056583e-02  -1.9349058e-01  -7.0100622e-02   5.2014383e-02  -4.4144055e-02   2.2667323e-01  -3.4176193e-02   1.1841169e-02   1.3511627e-01  -1.0825159e-01   8.1035376e-02   1.8559183e-01  -9.3658165e-02  -6.5855181e-02   1.5472657e-01   0.0000000e+00  -4.8924976e-02   1.2763584e-01   4.3968126e-01
   1.4820413e-01   0.0000000e+00  -1.6656166e-02   6.9466711e-02   6.0914849e-02  -5.8640896e-04   2.0046918e-01  -1.2805785e-01  -9.4998938e-02   1.3890645e-01   1.0087482e-01   1.9857002e-01   2.6013377e-01   1.8611288e-01   1.4596125e-01   1.2906639e-01   9.1881429e-02   1.6267911e-01   1.5655563e-01   4.3136879e-01   0.0000000e+00   5.0165259e-01   2.9274376e-01   3.4746264e-01   4.8125215e-01  -2.1882028e-02   8.4240594e-02   1.6736754e-01   2.7902141e-01   4.3628293e-01  -1.1429984e-01   1.8986068e-01   3.2555903e-01   3.6575517e-01   2.2766844e-01   1.7381341e-01   2.3553010e-01   2.5355074e-01   3.9065823e-02   3.3218752e-01   2.9889945e-01  -1.3780474e-03  -4.1786779e-03   2.2023781e-01   5.8847008e-02   2.4872117e-01   1.8520694e-01   2.6470523e-01   9.5549345e-02  -7.6397305e-02  -8.3722757e-02   2.1654398e-01   2.4520534e-02   9.2477355e-02   2.3839679e-01   3.4562300e-01   3.4583282e-01   9.8022754e-02   2.7273980e-01   4.6862476e-01   2.8585001e-01   1.1911718e-01   8.3022907e-02   1.0091060e-01   5.3895571e-03  -1.1304998e-01  -5.4287940e-02  -1.6721002e-01  -1.9447939e-01   9.4847785e-02  -9.4597934e-03   0.0000000e+00   1.6580628e-01  -2.6437167e-01  -1.4850564e-01  -1.3085476e-01  -3.2053544e-01  -1.2585952e-01  -1.4412233e-01  -1.4551398e-01  -1.4392599e-01  -7.9420662e-02   1.7738438e-02   3.4021505e-01   5.9825595e-03  -3.7858640e-02  -1.7938760e-01  -2.5343515e-01  -3.4231120e-01  -1.6132277e-01  -1.1336582e-01   9.6721868e-02  -1.0191351e-01  -2.3240867e-01   1.0594148e-01   1.0293980e-01   9.8858575e-02   7.1999100e-02  -6.7882033e-02   1.8051745e-02  -4.7071672e-02   2.0177742e-01  -1.2535452e-01   4.6308548e-03   3.9878531e-01   4.4374825e-02  -1.6351601e-01   2.1818429e-01   1.0855298e-01  -2.0517329e-01   8.2486818e-02  -1.1283809e-01  -8.0340943e-02  -2.0158718e-02   0.0000000e+00  -1.3240160e-02   2.5701290e-02  -8.1952258e-02
