   0.0000000e+00   0.0000000e+00   3.4063760e-01   2.3467516e-01   2.1468834e-01   1.0187995e-01   5.0992822e-02   2.3734877e-02   1.0703358e-01   0.0000000e+00   6.1693630e-02   0.0000000e+00  -2.9993900e-03   1.0968757e-01   1.9520004e-01   5.3871227e-02  -1.1444264e-02   1.1022749e-01   1.8408013e-01   1.1167573e-02   2.4051277e-03  -5.4003973e-02   1.4291252e-01  -1.7594023e-03  -2.0142583e-03   1.0624063e-01   7.7239057e-02   5.8296753e-02   8.8373883e-02   1.4466643e-01   3.0212312e-02   1.7622439e-01   1.4798141e-01   2.2451261e-01   1.3125213e-01   1.4365733e-01   1.5282583e-01   6.0827807e-02   1.2777745e-01   2.3591353e-01   1.0723391e-01   1.4602534e-01   1.6547221e-01   2.0026149e-01   5.5163742e-04   1.5454835e-01   1.5790711e-01   1.0146904e-01   1.7324655e-01  -3.9741769e-02   8.3664481e-02   1.5727400e-01   2.2965044e-01   1.4122840e-01   1.8108068e-01   1.3107186e-01   1.0753781e-01  -3.1633529e-03   1.9232110e-01   1.3863372e-01   4.2534139e-02   8.0212430e-03   7.8074337e-02   1.6938799e-01   1.6356174e-01   1.9967705e-01   1.9611478e-02   1.8379512e-01   2.3873117e-02   1.2228626e-01   7.7505622e-02  -2.0767470e-01   2.9697454e-01  -7.9017828e-02   7.7842594e-01   1.7710786e-01   1.3257642e-01   3.6266780e-01   1.5183983e-01   1.6436120e-01   1.4956502e-01   2.2495848e-01   5.7946092e-02   7.7616661e-02   8.3044301e-02   2.1593209e-01   9.1586918e-02   9.3598587e-02   2.4377329e-01   1.2866433e-01   1.0805446e-01   7.5565390e-02   1.3778868e-01   1.2632864e-01   1.1956341e-01   6.2698737e-02   4.1161287e-02   8.1525552e-02   1.6789763e-01   2.9567207e-02   2.1115185e-01   2.4869322e-01   9.0805879e-02   5.1740896e-02   7.3521462e-02   7.2651631e-02   9.2731693e-02   8.5019463e-02   2.0355807e-01   1.6474126e-01  -2.2095434e-02   0.0000000e+00   0.0000000e+00   2.0290821e-01   0.0000000e+00   1.6306298e-01   1.1197379e-01   1.6303595e-01
   0.0000000e+00   0.0000000e+00   0.0000000e+00   0.0000000e+00   0.0000000e+00   0.0000000e+00   0.0000000e+00   0.0000000e+00   0.0000000e+00   0.0000000e+00   0.0000000e+00   0.0000000e+00   0.0000000e+00   0.0000000e+00   0.0000000e+00   0.0000000e+00   0.0000000e+00   0.0000000e+00   0.0000000e+00   0.0000000e+00   0.0000000e+00   0.0000000e+00   0.0000000e+00   0.0000000e+00   0.0000000e+00   0.0000000e+00   0.0000000e+00   0.0000000e+00   0.0000000e+00   0.0000000e+00   0.0000000e+00   0.0000000e+00   0.0000000e+00   0.0000000e+00   0.0000000e+00   0.0000000e+00   0.0000000e+00   0.0000000e+00   0.0000000e+00   0.0000000e+00   0.0000000e+00   0.0000000e+00   0.0000000e+00   0.0000000e+00   0.0000000e+00   0.0000000e+00   0.0000000e+00   0.0000000e+00   0.0000000e+00   0.0000000e+00   0.0000000e+00   0.0000000e+00   0.0000000e+00   0.0000000e+00   0.0000000e+00   0.0000000e+00   0.0000000e+00   0.0000000e+00   0.0000000e+00   0.0000000e+00   0.0000000e+00   0.0000000e+00   0.0000000e+00   0.0000000e+00   0.0000000e+00   0.0000000e+00   0.0000000e+00   0.0000000e+00   0.0000000e+00   0.0000000e+00   0.0000000e+00   0.0000000e+00   0.0000000e+00   0.0000000e+00   0.0000000e+00   0.0000000e+00   0.0000000e+00   0.0000000e+00   0.0000000e+00   0.0000000e+00   0.0000000e+00   0.0000000e+00   0.0000000e+00   0.0000000e+00   0.0000000e+00   0.0000000e+00   0.0000000e+00   0.0000000e+00   0.0000000e+00   0.0000000e+00   0.0000000e+00   0.0000000e+00   0.0000000e+00   0.0000000e+00   0.0000000e+00   0.0000000e+00   0.0000000e+00   0.0000000e+00   0.0000000e+00   0.0000000e+00   0.0000000e+00   0.0000000e+00   0.0000000e+00   0.0000000e+00   0.0000000e+00   0.0000000e+00   0.0000000e+00   0.0000000e+00   0.0000000e+00   0.0000000e+00   0.0000000e+00   0.0000000e+00   0.0000000e+00   0.0000000e+00   0.0000000e+00   0.0000000e+00   0.0000000e+00   0.0000000e+00
   3.4063760e-01   0.0000000e+00   0.0000000e+00   1.1599045e-01   1.5414464e-01   1.9092572e-01  -7.2098254e-02   6.5796596e-02   1.7096173e-01   0.0000000e+00   4.5527720e-01   0.0000000e+00   1.6375477e-01   2.0974856e-02   3.0523909e-01   1.2489392e-01   5.9157531e-02   3.5939624e-01   3.6062498e-01   1.6369156e-01   1.0210115e-01   1.9207669e-02   1.0648492e-01  -2.5358645e-02   7.1319496e-02   9.2875739e-02   5.6195510e-02   1.0664492e-01   2.4249108e-01   1.1675572e-01   2.2149874e-01  -2.1099984e-02   1.5792001e-01   1.8390123e-01   1.5147827e-01   8.7203673e-02   2.3729617e-01   2.3579076e-01   1.5741911e-01   2.9064930e-01   1.6582517e-01   1.4037417e-01   2.2581333e-01   1.5498372e-01   1.8484869e-01   1.5804566e-01   1.9151647e-02   5.7612408e-02   2.8256665e-01  -2.0216722e-02   2.5584519e-01   3.8715659e-01   2.6047962e-01   1.0751194e-01   8.4191776e-02   2.7114310e-01   5.0544227e-02   5.5933823e-04   3.0001351e-01   1.7594678e-01   5.4467675e-02  -3.2539453e-02  -2.0768711e-02   3.1187759e-01   1.6932720e-01   2.6550118e-01   1.3224647e-01  -1.9210073e-03  -6.7948119e-03   3.5173191e-02  -4.6183014e-02  -2.1965878e-01  -4.1055216e-02  -7.9964795e-02   4.6243018e-01   1.4003573e-01  -1.9903157e-02   3.3670165e-01   3.4063350e-02   1.8110316e-01   9.4708677e-02   1.9953317e-01  -2.0468372e-02   8.0821119e-02   7.9621406e-03   2.1388208e-01   1.3776776e-01   3.7482833e-04   2.0605469e-01   1.1436369e-01   3.6145071e-02  -3.5784393e-02   4.1172207e-01   7.4244930e-02   1.8599358e-01  -4.5481016e-02   1.0962744e-01   1.9305370e-01   1.6943798e-01   1.7996105e-01   1.4589839e-01   2.9010689e-01   7.9411544e-02   1.6381800e-01  -1.3491414e-03   1.8653463e-01   3.0655293e-02   3.7952377e-02   2.1775172e-01   1.1128454e-01   6.1994431e-02   0.0000000e+00   0.0000000e+00  -9.4183748e-02   0.0000000e+00   4.9245247e-02   7.7937731e-02   7.9126745e-02
   2.3467516e-01   0.0000000e+00   1.1599045e-01   0.0000000e+00   1.2196684e-02  -3.1384908e-02  -1.5743418e-02   3.8738993e-02   8.6451541e-02   0.0000000e+00   7.6544620e-02   0.0000000e+00   3.0425592e-02   1.3118011e-01   2.8802263e-01   2.1131081e-01  -1.1404674e-02   1.4694624e-01   5.8973587e-03  -3.5330818e-02   1.6209757e-01   1.6611267e-02   2.3381418e-01   2.1306837e-01   2.0241099e-02  -2.2191430e-02  -8.1198136e-02  -7.0245381e-02  -2.3950121e-02   9.6493644e-02  -8.4120441e-02  -7.9878673e-02  -4.8218613e-02   1.7458929e-02  -8.0986524e-02   4.7573431e-02   1.7125443e-01   8.4867745e-04   3.2385132e-02   2.0017074e-01   1.0908196e-01   5.7855768e-02   2.2322825e-03   7.5289017e-03   6.5698565e-02  -1.1579380e-02   1.4652863e-01   1.4422406e-01   1.6958183e-01  -1.1246668e-01   3.2010185e-02   7.4140517e-02   2.0638893e-02   2.1893714e-01   7.7704823e-02   2.2150024e-01   2.5090109e-02   6.6693031e-02   1.6592801e-01   2.0578454e-01   2.5156072e-02  -3.7965385e-02   1.4059735e-02   5.6708100e-02  -9.1369522e-02  -4.2250931e-02  -3.5968994e-02   4.9491857e-02   6.7299469e-03  -1.4859435e-01  -1.7247549e-02  -7.1216082e-02   3.1954223e-02  -5.6026952e-02   1.9722715e-01   6.9095366e-02   6.1821029e-02  -5.1832510e-02  -7.5352203e-02   4.5640943e-02   1.5842615e-02  -9.1322992e-02   3.5162629e-02  -9.3500540e-02  -1.9271802e-01  -5.4382541e-02  -3.5590091e-03   4.7341569e-02   2.8146765e-02   2.3500509e-02  -1.5978716e-03  -1.6421828e-01   4.3453949e-03  -3.4731168e-02   8.1864156e-02   1.6967843e-02   2.3538734e-02  -2.0136544e-02   4.4415084e-02   6.2544540e-02   6.0320641e-02   5.7545608e-02  -7.7411936e-02   1.9410464e-02   5.1322345e-03   1.8356726e-02   5.8731396e-02   1.5764214e-02   7.5454586e-02   2.2014476e-02  -1.2090986e-02   0.0000000e+00   0.0000000e+00   1.2387841e-01   0.0000000e+00   7.1074203e-02  -1.8893690e-02   6.8776542e-02
   2.1468834e-01   0.0000000e+00   1.5414464e-01   1.2196684e-02   0.0000000e+00   4.1771500e-01   2.7930357e-01   6.8301541e-02  -4.6221763e-02   0.0000000e+00   2.5210619e-01   0.0000000e+00   1.7819592e-01   2.3244577e-01   1.2241019e-01   1.1098969e-01   7.4118418e-02   2.8521049e-01   3.9424955e-01   3.4184873e-01   1.5209599e-01   2.5633580e-01   9.0831323e-02   8.9541508e-02   3.5612423e-01   2.3675286e-01   4.5661064e-01   1.8195724e-01   2.4503293e-01   1.8621200e-01   2.7965521e-01   2.6003961e-01   1.1577433e-01   2.2468350e-01   2.5980413e-01   2.1237743e-01   1.9933667e-01   2.3410489e-01   1.9359630e-01   2.4605892e-01   2.6874972e-01   1.3872220e-01   3.3904216e-01   2.0868656e-01   5.9999175e-02   1.9307358e-01   6.7979246e-01   3.6427695e-01   2.4063523e-01   4.3581092e-01   1.6718013e-01   1.1854947e-01   1.7998809e-01   4.7361371e-01   3.3280722e-01   2.3874790e-01   3.9157181e-01   6.1530738e-02   2.3446464e-01   2.2986913e-01   5.2879411e-02   6.6905754e-02   2.5711211e-04   2.8006246e-01   1.0366458e-01   4.6827959e-01   1.1362623e-01   1.4407324e-01  -1.2192403e-02   1.9134391e-01   2.4969739e-02  -1.9063364e-01   1.1310234e-01   8.2756193e-02   6.5119732e-02   2.7236402e-02   2.0464125e-02   9.7810864e-02   2.7092289e-01   5.4568008e-02   3.1933622e-01   2.3229828e-01   2.2207978e-01   2.3958938e-01   2.8994745e-01   2.8692376e-01   3.3275025e-01   6.9978129e-02   2.5680670e-01   9.3905795e-02   3.3280779e-01   1.2042754e-01   9.0874377e-02   9.3190120e-02   3.2467775e-01   7.1025837e-02   6.3918125e-03   2.1017666e-01   2.2147725e-01   2.0116708e-01   1.6878830e-01   2.1744584e-01   7.9631637e-02   2.3900992e-01   6.1086110e-02   1.6732124e-01  -6.7520867e-02   2.9811131e-01   1.1814788e-01   9.5952789e-02   1.4662780e-01   0.0000000e+00   0.0000000e+00   2.8106409e-01   0.0000000e+00   1.7770659e-01   5.7148296e-02   1.4937584e-01
   1.0187995e-01   0.0000000e+00   1.9092572e-01  -3.1384908e-02   4.1771500e-01   0.0000000e+00   1.1643698e-02   5.5661771e-02   7.7300112e-03   0.0000000e+00   1.7242852e-01   0.0000000e+00   6.1143652e-02   2.5116806e-01   8.1834840e-02   7.7378621e-02   1.3276893e-02   2.6368919e-01   2.4075229e-01   1.6169425e-01  -3.2154377e-02   1.7600534e-01  -2.6335572e-02   2.8589887e-02   2.2410458e-01   2.3636491e-01   2.9791235e-01   1.6241232e-01   7.9823389e-02   3.4369835e-02   9.5729594e-02   2.4478088e-01   1.0197177e-01   4.1922214e-02   2.1843826e-01  -7.5670078e-02   2.5406967e-02   8.4093809e-02  -1.6521038e-03   4.1837414e-02   7.5607180e-02  -6.5472165e-02   6.2092320e-02   3.5004875e-02   3.7935187e-02   1.8214499e-01   7.0186107e-02   1.3397724e-01   1.7627754e-01   2.6613909e-01   2.8772618e-02   3.6615312e-03   9.8305770e-02   1.6255128e-01   7.0553272e-02  -4.9934704e-03   2.5408349e-01  -6.2268339e-03  -2.3765381e-03   3.3258713e-02   1.5612462e-01   1.1438141e-01   1.8668045e-01   7.8051480e-02   9.8517803e-02   2.8087596e-01   3.3115183e-02  -3.4661443e-03  -5.1372396e-02   2.4753447e-01   5.3409143e-02  -1.3184937e-02   2.3018949e-02   1.1075817e-01   2.1174873e-01   5.1330738e-02  -1.3430136e-01   2.3203143e-01   2.6728666e-01   7.6010328e-02   1.3747254e-01   8.1803126e-02   1.3669053e-01   1.6809765e-01   2.5647127e-01   2.0684940e-01   1.6455598e-02   1.1097982e-01   1.4511715e-01  -1.1690284e-02   1.1404391e-01   3.2382652e-01   1.7520663e-01   4.1686765e-02   8.0262925e-02   3.5049927e-02   2.5261782e-02   6.0145985e-02   1.8680900e-02  -3.1521357e-02   2.5607397e-02   1.3253029e-01   8.1618483e-02   1.6089657e-01   1.8938079e-01   6.9467810e-02  -5.0918838e-02   1.9107001e-01   5.3914708e-02   6.4508308e-02  -1.7946344e-02   0.0000000e+00   0.0000000e+00   3.1522352e-02   0.0000000e+00   6.9409491e-02   1.6810107e-01   2.3147148e-01
   5.0992822e-02   0.0000000e+00  -7.2098254e-02  -1.5743418e-02   2.7930357e-01   1.1643698e-02   0.0000000e+00   8.4080489e-02   4.5777244e-02   0.0000000e+00   3.7106143e-01   0.0000000e+00   3.1555619e-01   1.0364917e-01   8.8055123e-02   2.3708119e-01   2.2381352e-01   1.7038089e-01   9.6396918e-02   2.0442033e-01   2.2839039e-01   1.7900802e-01   3.4419322e-03   5.6488694e-02   1.9157580e-01   1.3892101e-01   2.4139941e-01   1.6317174e-01   2.9890980e-01   2.2059307e-01   2.9041392e-01   3.6034483e-01   6.1931518e-01   5.9096032e-01   4.6934077e-01   3.8453779e-01   1.2997116e-01   3.2918594e-01   4.9382957e-01   3.0164260e-01   2.7332373e-01   2.4131078e-01   4.0353874e-01   2.4794842e-01  -4.9194973e-03   1.8811263e-01   3.4564747e-01   2.2685165e-01   1.2008622e-01   3.2963991e-01   1.3762941e-01   2.3264332e-01   1.1421708e-01   2.0834534e-01   2.4125640e-01   3.2577001e-01   4.5314219e-01   2.7149997e-02   3.8512168e-01   8.5124161e-02  -7.0547078e-02  -7.9177798e-02  -7.5320215e-02   2.9893644e-01   1.2145310e-01   2.7486906e-01   1.2752225e-01   3.1946922e-01   1.3198886e-01   1.7936982e-01   8.5658579e-02  -1.6029927e-03   5.3824047e-01   3.6673866e-01  -1.7453564e-01   1.7351654e-01   9.3701586e-03   4.9237812e-02   2.2759090e-01   1.6231709e-02   1.0545075e-01   1.4037311e-01   5.9029604e-02   1.1309850e-01   3.6936763e-01   1.6180548e-01   2.8721999e-01   2.2358444e-02   1.5765881e-01   1.4352632e-01   2.6503967e-01   9.7014225e-02   1.7655642e-01   1.8887458e-01   2.2777370e-01   1.1917794e-01  -9.3965204e-02   1.5559929e-01   3.0937118e-01   1.6735115e-01   1.2086676e-01   1.6170675e-01  -3.7969361e-02   1.6588036e-01   1.9586248e-01   2.1439282e-01   1.3789787e-01   2.6891489e-01   1.9309942e-01   5.0392274e-01   3.8925839e-01   0.0000000e+00   0.0000000e+00  -8.5344532e-03   0.0000000e+00  -1.5926562e-02  -2.2204542e-02  -8.8022227e-03
   2.3734877e-02   0.0000000e+00   6.5796596e-02   3.8738993e-02   6.8301541e-02   5.5661771e-02   8.4080489e-02   0.0000000e+00   2.5522391e-01   0.0000000e+00   1.0322993e-01   0.0000000e+00   7.0545615e-02  -1.8441176e-02   8.8204383e-02   4.8234499e-02   1.4330777e-02   1.4615388e-01   3.3493832e-02   5.3852623e-02   1.8700812e-02   1.0815238e-02  -2.4295489e-02  -3.2288211e-02  -3.1952815e-02   4.1156046e-04  -5.8937510e-02   2.3085674e-01   1.6245630e-01   1.3895913e-01   3.9287527e-02   1.6605706e-01   1.1362103e-01   1.1695844e-01   1.0055130e-01   1.2343938e-02  -7.8160245e-03   7.0059661e-02   6.5389041e-02   1.4321202e-01   2.2664399e-01   6.4663591e-02   4.7236631e-02   7.2709987e-02   3.6784096e-03   4.4473512e-02   1.9117418e-02   2.3284348e-01   8.8822833e-02   1.2212322e-02   6.7910877e-02   9.5927133e-02   1.2451547e-01   4.6859995e-02  -7.8992289e-02   2.4571516e-02  -2.6931082e-02  -6.5885501e-02   1.1873328e-03   2.0619833e-02   9.9074946e-02   5.0384853e-02  -6.6390176e-02   3.3670709e-02   1.1886173e-01  -5.5045429e-02   2.3594633e-01   8.9211231e-02   2.2948974e-01   1.1112239e-01   2.9299067e-02  -6.3231462e-02   1.2308106e-01   1.7388350e-01   4.4112035e-02   1.8393014e-01   5.2090710e-02   5.8878204e-03  -4.1541110e-02   1.0280529e-01  -2.6908229e-02   5.2013255e-02   3.1617632e-02   3.9396757e-02   5.0528797e-02  -8.0872914e-02   5.9840800e-02   1.9737306e-02   1.6145617e-01   5.8805275e-02   1.7074966e-01  -2.8017556e-02   1.0546904e-01  -3.5001295e-02   1.0929626e-01   5.6252400e-02  -1.9955325e-03   1.3138442e-01   1.2643671e-01   4.5569080e-02   3.0149610e-02   8.3736842e-02  -1.3553666e-02   2.8052355e-02  -3.9316503e-02  -2.5680619e-02  -3.9030840e-02  -7.2363748e-02  -6.1681700e-02   1.0745990e-01   1.1201156e-01   0.0000000e+00   0.0000000e+00  -8.1629649e-02   0.0000000e+00   2.9980046e-01   1.2720924e-01   2.7862481e-01
   1.0703358e-01   0.0000000e+00   1.7096173e-01   8.6451541e-02  -4.6221763e-02   7.7300112e-03   4.5777244e-02   2.5522391e-01   0.0000000e+00   0.0000000e+00   5.1356619e-02   0.0000000e+00  -7.7459333e-02   4.5207355e-02   1.0740916e-01   1.4561936e-01   1.1011656e-01   6.9543247e-02   6.7757082e-02  -8.3557807e-02  -6.3801839e-02  -7.7267531e-02   7.7690384e-02  -2.0304414e-02  -2.6592083e-02   7.5998863e-02  -1.6285267e-01   1.1547272e-01  -4.5034268e-03   4.6473854e-02  -1.1748244e-01   1.4276644e-01   1.9654809e-01   1.2298366e-01   1.7035003e-01  -1.0694460e-01  -1.4644795e-01   2.2626352e-01   9.3740117e-02   7.7643486e-02   1.6479615e-01   3.0185424e-02  -3.5503146e-02   1.4281265e-01  -6.4082292e-02   8.7952278e-02  -5.1606141e-02   1.8783047e-01   2.2746879e-01  -2.0086926e-01   9.1645197e-02  -5.8119877e-02   1.9053401e-01   1.5705199e-01   1.1751160e-01   1.5102062e-01  -5.3145499e-02   3.9053546e-02   1.8285026e-01   2.7468265e-02   1.1384612e-01   6.3204016e-02   1.5016432e-01   1.6742193e-02   1.5547102e-01  -4.2686873e-02   2.4189725e-01   1.0254438e-01   3.4187003e-01   8.8118378e-02   1.8673260e-01  -1.4171470e-01   1.2608072e-01   1.8459256e-02   6.9284094e-02   3.5931969e-01   2.7738436e-02   2.1395592e-01   4.6308123e-02   1.5901321e-01  -2.3956587e-02  -5.3390424e-02  -3.7408574e-02  -7.8741373e-03  -1.1869435e-01  -1.0788161e-01   2.8110416e-02   4.7459765e-02   6.6371799e-02   1.3779192e-01   8.4211927e-03   2.3170479e-02   2.4436323e-01   1.1568596e-01   2.2880594e-01   1.7167814e-01   1.3969533e-01   2.8104530e-01   3.5946542e-01   2.8800932e-01  -1.2320804e-01   2.3288942e-01   1.3842227e-01   6.2479081e-02   3.7019880e-01   1.2319679e-01   1.7106737e-01   1.6262604e-01   1.9648772e-01   2.2850576e-01   3.0341245e-01   0.0000000e+00   0.0000000e+00  -5.6955572e-02   0.0000000e+00   1.7227170e-01   1.6243632e-01   1.3787160e-01
   0.0000000e+00   0.0000000e+00   0.0000000e+00   0.0000000e+00   0.0000000e+00   0.0000000e+00   0.0000000e+00   0.0000000e+00   0.0000000e+00   0.0000000e+00   0.0000000e+00   0.0000000e+00   0.0000000e+00   0.0000000e+00   0.0000000e+00   0.0000000e+00   0.0000000e+00   0.0000000e+00   0.0000000e+00   0.0000000e+00   0.0000000e+00   0.0000000e+00   0.0000000e+00   0.0000000e+00   0.0000000e+00   0.0000000e+00   0.0000000e+00   0.0000000e+00   0.0000000e+00   0.0000000e+00   0.0000000e+00   0.0000000e+00   0.0000000e+00   0.0000000e+00   0.0000000e+00   0.0000000e+00   0.0000000e+00   0.0000000e+00   0.0000000e+00   0.0000000e+00   0.0000000e+00   0.0000000e+00   0.0000000e+00   0.0000000e+00   0.0000000e+00   0.0000000e+00   0.0000000e+00   0.0000000e+00   0.0000000e+00   0.0000000e+00   0.0000000e+00   0.0000000e+00   0.0000000e+00   0.0000000e+00   0.0000000e+00   0.0000000e+00   0.0000000e+00   0.0000000e+00   0.0000000e+00   0.0000000e+00   0.0000000e+00   0.0000000e+00   0.0000000e+00   0.0000000e+00   0.0000000e+00   0.0000000e+00   0.0000000e+00   0.0000000e+00   0.0000000e+00   0.0000000e+00   0.0000000e+00   0.0000000e+00   0.0000000e+00   0.0000000e+00   0.0000000e+00   0.0000000e+00   0.0000000e+00   0.0000000e+00   0.0000000e+00   0.0000000e+00   0.0000000e+00   0.0000000e+00   0.0000000e+00   0.0000000e+00   0.0000000e+00   0.0000000e+00   0.0000000e+00   0.0000000e+00   0.0000000e+00   0.0000000e+00   0.0000000e+00   0.0000000e+00   0.0000000e+00   0.0000000e+00   0.0000000e+00   0.0000000e+00   0.0000000e+00   0.0000000e+00   0.0000000e+00   0.0000000e+00   0.0000000e+00   0.0000000e+00   0.0000000e+00   0.0000000e+00   0.0000000e+00   0.0000000e+00   0.0000000e+00   0.0000000e+00   0.0000000e+00   0.0000000e+00   0.0000000e+00   0.0000000e+00   0.0000000e+00   0.0000000e+00   0.0000000e+00   0.0000000e+00   0.0000000e+00   0.0000000e+00
   6.1693630e-02   0.0000000e+00   4.5527720e-01   7.6544620e-02   2.5210619e-01   1.7242852e-01   3.7106143e-01   1.0322993e-01   5.1356619e-02   0.0000000e+00   0.0000000e+00   0.0000000e+00   3.2750924e-01  -2.0193532e-02   3.5723683e-01   3.0747767e-01   1.6269757e-01   3.7078554e-01   4.6948171e-01   2.4527552e-01   3.3706859e-01   1.6848397e-01   8.2222531e-02   8.8552512e-02   1.0205800e-01   3.2690794e-02   1.9297057e-01   1.7528594e-01   3.9514486e-01   2.6432167e-01   3.7358218e-01   2.0011967e-01   3.6018982e-01   4.3588036e-01   3.7693606e-01   4.3274325e-01   4.1900498e-01   3.8597562e-01   3.7519945e-01   6.2604955e-01   3.8378772e-01   3.8667497e-01   4.1807160e-01   3.2520620e-01   2.2203037e-01   2.7174108e-01   3.0239669e-01   2.7363410e-01   2.6242615e-01   1.4550231e-01   1.6342526e-01   4.5729142e-01   2.5103178e-01   3.1260350e-01   2.1575365e-01   4.2971563e-01   2.3962369e-01   8.9800841e-03   4.9343574e-01   1.2115044e-01  -4.1507017e-02  -1.4498131e-01  -1.8259060e-01   4.0685370e-01   1.3528717e-01   3.8645449e-01   1.4143441e-01   1.5806826e-01   4.9457940e-02   1.7266883e-02  -2.9041764e-02  -5.7672003e-02   6.2012336e-02   9.7674406e-02   4.9470536e-02   5.9252476e-02   6.5726316e-02   9.6529424e-02  -6.8321103e-03   4.6856050e-02   4.8468506e-02   2.1370653e-01  -1.4256995e-02   8.7173939e-02   1.6800563e-01   1.1760222e-01   3.0805938e-01  -7.5927076e-02   1.6433804e-01   1.7728550e-01   2.4347524e-01  -5.8137020e-02   3.3812279e-01   1.2433763e-01   3.4360088e-01   2.0386757e-01   3.3128342e-02   3.1616572e-01   2.8949199e-01   2.1681836e-01   2.0646860e-01   3.2120301e-01  -8.7366420e-04   1.4199860e-01  -9.1587652e-02   2.1013430e-01   1.1350904e-01   7.4952424e-02   5.4857421e-02   2.2083734e-01   2.3753094e-01   0.0000000e+00   0.0000000e+00  -7.3984637e-02   0.0000000e+00  -8.5360473e-02  -9.4242445e-03   9.8191082e-03
   0.0000000e+00   0.0000000e+00   0.0000000e+00   0.0000000e+00   0.0000000e+00   0.0000000e+00   0.0000000e+00   0.0000000e+00   0.0000000e+00   0.0000000e+00   0.0000000e+00   0.0000000e+00   0.0000000e+00   0.0000000e+00   0.0000000e+00   0.0000000e+00   0.0000000e+00   0.0000000e+00   0.0000000e+00   0.0000000e+00   0.0000000e+00   0.0000000e+00   0.0000000e+00   0.0000000e+00   0.0000000e+00   0.0000000e+00   0.0000000e+00   0.0000000e+00   0.0000000e+00   0.0000000e+00   0.0000000e+00   0.0000000e+00   0.0000000e+00   0.0000000e+00   0.0000000e+00   0.0000000e+00   0.0000000e+00   0.0000000e+00   0.0000000e+00   0.0000000e+00   0.0000000e+00   0.0000000e+00   0.0000000e+00   0.0000000e+00   0.0000000e+00   0.0000000e+00   0.0000000e+00   0.0000000e+00   0.0000000e+00   0.0000000e+00   0.0000000e+00   0.0000000e+00   0.0000000e+00   0.0000000e+00   0.0000000e+00   0.0000000e+00   0.0000000e+00   0.0000000e+00   0.0000000e+00   0.0000000e+00   0.0000000e+00   0.0000000e+00   0.0000000e+00   0.0000000e+00   0.0000000e+00   0.0000000e+00   0.0000000e+00   0.0000000e+00   0.0000000e+00   0.0000000e+00   0.0000000e+00   0.0000000e+00   0.0000000e+00   0.0000000e+00   0.0000000e+00   0.0000000e+00   0.0000000e+00   0.0000000e+00   0.0000000e+00   0.0000000e+00   0.0000000e+00   0.0000000e+00   0.0000000e+00   0.0000000e+00   0.0000000e+00   0.0000000e+00   0.0000000e+00   0.0000000e+00   0.0000000e+00   0.0000000e+00   0.0000000e+00   0.0000000e+00   0.0000000e+00   0.0000000e+00   0.0000000e+00   0.0000000e+00   0.0000000e+00   0.0000000e+00   0.0000000e+00   0.0000000e+00   0.0000000e+00   0.0000000e+00   0.0000000e+00   0.0000000e+00   0.0000000e+00   0.0000000e+00   0.0000000e+00   0.0000000e+00   0.0000000e+00   0.0000000e+00   0.0000000e+00   0.0000000e+00   0.0000000e+00   0.0000000e+00   0.0000000e+00   0.0000000e+00   0.0000000e+00   0.0000000e+00
  -2.9993900e-03   0.0000000e+00   1.6375477e-01   3.0425592e-02   1.7819592e-01   6.1143652e-02   3.1555619e-01   7.0545615e-02  -7.7459333e-02   0.0000000e+00   3.2750924e-01   0.0000000e+00   0.0000000e+00   6.9743735e-02   1.7257374e-01   3.0557723e-01   1.3572005e-01   4.9148612e-01   1.1874041e-01   6.0308982e-01   5.2754712e-01   3.0136640e-01   3.0029513e-01   1.8113182e-01   2.5757957e-01   2.5500049e-01   3.8396086e-01   1.4589604e-01   4.6217305e-01   3.7623210e-01   5.5902698e-01   5.7214962e-02   2.9959802e-01   2.8876806e-01   2.9724737e-01   3.7721765e-01   3.2562213e-01   4.0546361e-01   3.4994807e-01   3.9826730e-01   3.4093887e-01   3.0841260e-01   4.8279620e-01   2.0421018e-01   1.6522275e-01   3.5375524e-01   1.6769200e-01   1.9246085e-01   1.8901270e-01   3.1559823e-01   3.6444419e-01   4.0429953e-01   1.0863055e-01   5.0293818e-02   2.1162681e-01   4.1966610e-01   4.5540119e-01   7.5341255e-03   2.7865315e-01   1.5875859e-01   1.8876765e-02  -7.2516341e-02  -5.2342313e-02   3.4532394e-01   1.6539093e-01   2.4318885e-01   9.0253297e-02   2.1856206e-02   1.8072131e-02   2.3908896e-01  -8.3891463e-02  -1.1772816e-01   7.8070644e-02   8.3359934e-02   3.0737939e-03  -6.2820023e-04  -4.1499860e-02   7.8266551e-02   2.1942400e-01   4.2143117e-02   1.7007288e-01   1.4912241e-01   9.6802455e-02   3.3547422e-01   2.8563796e-01   3.0792863e-01   2.8643250e-01  -3.5794408e-02   1.9593315e-01   7.7074230e-02   1.9405327e-01   3.3599595e-02   2.0066689e-01   1.2538887e-01   1.8534747e-01   1.3039628e-01  -1.2596681e-02   2.6418564e-01   9.4078047e-02   8.1974633e-02   1.7360725e-01   1.5516901e-01  -5.8160069e-02   2.6168993e-01   3.7064187e-02   3.0253251e-01   5.7115698e-02   1.4214247e-01   3.2087096e-02   1.9282189e-01   2.2805188e-01   0.0000000e+00   0.0000000e+00  -1.0001745e-02   0.0000000e+00  -9.2100189e-02   1.0069138e-02  -1.8477025e-02
   1.0968757e-01   0.0000000e+00   2.0974856e-02   1.3118011e-01   2.3244577e-01   2.5116806e-01   1.0364917e-01  -1.8441176e-02   4.5207355e-02   0.0000000e+00  -2.0193532e-02   0.0000000e+00   6.9743735e-02   0.0000000e+00  -5.5880687e-02   5.8818634e-02  -2.1770764e-02   4.6097104e-02   7.2520167e-02   3.1160387e-01   1.8680152e-01   3.8410367e-01   3.5887749e-01   3.8949240e-02   4.9228609e-01   2.8783329e-01   3.0447086e-01   2.3792277e-01  -2.3110792e-02   6.7686208e-02  -1.0585531e-02   2.4269291e-01   1.0276135e-01  -1.3144244e-02   1.1231165e-01  -6.1327846e-02  -2.8617227e-02   7.1822045e-02   1.6029640e-02   2.6438400e-02   1.3186898e-01  -9.2573011e-02   2.8096733e-02   1.3475110e-02   5.2783665e-02   1.5363846e-01   6.7202056e-02   2.5914169e-01   1.2412301e-01   2.5413118e-01   4.5567833e-02  -2.6803806e-02   1.1138389e-01   2.0042115e-01   4.7794254e-02   1.5225877e-02   3.8847088e-01   4.2437598e-02  -4.7140451e-02   2.7707005e-01   5.4555732e-01   3.1109155e-01   4.2890295e-01  -2.6306439e-03  -4.5791256e-02   1.1861622e-01   8.3907655e-02   1.8909065e-01   1.1504104e-01   3.0909907e-01   2.0068599e-01   9.7785624e-02   1.7165119e-01   8.7915719e-02   6.3498500e-02   3.3276521e-01   2.7842512e-03   1.5893520e-01   2.7522006e-01   3.2289417e-01   1.7411861e-01   9.7266862e-02   5.2084772e-01   2.2988357e-01   1.6717766e-01   1.0565098e-01   3.7537443e-02   5.0187124e-01   7.5662706e-02   9.1359806e-02   1.2216573e-01   2.8554164e-01   7.5858143e-02   8.2267936e-02   1.4961384e-01   9.4873038e-02   5.9923860e-02   2.9766852e-02   1.2378644e-01   6.7765408e-02   1.8826390e-01   1.3938735e-01   6.9812782e-02   1.4268406e-01   3.5192904e-01   2.0485360e-01   6.6270698e-02   1.9576305e-01   2.1160489e-01   6.0124231e-02   2.7985616e-02   0.0000000e+00   0.0000000e+00  -4.4081247e-02   0.0000000e+00   1.3332620e-01   3.2547788e-01   5.2155924e-01
   1.9520004e-01   0.0000000e+00   3.0523909e-01   2.8802263e-01   1.2241019e-01   8.1834840e-02   8.8055123e-02   8.8204383e-02   1.0740916e-01   0.0000000e+00   3.5723683e-01   0.0000000e+00   1.7257374e-01  -5.5880687e-02   0.0000000e+00   4.6141955e-01  -5.2186652e-03   2.8950430e-01   2.8345310e-01   4.6276985e-02   2.0199528e-01   7.1250519e-02   1.3683053e-01   2.5825433e-01  -2.3935978e-02   4.8971933e-02   5.8097864e-02  -3.9084015e-02   2.0556186e-01   1.2314328e-01   1.9043785e-01  -3.4908649e-02   1.2991774e-01   2.9536662e-01   1.6553893e-01   2.8870942e-01   3.8832452e-01   1.7246764e-01   1.5334099e-01   4.2535688e-01   1.4044857e-01   3.4928831e-01   2.2739345e-01   2.6658310e-01   8.3925051e-02   1.7663308e-01   1.4505292e-01   3.1123457e-01   3.6163162e-01  -2.9529491e-02   8.0288880e-02   3.1675003e-01   2.0323112e-01   2.9678179e-01   3.4515898e-01   6.1918121e-01   1.1611539e-01   1.5244360e-01   4.5292918e-01   3.9993545e-02  -5.8278557e-03  -6.9309675e-02  -9.9574034e-02   3.4463172e-01   1.9178011e-01   2.9054736e-01   1.2798424e-01   7.8901364e-02   7.0913909e-02  -1.4862659e-02  -2.2788161e-03  -6.9103853e-02  -6.4743780e-02  -1.2957142e-01   2.3115722e-01   6.3381837e-02   6.7732117e-02   1.8895499e-01  -2.5118953e-02   3.6371291e-02   6.1350503e-02   6.7745524e-02  -6.3661598e-02   1.2766356e-02   1.1672438e-03   9.7146491e-02   1.8233413e-01  -1.0687622e-01   8.9016692e-02   1.2279333e-01   1.5458738e-01   3.0951167e-02   1.1873767e-02   1.7817986e-01   3.3968591e-01   1.4194903e-01   1.4021079e-01   2.3120490e-01   9.5401704e-02   8.5754537e-02   1.3652894e-01   1.4956612e-01  -9.2323956e-02   9.6790448e-02  -2.1869243e-03   2.6532141e-01   1.4097962e-01   9.1195970e-02   2.3355542e-01   1.7270178e-01   3.0575392e-01   0.0000000e+00   0.0000000e+00   2.6499659e-01   0.0000000e+00   5.7532334e-03  -3.8135969e-02   3.9246889e-02
   5.3871227e-02   0.0000000e+00   1.2489392e-01   2.1131081e-01   1.1098969e-01   7.7378621e-02   2.3708119e-01   4.8234499e-02   1.4561936e-01   0.0000000e+00   3.0747767e-01   0.0000000e+00   3.0557723e-01   5.8818634e-02   4.6141955e-01   0.0000000e+00   5.0981494e-02   1.9893151e-01   2.3055378e-01   5.7537715e-02   2.4570554e-01   8.6449788e-02   2.2731796e-01   2.0832810e-01   6.4243891e-02   1.3088548e-02   1.2066233e-02  -1.8286506e-02   5.1796473e-02   1.0194804e-02   2.9918961e-02   4.0912931e-02   2.1449839e-01   2.1215496e-01   1.1811715e-01   2.1796355e-01   3.1658782e-01   1.9753064e-01   1.9135927e-01   2.9982305e-01   1.9647754e-01   2.3421280e-01   1.8400772e-01   1.9903596e-01   5.4918322e-02   2.6194385e-01   1.8460497e-01   2.6632320e-01   1.3476569e-01   2.4344954e-02   5.1975266e-02   2.1955302e-01   2.1043414e-01   3.7321137e-01   5.9690738e-01   5.5122578e-01   1.7726463e-01   1.0488644e-01   3.7545501e-01   7.9682040e-02  -4.2684164e-02  -6.7885428e-02  -4.0384350e-02   1.3773431e-01  -4.0402227e-03   2.5218874e-01   4.7112371e-02   2.3949387e-01   1.7422704e-01  -4.2406665e-02  -8.2717875e-02  -6.1680918e-02   5.2248149e-02   4.7862870e-02  -1.1172603e-02   6.8244988e-02   5.3224450e-02   4.6128166e-02  -1.4362108e-02  -2.4658902e-02   2.4537680e-02  -1.4488736e-02  -3.2304454e-02   5.6053634e-03  -3.1535181e-02  -7.4705097e-02   6.4698085e-02  -2.6317621e-02   4.9759156e-02   1.2061916e-01   3.5867771e-02  -6.0635217e-02   1.5930751e-01   1.8978047e-01   3.5672496e-01   2.5962739e-01   1.2326091e-01   3.4548650e-01   1.4854946e-01   2.4750443e-01   1.0586029e-01   2.2643894e-01   3.0693456e-02   1.2890718e-01   1.5981928e-01   1.9196213e-01   2.0159805e-01   1.6388337e-01   1.6171589e-01   2.2098166e-01   3.0293901e-01   0.0000000e+00   0.0000000e+00   1.7808723e-01   0.0000000e+00   4.0381031e-02  -4.9313436e-02  -2.1617098e-02
  -1.1444264e-02   0.0000000e+00   5.9157531e-02  -1.1404674e-02   7.4118418e-02   1.3276893e-02   2.2381352e-01   1.4330777e-02   1.1011656e-01   0.0000000e+00   1.6269757e-01   0.0000000e+00   1.3572005e-01  -2.1770764e-02  -5.2186652e-03   5.0981494e-02   0.0000000e+00  -5.4411768e-02  -4.7482544e-02   1.4204965e-01   2.5422598e-01   6.8295540e-02   5.5969382e-03   3.5895589e-02   6.8567933e-02  -1.3199936e-02   2.7103826e-02   3.9892215e-02   1.5586058e-01   1.8896197e-01   1.3049913e-01   1.6047003e-02   1.2958771e-01   1.7750232e-01   5.8861430e-02   2.2054764e-01   8.8532551e-02   1.2811432e-01   1.3011663e-01   2.1584624e-01   1.5958536e-01   1.5354662e-01   1.7650323e-01   1.2029412e-01   1.3055859e-01   3.0082710e-02   2.0816210e-01   1.9952794e-01  -5.5223708e-02   2.4376512e-02   1.0431119e-02   1.0001476e-01   1.0291947e-01   1.2373915e-01   7.6442560e-02   1.9486280e-01   2.0343578e-02   9.2659052e-02   1.4543166e-01   1.2143941e-01   3.4894428e-02  -4.1768055e-02  -1.7648023e-01   8.5162020e-02   6.8803016e-03   7.5524862e-04   8.8794094e-02   5.4237478e-02   1.9869335e-01  -3.4784062e-02   1.0034658e-03   2.7720613e-02   2.9687341e-02  -1.1049882e-01  -2.1141898e-01   5.9478217e-02   6.6306542e-02   3.1515345e-02  -5.7816395e-02   3.4437700e-02  -4.2695170e-02   6.9683995e-03   7.6830563e-02   5.1837206e-02  -2.0736781e-02   2.1836352e-02   9.3046577e-02  -3.1919133e-02   5.5806657e-02   5.3050198e-02   7.6478813e-02  -1.8630700e-01   8.1907900e-02   2.3568373e-02   1.9125645e-02   8.2665220e-02   6.7928557e-02   8.3569398e-02   1.5702558e-01   1.2614471e-01   1.3704991e-01   7.2993968e-02  -1.3108167e-02  -2.4144676e-02  -9.0547393e-02   6.4135382e-02   3.9680131e-02   2.9671617e-02  -6.2778371e-02   5.2623320e-02   2.0716896e-01   0.0000000e+00   0.0000000e+00  -9.8093536e-02   0.0000000e+00  -6.3222423e-02  -1.5753928e-02  -2.2546745e-02
   1.1022749e-01   0.0000000e+00   3.5939624e-01   1.4694624e-01   2.8521049e-01   2.6368919e-01   1.7038089e-01   1.4615388e-01   6.9543247e-02   0.0000000e+00   3.7078554e-01   0.0000000e+00   4.9148612e-01   4.6097104e-02   2.8950430e-01   1.9893151e-01  -5.4411768e-02   0.0000000e+00   3.6389264e-01   4.8560962e-01   2.8272722e-01   2.1828465e-01   2.1013144e-01   3.8240427e-02   2.5010189e-01   2.3454187e-01   2.3080238e-01   1.9423929e-01   3.6890381e-01   2.4899687e-01   4.3713456e-01   4.3785834e-02   1.6404170e-01   1.9220360e-01   2.2123680e-01   2.0125909e-01   2.0506348e-01   3.0015976e-01   2.0967181e-01   3.6706036e-01   3.1693605e-01   2.2545363e-01   3.8285010e-01   2.0669859e-01   9.6848958e-02   2.7969426e-01   1.3915640e-01   2.2198914e-01   3.0190184e-01   1.7551575e-01   5.6977940e-01   3.6723898e-01   1.3683436e-01   1.6752847e-01   9.7302883e-02   3.0244284e-01   2.4472230e-01  -8.9224442e-02   2.6874041e-01   2.2992818e-01  -8.3601391e-02  -1.5278920e-01  -8.7751588e-02   3.7653962e-01   1.6454850e-01   3.4009393e-01   1.9622330e-01   6.2834753e-02  -3.2149002e-02   1.2905773e-01  -1.1243627e-01  -2.6732594e-01   6.6887012e-02   1.2396267e-01   2.3216811e-01   2.1153648e-02  -9.2438995e-02   8.0796341e-02   1.1583702e-01  -3.4936621e-02   1.0462836e-01   1.7941736e-01   2.3126190e-02   1.1182810e-01   1.7911055e-01   2.4640949e-01   2.6650961e-01  -7.0462304e-02   2.4473939e-01   4.7371873e-02   2.0028524e-01   4.8530321e-02   2.6028440e-01   1.3532701e-01   2.7512381e-01   1.8133615e-02  -2.3699252e-02   2.5999570e-01   8.5951122e-02   6.0740556e-02   9.4261035e-02   1.9347467e-01  -5.6851360e-02   2.5125634e-01  -5.1871944e-02   2.3969927e-01   5.7638835e-02   1.2262782e-01   1.6604361e-01   1.9125614e-01   1.3636601e-01   0.0000000e+00   0.0000000e+00  -4.3278051e-02   0.0000000e+00  -7.5992865e-02  -5.0097060e-02   9.9682520e-02
   1.8408013e-01   0.0000000e+00   3.6062498e-01   5.8973587e-03   3.9424955e-01   2.4075229e-01   9.6396918e-02   3.3493832e-02   6.7757082e-02   0.0000000e+00   4.6948171e-01   0.0000000e+00   1.1874041e-01   7.2520167e-02   2.8345310e-01   2.3055378e-01  -4.7482544e-02   3.6389264e-01   0.0000000e+00   1.8270262e-01   1.7377144e-01   1.2522771e-01   1.7453471e-01   2.0154688e-02   1.3873528e-01   1.4346663e-01   2.2936654e-01   1.2851515e-01   2.7825809e-01   9.3073033e-02   2.9734511e-01   8.5140386e-02   1.3852828e-01   1.8112157e-01   2.6202406e-01   2.2593450e-01   3.2604963e-01   3.0128898e-01   2.2304936e-01   3.4235074e-01   2.9295325e-01   2.4810210e-01   3.3041305e-01   2.6462043e-01   7.2949692e-02   2.1460314e-01   3.0243768e-01   2.3696567e-01   1.7963156e-01   7.8369674e-02   2.0914004e-01   3.7320677e-01   1.4506893e-01   4.2074381e-01   3.6439625e-01   3.7204492e-01   2.0307025e-01   1.8404524e-02   3.7726161e-01   1.4692943e-01  -2.5126539e-02  -7.3942754e-02  -5.4216344e-02   3.5742783e-01   1.5052825e-01   4.5840077e-01   1.5498331e-01   1.1972122e-01   4.3907750e-02   4.5215095e-02  -2.2468825e-02  -2.6098091e-01  -1.3691942e-01  -2.5037898e-03   1.4914201e-01   4.9749580e-02  -2.3215636e-02   1.3273434e-01   2.3201089e-02   5.6199090e-02   9.9550943e-02   2.2811506e-01  -1.2649919e-02   4.0212771e-02   1.1217973e-01   9.4226473e-02   1.5890715e-01  -2.4565309e-02   1.1519004e-01   1.7142906e-01   2.1548631e-01   3.3891035e-02   2.2980520e-01   1.4957510e-01   3.4914235e-01   7.3394964e-02  -3.2413524e-02   3.1347975e-01   1.4670142e-01   1.6992610e-01   2.2104831e-02   1.8476105e-01  -9.8527917e-03   1.6044469e-01  -2.2630846e-03   1.7560161e-01   1.1760595e-01   2.0120273e-01   2.3059928e-01   1.6658534e-01   1.0406779e-01   0.0000000e+00   0.0000000e+00   1.8592110e-01   0.0000000e+00   7.5415429e-02  -1.0664132e-03   7.9022062e-02
   1.1167573e-02   0.0000000e+00   1.6369156e-01  -3.5330818e-02   3.4184873e-01   1.6169425e-01   2.0442033e-01   5.3852623e-02  -8.3557807e-02   0.0000000e+00   2.4527552e-01   0.0000000e+00   6.0308982e-01   3.1160387e-01   4.6276985e-02   5.7537715e-02   1.4204965e-01   4.8560962e-01   1.8270262e-01   0.0000000e+00   4.5547039e-01   6.1523453e-01   2.9163784e-01   7.8308033e-02   6.6556046e-01   4.2405215e-01   7.0615930e-01   3.4978171e-01   4.5075836e-01   3.9273051e-01   6.6910984e-01   1.1699080e-01   1.9251918e-01   2.0135789e-01   2.7547710e-01   2.6467642e-01   1.4562671e-01   3.1726851e-01   2.5654578e-01   3.0069815e-01   2.8720995e-01   1.9815256e-01   5.3127185e-01   2.0907784e-01   2.2100146e-01   2.7262302e-01   1.6517646e-01   3.0064728e-01   2.0791135e-01   4.6874777e-01   4.4469864e-01   2.9832816e-01   1.3033136e-01   7.7050701e-02   9.9927091e-02   1.5388425e-01   4.7027721e-01   5.1473758e-02   1.5341747e-01   3.8813650e-01   2.5480671e-01   1.0729624e-01  -1.0834111e-02   3.6319630e-01   1.6333401e-01   2.9027238e-01   2.1318948e-01   5.9070954e-02  -7.6247610e-02   5.1141735e-01  -1.0945675e-03  -9.5136964e-02   1.0265674e-01   1.1091390e-01   2.0371345e-02   3.9495732e-02  -2.3803763e-02   1.3417533e-01   3.5471865e-01   2.1161382e-01   3.8920991e-01   3.4434121e-01   4.4481747e-01   6.5070549e-01   4.0513449e-01   3.7797745e-01   3.6777329e-01   2.0127820e-01   2.2493353e-01   4.4418773e-02   3.3838866e-01   1.4680445e-01   7.0318423e-02   1.8817752e-01   1.9035506e-01   6.0860516e-02   3.0211720e-03   1.3456212e-01   1.2593638e-01   2.3239964e-02   3.1252193e-01   1.1028755e-01   4.7229503e-02   3.5674419e-01  -3.3881704e-02   3.0416825e-01   1.0529272e-01   1.5052783e-01   7.9783963e-02   9.5940935e-02   1.5462201e-01   0.0000000e+00   0.0000000e+00  -9.8031891e-02   0.0000000e+00  -1.0552812e-01   2.1666485e-01   2.4752760e-01
   2.4051277e-03   0.0000000e+00   1.0210115e-01   1.6209757e-01   1.5209599e-01  -3.2154377e-02   2.2839039e-01   1.8700812e-02  -6.3801839e-02   0.0000000e+00   3.3706859e-01   0.0000000e+00   5.2754712e-01   1.8680152e-01   2.0199528e-01   2.4570554e-01   2.5422598e-01   2.8272722e-01   1.7377144e-01   4.5547039e-01   0.0000000e+00   4.8624005e-01   4.4848250e-01   2.9711071e-01   3.1528478e-01   1.7985311e-01   2.4965318e-01   4.6514686e-02   3.3332723e-01   3.5190448e-01   3.2243747e-01   6.0890002e-03   1.2374256e-01   2.4007039e-01   1.0586817e-01   4.1310105e-01   3.7166039e-01   2.1423178e-01   2.6801940e-01   5.2016516e-01   2.5228869e-01   3.7058305e-01   3.7330168e-01   2.4068456e-01   3.4198797e-01   1.4766389e-01   3.5117445e-01   3.7081850e-01   1.4903919e-01   9.8551210e-02   1.6660210e-01   3.6354011e-01   1.2417448e-01   2.2652125e-01   1.8057845e-01   3.5378387e-01   3.4833927e-01   9.6350945e-02   3.6393903e-01   3.6106217e-01   6.3782324e-02  -5.0064281e-02  -1.1097932e-01   1.3225118e-01   4.9068686e-02   4.5233935e-02   8.6915412e-02   6.2861816e-02  -1.4176716e-02  -1.1284423e-03  -7.5082333e-02  -1.1430996e-01  -4.0470271e-02  -6.2068451e-02  -8.4992918e-02   1.2783896e-02  -3.7219709e-02  -5.6922410e-02  -3.9359427e-02   6.3665678e-02   4.6992283e-02   5.1736867e-02   1.3095741e-01   1.3180283e-01  -5.6924712e-03   1.2317583e-01   1.4398112e-01   2.0245754e-02   1.0102330e-02   4.6065441e-02   1.4216074e-01  -6.9507308e-02   1.1203083e-02   1.7661167e-02   1.9803098e-01   8.6799753e-02  -8.0071116e-02   1.3045702e-01   1.0320621e-01   1.0251940e-01   2.1309388e-01   5.8792437e-02  -1.4638112e-01   2.6684549e-01  -1.4662944e-02   2.5861582e-01   7.4320698e-02   7.5943556e-02   5.2725680e-02   3.1534005e-02   1.6866903e-01   0.0000000e+00   0.0000000e+00   5.5869786e-02   0.0000000e+00  -3.5820532e-02  -5.5657137e-02   3.0353287e-02
