   0.0000000e+00   0.0000000e+00   6.5871630e-02   1.4225079e-01   2.3021283e-01   1.9532279e-01   2.2009756e-01   1.0303021e-01   9.3369900e-02  -2.7699784e-02   4.0745694e-01   3.7367903e-02   1.7198143e-02   5.3805807e-02   1.4287508e-01  -8.4061069e-02   9.0983915e-02   9.6765708e-02   1.6802815e-01   1.6905600e-02  -2.9484036e-02  -2.3804166e-03   9.3910198e-02   7.6880189e-02   2.4290768e-02   1.7934688e-01   7.2197845e-03   3.6980126e-02  -1.1569559e-01   1.5789567e-03   3.7323474e-02   1.7269742e-01  -3.2607369e-02  -4.6192705e-02  -3.7301710e-02   1.2150508e-01  -1.6609368e-01   1.8135948e-01   1.4783931e-01   2.6632079e-01   2.2607044e-01   1.3374299e-01   2.0064439e-01   1.2344501e-01   1.7573939e-01   1.3871218e-01   1.1559212e-01   9.1761719e-02   4.6572020e-02   1.3000707e-01   1.0967081e-02   3.6666665e-02   2.0546855e-01   1.8650360e-01   1.6450656e-01   8.6348317e-02  -6.8621490e-02   9.4427080e-02   1.2200588e-01   2.0954828e-01   1.9850777e-02   2.9717172e-02   6.8474723e-02   2.8545207e-01  -4.9841543e-02   1.4281023e-01  -3.2041991e-03   2.8233556e-01   2.7929363e-01   9.7159620e-02   1.7361610e-01  -4.2952471e-03   6.8118136e-01   3.3815788e-01   8.7256365e-02   2.8187979e-01   3.1542430e-01   3.0411471e-01   1.3237712e-01   6.4551565e-02   5.2534902e-02   1.2758061e-01   9.7654663e-02   5.5502045e-02   8.7208914e-04   7.3190633e-02   1.6746281e-01   9.1718769e-02   1.4506015e-01   3.4494233e-01   1.3368368e-01  -2.2336549e-02   1.4127082e-01   1.5880913e-02   2.1514551e-01   2.0547593e-01   2.3636589e-01   1.6044440e-01   1.3240277e-01   2.4926051e-01   2.5828733e-01   1.4652715e-01   2.9273835e-01   1.1186857e-01  -3.3398084e-02   1.1631438e-01   6.2636848e-02   6.4796100e-02   7.1216294e-02   2.1099484e-01   5.3348692e-02   1.9081187e-01   1.4438561e-01   1.0397878e-01   0.0000000e+00   9.3135990e-02   6.9596684e-02   1.1532271e-01
   0.0000000e+00   0.0000000e+00   0.0000000e+00   0.0000000e+00   0.0000000e+00   0.0000000e+00   0.0000000e+00   0.0000000e+00   0.0000000e+00   0.0000000e+00   0.0000000e+00   0.0000000e+00   0.0000000e+00   0.0000000e+00   0.0000000e+00   0.0000000e+00   0.0000000e+00   0.0000000e+00   0.0000000e+00   0.0000000e+00   0.0000000e+00   0.0000000e+00   0.0000000e+00   0.0000000e+00   0.0000000e+00   0.0000000e+00   0.0000000e+00   0.0000000e+00   0.0000000e+00   0.0000000e+00   0.0000000e+00   0.0000000e+00   0.0000000e+00   0.0000000e+00   0.0000000e+00   0.0000000e+00   0.0000000e+00   0.0000000e+00   0.0000000e+00   0.0000000e+00   0.0000000e+00   0.0000000e+00   0.0000000e+00   0.0000000e+00   0.0000000e+00   0.0000000e+00   0.0000000e+00   0.0000000e+00   0.0000000e+00   0.0000000e+00   0.0000000e+00   0.0000000e+00   0.0000000e+00   0.0000000e+00   0.0000000e+00   0.0000000e+00   0.0000000e+00   0.0000000e+00   0.0000000e+00   0.0000000e+00   0.0000000e+00   0.0000000e+00   0.0000000e+00   0.0000000e+00   0.0000000e+00   0.0000000e+00   0.0000000e+00   0.0000000e+00   0.0000000e+00   0.0000000e+00   0.0000000e+00   0.0000000e+00   0.0000000e+00   0.0000000e+00   0.0000000e+00   0.0000000e+00   0.0000000e+00   0.0000000e+00   0.0000000e+00   0.0000000e+00   0.0000000e+00   0.0000000e+00   0.0000000e+00   0.0000000e+00   0.0000000e+00   0.0000000e+00   0.0000000e+00   0.0000000e+00   0.0000000e+00   0.0000000e+00   0.0000000e+00   0.0000000e+00   0.0000000e+00   0.0000000e+00   0.0000000e+00   0.0000000e+00   0.0000000e+00   0.0000000e+00   0.0000000e+00   0.0000000e+00   0.0000000e+00   0.0000000e+00   0.0000000e+00   0.0000000e+00   0.0000000e+00   0.0000000e+00   0.0000000e+00   0.0000000e+00   0.0000000e+00   0.0000000e+00   0.0000000e+00   0.0000000e+00   0.0000000e+00   0.0000000e+00   0.0000000e+00   0.0000000e+00   0.0000000e+00   0.0000000e+00
   6.5871630e-02   0.0000000e+00   0.0000000e+00  -3.9225766e-02   6.0318117e-02   9.4716016e-02  -5.5597892e-02   1.9553764e-02  -2.5847284e-02  -1.2279508e-01   2.4157386e-01  -1.8386741e-01   1.6267475e-01  -4.5393407e-02   4.0791150e-01   1.8008107e-01   1.6264645e-01   1.1754565e-01  -3.5475173e-02   1.7163365e-01   8.5296023e-02   3.1427808e-02  -2.2470884e-02   1.7419707e-02   5.2338696e-02   3.6172100e-02   2.1007258e-01   8.8447429e-02  -2.4496863e-02   6.2309979e-02   7.9644844e-02  -7.2635470e-04   1.4205343e-01   1.1225168e-01   1.3482718e-01   3.1670071e-01   1.7173480e-01  -2.5352529e-02   2.9844906e-02  -3.5072294e-02  -8.9136612e-02   3.3347053e-02  -8.1785106e-02  -3.5399199e-02   3.0862106e-01  -1.6207242e-02  -4.2283601e-02   8.4967067e-03   1.4786934e-01   1.6760332e-01   8.8047039e-02   4.2980720e-02  -1.8338385e-03  -4.6246199e-03   2.3780223e-01   1.8624457e-01   8.2105830e-02   9.5518360e-03   1.3698414e-02  -1.6757506e-01  -1.1312189e-01  -1.3866041e-01  -1.2983869e-01   2.1565829e-01   8.7837747e-02   6.4727779e-02  -1.1416846e-02  -3.5774611e-03   3.3202756e-02  -4.2357028e-03  -2.9472303e-01  -5.8891260e-02  -1.2914705e-01   8.9683195e-02  -1.1318205e-01   4.4215606e-02  -8.8184026e-02  -1.5633633e-01  -6.2237934e-02  -2.4259972e-04   2.1190159e-02  -1.8803434e-02   3.5887655e-02   5.7893169e-02   5.2158879e-02  -8.8621177e-02   1.5253326e-01  -2.7665886e-03   6.2846731e-02   1.1034182e-02  -1.0836799e-01  -1.1939896e-02   9.1269924e-03   1.1161070e-01  -8.4963505e-02   1.9163580e-01   9.4217240e-02  -1.3896407e-01  -1.6153902e-01  -1.6886825e-01  -2.1903238e-01  -1.3986091e-01  -3.0835728e-01  -1.1263298e-01  -3.6602043e-02  -1.4807976e-02  -3.1749996e-02  -9.4399449e-02  -1.0108714e-01  -1.5247476e-01   6.1216953e-02   1.0140721e-01   1.2141401e-01   1.7930461e-01   0.0000000e+00  -1.2808228e-01  -3.5740297e-02  -8.7947059e-04
   1.4225079e-01   0.0000000e+00  -3.9225766e-02   0.0000000e+00   2.1850367e-01   1.9469065e-01   1.3839219e-01   5.7884948e-03   8.4035938e-02   2.9484294e-02   2.5305182e-01   2.5173665e-02   8.6844512e-02   1.1799076e-01   1.1064168e-01   1.2205912e-01   3.0798501e-01   1.1149943e-01   2.1941903e-01   2.1011848e-01   1.3870430e-01  -2.9464042e-02   2.5580153e-01   1.3266811e-01   7.8753520e-02   5.9077308e-02   5.8251919e-03  -5.1838773e-02  -1.2227888e-02  -5.8972030e-02  -6.6587459e-02   1.7996179e-02  -1.4182267e-02   3.3772276e-02   3.5602207e-02   5.7165420e-02   2.9835201e-02   9.1700902e-02  -3.2280373e-04   2.6310456e-01   1.2627883e-01   6.5820039e-02   9.5222414e-02   7.3043630e-02   5.6062559e-03  -2.4433333e-02   1.6847387e-01   1.0638306e-01   1.7378437e-01   7.3578197e-02  -2.4031509e-02   7.0098878e-02   9.0050591e-03   1.2619796e-01   1.4629886e-01   1.8004777e-01   4.4204880e-02  -6.3275028e-02   2.2647339e-01   6.7695106e-02  -8.9514770e-02  -3.1144235e-02  -1.3465039e-01   2.1845383e-01   2.9728882e-02   1.3604957e-01   4.4214845e-02   1.3328014e-02   5.9652965e-02  -3.7391505e-02   4.7243550e-02   1.0130275e-01   9.5205384e-02   1.4315428e-01  -2.8472461e-02   1.3545203e-01  -2.8967806e-02  -5.6080193e-05  -3.0550132e-02  -5.2083529e-02  -6.8062798e-02  -1.8447330e-03   1.3867469e-02  -9.0759970e-02   3.8441786e-03   2.5779574e-02   1.2781124e-01   6.4078838e-03   3.7199047e-02   2.0634581e-01  -6.1258254e-02   2.7506360e-02  -3.3280955e-02   2.9498308e-02   6.6449575e-02   1.2361279e-02  -1.5065873e-04   2.2576908e-02   2.3089949e-02   1.9829440e-01  -3.6555606e-02   6.1073829e-02   4.0670114e-02   3.9796360e-02  -2.3179803e-02   6.8861976e-02   5.3953761e-02   4.6133725e-02   1.1600229e-01   7.6921771e-02   2.9744141e-02   1.7473490e-01   1.3708620e-01   1.3980095e-01   0.0000000e+00  -4.7973620e-02  -7.3763516e-02   3.2358198e-02
   2.3021283e-01   0.0000000e+00   6.0318117e-02   2.1850367e-01   0.0000000e+00   5.4895012e-01   2.1812752e-02   4.8107657e-02  -1.9594746e-03  -2.5479024e-02   2.0647490e-01  -6.8800968e-02   2.5944498e-01   2.4448325e-01   1.2111514e-01   4.3641127e-02   4.1305835e-01   4.0378664e-01   8.9490446e-02   3.1117398e-01   1.5759919e-01   2.2023508e-01   5.5121824e-02   1.4558615e-01   1.8036895e-01   2.4452270e-01   5.5046092e-01   5.0316311e-01  -3.5958697e-03   1.9351337e-02   3.0939215e-01   3.7552765e-01   3.1708059e-01   3.4578157e-01   1.4222965e-01   2.0495246e-01  -7.1740500e-02   4.1999323e-02   1.2134009e-01   1.1479100e-01   1.3773468e-01   8.6655010e-02   2.9043273e-01   2.9776907e-02  -2.7413424e-02   6.7384302e-02   6.2397951e-01   1.5200051e-01   3.0304146e-01   6.2497616e-01   1.9384399e-01  -6.7795547e-02   1.4702323e-01   1.7982364e-01   2.1059615e-01   7.1711109e-02   3.1699073e-01   3.0199778e-02   3.8986602e-02   9.1837683e-02  -1.3368640e-02  -4.2773232e-02   1.5873868e-02   2.0795368e-01  -4.2918172e-02   2.8370256e-01   4.5054875e-02   1.3618402e-01   2.0096317e-01   2.7511415e-01  -3.6060818e-02  -7.7263076e-02   1.9912835e-01   2.4874513e-01   1.6974842e-01   1.4975425e-01  -6.6788476e-02   1.7020594e-01   4.7156025e-01   1.0896744e-01   4.7887211e-01   3.8730417e-01   4.6098129e-01   3.5580052e-01   3.8435551e-01   8.9348901e-02   3.9579907e-01   2.4611548e-01   6.7051656e-01   2.9955339e-01   1.2783444e-01   4.2608117e-01   1.4649261e-01   1.9962957e-01   1.6916925e-01  -8.2437763e-02  -5.9180345e-02  -1.1516556e-01  -6.0966886e-02   6.1260150e-02  -1.5820606e-01   1.6690211e-01   2.2153362e-02   1.2065239e-01   1.6930852e-01   2.9795861e-03   3.6258029e-03   8.0364002e-02   1.9130334e-02  -4.8286425e-02   4.2507675e-03   1.8457612e-01   1.1259832e-01   3.1338341e-01   0.0000000e+00   1.5617611e-01   7.2675301e-02   1.7527975e-01
   1.9532279e-01   0.0000000e+00   9.4716016e-02   1.9469065e-01   5.4895012e-01   0.0000000e+00   1.3775541e-01   8.1877838e-02  -2.8536467e-02  -1.5635258e-02   2.8501827e-01  -6.1562532e-03   5.7919289e-02   2.0119941e-01   1.3744879e-02  -1.1121971e-01   1.9841395e-01   1.9828966e-01   9.0670495e-02   1.7777711e-01   2.6646388e-02   7.5066099e-02   3.0967169e-02   4.8625083e-02   1.0340753e-01   2.2073021e-01   3.7788252e-01   2.5179346e-01  -1.9786932e-01  -1.0036578e-01   2.4256278e-01   1.7249108e-01   1.9518110e-01   2.4128023e-01  -3.9801839e-02   4.0029131e-02  -7.9096764e-02  -5.9745459e-02  -4.8966766e-02   9.2650456e-02   6.1522578e-02  -1.1719178e-01   2.3838039e-01  -1.2577022e-02   5.5207003e-02  -1.0579857e-01   2.5923432e-01   6.4167879e-02   2.3125736e-01   5.3039251e-01   2.1288356e-01  -3.5731826e-02   1.2440975e-01   3.0442829e-01   1.2421663e-01   2.3910013e-02   1.7026821e-01   4.9574317e-02   1.2284003e-02   2.5485221e-02   1.1998172e-02  -4.9050002e-02  -8.3109360e-04   2.1335802e-01  -7.9835877e-02   2.0853915e-01   7.1423742e-02   2.7328575e-01   3.1448159e-01   1.3426329e-01  -1.8624328e-02   2.2447999e-02   1.6660846e-01   2.7764526e-01   1.2730485e-01   2.4388353e-01  -7.0958169e-02   9.0951541e-02   2.6180891e-01   1.9277621e-01   2.4891030e-01   3.1851173e-01   4.0054730e-01   2.2758817e-01   1.8749014e-01  -9.4216924e-02   3.3216078e-01   2.0809424e-01   3.9019640e-01   2.5470837e-01   1.8748635e-01   1.1572615e-01   1.4567067e-01   1.0439269e-01   1.0994660e-01  -4.0802664e-02  -1.0198935e-01  -9.7558773e-02   2.0376636e-02   9.6923435e-02  -8.2858744e-02   1.0806377e-01  -4.0358484e-02   8.7089477e-03  -3.7451505e-02  -2.3991091e-02   3.7345909e-03   1.1174466e-02  -6.4674313e-03   7.0426112e-02  -5.2938821e-02   2.7016656e-01   7.0147654e-02   1.8717289e-01   0.0000000e+00   7.8192176e-02   4.2972523e-02   3.2488688e-01
   2.2009756e-01   0.0000000e+00  -5.5597892e-02   1.3839219e-01   2.1812752e-02   1.3775541e-01   0.0000000e+00  -7.3732358e-02   2.1659802e-01   5.6572037e-02   3.7282225e-01   1.5387421e-01   6.3552213e-02   2.3051987e-01   1.4450651e-01   1.4254914e-01   2.0619590e-01   1.9049248e-01   6.2993073e-01   1.8991322e-02   3.9750307e-02   1.7706691e-01   3.1204873e-02  -1.8776724e-03   9.3279109e-02   1.0405342e-01   4.6726848e-02   1.3861240e-01   1.4801638e-01   3.6370616e-03  -1.5404916e-01   9.9185140e-02   4.0095933e-01   4.9497686e-02   9.8087149e-02   2.3584032e-01  -4.4989785e-02   4.4497043e-01   3.5133658e-01   5.7479214e-01   5.9838175e-01   1.8877629e-01   4.4348651e-01   4.6073782e-01  -7.5797621e-02   3.3903293e-01   2.4373408e-01   1.9231716e-01   5.9242506e-03   6.7880662e-02   2.1467134e-02   3.0832679e-01   3.4075989e-01   2.6783008e-01   8.3974239e-02   4.1233642e-02   2.6348059e-01   2.0562664e-01   5.1039900e-01   2.5840697e-01   5.3429397e-02   1.9004626e-01   2.7575503e-01   2.9533392e-01   3.2852181e-02   5.5101048e-01   1.3880347e-02   1.7835737e-01   3.9285238e-02   2.9201590e-01   7.5599229e-02   7.2279604e-02   4.6956386e-01   4.5924969e-01   9.2493635e-03   1.2762698e-01   2.8545702e-01   4.0003973e-01   2.3408929e-01   9.0955549e-02   1.7794742e-01   1.6169708e-01   3.3427173e-02   1.6901408e-02   2.6599262e-01   2.7463648e-01   1.3392959e-02   9.8984776e-02   1.7410146e-01   2.4768628e-01   7.7262982e-02   2.8111652e-01   3.7507732e-01   2.8994045e-01   4.8520664e-01   3.6399077e-01   2.5349586e-01   4.2633889e-01   3.8767995e-01   3.5159779e-01   4.5513786e-01   4.3839191e-01   3.1364961e-01   3.0495182e-01   2.2230765e-01   1.4709122e-01   1.1805535e-01   1.0910745e-01   2.8081878e-01   4.6521791e-01   2.0115780e-01   1.1062415e-01   8.0260209e-02   1.0692724e-01   0.0000000e+00   4.0669136e-02   1.1503957e-02  -1.1837725e-02
   1.0303021e-01   0.0000000e+00   1.9553764e-02   5.7884948e-03   4.8107657e-02   8.1877838e-02  -7.3732358e-02   0.0000000e+00   1.6451612e-01  -1.0086468e-02   1.4500843e-01   4.4795605e-02   2.4786921e-02  -1.1124816e-01  -7.7171134e-03  -7.9334575e-02  -1.8722460e-01  -3.5379402e-02  -9.5291297e-02  -5.0106425e-02  -1.3255346e-01  -1.5060526e-01   1.4612053e-01   7.2782811e-03  -1.7739725e-02   1.6257228e-02  -5.3044062e-02  -2.7323452e-03  -2.2804831e-01  -2.0029982e-01   1.5468964e-01   2.0113386e-02  -1.2838948e-01   2.3888217e-03  -1.0021390e-01  -2.3760340e-02  -1.6756262e-01  -1.7098346e-01  -1.9752715e-01  -9.0490551e-02  -1.2825304e-01  -1.2445775e-01  -4.7781494e-02  -1.0624286e-01   8.8153371e-02  -1.7126318e-01  -2.0175250e-01   9.2222205e-02   9.9923262e-02   1.6112980e-02   2.2737416e-01  -3.2071992e-01  -6.5214547e-02  -1.4034246e-02   6.5973341e-02   1.9731491e-02  -2.0744670e-01   1.7329818e-01  -6.8559379e-02  -8.3403658e-02  -1.7617273e-02   6.3524805e-03  -1.3969686e-01   1.4095180e-01  -1.1043366e-02  -9.3248105e-02   9.1741443e-02   2.5028985e-01   4.0038063e-01  -1.1134893e-01  -3.8412277e-02   1.2297387e-01   1.8212146e-02   4.5614266e-02   3.8773440e-02   2.7419562e-01   8.3553635e-02  -1.8601268e-02  -4.2923913e-02   1.8855563e-01  -1.0283838e-01   1.8894915e-02   9.7691517e-02   9.5409431e-02  -9.5227198e-02  -1.1765640e-01   1.4416573e-01   1.9687107e-01   1.4481600e-01   1.6704147e-01   1.6702239e-01  -1.8617766e-01  -4.9718264e-02  -6.3356825e-02  -7.5643233e-02   6.2721218e-02  -7.7279983e-03   7.5311473e-02   1.3972270e-01   1.1480369e-01  -4.9155873e-02  -5.0776568e-02  -1.1117222e-01  -2.0815853e-01  -1.9907942e-01   3.8357624e-01   2.3946397e-02  -1.4121851e-01  -1.0036515e-02   8.9170131e-02   4.3565173e-02   1.0360717e-01   8.0922806e-02  -1.3762643e-01   0.0000000e+00   5.1582997e-01   6.3292070e-01   1.6595532e-01
   9.3369900e-02   0.0000000e+00  -2.5847284e-02   8.4035938e-02  -1.9594746e-03  -2.8536467e-02   2.1659802e-01   1.6451612e-01   0.0000000e+00   1.4544373e-01   1.1369920e-01   1.1184449e-01   1.4248531e-01  -4.9027159e-02   1.0505676e-01   1.9577223e-01  -1.6660067e-02  -6.9611612e-02   2.1092146e-01  -1.3310439e-02  -3.4250209e-02  -8.1188027e-02   6.2645364e-02   3.3516378e-02   1.9019383e-02   3.9507450e-02  -6.4881693e-02   6.5043584e-02  -7.7949702e-02   9.4330840e-02   1.2892379e-01   1.4265859e-03   1.1689227e-01   7.2505705e-02   1.7889388e-01   7.6995231e-02   2.7865254e-02   3.0833747e-01   1.4515078e-01   1.6063618e-01   1.9251354e-01   1.5398836e-01   1.1441737e-01   2.2479608e-01   1.1744033e-01   7.8055057e-02  -9.9422790e-02   2.5433211e-01   3.1194439e-01   5.9856984e-02   1.1782454e-01   1.2943234e-01   1.5372496e-01   6.3560922e-02   1.4295664e-01   2.1987541e-01  -3.6547648e-02   3.9022176e-01   2.2112894e-01   1.5914447e-02  -9.0950325e-02  -3.6752392e-02   4.3818907e-02   1.2646004e-01   4.9247076e-01   1.6717245e-01   5.4986980e-01   1.7871740e-01   2.2010903e-01   3.3822421e-02   2.2270171e-02   1.9682961e-01   7.6713790e-02  -3.2690917e-02   7.8511459e-02   2.7537794e-01   1.3876405e-01   1.0342280e-01   3.9313421e-02   1.2270993e-01  -3.0106207e-02   6.8102672e-02   6.8565513e-02   3.4015464e-02   2.9574554e-02   3.1178061e-01   1.3117308e-01   1.6224978e-01   9.6023846e-02   1.9551231e-01   3.0717009e-01  -1.7433538e-02   9.6421138e-02   1.5514921e-01   1.6946887e-01   2.4601632e-01   2.3637008e-01   3.5714033e-01   4.2273891e-01   2.4641227e-01   1.3237381e-01   9.4576730e-02   1.5372610e-01  -1.3981529e-02   1.3812993e-01   2.3839675e-01   2.9795513e-01   3.1795664e-01   3.1969350e-01   2.9072832e-01   6.2600069e-01   1.3416721e-01   1.4060367e-01  -2.6656537e-03   0.0000000e+00   1.5011743e-01   1.3463761e-01   1.5165125e-01
  -2.7699784e-02   0.0000000e+00  -1.2279508e-01   2.9484294e-02  -2.5479024e-02  -1.5635258e-02   5.6572037e-02  -1.0086468e-02   1.4544373e-01   0.0000000e+00   1.0813059e-01   6.1703149e-01   5.2203688e-02  -3.2176291e-02  -2.3890554e-03   9.0128295e-02  -6.3788916e-02   7.8404830e-02   1.4586120e-01   9.3335614e-03   2.0219527e-02  -3.9433517e-02  -1.5842341e-02   2.4409960e-03   9.4346054e-02  -3.7437672e-02  -3.4884568e-03   8.1384374e-02   3.3848968e-03  -1.3236716e-02  -1.0153011e-01   1.1375359e-01   9.5453755e-02   1.2978628e-01   7.1519303e-02  -4.0184752e-02   4.8360941e-02  -6.2232505e-02  -1.2597341e-01   7.7387826e-02   1.4727555e-03  -2.8331777e-02  -5.6714708e-03  -2.1789617e-02  -1.6031476e-02  -3.4420161e-02   2.9677641e-02   9.2634088e-02   8.8866047e-02   6.0406364e-02   3.9668317e-02   1.0464057e-01  -4.7864913e-02   1.3356978e-01   1.4932222e-01   1.3646830e-01   3.7863445e-02   2.4630205e-02   1.0489919e-01   6.1806225e-03  -6.5457131e-02  -7.4732090e-02  -1.0644099e-01   1.6195088e-01   5.8137327e-02   1.5285591e-01   4.9622555e-02   1.1833535e-01  -1.2951653e-02  -4.8737723e-02  -1.4194384e-03   1.5531129e-02  -1.9763226e-02  -3.6241603e-02  -8.0348545e-02   3.7948811e-02  -3.4640333e-02   2.8981502e-02  -4.6659670e-02  -5.1516261e-02  -5.3584332e-02  -1.7617765e-03   1.3901882e-02  -8.4460431e-02   7.2463960e-02  -8.9425959e-02   3.6799070e-02   1.7761128e-02   5.5202923e-02   1.8094070e-02   1.4946996e-03   7.2005299e-03  -7.5465839e-02   1.6586464e-01   9.5367790e-02  -6.1376395e-03  -4.4355007e-02  -1.1407007e-02  -3.4108883e-02   5.1838160e-02  -6.4034231e-02  -5.6100286e-03  -2.7084435e-02  -6.1086240e-02   3.5749985e-02  -1.2274656e-02   4.6964954e-02   5.5726912e-02  -8.8937668e-02   2.2540549e-01   1.9187274e-01   4.6853537e-02   2.7056958e-02   3.2839862e-02   0.0000000e+00   7.2127851e-02  -2.8618802e-02  -7.1391772e-02
   4.0745694e-01   0.0000000e+00   2.4157386e-01   2.5305182e-01   2.0647490e-01   2.8501827e-01   3.7282225e-01   1.4500843e-01   1.1369920e-01   1.0813059e-01   0.0000000e+00   5.7995329e-02   2.6581932e-01   5.7738936e-02   1.9012353e-01   1.7024514e-01   1.5528020e-01   2.2559795e-01   3.9510307e-01   2.4632567e-01   1.1506894e-01   5.9715869e-02   2.2988628e-01   1.7153439e-01   2.5711154e-01   1.6584745e-01   1.4900070e-01   2.1432903e-01  -5.6086759e-02  -1.3851114e-02   9.6366638e-02   3.6170489e-01   2.1250530e-01   2.5253520e-01   2.6712514e-01   4.2151571e-01   3.7373211e-02   2.1463174e-01   1.9692421e-01   5.5349898e-01   3.2972243e-01   2.5611918e-01   2.6330770e-01   2.1068834e-01   2.3292506e-01   9.6103168e-02   1.4109888e-01   3.3790842e-01   3.1347625e-01   1.9806102e-01   2.6078027e-01   9.9877807e-02   2.0617283e-01   3.4106179e-01   3.7536906e-01   3.6120078e-01   9.0352094e-02   1.2483023e-01   3.4715820e-01   1.2130649e-01  -3.3987449e-02  -5.2759734e-02  -1.2395415e-01   6.3857480e-01   3.5021146e-02   3.8366000e-01   1.0744807e-01   4.0124309e-01   3.0256298e-01   1.2886536e-01  -1.1950201e-02   4.4928698e-02   3.7395189e-01   4.4524559e-01   7.2211589e-02   3.9030320e-01   6.6297108e-02   2.2929246e-02   1.7515334e-02   7.1234496e-02  -3.4819573e-02   1.2091784e-01   1.5762311e-01   7.9068552e-02   2.4223896e-01   1.0515808e-01   3.2634303e-01   6.4129196e-02   3.0444901e-01   5.4014854e-01   1.9070785e-01   1.8387547e-02   8.3726430e-02   2.3290992e-01   2.1403980e-01   2.5815921e-01   1.3641783e-01   1.4680480e-01   1.2551883e-01   2.8227815e-01   7.5343121e-02   2.8880139e-01   7.8739992e-03  -2.7978147e-03   2.4317094e-02   6.7524875e-02   9.5402815e-02   2.2876655e-02   4.5438600e-02   3.0451797e-01   2.2139214e-01   2.3975032e-01   2.2245976e-01   1.7952041e-01   0.0000000e+00  -3.6942186e-02   4.9094574e-02   1.2110844e-01
   3.7367903e-02   0.0000000e+00  -1.8386741e-01   2.5173665e-02  -6.8800968e-02  -6.1562532e-03   1.5387421e-01   4.4795605e-02   1.1184449e-01   6.1703149e-01   5.7995329e-02   0.0000000e+00  -1.2751034e-02   4.1577312e-02  -1.1800384e-01  -3.7705974e-02  -6.0783455e-02   6.7182750e-02   9.5761130e-02  -7.5139629e-02  -1.2293071e-02   4.7750294e-03   1.1149980e-02  -4.2826183e-02  -5.3083506e-03   4.8189303e-02  -3.8307683e-02   4.6630511e-02  -4.5764218e-02  -7.6613855e-02  -4.2258984e-02   9.2756694e-02   1.7981306e-02   6.9048067e-02  -7.3644435e-02  -1.4751435e-01  -1.2572425e-01  -3.5719166e-02  -6.5326344e-02   1.3381384e-01   7.7662560e-02  -1.2561142e-01   1.3880570e-01   7.3465895e-02  -7.5265742e-02  -1.7999046e-02  -1.1802640e-02   9.5066285e-02   6.1067043e-02  -7.8794584e-02  -1.0573151e-02  -6.4294508e-02   1.0898075e-01   3.7423870e-02  -9.7024851e-02  -5.0632092e-02  -4.7819946e-03  -1.1449467e-02   1.6939911e-01   1.4933216e-01   1.5462306e-01   9.8446462e-02   7.9329133e-02   3.6167038e-02  -2.3613654e-03  -7.0241098e-02   3.3989446e-02   5.1366387e-02   5.0098242e-02   1.2173073e-01  -1.8989032e-02   2.0166495e-02   2.0464545e-01  -2.1645622e-02   1.4211499e-02   1.5456720e-01   1.0440886e-01   9.0240572e-02   7.8789616e-02   1.1363920e-01   4.0294804e-02   9.6766434e-02   1.1149982e-01   4.2092422e-02  -6.6322122e-02   4.8414962e-02   5.1969637e-02   1.3798086e-01   2.5971500e-02   2.0777250e-01   1.1141285e-01   8.1528297e-03   1.4595037e-01   4.3996623e-02   1.6441298e-01   1.1200350e-01   6.3984003e-02   1.2179167e-01   1.4688729e-01   1.8384703e-01   2.6732702e-02   1.3910800e-01   1.3869357e-01   8.5635034e-02  -3.2272974e-04   5.1689175e-02   4.2464033e-02   3.8843043e-02  -3.8722014e-02   5.1769590e-02   2.6363252e-02  -3.4105526e-02  -4.3897664e-02  -1.0402753e-01   0.0000000e+00   1.1946032e-01   7.8836565e-02   3.1752878e-02
   1.7198143e-02   0.0000000e+00   1.6267475e-01   8.6844512e-02   2.5944498e-01   5.7919289e-02   6.3552213e-02   2.4786921e-02   1.4248531e-01   5.2203688e-02   2.6581932e-01  -1.2751034e-02   0.0000000e+00   1.3632145e-01   4.1552984e-01   3.5431836e-01   3.8332940e-01   3.2469178e-01   2.8289818e-01   6.2775511e-01   5.2380491e-01   3.2076805e-01   2.5539682e-01   3.7642420e-01   4.3176946e-01   1.6165265e-01   4.0296190e-01   3.4892925e-01   3.4119443e-01   2.6050453e-01   8.0374045e-02   3.5707537e-01   3.0513196e-01   3.5363319e-01   4.9199479e-01   3.0811253e-01   1.1399452e-01   1.2128716e-01   2.2873954e-01   1.2127948e-01   9.3444634e-02   2.2638689e-01   1.0981914e-01   4.7507001e-02   4.2013857e-02   1.3479691e-01   3.6738839e-01   4.6682272e-01   4.2035285e-01   3.1870256e-01   3.6080292e-01   2.3492249e-01  -4.7631830e-02   1.3388856e-01   4.5740895e-01   6.3500810e-01   4.4666276e-01   3.3267830e-01   2.9176212e-01   1.3152003e-01   8.5984310e-02   5.9358495e-02   3.2198939e-02   4.3039245e-01   2.0976190e-01   3.9608019e-01   1.5648675e-01  -3.9720283e-03  -7.0540977e-03   2.9177241e-01   1.6391981e-02   2.4528037e-02   4.4113983e-02   2.2057920e-01  -4.1258618e-02   2.0710783e-01   2.9299891e-02  -9.1951913e-02   9.5888111e-02   1.2400184e-01   1.6643491e-01   5.4918586e-02   7.6733363e-02   3.6392650e-01   4.6482581e-01   1.9990462e-01   2.1828422e-01   1.2257618e-01   2.0428364e-01   2.5890286e-01   1.0123916e-02   3.2325614e-01   4.6958619e-05   3.0661926e-01   5.5896024e-02   6.3848557e-02   6.3488658e-02  -2.5090964e-02  -2.3827568e-02   1.9150810e-01  -1.0754739e-02   1.6575086e-01   1.1369230e-01   3.8201753e-02   4.2678691e-01   1.9503408e-01   5.3334086e-02   2.2171776e-01   1.1404646e-01   5.7849665e-02   3.0470506e-01   1.2571468e-01   1.2444477e-01   3.9755050e-01   0.0000000e+00  -1.5822098e-02   1.9539890e-01   1.8603768e-02
   5.3805807e-02   0.0000000e+00  -4.5393407e-02   1.1799076e-01   2.4448325e-01   2.0119941e-01   2.3051987e-01  -1.1124816e-01  -4.9027159e-02  -3.2176291e-02   5.7738936e-02   4.1577312e-02   1.3632145e-01   0.0000000e+00   7.7627364e-02   7.9156980e-02   3.2310129e-01   2.1656944e-01   2.0239450e-01   1.2184872e-01   2.3827767e-01   5.3133368e-01   2.3874868e-01   1.5504467e-01   3.6042081e-01   3.0022240e-01   2.8232018e-01   2.2769801e-01   8.8242726e-02   4.5765500e-03   7.9009855e-02   2.3946829e-01   6.2011616e-02  -1.6775436e-02  -2.1483525e-02   1.9054874e-01  -1.1460164e-01   2.7440662e-01   3.1416673e-01   3.5200045e-01   4.0514708e-01   1.1197119e-01   2.2714157e-01   2.0337210e-01  -1.5523432e-01   2.1070672e-01   4.6958628e-01   1.9873316e-01   7.2640416e-02   2.2041387e-01   1.0968975e-04   1.2181655e-01   1.9614743e-01   2.2063551e-01   7.0101165e-02  -3.8207990e-02   3.6981715e-01   1.0478957e-01   1.7523464e-01   3.7198859e-01   4.0687131e-01   7.4274272e-01   3.9833584e-01  -3.9121710e-02  -4.1350394e-02   2.1200025e-01  -5.5826029e-02   6.7103835e-02  -9.9353410e-02   4.2069982e-01   1.5393045e-01   1.1398161e-01   1.9763894e-01   1.9034992e-01   7.9177717e-02   4.4632689e-02   1.9164303e-01   2.7231902e-01   5.1162783e-01   1.1623335e-01   4.9882566e-01   4.3541510e-01   4.9720063e-01   2.6807706e-01   2.0289579e-01   2.1445089e-01  -5.2027374e-02   3.1231584e-01   2.0930579e-01   1.0780867e-01  -1.1905154e-01   4.7873952e-01   2.7969982e-01   2.5678847e-01   2.9283418e-01   5.6332057e-02   1.7376947e-01   1.2939056e-01   2.0945279e-02   5.3839649e-02   1.7000396e-01   3.5147459e-01   1.2945782e-01   3.7312205e-01   3.8213370e-01   1.6038961e-01   6.9116857e-02   1.4266439e-01   2.2383533e-01   1.1374947e-01  -1.2454708e-01   8.4935527e-02  -3.3772174e-02   1.3788900e-01   0.0000000e+00   3.4658374e-01   1.3504781e-01   8.2843522e-02
   1.4287508e-01   0.0000000e+00   4.0791150e-01   1.1064168e-01   1.2111514e-01   1.3744879e-02   1.4450651e-01  -7.7171134e-03   1.0505676e-01  -2.3890554e-03   1.9012353e-01  -1.1800384e-01   4.1552984e-01   7.7627364e-02   0.0000000e+00   3.2133391e-01   2.2831488e-01   1.4988377e-01   3.2246224e-01   2.2818101e-01   1.7013691e-01   1.6319008e-01   1.5281128e-01   2.5261799e-01   1.6645199e-01   9.9381300e-02   1.8100262e-01   7.1256085e-02   1.1708894e-01   1.0085899e-01   1.1430235e-02   3.8654186e-02   7.7063750e-02   5.5382085e-02   1.7842639e-01   3.4896489e-01   1.9889991e-02   2.0779906e-01   2.4560393e-01   1.3166676e-01   1.3696502e-01   2.5331359e-01  -5.8826158e-03   1.6455940e-01   2.8513543e-01   1.8565437e-01   2.1382742e-01   2.5538910e-01   1.0167200e-01   1.7737194e-01   1.1757884e-01   2.4277201e-01   8.1411023e-02   2.2797964e-01   4.6616811e-01   4.7708126e-01   2.0109101e-01   2.3736149e-01   3.1976058e-01   1.3835777e-01  -2.9567513e-03   4.2499773e-02   1.3949236e-01   3.8571193e-01   1.5025659e-01   3.0332764e-01   5.6210112e-02  -3.8007134e-02  -1.4588415e-02   1.1508333e-01  -4.3702969e-02  -3.7408956e-02   9.6488741e-02   2.0947220e-01  -1.7633422e-01   1.1250533e-01   1.0828778e-01   1.5469420e-02   7.5799258e-02  -1.8438786e-02   1.0596438e-01   6.4318921e-03   4.0506610e-02   6.4950956e-02   1.4970943e-01   1.4003939e-01   8.2719192e-02   1.2508379e-01   3.4704851e-02   1.1528025e-01  -8.1473159e-02   2.0532855e-01   7.5164936e-02   2.4015694e-01   2.2778204e-01   1.7187093e-01   1.9194102e-01   7.3115454e-02  -1.2789790e-03   6.6745184e-02   5.0954593e-02   1.8911908e-02   1.1386969e-02   7.8214253e-02   2.1868275e-01   3.4363669e-02   1.3765505e-01   2.0081413e-01   1.9446025e-02   2.2439222e-02   1.9869801e-01   3.2739782e-01   4.1605723e-01   4.3828780e-01   0.0000000e+00  -1.8497611e-02   3.4541712e-02  -8.6171997e-02
  -8.4061069e-02   0.0000000e+00   1.8008107e-01   1.2205912e-01   4.3641127e-02  -1.1121971e-01   1.4254914e-01  -7.9334575e-02   1.9577223e-01   9.0128295e-02   1.7024514e-01  -3.7705974e-02   3.5431836e-01   7.9156980e-02   3.2133391e-01   0.0000000e+00   2.3310481e-01   1.6270972e-01   3.2397754e-01   2.3731915e-01   2.2823135e-01   1.2494501e-01   7.3905574e-02   8.4018699e-02   2.6843317e-01  -8.4280483e-02   8.3774463e-02   1.7439983e-02   2.2214879e-01   2.0382127e-01  -1.0591897e-01   5.3073708e-02   1.9046499e-01   9.9968699e-02   2.7810857e-01   3.7943218e-01   3.1191270e-01   1.7369482e-01   2.6050098e-01   2.0827069e-01   1.9488437e-01   3.7606236e-01  -4.6441169e-02   2.7104338e-01   8.5772989e-02   2.8170227e-01   1.0147505e-01   3.0065596e-01   2.6474456e-01  -7.2821080e-03   6.9738149e-02   3.6748406e-01   1.1103565e-01   2.2713574e-01   6.0794712e-01   5.1957808e-01   3.1986987e-01   1.6553670e-01   2.2507069e-01   3.0418142e-02  -8.0858675e-02   4.6293862e-03   1.8483316e-02   3.1662136e-01   2.3720824e-01   3.1044512e-01   1.8685624e-01  -5.7325716e-02  -1.0067153e-02   6.8471271e-02   3.7320951e-02   3.9714632e-02  -1.2038603e-01   5.6404370e-02  -5.7113261e-02   5.0339998e-02   2.2705316e-02   2.5425046e-02  -4.8107800e-02  -5.8272713e-02  -8.1703980e-03  -9.9858617e-02  -1.2232513e-01  -2.2810445e-02   2.0968229e-01   1.8348993e-01   1.1727533e-02  -1.6601054e-02  -7.6825410e-02   3.0422929e-02  -1.3033653e-01   1.7776110e-01  -4.3180753e-02   2.5571998e-01   8.1903815e-02   1.5747745e-01   2.6552204e-01   9.6185034e-02   7.1995095e-03   1.4946661e-02   8.1428845e-02   1.1193006e-01   6.5825765e-02   7.4923526e-02   3.9669793e-01   1.0575086e-01   1.8380070e-01   2.8707287e-01   2.6841666e-01   1.2423999e-01   3.6549760e-01   1.5128762e-01   1.0936260e-01   4.1500124e-01   0.0000000e+00  -4.8350499e-02  -5.2404314e-02  -1.2660522e-01
   9.0983915e-02   0.0000000e+00   1.6264645e-01   3.0798501e-01   4.1305835e-01   1.9841395e-01   2.0619590e-01  -1.8722460e-01  -1.6660067e-02  -6.3788916e-02   1.5528020e-01  -6.0783455e-02   3.8332940e-01   3.2310129e-01   2.2831488e-01   2.3310481e-01   0.0000000e+00   6.6288927e-01   2.2080729e-01   4.5005699e-01   3.3005784e-01   3.0868967e-01   5.6738323e-02   1.5077143e-01   1.9969389e-01   1.1497105e-01   3.3473920e-01   2.4896874e-01   3.2823848e-01   2.4999191e-01   5.2824452e-02   1.7166171e-01   3.4027678e-01   2.4738748e-01   2.8667371e-01   2.5168329e-01   7.9156944e-02   2.3840138e-01   2.9192588e-01   3.0333934e-01   2.7453811e-01   2.0435206e-01   2.4484155e-01   1.6271333e-01  -9.7553550e-02   1.7727896e-01   5.4020653e-01   2.8884822e-01   2.8590504e-01   2.8831191e-01   5.6582073e-02   2.5774887e-01   1.8430655e-02   1.7229540e-01   2.4124604e-01   2.0512970e-01   4.5719591e-01   2.9151645e-02   2.5058959e-01   8.5197924e-02   1.1755738e-02   3.6814012e-02   8.8615873e-02   2.2307306e-01   6.7831540e-02   4.1956513e-01  -3.3930383e-02  -1.1259760e-01  -1.5420211e-01   3.6389706e-01   2.9481276e-03  -5.3054105e-02   1.4448819e-01   2.7267180e-01   1.0579820e-01  -1.7667444e-02  -4.5918472e-02   7.3659383e-02   2.6936389e-01  -7.6803676e-02   3.2257221e-01   1.7306865e-01   4.7768505e-02   2.2595918e-01   3.2996164e-01   2.1054112e-01   1.9000607e-01   3.9239481e-02   2.7055639e-01   2.2896624e-01  -1.4519847e-01   4.4274092e-01   9.8760095e-02   2.7412447e-01   1.5345778e-01   1.8679267e-03   2.7179476e-02  -2.1122407e-02  -4.8863475e-02   5.2583788e-02   4.8843195e-04   1.6624236e-01   6.3025520e-02   1.7596932e-01   2.7912109e-01   9.7365043e-02  -5.3757999e-02   1.5044634e-01   1.1019825e-01   2.0509534e-02   6.7153146e-02   4.7130359e-02   3.1282160e-02   3.3171674e-01   0.0000000e+00  -3.5313346e-02  -4.8849415e-02  -1.4256252e-01
   9.6765708e-02   0.0000000e+00   1.1754565e-01   1.1149943e-01   4.0378664e-01   1.9828966e-01   1.9049248e-01  -3.5379402e-02  -6.9611612e-02   7.8404830e-02   2.2559795e-01   6.7182750e-02   3.2469178e-01   2.1656944e-01   1.4988377e-01   1.6270972e-01   6.6288927e-01   0.0000000e+00   2.0671069e-01   3.4444112e-01   1.8892535e-01   2.5500735e-01   1.9487390e-02  -3.6523208e-04   1.6063472e-01   1.4120502e-01   3.2579090e-01   3.1385652e-01   2.0531035e-01   1.1605877e-01   8.4808142e-02   2.8442514e-01   3.4772967e-01   3.1985635e-01   1.6642134e-01   2.8504253e-01  -5.8402614e-02   1.0358926e-01   2.1137357e-01   2.2367546e-01   2.1834213e-01   1.2054251e-01   2.4365528e-01   1.0354635e-01  -1.0446191e-01   1.5594462e-01   4.6479450e-01   4.0059278e-01   2.8862616e-01   2.7629174e-01   1.8431963e-01   1.3727975e-01   2.4437745e-02   8.8540566e-02   2.1623000e-01   1.2748036e-01   3.8380939e-01   1.4830103e-01   2.2178722e-01   1.1469388e-01   1.4531281e-02  -2.0223370e-03   2.8225365e-02   2.3156452e-01  -1.2085342e-02   3.9058059e-01  -4.2447846e-02  -1.6782535e-02  -4.8776570e-02   4.1504484e-01   3.2631854e-02  -1.2386423e-01   1.4574124e-01   2.7677630e-01   6.1338308e-02   4.2424030e-02  -5.7747584e-03   1.0316319e-01   2.8365960e-01   3.6093708e-02   3.2025801e-01   2.0387771e-01   1.4786674e-01   3.3715337e-01   3.6048607e-01   1.2072130e-01   2.5389544e-01   9.2468980e-02   3.7886822e-01   2.2891477e-01  -2.8898942e-02   4.1344826e-01   6.6549546e-02   3.6169621e-01   1.3428197e-01  -2.6838079e-02  -3.2519961e-02  -9.1110933e-02  -6.9101388e-02   5.8692144e-02  -4.4459925e-02   1.1381467e-01   1.0058775e-01   1.3391171e-01   2.3444291e-01   6.5875265e-02  -7.8859178e-02   6.4148287e-02  -2.2808279e-02   5.9876529e-02   4.2571465e-02   9.0900428e-02   6.8121423e-03   2.7160352e-01   0.0000000e+00   6.9500390e-02   8.0940051e-02  -6.0965056e-02
   1.6802815e-01   0.0000000e+00  -3.5475173e-02   2.1941903e-01   8.9490446e-02   9.0670495e-02   6.2993073e-01  -9.5291297e-02   2.1092146e-01   1.4586120e-01   3.9510307e-01   9.5761130e-02   2.8289818e-01   2.0239450e-01   3.2246224e-01   3.2397754e-01   2.2080729e-01   2.0671069e-01   0.0000000e+00   1.4921160e-01   2.0785120e-01   1.8230712e-01   1.3929024e-01   1.1451580e-01   2.5720287e-01   5.2010624e-02   6.1441621e-02   9.3824190e-02   2.2999098e-01   1.7903756e-01  -1.5961852e-01   2.0135962e-01   3.0550118e-01   9.3216924e-02   2.3150496e-01   4.0609297e-01   6.4791091e-02   4.3690821e-01   3.9020420e-01   5.2254727e-01   4.7890266e-01   4.0541481e-01   3.7971776e-01   3.9624873e-01  -9.9737699e-03   3.7168136e-01   4.0432205e-01   3.3378085e-01   9.4381248e-02   1.4437620e-01  -1.4597532e-02   4.2097592e-01   2.6808696e-01   3.5287642e-01   3.6544303e-01   3.6692038e-01   3.2568108e-01   1.6648741e-01   9.8197776e-01   2.1405967e-01  -2.7959720e-02   1.0731584e-01   1.4979876e-01   3.9552874e-01   1.7049234e-01   7.3645086e-01   7.9416894e-02   2.3304758e-01   3.4273321e-02   2.2715391e-01   1.2274277e-01   1.4942161e-01   3.5328565e-01   3.3758196e-01   4.3573575e-02   1.4015617e-01   1.7561474e-01   2.0733242e-01   1.7693007e-01  -5.4906810e-02   8.3006272e-02   1.5204289e-01  -2.8780426e-03   3.2151186e-02   4.2490190e-01   2.7170487e-01   1.2859275e-01   2.6455588e-02   2.2680825e-01   3.1441777e-01   5.5719432e-02   3.5188000e-01   2.7060475e-01   5.7666784e-01   6.4773174e-01   3.3591375e-01   1.7571856e-01   3.7734598e-01   2.4807540e-01   4.0391436e-01   2.1914172e-01   3.5799249e-01   2.3873367e-01   2.2453171e-01   3.7678674e-01   4.8663667e-02   1.1938092e-01   1.7609605e-01   1.9226418e-01   4.1705662e-01   3.7604294e-01   2.1562793e-01   1.6141825e-01   2.5043367e-01   0.0000000e+00  -3.6099518e-02  -9.5091863e-02  -9.3563942e-02
   1.6905600e-02   0.0000000e+00   1.7163365e-01   2.1011848e-01   3.1117398e-01   1.7777711e-01   1.8991322e-02  -5.0106425e-02  -1.3310439e-02   9.3335614e-03   2.4632567e-01  -7.5139629e-02   6.2775511e-01   1.2184872e-01   2.2818101e-01   2.3731915e-01   4.5005699e-01   3.4444112e-01   1.4921160e-01   0.0000000e+00   5.2138875e-01   3.0015808e-01   1.5119604e-01   2.6402637e-01   2.9282284e-01   2.3820050e-01   5.6441815e-01   3.6200366e-01   2.7561843e-01   3.1453576e-01   2.3237652e-01   3.1515052e-01   3.1201444e-01   4.4609268e-01   5.3499682e-01   3.5926368e-01   6.6497850e-02   3.4582152e-02   1.5004226e-01   1.5880052e-01   2.4887022e-02   2.0539498e-01   8.2107788e-02  -1.4803645e-02   1.6213462e-01   5.2115826e-02   3.4141388e-01   2.5944484e-01   3.5563803e-01   3.1357699e-01   3.5359479e-01   2.0311785e-01  -9.7570316e-02   2.0433286e-02   3.0539820e-01   3.5911886e-01   4.6976789e-01   1.0033773e-01   1.7446672e-01   1.6410472e-01   1.2980790e-01  -9.8801071e-03  -5.9784593e-02   2.2972478e-01   8.9538708e-02   2.4585300e-01   1.3257532e-02  -1.6008726e-01  -8.5506538e-02   3.7770981e-01  -9.4163717e-02  -6.4355033e-02  -6.6058175e-02   1.9937065e-01  -1.5071536e-02   4.7211764e-03  -4.7631227e-02  -1.3193783e-01   1.2304411e-01   8.3151072e-02   2.2890225e-01   8.7073083e-02   8.9829287e-02   3.9704423e-01   3.9062227e-01   5.1074896e-02   2.2987518e-01   1.1600949e-01   1.8579043e-01   1.7804967e-01  -4.5874165e-02   3.1583845e-01  -7.5409681e-02   1.7735743e-01  -6.0568644e-02  -4.1218651e-02   3.2251832e-02  -2.2968542e-01  -1.5076654e-01   3.7033184e-02  -1.2777063e-01   2.0389205e-02  -2.9132903e-03   5.8057889e-02   1.4491539e-01   1.8227206e-02  -6.5766348e-03   1.5642917e-01  -8.5504701e-02  -6.9968274e-02   5.5860813e-02  -1.8881851e-02  -1.3978437e-02   3.4817053e-01   0.0000000e+00  -6.7192082e-02   8.7964358e-02   8.8104014e-02
  -2.9484036e-02   0.0000000e+00   8.5296023e-02   1.3870430e-01   1.5759919e-01   2.6646388e-02   3.9750307e-02  -1.3255346e-01  -3.4250209e-02   2.0219527e-02   1.1506894e-01  -1.2293071e-02   5.2380491e-01   2.3827767e-01   1.7013691e-01   2.2823135e-01   3.3005784e-01   1.8892535e-01   2.0785120e-01   5.2138875e-01   0.0000000e+00   4.8060700e-01   1.9228495e-01   3.2167035e-01   5.3482021e-01   1.1417173e-01   2.8285609e-01   1.7505409e-01   3.2936709e-01   2.0826218e-01   3.3908358e-02   2.0289182e-01   1.8669070e-01   1.9562065e-01   4.3949436e-01   2.2126823e-01   7.5877871e-02   1.1456155e-01   1.8540225e-01   1.4399487e-01   8.5001276e-02   2.1135615e-01   5.0757330e-02   4.9453584e-02   8.6199535e-02   9.4879498e-02   3.2066200e-01   2.4305947e-01   2.4882065e-01   1.6335000e-01   1.6028829e-01   1.9436337e-01  -6.8881064e-02   5.6471910e-02   2.6777303e-01   3.3732410e-01   4.9655961e-01   3.5290155e-04   2.2971317e-01   2.6331720e-01   1.8658649e-01   1.4060565e-01   1.3808001e-02   2.4740201e-01   1.4267656e-02   2.3923751e-01  -3.5391450e-02  -1.5052303e-01  -1.4518929e-01   1.9765628e-01   5.6114120e-04   6.7024946e-02  -2.1890724e-02   8.4002190e-02  -4.3260849e-02  -5.3336651e-03   3.2674275e-02  -5.6326718e-02   5.0334039e-02  -6.3688599e-02   1.3689277e-01   1.1800005e-02  -2.9896339e-02   2.2910059e-01   3.2209273e-01   1.8440660e-01   1.1318887e-01  -2.1070654e-04   4.2896656e-02   1.3438032e-01  -8.8245769e-02   2.9434948e-01  -4.7421102e-03   1.9177898e-01   3.9296583e-02  -1.9648767e-02   6.4857130e-02  -1.9691413e-02  -5.6495499e-02   1.1139753e-01  -1.4906873e-02   7.8908085e-02   5.9974197e-02   2.3168691e-01   3.5772286e-01   8.7733644e-02   4.7984520e-02   7.5861185e-02   9.9448016e-02  -3.2829062e-02   1.2228187e-01   1.2669658e-03   3.5806616e-02   2.8153347e-01   0.0000000e+00  -1.2118249e-01  -8.2800456e-02   6.3491974e-02
