   0.0000000e+00   0.0000000e+00   0.0000000e+00   2.0279755e-01   1.8263152e-01   0.0000000e+00   1.4369150e-01   5.1809546e-02  -3.7037792e-03   5.4381312e-02   1.7953993e-01   4.5211641e-02   5.6890001e-02   4.7121834e-02   1.0139325e-01  -4.4019248e-02   2.6614812e-01   2.7057294e-01   1.2524872e-02   1.4338691e-01   1.6022900e-01   4.3142501e-02   1.4017381e-01   1.2468400e-01   7.7283883e-02   2.3236490e-02   8.2791650e-02   9.6558488e-02   8.1468360e-02   9.4577335e-02   1.5092541e-01   1.1941982e-01  -5.8524179e-02  -4.3676296e-02  -9.0638345e-03   6.8931331e-02   1.6299735e-01   1.5235606e-01   1.2537897e-01   2.4007263e-01   9.1671367e-02   3.2832306e-02   5.3382849e-02   1.7081133e-03   4.8332848e-02   4.5775127e-02   1.3722607e-01   9.7663799e-02  -1.1804104e-01   2.0745171e-02   2.1089628e-03   3.1477060e-02   7.5868145e-02   1.6926467e-01   6.8614939e-02   1.4621808e-01   1.4818460e-02   8.7225783e-02  -2.3974893e-02   6.0733018e-02   5.6620504e-02   6.2021692e-02   1.0198534e-01   2.2677872e-01   5.8770935e-03  -2.7225304e-03  -9.1302958e-02   1.5336007e-01   7.3836437e-02  -2.2721382e-02   1.1001936e-01  -1.8348531e-02   4.2009900e-01   2.9794315e-02   0.0000000e+00   6.8640010e-02  -1.4898673e-02  -6.1420719e-02   4.6356363e-02   3.1182511e-02  -5.4810237e-02  -4.7073843e-03   6.4375299e-02   1.4236211e-02   5.7682170e-02   1.6081668e-02   3.4307580e-02  -3.9864161e-02   1.4970962e-01   1.5463998e-02  -1.0273990e-02  -5.2336636e-02   1.7437157e-01  -1.1470604e-02  -1.6643994e-01  -2.0274559e-03   2.9932192e-02   2.7085711e-02   8.8390418e-03  -3.2757383e-02   3.1713838e-02   1.0297206e-02  -4.1458124e-02   6.8914963e-02  -1.5160640e-02  -6.1163403e-03  -4.0913371e-02  -1.7087412e-02   4.4902100e-02   3.7399538e-02  -8.9045148e-02   1.8172089e-01   4.7055502e-02   1.7214150e-01   0.0000000e+00   8.0393054e-02   6.7801564e-02   6.2192261e-02
   0.0000000e+00   0.0000000e+00   0.0000000e+00   0.0000000e+00   0.0000000e+00   0.0000000e+00   0.0000000e+00   0.0000000e+00   0.0000000e+00   0.0000000e+00   0.0000000e+00   0.0000000e+00   0.0000000e+00   0.0000000e+00   0.0000000e+00   0.0000000e+00   0.0000000e+00   0.0000000e+00   0.0000000e+00   0.0000000e+00   0.0000000e+00   0.0000000e+00   0.0000000e+00   0.0000000e+00   0.0000000e+00   0.0000000e+00   0.0000000e+00   0.0000000e+00   0.0000000e+00   0.0000000e+00   0.0000000e+00   0.0000000e+00   0.0000000e+00   0.0000000e+00   0.0000000e+00   0.0000000e+00   0.0000000e+00   0.0000000e+00   0.0000000e+00   0.0000000e+00   0.0000000e+00   0.0000000e+00   0.0000000e+00   0.0000000e+00   0.0000000e+00   0.0000000e+00   0.0000000e+00   0.0000000e+00   0.0000000e+00   0.0000000e+00   0.0000000e+00   0.0000000e+00   0.0000000e+00   0.0000000e+00   0.0000000e+00   0.0000000e+00   0.0000000e+00   0.0000000e+00   0.0000000e+00   0.0000000e+00   0.0000000e+00   0.0000000e+00   0.0000000e+00   0.0000000e+00   0.0000000e+00   0.0000000e+00   0.0000000e+00   0.0000000e+00   0.0000000e+00   0.0000000e+00   0.0000000e+00   0.0000000e+00   0.0000000e+00   0.0000000e+00   0.0000000e+00   0.0000000e+00   0.0000000e+00   0.0000000e+00   0.0000000e+00   0.0000000e+00   0.0000000e+00   0.0000000e+00   0.0000000e+00   0.0000000e+00   0.0000000e+00   0.0000000e+00   0.0000000e+00   0.0000000e+00   0.0000000e+00   0.0000000e+00   0.0000000e+00   0.0000000e+00   0.0000000e+00   0.0000000e+00   0.0000000e+00   0.0000000e+00   0.0000000e+00   0.0000000e+00   0.0000000e+00   0.0000000e+00   0.0000000e+00   0.0000000e+00   0.0000000e+00   0.0000000e+00   0.0000000e+00   0.0000000e+00   0.0000000e+00   0.0000000e+00   0.0000000e+00   0.0000000e+00   0.0000000e+00   0.0000000e+00   0.0000000e+00   0.0000000e+00   0.0000000e+00   0.0000000e+00   0.0000000e+00   0.0000000e+00
   0.0000000e+00   0.0000000e+00   0.0000000e+00   0.0000000e+00   0.0000000e+00   0.0000000e+00   0.0000000e+00   0.0000000e+00   0.0000000e+00   0.0000000e+00   0.0000000e+00   0.0000000e+00   0.0000000e+00   0.0000000e+00   0.0000000e+00   0.0000000e+00   0.0000000e+00   0.0000000e+00   0.0000000e+00   0.0000000e+00   0.0000000e+00   0.0000000e+00   0.0000000e+00   0.0000000e+00   0.0000000e+00   0.0000000e+00   0.0000000e+00   0.0000000e+00   0.0000000e+00   0.0000000e+00   0.0000000e+00   0.0000000e+00   0.0000000e+00   0.0000000e+00   0.0000000e+00   0.0000000e+00   0.0000000e+00   0.0000000e+00   0.0000000e+00   0.0000000e+00   0.0000000e+00   0.0000000e+00   0.0000000e+00   0.0000000e+00   0.0000000e+00   0.0000000e+00   0.0000000e+00   0.0000000e+00   0.0000000e+00   0.0000000e+00   0.0000000e+00   0.0000000e+00   0.0000000e+00   0.0000000e+00   0.0000000e+00   0.0000000e+00   0.0000000e+00   0.0000000e+00   0.0000000e+00   0.0000000e+00   0.0000000e+00   0.0000000e+00   0.0000000e+00   0.0000000e+00   0.0000000e+00   0.0000000e+00   0.0000000e+00   0.0000000e+00   0.0000000e+00   0.0000000e+00   0.0000000e+00   0.0000000e+00   0.0000000e+00   0.0000000e+00   0.0000000e+00   0.0000000e+00   0.0000000e+00   0.0000000e+00   0.0000000e+00   0.0000000e+00   0.0000000e+00   0.0000000e+00   0.0000000e+00   0.0000000e+00   0.0000000e+00   0.0000000e+00   0.0000000e+00   0.0000000e+00   0.0000000e+00   0.0000000e+00   0.0000000e+00   0.0000000e+00   0.0000000e+00   0.0000000e+00   0.0000000e+00   0.0000000e+00   0.0000000e+00   0.0000000e+00   0.0000000e+00   0.0000000e+00   0.0000000e+00   0.0000000e+00   0.0000000e+00   0.0000000e+00   0.0000000e+00   0.0000000e+00   0.0000000e+00   0.0000000e+00   0.0000000e+00   0.0000000e+00   0.0000000e+00   0.0000000e+00   0.0000000e+00   0.0000000e+00   0.0000000e+00   0.0000000e+00   0.0000000e+00   0.0000000e+00
   2.0279755e-01   0.0000000e+00   0.0000000e+00   0.0000000e+00   5.8265097e-02   0.0000000e+00   2.9289966e-02   6.6342758e-02   1.0058971e-01   1.0925608e-01   3.0469125e-02   8.5331559e-02   5.9781175e-02   8.0832279e-02   1.1051897e-01   1.1217723e-01   2.2082513e-01   2.0281637e-01   2.9389621e-01   3.1543516e-01   2.0311023e-01   1.1531872e-01   2.1276730e-01   1.5400629e-01   1.3007906e-01   1.1534956e-01   6.5488397e-02   1.1880898e-01   1.3220508e-01   1.3762121e-01   2.2090074e-01  -1.8736558e-03  -1.1464025e-01  -1.0140984e-01  -3.9330314e-02   5.1629255e-02   4.3375202e-02   1.8407982e-01   2.7805887e-02   9.4031675e-02   2.1837334e-02  -1.1543595e-02   1.3735888e-01   1.0134282e-01   1.3025909e-01  -3.7324546e-02   1.3826423e-01   1.1072172e-01  -8.7383084e-02  -7.9072458e-02   4.8750624e-02  -2.3715237e-02   1.4487805e-01   2.4314265e-01   3.1158853e-02   1.5007377e-02   8.6722399e-02   1.0747078e-01   2.5141565e-02   1.8274740e-01   6.8572012e-02   2.8848030e-02   1.7087775e-01   8.6906619e-02   4.1209677e-02   1.8787308e-02  -2.2983100e-02   2.5050139e-02   8.4121235e-02   9.8215046e-02   6.8119102e-02  -7.0643228e-03   8.5359239e-02  -9.8245183e-03   0.0000000e+00   1.2416341e-01   9.1129829e-02   1.0475496e-01   2.9946828e-02   1.1421185e-01   4.0096626e-04   2.6574342e-02  -2.3396944e-02   1.2899720e-01  -2.3025773e-02   8.1765873e-02   1.3201998e-02   5.9515645e-02   1.0396202e-01   9.6046986e-02   2.1950493e-02  -1.8685802e-02   1.9502457e-01  -1.4317828e-02   7.4719535e-02   8.1000219e-02  -1.2646114e-02   9.5962712e-03   5.4363435e-02   1.4932647e-01   1.6192484e-02   4.1616657e-02   5.7056641e-02   1.7385844e-01   9.7755645e-02   3.4766075e-02   5.8063790e-02  -6.9551361e-03   7.2156802e-02   3.4195819e-02  -4.4414215e-02   1.6511705e-01   1.5883063e-01   1.0025094e-01   0.0000000e+00   1.1809508e-01   1.1893370e-01   1.7588160e-01
   1.8263152e-01   0.0000000e+00   0.0000000e+00   5.8265097e-02   0.0000000e+00   0.0000000e+00   2.1302572e-01  -5.9691774e-02  -1.1423822e-01   1.8284892e-01   2.4688818e-01   2.3563921e-01   2.6919921e-02   5.1835536e-02   1.7769985e-02   1.4101276e-01   1.5568036e-01   3.8426932e-01   2.1883984e-01   1.7633051e-01   2.1571283e-02   1.5555370e-01  -3.0050379e-02  -1.1698312e-02   1.1610297e-01   1.5470480e-01   3.0317635e-01   3.7855924e-01   1.0013591e-01   5.2990945e-02   1.3590336e-01   3.4966348e-01   1.5703760e-01   9.8379272e-02   2.4751777e-01   3.2588372e-01   2.8158817e-01   2.9978694e-01   3.0332025e-01   2.9240425e-01   2.4310473e-01   2.6510826e-01   2.8656776e-01   2.9609180e-01   8.6375881e-02   1.5275636e-01   3.2322012e-01   1.5300578e-01   1.4404783e-01   3.2905940e-01   2.6272647e-01   3.0369725e-01   2.9207371e-01   2.2574101e-01   1.3388194e-01   1.5206648e-01   2.0765701e-01   9.7967656e-03   1.1344651e-01   1.8819966e-01   1.7327005e-01   2.8762589e-01   8.8264167e-02   2.4305971e-01  -9.9504157e-03   1.8455933e-01   6.1004607e-03   2.9896642e-01  -1.1526168e-01   2.8906707e-01  -2.5765063e-02  -1.6919826e-01   2.2346708e-01   6.9028703e-02   0.0000000e+00  -4.5199918e-02  -8.0951789e-02   2.1170770e-01   3.4029077e-01  -9.5557379e-02   4.3491628e-01   1.3900073e-01   7.3136935e-02  -1.0849717e-01   1.8171773e-01   1.5502459e-01  -3.1245176e-02   9.3186936e-02   1.6709732e-01  -6.8614496e-02   3.3472836e-02   4.4978115e-01   4.8491306e-02   2.3507271e-01   1.3272492e-01   9.8455767e-02   2.8258910e-01   2.0494036e-01   2.0384389e-01   1.6506994e-01   2.9950059e-01   3.0905499e-01  -1.6292065e-02   1.2370116e-01   1.8571054e-01  -6.7716216e-02  -3.8726085e-02   6.0453576e-02   2.5048795e-01   7.7837410e-02   2.9936792e-02   2.4484248e-01   3.5973357e-02   4.2571316e-01   0.0000000e+00  -5.1974159e-02  -5.8451230e-02  -9.6419583e-02
   0.0000000e+00   0.0000000e+00   0.0000000e+00   0.0000000e+00   0.0000000e+00   0.0000000e+00   0.0000000e+00   0.0000000e+00   0.0000000e+00   0.0000000e+00   0.0000000e+00   0.0000000e+00   0.0000000e+00   0.0000000e+00   0.0000000e+00   0.0000000e+00   0.0000000e+00   0.0000000e+00   0.0000000e+00   0.0000000e+00   0.0000000e+00   0.0000000e+00   0.0000000e+00   0.0000000e+00   0.0000000e+00   0.0000000e+00   0.0000000e+00   0.0000000e+00   0.0000000e+00   0.0000000e+00   0.0000000e+00   0.0000000e+00   0.0000000e+00   0.0000000e+00   0.0000000e+00   0.0000000e+00   0.0000000e+00   0.0000000e+00   0.0000000e+00   0.0000000e+00   0.0000000e+00   0.0000000e+00   0.0000000e+00   0.0000000e+00   0.0000000e+00   0.0000000e+00   0.0000000e+00   0.0000000e+00   0.0000000e+00   0.0000000e+00   0.0000000e+00   0.0000000e+00   0.0000000e+00   0.0000000e+00   0.0000000e+00   0.0000000e+00   0.0000000e+00   0.0000000e+00   0.0000000e+00   0.0000000e+00   0.0000000e+00   0.0000000e+00   0.0000000e+00   0.0000000e+00   0.0000000e+00   0.0000000e+00   0.0000000e+00   0.0000000e+00   0.0000000e+00   0.0000000e+00   0.0000000e+00   0.0000000e+00   0.0000000e+00   0.0000000e+00   0.0000000e+00   0.0000000e+00   0.0000000e+00   0.0000000e+00   0.0000000e+00   0.0000000e+00   0.0000000e+00   0.0000000e+00   0.0000000e+00   0.0000000e+00   0.0000000e+00   0.0000000e+00   0.0000000e+00   0.0000000e+00   0.0000000e+00   0.0000000e+00   0.0000000e+00   0.0000000e+00   0.0000000e+00   0.0000000e+00   0.0000000e+00   0.0000000e+00   0.0000000e+00   0.0000000e+00   0.0000000e+00   0.0000000e+00   0.0000000e+00   0.0000000e+00   0.0000000e+00   0.0000000e+00   0.0000000e+00   0.0000000e+00   0.0000000e+00   0.0000000e+00   0.0000000e+00   0.0000000e+00   0.0000000e+00   0.0000000e+00   0.0000000e+00   0.0000000e+00   0.0000000e+00   0.0000000e+00   0.0000000e+00   0.0000000e+00
   1.4369150e-01   0.0000000e+00   0.0000000e+00   2.9289966e-02   2.1302572e-01   0.0000000e+00   0.0000000e+00  -3.0020191e-02  -2.8434400e-01   2.4858553e-01   2.6224854e-01   1.9984696e-02   1.9764049e-01  -4.0644012e-02   3.0474810e-01   2.8483746e-02   2.3570245e-01   2.8471759e-01   9.6734928e-02   2.5285667e-01   1.5721864e-01   1.0272960e-01   6.6730193e-02   1.3951995e-01   1.7826365e-01  -1.1036729e-02   2.2657593e-01   1.6921528e-01   3.6417982e-01   2.5824740e-01   3.1258898e-01   2.4870331e-01   2.7194946e-01   1.5617087e-01   2.3274138e-01   2.8848757e-01   3.2268409e-01   3.2555040e-01   4.1302452e-01   2.6049092e-01   1.9634628e-01   1.4719583e-01   4.9134001e-01   2.3096118e-01   2.0478062e-01   1.6767946e-01   3.6076578e-01   2.2141276e-01   4.2398679e-02   1.6264985e-01   3.7838172e-01   3.1970691e-01   2.7598952e-01   2.5152010e-01   9.1984397e-02   1.8244420e-01   8.2872666e-02   9.0490595e-02   8.2234474e-02   3.4626206e-02   4.5842655e-03   4.8612320e-02  -7.1652933e-02   3.9237389e-01   9.3491642e-02   4.2588760e-01  -1.0532974e-01   2.3439195e-01   1.3666416e-02   2.7201752e-01   1.2263000e-01   9.6245796e-02   3.4695238e-01   1.5426587e-01   0.0000000e+00  -7.8426050e-02   1.9509369e-01   1.6675502e-01   2.2428320e-01  -2.9206567e-02   1.6376546e-01   1.6307825e-01   1.1339940e-01   7.0774008e-02   1.9850204e-01   6.8156030e-02   2.3306035e-01  -2.6408771e-03   9.4352011e-02   1.1089370e-01   1.9924552e-01   2.2680868e-01  -6.8969146e-03   2.0637167e-01   1.6598460e-01  -8.1747643e-02   6.3680069e-02   2.0652460e-02   6.4734069e-02   2.8408768e-02   3.0590088e-01   3.3656297e-01  -1.6424079e-01  -2.9901172e-02   5.4867929e-02   9.1456544e-02  -1.8063373e-03   3.5545671e-02   1.3180256e-01   1.4851438e-01  -4.5800277e-02  -1.2484598e-02  -2.4593085e-02   1.2627492e-01   0.0000000e+00  -6.9739781e-02   4.7313873e-02   1.2062188e-01
   5.1809546e-02   0.0000000e+00   0.0000000e+00   6.6342758e-02  -5.9691774e-02   0.0000000e+00  -3.0020191e-02   0.0000000e+00   2.0206564e-01  -4.0458155e-02  -2.4078552e-02   6.5293742e-02  -3.8629588e-02   1.7150972e-02  -1.7207262e-02   1.6173545e-01  -2.7458096e-02  -2.5193186e-02  -8.1100202e-02   5.6823968e-02  -1.8882001e-02  -3.8563706e-02   9.6529973e-02   1.0824856e-02  -8.6174667e-02   1.3994025e-01  -2.5971234e-01   1.6283526e-02  -3.6741220e-02   1.4837085e-02  -1.5426826e-01   5.9791543e-02   2.8371297e-01   1.9908922e-01   1.9022937e-01   2.1208756e-02   1.2598679e-02  -7.9201505e-02  -3.3471537e-02  -1.2829376e-01  -9.2685388e-02   2.0326905e-02   1.0264059e-01   7.3730168e-02   6.8124686e-02   6.2327265e-02  -9.2203128e-02   2.5712511e-02  -2.5155037e-02  -6.2506743e-03  -1.9430954e-01   3.7438051e-02   3.4929687e-02   1.0232781e-01   1.3441139e-03  -7.6660859e-03  -7.8379089e-02  -4.2157828e-02  -6.7740961e-03  -3.2513492e-02   4.1182019e-02  -7.1064225e-02   1.4853170e-01  -1.0177918e-01   3.0380528e-02   4.0455660e-02   1.4923655e-01   1.8570624e-02   1.6828967e-01  -1.9259658e-02   6.0252431e-02  -6.0814369e-02  -2.0662937e-02  -2.2080697e-02   0.0000000e+00   1.6917768e-01   1.8137509e-02   6.5263000e-02  -1.2985485e-01   1.7107724e-01  -1.1416024e-01   8.7478494e-02  -2.0092244e-01   2.0694549e-01  -7.1850963e-02   9.8093142e-02   1.4162602e-01   8.9519036e-02   2.0088827e-01   7.4985051e-02   5.9119239e-02  -8.7752843e-02   3.2417362e-02   6.1508414e-02   8.7432092e-02   5.6552422e-02   7.2659773e-02   1.4113592e-02   1.2755636e-01   1.1613416e-01   1.5714579e-02   4.6562334e-02   2.5971145e-01  -3.2695069e-02   8.1439666e-02  -9.2957457e-04   5.2352800e-02  -4.1765525e-03   1.2244543e-02   1.5878957e-01   1.5213609e-01   7.8981555e-02   2.7901822e-02   1.7268503e-02   0.0000000e+00   4.7645049e-01   4.3438475e-01   1.0194743e-01
  -3.7037792e-03   0.0000000e+00   0.0000000e+00   1.0058971e-01  -1.1423822e-01   0.0000000e+00  -2.8434400e-01   2.0206564e-01   0.0000000e+00  -1.5164580e-01  -9.8465756e-02  -7.5619710e-04   3.0012939e-03   8.7070359e-03  -9.6661449e-02   1.3100514e-01   3.2552935e-02  -6.6719336e-02   1.4319270e-01  -1.7976894e-03  -2.8473411e-02  -1.5655212e-02   1.1018608e-01  -8.4241837e-02  -8.5097490e-02   1.4051702e-01  -1.4721299e-01   5.4480850e-02  -2.0206576e-01  -1.4932630e-01  -1.4235086e-01  -9.3757023e-02   4.4793696e-03  -1.9703811e-02  -8.6009868e-02   2.5320157e-03  -1.2496242e-02  -1.0821361e-01  -1.7060490e-01  -4.8758251e-02   8.6570749e-02  -4.3463426e-02  -1.8908574e-01   4.5303199e-02  -1.4152141e-01   9.8176714e-02  -1.5074747e-01   1.2097912e-02   1.5291332e-01  -2.0909554e-02  -2.2261213e-01  -7.8736651e-02   6.5949532e-02   1.4884726e-03   1.3833356e-01   1.0683776e-01  -4.1644339e-02   5.3417211e-02   6.7173131e-02   1.2596054e-02   6.8460775e-02   9.0660065e-02   2.5270360e-01  -1.2952619e-01  -3.5062136e-02  -2.4521499e-02   1.6042175e-01   4.6462565e-02   5.2167171e-02  -1.9325768e-03  -9.8054808e-02  -1.2158019e-01  -1.3259387e-01  -6.9869956e-02   0.0000000e+00   9.4493131e-02  -1.5302778e-01  -6.0811388e-02  -9.7309761e-02   1.3153107e-01  -5.8149023e-02  -9.3185344e-02  -1.2137879e-01   7.2833975e-02  -4.8744922e-02   2.2383917e-03  -1.6549717e-02   8.3841844e-02   1.4730622e-01  -1.3636463e-01  -6.9247015e-02  -4.2398075e-02  -2.1774354e-02   4.9410590e-02   9.6675862e-02   1.9493567e-01   5.9753284e-02   9.1514821e-02   1.3630625e-01   6.2022312e-02  -4.5867857e-02  -1.5911343e-02   1.5480327e-01   9.1706131e-02   7.4974644e-02  -2.1770195e-02   1.4446588e-01   2.2389858e-01   1.3857599e-01   1.1334227e-01   2.2665834e-01   1.7086406e-01   1.4142992e-01   1.0179960e-01   0.0000000e+00   1.6084017e-01   1.5327541e-01  -1.5660899e-03
   5.4381312e-02   0.0000000e+00   0.0000000e+00   1.0925608e-01   1.8284892e-01   0.0000000e+00   2.4858553e-01  -4.0458155e-02  -1.5164580e-01   0.0000000e+00   2.7191559e-01   6.4704378e-02   7.3684937e-02   1.2181520e-01   2.2288976e-01   4.1916040e-02   1.8507210e-01   1.4248676e-01   7.4165294e-02   1.8280219e-01   1.6868476e-01   1.6892127e-01   1.4714379e-01   1.4109620e-01   2.1882370e-01   1.8846338e-01   2.4994619e-01   3.6796479e-01   2.8964918e-01   1.7137708e-01   1.4042044e-01   2.6563462e-01   1.3808101e-01  -3.2857475e-02   1.6032457e-01   2.6332031e-01   1.8749513e-01   3.9248304e-01   3.1859949e-01   4.6458877e-01   2.4534322e-01   1.4401215e-01   2.2575829e-01   2.6068684e-01   2.0064791e-01   1.1635371e-01   1.9854186e-01   1.6207633e-01  -1.3079858e-02  -1.2276911e-02   2.1580700e-01   1.5015870e-01   2.7620452e-01   6.9167562e-02  -2.3498217e-02  -3.4376789e-02   1.6436722e-01  -6.2960919e-02   9.3984630e-02   9.7608376e-02   2.5219471e-02   7.5896048e-02   1.1165404e-01   5.6861290e-02  -9.7647039e-02   3.2019280e-02   3.1461462e-02   2.9421672e-02  -4.8877597e-03   1.3545225e-01   1.0335930e-01   9.2939077e-02   2.2820667e-02   5.0799349e-03   0.0000000e+00   2.0245963e-02   1.0483402e-01   2.0529201e-01   1.0619116e-01  -2.5725670e-02   2.1019488e-01   2.1821922e-01   9.8607736e-02  -2.2522605e-02   1.5838047e-01   5.5877292e-02   1.1557661e-01  -5.1867932e-03   1.9728181e-01   7.3670614e-02   7.1339901e-02   1.4695597e-01   5.0487607e-02   5.6686953e-02   1.6870787e-01   1.6747780e-01  -3.6581952e-02   1.2365457e-01   9.5652041e-02   1.2083785e-01   1.7122575e-01   2.2301889e-01  -3.4933336e-02   7.2192668e-02   8.7327620e-02  -5.6276470e-02   3.6173231e-02  -1.0510658e-01   6.5841155e-02  -3.8294193e-02  -6.7969817e-02  -3.5551254e-02   4.2728886e-03  -6.5529210e-02   0.0000000e+00   1.5398130e-02   3.6337521e-02   3.4418675e-02
   1.7953993e-01   0.0000000e+00   0.0000000e+00   3.0469125e-02   2.4688818e-01   0.0000000e+00   2.6224854e-01  -2.4078552e-02  -9.8465756e-02   2.7191559e-01   0.0000000e+00   1.3181808e-01   1.9550337e-01  -4.2879402e-02   1.6260069e-01   6.5801111e-02   1.4883869e-01   2.8071910e-01   8.7516968e-02   1.9160087e-01   1.0257516e-01   1.8427441e-01   6.3084428e-02   1.1744075e-01   1.5796381e-01   1.0038248e-01   2.0681613e-01   2.5464751e-01   2.0140053e-01   1.0636768e-01   2.3641018e-01   2.1923321e-01   1.7623536e-01   1.0185455e-01   2.1194043e-01   2.3873141e-01   2.5687382e-01   3.0944605e-01   3.3895655e-01   3.7462565e-01   2.5140490e-01   1.5338095e-01   2.2741428e-01   2.4210155e-01   1.2262430e-01   1.9684896e-01   2.1934681e-01   2.0779348e-01   1.7433493e-01   1.6304000e-01   2.2352810e-01   1.5766971e-01   2.3607216e-01   1.5408522e-01   3.0956209e-02   2.0482127e-01   1.8640899e-01   8.0380089e-02   3.9462521e-02   1.0968566e-01   1.0437113e-01   1.2426661e-01   3.3750971e-02   1.8988308e-01   4.8754130e-02   2.0359318e-01  -4.0658729e-03   1.1665965e-01  -7.7922781e-02   2.3173029e-01   3.3354182e-02  -1.0581928e-04   1.1481612e-01   2.3018363e-01   0.0000000e+00  -6.6813315e-02   1.5520057e-02   1.6580764e-01   1.2375701e-01  -6.6768164e-03   1.2255783e-01   5.4498279e-02   6.3037973e-02   2.9489253e-03   2.3111417e-02   6.9832658e-02   2.4723174e-02  -4.1781213e-02   1.1414880e-01  -4.8222076e-03   7.2890095e-03   1.1790908e-01   3.5911940e-02   7.0298298e-02   3.2927147e-02   6.3803035e-02   1.3239153e-01   3.2552008e-02  -5.6942918e-02   3.5877020e-02   1.9473190e-01   1.3464718e-01  -3.6541840e-02   1.5363478e-01   5.8103529e-02   3.8520636e-02   1.8675564e-02   4.8934307e-03   1.5028209e-01   7.8050593e-02  -2.6667945e-02   6.2001765e-02   4.3322085e-02   1.6907712e-01   0.0000000e+00  -8.4485092e-02   2.3738123e-02  -1.2190099e-02
   4.5211641e-02   0.0000000e+00   0.0000000e+00   8.5331559e-02   2.3563921e-01   0.0000000e+00   1.9984696e-02   6.5293742e-02  -7.5619710e-04   6.4704378e-02   1.3181808e-01   0.0000000e+00   1.3289126e-01   5.2820868e-02  -4.9011268e-03   7.6296090e-02  -3.3501459e-02   1.1183550e-01   1.3174160e-01   4.3888211e-02   2.8219829e-02   5.6793283e-02  -3.3131712e-02   4.2197794e-02  -2.0454606e-02   2.0228408e-01   7.2226901e-02   1.7229262e-01  -2.1097494e-02   3.3990160e-02   4.5314282e-02   1.6392305e-01   3.2058351e-02   8.3430761e-02   2.1671438e-01   1.1338279e-02  -6.8378592e-03  -1.0627254e-02   3.3398206e-02   5.4638726e-02  -2.0498354e-02   6.5989079e-02   1.6824570e-01   1.8178309e-01  -3.3257578e-02   7.4392785e-02   7.7610796e-03   1.5329128e-01   1.9698545e-01   4.4291246e-02   1.0173430e-01   6.0455084e-02   4.1819125e-02   1.2890363e-01   3.6676431e-02   6.9356048e-02   1.2827496e-01   1.2000532e-01   1.6680684e-01   2.5707642e-01   2.1663675e-01   2.0267971e-01   1.9781877e-01   5.2664080e-02   8.7006075e-02  -3.4628460e-02   2.3909671e-01   2.2560999e-01  -2.8744881e-02   2.5855631e-01  -5.9842724e-02  -1.4949384e-01   2.2412886e-01   1.3729273e-01   0.0000000e+00   8.1263852e-02  -7.8582231e-03   1.6026048e-01   1.5287939e-01   7.4737230e-02   2.4289085e-01   1.3983940e-01  -6.0507588e-02  -4.0599884e-03   6.3592681e-02   8.9586642e-02  -1.1239612e-01   1.1796196e-01  -3.7296663e-02   8.8795159e-02   7.4489171e-02   2.3701751e-01   2.9591050e-02   1.3517386e-01   1.2888064e-01   8.8935001e-02   2.7106798e-01   1.2453495e-01   1.7862463e-01   1.5011969e-01   9.0848268e-02   1.4299765e-01   2.0147933e-01   1.7091690e-01   2.6515798e-01   1.3622635e-01   8.5789023e-02   4.0511979e-02   3.1909978e-01   7.8673038e-02   1.8254970e-01   1.3297554e-01   6.4494783e-02   1.4767473e-01   0.0000000e+00   4.2743939e-02   8.2175726e-02   2.5472453e-03
   5.6890001e-02   0.0000000e+00   0.0000000e+00   5.9781175e-02   2.6919921e-02   0.0000000e+00   1.9764049e-01  -3.8629588e-02   3.0012939e-03   7.3684937e-02   1.9550337e-01   1.3289126e-01   0.0000000e+00  -6.1266726e-02   2.8416797e-01   6.8829042e-02   1.1572801e-01   1.7513595e-01   1.3147219e-01   3.6789581e-01   2.5613643e-01   2.1117199e-01   3.7880574e-02   1.8667232e-01   4.6463095e-02   8.2970459e-02   1.5386899e-01  -2.8012145e-02   2.1212758e-01   2.4432192e-01   3.1151767e-01   6.3014804e-02  -4.7967617e-02   6.4317150e-02   1.1835268e-01   3.5180537e-02   1.6352353e-01   3.1019466e-02  -2.4004386e-02   1.0812302e-01  -1.0660697e-02   5.2504598e-02   2.2097115e-01   2.0460547e-01   1.3232695e-01   2.9818891e-01   1.1903520e-02   4.9760861e-01   3.6562081e-01   1.0641373e-01   3.5495584e-01   6.7060641e-02   1.6177715e-01   1.8296572e-01   1.4064407e-01   2.3950078e-01   1.1146547e-01   4.8773125e-01   1.3388376e-01   2.4083681e-01   3.9198778e-01   3.2162237e-01   9.5152030e-02   2.6575661e-01   3.5869865e-01   3.1871584e-02   2.3859284e-01   4.2503807e-01   1.9247168e-01   4.8139291e-01   2.2847225e-01   4.8928991e-02   8.2760935e-02   3.5111470e-02   0.0000000e+00   1.7618860e-01   4.2120540e-01   2.3832565e-01   2.0528984e-01   4.3157291e-01   1.0846865e-01   1.1200518e-01   2.2564276e-01   3.0446681e-01   8.4296458e-02   1.6305653e-01   2.0738618e-01   2.0844364e-01  -6.6963471e-02   2.9517638e-01   2.6701924e-01   2.4225413e-01   2.4450591e-02   1.4833402e-01   8.5682939e-02   7.3517735e-02   2.3084607e-01   9.8851000e-02   7.2962926e-03   4.4389426e-02   1.5597078e-01   6.7323041e-03   1.2670678e-01   2.3859254e-01   1.6709531e-01   5.4350441e-01   5.8181958e-02   9.9718104e-02   3.1797001e-01   9.1766900e-02   1.6917823e-01   8.2363459e-02   1.9201144e-01   1.4835975e-01   0.0000000e+00  -3.7165531e-02   2.5077908e-01   3.8385235e-01
   4.7121834e-02   0.0000000e+00   0.0000000e+00   8.0832279e-02   5.1835536e-02   0.0000000e+00  -4.0644012e-02   1.7150972e-02   8.7070359e-03   1.2181520e-01  -4.2879402e-02   5.2820868e-02  -6.1266726e-02   0.0000000e+00  -8.1721766e-02  -1.9406485e-04   1.7893962e-02  -1.6551334e-02   3.8701311e-02  -6.6377119e-02   2.3188237e-01   4.0751217e-01   1.5560682e-01   3.0654616e-02   3.8740132e-01   2.1403664e-01   1.4981164e-01   1.4867516e-01  -1.4001291e-01  -1.2086310e-01  -7.9623028e-02  -5.6424554e-03  -6.5735192e-02  -1.7363114e-01  -7.1353320e-02   1.1829109e-02  -3.9641687e-02   5.2837977e-02   6.0203118e-03   2.6275754e-02   6.1282650e-02  -4.2116386e-03  -5.9089242e-02   7.1635475e-02   4.2427545e-02  -5.3915369e-02   1.8489790e-02  -6.5511683e-02  -4.6435188e-02  -9.2046917e-02  -6.8038250e-02  -8.7026138e-02   1.3622305e-02   1.3991128e-02   3.0730624e-02  -1.0089456e-01   4.8590696e-01  -1.4107572e-02   1.2168881e-03   2.2685904e-01   1.6358634e-01   1.3047537e-01   2.1681020e-01  -1.6360918e-01  -7.7360093e-02  -1.6774674e-02  -6.9784835e-03   9.5315732e-02  -4.4343149e-02   1.4353693e-02  -3.3265046e-02   3.9611632e-02   7.8842958e-02  -3.7773860e-02   0.0000000e+00  -2.5283638e-02  -7.9991693e-02   5.6893066e-02   3.1203681e-02  -3.9940199e-02   6.1268158e-02   1.7136543e-01   9.8395252e-02  -1.3665014e-02   4.5534173e-03   2.8454360e-02  -7.3800673e-02   1.0826928e-01   1.1743602e-01  -9.1806183e-02  -9.3654302e-02   8.8051499e-02   1.2092544e-01   5.6923953e-02  -4.8865338e-02   2.9508018e-02   4.0426057e-02   4.3964118e-02   4.6422665e-02  -3.9186227e-02   5.3126037e-02   8.5818623e-02   5.6989611e-02   1.7545555e-01   1.9962246e-01  -3.4243953e-02   6.6258299e-02   2.3449372e-02   1.4204525e-01   1.9693333e-02  -1.0701734e-02   8.3962181e-02   6.8330940e-02   1.9972566e-02   0.0000000e+00   1.4469578e-01   3.0838476e-02   6.7159332e-02
   1.0139325e-01   0.0000000e+00   0.0000000e+00   1.1051897e-01   1.7769985e-02   0.0000000e+00   3.0474810e-01  -1.7207262e-02  -9.6661449e-02   2.2288976e-01   1.6260069e-01  -4.9011268e-03   2.8416797e-01  -8.1721766e-02   0.0000000e+00   1.7342369e-01   2.4154080e-01   2.2329790e-01   1.0043646e-01   1.5288920e-01   3.4297167e-01   6.7422490e-02   7.9094418e-02   1.0432217e-01   1.6584887e-01  -9.4473307e-02   9.3844578e-02  -5.7537245e-02   3.7358125e-01   3.1875707e-01   2.3915685e-01   2.5155953e-02   1.1336440e-02   1.0431112e-01   4.7608230e-02   2.1558372e-01   2.3756351e-01   2.6633123e-01   2.3508942e-01   2.5597029e-01   4.8251067e-02   4.7747475e-02   1.8090608e-01   1.3066070e-01   2.4130671e-01   1.2181825e-01   2.1449138e-01   3.9674589e-01   2.4317623e-02   1.7370735e-02   1.0005781e-01   1.0468085e-01   1.5486166e-01   2.4964917e-01   4.2385600e-02   2.4292297e-01   4.3546458e-02   1.9064152e-01   7.9350239e-02  -6.1234778e-02  -9.2254816e-02  -7.8489163e-02  -9.8333232e-02   2.4984675e-01   2.7665181e-01   8.2872307e-02   8.5666062e-02   1.3430321e-01   3.0000463e-01   5.5345298e-02   1.9575946e-01   1.8090520e-01  -6.0563111e-02   7.9329491e-03   0.0000000e+00   2.2574961e-01   2.9010054e-01   9.3220115e-02  -2.8728414e-03   1.0770514e-01  -8.8869345e-02  -4.1682251e-04   3.7002024e-02   7.5093242e-02   6.3828761e-02  -2.5763278e-02   1.6436064e-01  -9.3794970e-02  -7.9494153e-02   2.7562281e-01   2.2311804e-01  -2.8893515e-02   2.7763588e-02   4.2421157e-02   1.4157140e-01   1.4579178e-02   1.2301367e-02   1.0224251e-01   1.6523599e-02   1.0080636e-01   8.5150553e-02   6.7429742e-03  -1.9033012e-02   4.6747931e-02   1.1094367e-02   3.5839928e-01   3.0261439e-02   3.9904626e-03  -2.0605814e-03   1.4975549e-01   7.3571130e-02   6.7773363e-02   1.5140152e-01   4.4275928e-02   0.0000000e+00  -5.8421503e-02   5.9127560e-02   2.1208547e-01
  -4.4019248e-02   0.0000000e+00   0.0000000e+00   1.1217723e-01   1.4101276e-01   0.0000000e+00   2.8483746e-02   1.6173545e-01   1.3100514e-01   4.1916040e-02   6.5801111e-02   7.6296090e-02   6.8829042e-02  -1.9406485e-04   1.7342369e-01   0.0000000e+00   1.4814773e-01   1.5805801e-01   1.8645273e-01   9.8116958e-02   9.7676638e-02   1.2461792e-01   1.0582618e-01   6.5685722e-02   1.0045355e-01   2.9763076e-02   6.7900296e-02   1.8454838e-01   1.4217768e-01   1.3339714e-01   7.3267609e-02   5.7213481e-02   2.1263549e-01   1.6606500e-01   1.2714912e-01   2.7955202e-01   2.7463711e-01   1.4538196e-01   1.4885638e-01   6.8078342e-02   8.5472722e-02   7.1666850e-02   7.8606482e-02   2.0947980e-01   1.8691799e-01   1.5577910e-01   1.5637015e-01   1.8443106e-01   9.0954002e-02   1.1787522e-01   3.9447919e-02   1.6319260e-01   2.3862137e-01   2.2433302e-01   3.8308752e-01   2.7161192e-01   1.2160075e-01   1.1196272e-01   2.2327777e-01   3.2131341e-02   4.9684079e-02   9.0933681e-02   8.0408572e-03   1.5530713e-01   1.4894597e-01   1.1102903e-01   2.3526050e-02   1.7402882e-01   1.0833342e-01   5.5228847e-02   7.3376491e-02   2.0963638e-02  -1.0551879e-01  -7.0193145e-02   0.0000000e+00   7.4520008e-02   1.0196108e-01   2.7738357e-01   8.8949066e-02  -2.1962269e-02   5.5346699e-02   9.1031819e-02   2.4771140e-02  -1.8865229e-02   6.7399994e-02   1.2253469e-01   6.1040556e-02   8.5523673e-02   1.9952993e-01  -7.9322876e-03  -6.4013362e-03   8.0561908e-02   1.3000340e-01   2.1333402e-01   1.9937876e-01   1.2236307e-01   2.9749861e-01   1.3358269e-01   8.8111577e-02   1.2654672e-01   2.0080440e-01   8.9105971e-02   1.4516391e-01   7.5980959e-02   1.8972360e-01   1.0721309e-01   9.5741875e-02   1.7784597e-01   1.1433130e-01   4.3028871e-01   1.2529796e-01   8.5221242e-02   6.3389057e-02   1.1023668e-01   0.0000000e+00   1.8186365e-01   8.4718194e-02   1.7715089e-02
   2.6614812e-01   0.0000000e+00   0.0000000e+00   2.2082513e-01   1.5568036e-01   0.0000000e+00   2.3570245e-01  -2.7458096e-02   3.2552935e-02   1.8507210e-01   1.4883869e-01  -3.3501459e-02   1.1572801e-01   1.7893962e-02   2.4154080e-01   1.4814773e-01   0.0000000e+00   4.7456865e-01   1.4212382e-01   2.6664516e-01   2.3557754e-01   3.7468599e-02   1.4630478e-01   1.1799801e-01   1.6459007e-01  -2.9412400e-02   1.3980417e-01   1.8205995e-01   2.6534206e-01   1.8687898e-01   2.3903142e-01   5.0224909e-02   1.6672147e-02   4.1987131e-02   1.6393582e-03   2.0540505e-01   2.7461511e-01   3.3361321e-01   1.8779720e-01   2.6321566e-01   1.9014473e-01   9.5836515e-02   1.2472419e-01   6.8555519e-02   2.2882770e-01   1.0541955e-01   2.8303221e-01   9.8842447e-02  -2.6198134e-02   5.6261113e-03   1.3007751e-01   1.2688697e-01   2.0583770e-01   1.6284278e-01   1.2624668e-01   2.2701071e-01   3.6643903e-02   7.8952747e-02   1.9813920e-01  -6.4475346e-03  -2.3159861e-02  -3.0276166e-02   4.2133012e-02   2.9345774e-01   3.1493826e-03   1.0856828e-01  -7.4364974e-02   1.6635705e-01   2.6858235e-02   1.5241468e-01   1.0002194e-01   5.3128379e-02   1.8938795e-01  -7.4894460e-02   0.0000000e+00   9.2055473e-03   1.1719988e-01   2.7251422e-02   6.2528062e-03   6.0844983e-03   2.2440094e-02   7.3054742e-02   4.3986525e-02   7.6157535e-02   8.7291989e-02   5.2731421e-03   1.1011240e-01  -2.3409437e-02   7.8204763e-02   3.1490973e-02   1.0312492e-02  -2.9003429e-02   1.1222617e-01   9.3147520e-02   6.2004914e-02  -2.7667720e-02   1.1460320e-01   4.4547676e-02  -1.2018101e-02  -6.1363218e-03   1.4022198e-01   7.3698434e-02  -1.2615777e-01   6.9644859e-02   4.2090192e-02  -4.8159733e-03  -3.5311988e-02  -2.5819540e-03   9.0798058e-02   1.4535232e-01  -7.6090845e-03   1.5086538e-01   1.3651278e-01   1.2444811e-01   0.0000000e+00   3.7087821e-02   8.2008796e-02   1.5612482e-01
   2.7057294e-01   0.0000000e+00   0.0000000e+00   2.0281637e-01   3.8426932e-01   0.0000000e+00   2.8471759e-01  -2.5193186e-02  -6.6719336e-02   1.4248676e-01   2.8071910e-01   1.1183550e-01   1.7513595e-01  -1.6551334e-02   2.2329790e-01   1.5805801e-01   4.7456865e-01   0.0000000e+00   1.8446221e-01   3.3285206e-01   2.6200746e-01   2.0116458e-01   4.9994246e-02   7.8151026e-02   2.6283680e-01  -7.8073899e-03   3.1101653e-01   1.8629598e-01   4.1644662e-01   1.9576661e-01   4.1236975e-01   1.0646686e-01   1.4112782e-01   2.7090877e-01   1.4680925e-01   3.6284628e-01   3.8733514e-01   4.9714174e-01   4.1048604e-01   3.6740921e-01   2.3129939e-01   1.8836628e-01   2.8342481e-01   2.2717123e-01   1.8100350e-01   2.8101386e-01   2.7578429e-01   1.6588367e-01   2.1861517e-01   2.1356197e-01   1.5472262e-01   2.8238720e-01   1.7694824e-01   1.6809500e-01   2.1524842e-01   4.0861015e-01   1.5123942e-01   1.4818162e-01   1.8209330e-01   8.9029087e-02   2.2180620e-02   1.0653999e-01   1.6857588e-03   5.5978984e-01   8.7341019e-02   2.3551701e-01  -1.1318338e-01   1.4388795e-01  -4.4510581e-02   3.0343661e-01  -4.5179245e-02  -8.3365171e-02   1.4951130e-01   2.8205093e-02   0.0000000e+00  -8.6324492e-02   3.9593693e-02   2.2936866e-02   9.1651751e-02  -2.5389681e-02   9.9513550e-02  -1.0614482e-01   7.4954035e-02   6.6046874e-02   9.5728099e-02   2.9522757e-02   2.4422505e-02  -5.9866175e-02   6.9446057e-02  -1.1581715e-01  -4.3123762e-03   1.0982112e-01   1.0552222e-03   1.6678071e-01  -7.6461516e-03   4.0268455e-03   2.1611030e-01   1.0157643e-01   1.0408834e-02   6.6399749e-03   1.3354755e-01   1.2075915e-01  -6.4400221e-02   8.1925943e-02   1.0226328e-01   1.0995602e-02  -3.1404852e-02   1.5852651e-01   1.3385799e-01   1.1925216e-01   7.2731769e-02   3.1195513e-01   1.8890843e-01   4.6289914e-01   0.0000000e+00  -6.3559852e-02   4.6480172e-02   4.3683263e-02
   1.2524872e-02   0.0000000e+00   0.0000000e+00   2.9389621e-01   2.1883984e-01   0.0000000e+00   9.6734928e-02  -8.1100202e-02   1.4319270e-01   7.4165294e-02   8.7516968e-02   1.3174160e-01   1.3147219e-01   3.8701311e-02   1.0043646e-01   1.8645273e-01   1.4212382e-01   1.8446221e-01   0.0000000e+00   2.0374688e-01   4.0430595e-02   6.5907281e-02   6.5289228e-02   9.3969403e-02   8.4252729e-02   6.7034382e-02   1.0599497e-01   2.8610751e-01   9.9300407e-02   6.1592003e-02   1.6937461e-01   8.8996443e-02   2.4874483e-02  -1.2465582e-02   4.6250548e-02   1.6008636e-01   1.2387268e-01   2.8103905e-01   1.1984005e-01   7.8363894e-02   1.5034832e-01   1.4185977e-01   1.9424438e-01   2.0868518e-01   2.9007714e-02   7.5516407e-02   2.0725574e-01   2.0240449e-01   1.1321121e-01   6.4865217e-02   1.9332627e-01   1.5986037e-01   2.3941714e-01   1.5157981e-01   6.7395658e-02   1.9678996e-02   1.4468034e-01   1.0739749e-01   4.0677277e-01   2.1334265e-01   1.3721639e-01   2.0236321e-01   1.5583102e-01   2.0293406e-01   7.4031215e-02   1.6550794e-01   8.2314740e-02   2.9861370e-01  -4.3816305e-02   2.5967570e-01  -1.4860759e-02  -4.4657533e-02   7.6485665e-02   4.5535943e-02   0.0000000e+00   1.0179411e-01  -2.1128857e-03   2.3578556e-01   1.9541742e-01   7.3925847e-02   2.1335079e-01   5.4122354e-02  -3.1525612e-03   1.2839188e-02   9.8712870e-02   1.9153450e-01   3.9103272e-02   1.3114679e-01   1.3530153e-01   2.7468216e-02   6.8646252e-02   2.4367524e-01   2.2488246e-01   2.6055035e-01   2.6467772e-01   1.4951750e-01   1.1354579e-01   2.6444249e-01   1.9950958e-01   2.6604840e-01   2.3207687e-01   2.4917743e-01   4.3456575e-02   3.1410429e-01   1.3990821e-01   8.0593121e-02   9.7143425e-02   1.5364799e-01   2.5063235e-01   2.4825295e-01   1.4933112e-01   4.8655791e-02   1.7563824e-01   1.2592191e-01   0.0000000e+00  -1.1367927e-02   1.3691957e-02  -2.3225218e-02
   1.4338691e-01   0.0000000e+00   0.0000000e+00   3.1543516e-01   1.7633051e-01   0.0000000e+00   2.5285667e-01   5.6823968e-02  -1.7976894e-03   1.8280219e-01   1.9160087e-01   4.3888211e-02   3.6789581e-01  -6.6377119e-02   1.5288920e-01   9.8116958e-02   2.6664516e-01   3.3285206e-01   2.0374688e-01   0.0000000e+00   2.9193104e-01   1.5691178e-01   2.1211166e-01   2.0115592e-01   1.6900348e-01   1.5712533e-01   1.3744305e-01   2.9858708e-01   2.5791793e-01   2.7110377e-01   4.1910066e-01   1.0535608e-01   1.1132911e-01   1.8284748e-02   1.2957829e-01   1.8553319e-01   2.2677475e-01   3.1487392e-01   1.7434188e-01   2.1152704e-01   9.5991450e-02   1.3657216e-01   4.4002588e-01   1.9162256e-01   2.3107246e-01   1.9817419e-01   2.0315754e-01   2.3354872e-01   3.8751305e-02   5.8659264e-02   2.8614130e-01   1.5340764e-01   2.7179994e-01   2.0022097e-01   8.6193262e-02   1.4316286e-01   5.0966056e-02   1.4224140e-01   4.9608195e-02   2.8392978e-01   2.4963756e-01   1.4167320e-01   1.4457668e-01   2.7839349e-01   1.5237615e-01   7.1644677e-02  -1.0329380e-01   1.0377748e-01  -8.1599881e-02   5.5187064e-01   1.7157503e-01  -6.0457374e-02   1.0459351e-01   3.3762687e-02   0.0000000e+00  -7.8150900e-02   1.7914138e-01   1.6248297e-01   1.4302278e-01   1.8481030e-01   1.3979755e-01   1.5778647e-01   9.8170576e-02   3.3005509e-01   2.6335515e-02   1.4951104e-01   6.5328733e-02   5.3429649e-02   9.5342632e-02   2.0556849e-02   9.7464121e-02   3.9332784e-02   8.0764580e-02   9.8892252e-02   6.5428005e-02   6.5026266e-02   8.6426139e-02   1.0884772e-01   8.4906561e-02   1.0341261e-01   1.0253325e-01   1.2958624e-01  -5.7338119e-02   2.1902053e-01   8.0322152e-02   1.1099886e-02  -5.9486656e-02   6.4978170e-03   1.2433941e-01   5.9282574e-02  -1.2380982e-01   1.5781878e-01   1.1309801e-01   1.7075789e-01   0.0000000e+00  -3.0343883e-02   2.1746242e-01   4.2082207e-01
   1.6022900e-01   0.0000000e+00   0.0000000e+00   2.0311023e-01   2.1571283e-02   0.0000000e+00   1.5721864e-01  -1.8882001e-02  -2.8473411e-02   1.6868476e-01   1.0257516e-01   2.8219829e-02   2.5613643e-01   2.3188237e-01   3.4297167e-01   9.7676638e-02   2.3557754e-01   2.6200746e-01   4.0430595e-02   2.9193104e-01   0.0000000e+00   3.1663619e-01   1.9484058e-01   1.9041126e-01   3.8531289e-01   7.6822455e-02   2.1607192e-01   4.8914831e-02   3.4453013e-01   3.1487621e-01   3.1412878e-01  -2.6334395e-04  -6.9712712e-02  -3.4382050e-02   2.4219238e-03   1.1269198e-01   2.1892638e-01   1.7848278e-01   1.5136020e-01   2.3397543e-01   3.0563173e-02  -2.9185931e-02   1.1044308e-01   1.0346122e-01   2.2937077e-01   1.0617496e-01   1.6385679e-01   1.8514432e-01  -4.3282040e-02  -1.5996518e-02   1.3831070e-01   4.2149651e-02   1.2487212e-01   1.0286675e-01   9.3533110e-02   2.2022818e-01   2.6995233e-01   1.5180069e-01   6.2193109e-02   1.4983301e-01   1.6113225e-01   6.2951894e-02   7.0271832e-02   1.4797562e-01   1.4934288e-01  -5.9740971e-02   1.9326324e-02   2.4929926e-02   1.6553529e-01   8.3191120e-02   2.0751424e-01   9.8933350e-02   3.0671411e-03  -3.8339932e-02   0.0000000e+00   9.8953933e-02   2.9024675e-01   1.2307310e-01   1.5208460e-02   2.1146447e-01  -5.1347043e-03  -1.6796512e-02   2.0945001e-01   2.3023440e-01   4.0299971e-02   1.9869421e-02   1.0611383e-01   2.3012646e-02  -5.9616646e-02   1.8499314e-01   1.4206093e-01  -2.9985727e-02   2.0670545e-02  -1.3952942e-02   2.3312743e-02  -1.6303857e-02  -6.3536756e-02   8.2395084e-02   3.2240570e-02  -3.6458144e-04   2.3279278e-02  -6.7402556e-02  -3.8862909e-03   1.3253312e-01   2.0362775e-01   1.5319503e-01  -2.1866149e-02  -2.3350975e-02  -4.5046588e-02   8.5713197e-03  -1.0398947e-01   1.0865785e-01   1.5204709e-01   3.8983026e-02   0.0000000e+00  -5.3287500e-02   2.1095121e-01   3.4515898e-01
