   0.0000000e+00   0.0000000e+00  -2.8698376e-01   1.3053043e-01   1.0319142e-01  -6.1866965e-02   2.8418755e-01  -1.2478917e-03   4.6079685e-03   1.0419911e-01   1.0540907e-01  -1.4035658e-01   2.1740173e-02   4.3808542e-02   1.9188217e-02   7.1598369e-02   3.4400138e-02  -3.4688063e-02   7.4135570e-02   1.4554447e-02   3.2681804e-02  -1.6646810e-02   1.8003129e-02  -2.5191017e-02   9.2182147e-02   3.4851913e-02  -1.1575148e-01  -4.1355689e-02   8.1786210e-05   5.6788463e-02  -1.1027511e-01   5.8094745e-02   9.2679472e-02   7.7799975e-02   4.7998391e-02   1.0713870e-01   1.1883383e-01   9.3671244e-02   2.5889951e-01   1.6880074e-01   1.2747735e-01  -1.1362341e-01   6.7554545e-03   6.3371877e-02  -2.1468196e-02  -1.8950285e-02   1.1397318e-01  -5.5013486e-04  -8.1977499e-02  -1.2897960e-01  -7.5797801e-02   1.1453384e-01  -6.1995231e-04   1.1624469e-01  -5.4008140e-02  -2.7321978e-02   4.0212817e-02   1.0640704e-01  -6.8976341e-02  -1.1939082e-03   9.3338210e-03   2.5334759e-02   1.0376644e-01  -6.8986959e-02  -1.0239688e-01  -7.2697319e-02   4.0099852e-02   1.0702940e-01   1.6534644e-01   1.1581891e-01  -1.8638589e-01   2.6298747e-02   1.1928200e-01  -1.0605073e-01   0.0000000e+00   9.9088681e-02   1.9911783e-01   2.3287402e-01   8.2916158e-02   8.3626124e-03   7.3848407e-02  -2.3054517e-02  -7.7819507e-02   6.4381646e-02   4.8397266e-02  -3.5209964e-02   4.7563730e-02   3.7962411e-02   2.5181636e-02   9.3140592e-02   3.7147141e-02   6.0087869e-02  -2.6750465e-02  -4.4468592e-02   4.3033899e-02   1.5827396e-02   1.2047878e-01  -1.0301003e-01   5.0480169e-02  -1.8280275e-02   8.1300189e-02  -6.1545305e-02  -5.5512265e-02   5.5317109e-02   5.9443419e-02   1.0056590e-01   2.8775487e-02   5.5658584e-02   8.6487238e-02   6.9779352e-02   1.3909064e-01   2.1967726e-01   1.6324023e-02   7.2252438e-02   0.0000000e+00   1.8172295e-02   1.4738617e-02  -6.9083259e-02
   0.0000000e+00   0.0000000e+00   0.0000000e+00   0.0000000e+00   0.0000000e+00   0.0000000e+00   0.0000000e+00   0.0000000e+00   0.0000000e+00   0.0000000e+00   0.0000000e+00   0.0000000e+00   0.0000000e+00   0.0000000e+00   0.0000000e+00   0.0000000e+00   0.0000000e+00   0.0000000e+00   0.0000000e+00   0.0000000e+00   0.0000000e+00   0.0000000e+00   0.0000000e+00   0.0000000e+00   0.0000000e+00   0.0000000e+00   0.0000000e+00   0.0000000e+00   0.0000000e+00   0.0000000e+00   0.0000000e+00   0.0000000e+00   0.0000000e+00   0.0000000e+00   0.0000000e+00   0.0000000e+00   0.0000000e+00   0.0000000e+00   0.0000000e+00   0.0000000e+00   0.0000000e+00   0.0000000e+00   0.0000000e+00   0.0000000e+00   0.0000000e+00   0.0000000e+00   0.0000000e+00   0.0000000e+00   0.0000000e+00   0.0000000e+00   0.0000000e+00   0.0000000e+00   0.0000000e+00   0.0000000e+00   0.0000000e+00   0.0000000e+00   0.0000000e+00   0.0000000e+00   0.0000000e+00   0.0000000e+00   0.0000000e+00   0.0000000e+00   0.0000000e+00   0.0000000e+00   0.0000000e+00   0.0000000e+00   0.0000000e+00   0.0000000e+00   0.0000000e+00   0.0000000e+00   0.0000000e+00   0.0000000e+00   0.0000000e+00   0.0000000e+00   0.0000000e+00   0.0000000e+00   0.0000000e+00   0.0000000e+00   0.0000000e+00   0.0000000e+00   0.0000000e+00   0.0000000e+00   0.0000000e+00   0.0000000e+00   0.0000000e+00   0.0000000e+00   0.0000000e+00   0.0000000e+00   0.0000000e+00   0.0000000e+00   0.0000000e+00   0.0000000e+00   0.0000000e+00   0.0000000e+00   0.0000000e+00   0.0000000e+00   0.0000000e+00   0.0000000e+00   0.0000000e+00   0.0000000e+00   0.0000000e+00   0.0000000e+00   0.0000000e+00   0.0000000e+00   0.0000000e+00   0.0000000e+00   0.0000000e+00   0.0000000e+00   0.0000000e+00   0.0000000e+00   0.0000000e+00   0.0000000e+00   0.0000000e+00   0.0000000e+00   0.0000000e+00   0.0000000e+00   0.0000000e+00   0.0000000e+00
  -2.8698376e-01   0.0000000e+00   0.0000000e+00  -7.4071223e-03   1.0648405e-01   2.5007905e-01   1.4900060e-01   1.5115880e-02   6.4894195e-02  -4.5777763e-03   1.7999620e-01   1.5591241e-01   6.9243349e-02   3.3451822e-02   1.3682186e-01   1.2518570e-01   1.3809160e-01   2.4455881e-01   1.8841398e-01   4.3261331e-02  -5.6554759e-03   4.0048060e-02   9.5920747e-02   4.9141671e-02   3.7553077e-02   5.3095777e-02   4.5510544e-02   6.1958949e-02  -2.7936535e-02   1.6428502e-02   2.7569659e-02   3.9158315e-02   6.8925046e-02   2.6356646e-02   6.7636932e-02   1.4988756e-02  -4.7603025e-02   1.2492398e-01  -1.3545335e-01  -8.8164360e-03   7.7983773e-02   1.4697836e-01   3.4396914e-02   3.1251688e-02   1.8869996e-02   1.2724202e-01   6.3652228e-02   1.2665472e-01   1.3488187e-01   1.6370741e-01   7.1311499e-02  -1.7062165e-02   4.0222625e-02   7.3309984e-03   3.1937789e-01   2.8077742e-01  -1.9379418e-02  -5.3989200e-03   2.0539452e-01   7.9240192e-02   4.0764862e-02   3.2627874e-02   3.6120916e-03   2.6413566e-01   9.8787280e-02   1.6199980e-01   3.3799083e-02   1.4219633e-01  -3.8360138e-02   3.8981939e-02   1.6911762e-02   6.8242330e-02   7.0651248e-02   1.9251581e-01   0.0000000e+00  -2.7619679e-02  -9.0995157e-02   3.0156531e-02   3.1800518e-02   1.7184315e-02   6.4286263e-02   1.1464998e-01   1.1869868e-01   9.4079327e-03   4.0539101e-02  -1.3048260e-01  -4.1062493e-02   6.9207940e-02   1.2861236e-01   2.1284951e-02   4.3268704e-02   6.3985457e-02   6.7606086e-02   1.9949802e-01   1.2316149e-01   3.9493538e-02  -1.2581081e-01   2.8012455e-01   7.3886521e-02   1.2679612e-01  -8.7533010e-02   2.4851420e-01   1.5616797e-02   1.6350307e-01   8.4878278e-02  -6.5593846e-02   1.6987789e-01   6.3746562e-02   6.7518007e-02   7.3239575e-02   5.1370740e-02   1.1638512e-01   1.5084865e-01   9.9423288e-02   0.0000000e+00   2.1179314e-02   7.0484909e-02   5.5671152e-02
   1.3053043e-01   0.0000000e+00  -7.4071223e-03   0.0000000e+00   9.1548917e-02  -4.6753252e-03   1.6125772e-01   2.8891431e-02   8.2166548e-02   2.9581086e-02   1.5223748e-01  -1.1683090e-01  -1.7548918e-02   1.1617049e-01   8.1845578e-02   2.6890874e-02   1.1491620e-01  -1.2784500e-02   3.3547001e-01  -1.4283333e-03   1.4621842e-01   7.8765706e-03   2.2217074e-01   1.1816326e-01   3.3591282e-02   1.0324198e-01  -5.4125005e-02   1.1671099e-02   1.0947078e-01   5.2279316e-02   2.5905351e-03   3.5197675e-02   1.3043761e-01   1.3934005e-01   6.8898585e-02   8.4047384e-02  -2.6814468e-02   1.7034581e-01   1.4095847e-03   1.1658254e-01   5.7753938e-02   3.9576059e-03   3.6396836e-02   6.4343450e-02  -1.0572720e-01   9.5681332e-03   1.2018154e-01   1.6650410e-02  -3.8440274e-02  -7.6846804e-02  -7.2100703e-02  -7.0351364e-02  -6.9855796e-03   5.1693427e-03   5.4751640e-02  -3.2565895e-03   4.5717672e-02   1.0479327e-01   3.1867787e-01  -2.9262662e-02   1.6702660e-02  -5.2156530e-02   9.7705729e-03  -7.4360736e-03   7.8550914e-02  -3.8602139e-02   1.2624376e-02   7.4795228e-02   2.9704491e-02  -1.1604294e-01  -1.8880788e-02   1.4295676e-01   4.2532664e-02   2.0524042e-02   0.0000000e+00   1.6749795e-01   2.7318912e-02   3.4223346e-02  -4.4172971e-02  -1.7161883e-03  -1.9435107e-02  -5.3994848e-03   1.3013825e-02  -1.6291698e-01  -9.2722628e-02   1.4272574e-02   1.0332272e-01  -1.4622878e-02  -8.3614837e-02   1.4652835e-01   6.8290555e-02  -4.0930501e-02  -3.2519355e-02  -5.3155078e-02   9.1245744e-02   5.3067552e-02  -5.2847217e-02   1.1149961e-01   1.3990575e-01   1.9274090e-01   6.7432335e-02  -9.2606103e-03  -9.7289581e-03  -1.0214208e-01   9.1187314e-02  -2.5933985e-02  -1.2945574e-02   5.3613467e-02  -5.0125948e-02  -5.8290877e-02   5.8710573e-02   8.1125642e-02   2.5032868e-02   5.4101062e-02   0.0000000e+00   8.0520346e-02   1.4977112e-02   1.1541366e-01
   1.0319142e-01   0.0000000e+00   1.0648405e-01   9.1548917e-02   0.0000000e+00   2.7310278e-01   5.1035302e-03   5.7385109e-03  -1.7785369e-02   1.7427222e-01   1.0072167e-01   5.8023423e-02  -1.4337301e-02   1.3752590e-01   1.3304965e-01   1.2692170e-01   1.1731764e-01   1.4392928e-01   1.1619629e-01   1.6951178e-01   9.3439963e-03   1.8980111e-01  -6.8916992e-02  -5.0865867e-02   2.7515738e-01   7.7746717e-02   2.9465679e-01   1.9435500e-01   1.4424539e-03   8.8107698e-02   1.3202152e-02   2.6869978e-01   1.0589025e-01  -4.2482419e-02   7.9953842e-02   7.5608917e-02   1.0125495e-01   7.4913702e-02   1.6164469e-01   3.1162054e-02   1.1610295e-01   6.7225398e-04   8.1489684e-02   1.4671080e-01   6.6790254e-03   6.6328222e-02   4.8086861e-01  -4.0998820e-02   1.2039653e-01   3.5753858e-01   1.9400924e-02   2.8756189e-01   1.2525423e-01   3.4578530e-02   1.3018060e-01   1.8968700e-01   2.9122358e-01   9.7852754e-02   3.9253410e-02  -2.0904170e-03   6.9516201e-03   2.3850479e-01   8.5961542e-02   8.6500571e-02  -1.3967428e-01   2.1248099e-01  -6.2025151e-02   3.3085685e-02  -8.2483046e-02   1.5443062e-01  -3.5258240e-02   9.1665431e-02   1.2311264e-01   1.7593580e-01   0.0000000e+00  -8.5507042e-02  -1.1187812e-01   1.0971988e-01   2.6142692e-01  -7.9582309e-02   3.3028253e-01   2.8927070e-01   2.1039962e-01   1.6834031e-01   1.5911615e-01  -2.2586027e-02   1.1927861e-02   1.3792200e-01   2.9815866e-01  -4.1972421e-02  -5.4526833e-02   1.1587535e-01   2.1816008e-01   1.0482576e-01   1.1442588e-01   3.3519078e-02   4.3266124e-02   9.1634818e-02   4.6224887e-02  -1.0373331e-02   9.5085811e-02   8.7006646e-03  -3.6236615e-02   1.3276482e-01   1.3176847e-01   6.6944971e-02   1.0944104e-01   2.4089658e-01   1.6670578e-01   1.2272342e-01   6.6795590e-02   9.8988282e-02  -4.3278434e-02   1.1789297e-01   0.0000000e+00  -1.3798458e-01  -6.2994808e-02  -7.7375790e-02
  -6.1866965e-02   0.0000000e+00   2.5007905e-01  -4.6753252e-03   2.7310278e-01   0.0000000e+00  -4.4729652e-02  -2.4814610e-03  -7.9246547e-03   1.2642161e-01   3.0540823e-02   1.9984686e-01  -1.7997771e-02   1.3628401e-01  -2.1509468e-02   5.0887535e-02  -5.6419710e-02   3.4174326e-01   2.5456565e-02   2.1377975e-01  -1.2524110e-01   3.3991417e-02  -7.5615337e-02  -8.9699052e-02   2.1659001e-02   2.9970372e-02   3.5164827e-01   1.4936765e-01   7.1880437e-03   1.0036547e-02   1.7159307e-01   1.5489069e-01   4.9973799e-02  -1.4434199e-01   4.7950085e-02  -6.4993700e-02  -6.2544683e-02   4.6925408e-02   5.6543628e-02  -2.1248211e-02   7.2973529e-02  -2.8254407e-02   9.7185534e-02  -1.1463282e-02   1.1625120e-02  -1.0594345e-02   1.9990002e-01  -2.4279974e-02  -1.9492578e-02   3.9436983e-01   2.2935706e-01   2.2761253e-01   7.5728137e-02  -3.6408225e-02   6.4003847e-02   1.5059389e-01   1.8886506e-01  -6.4983740e-03   4.4946692e-02  -3.1282116e-02   8.6523784e-02   1.4302092e-01   7.0669789e-02   7.4359206e-02  -4.4269563e-02   2.1305371e-01  -3.0316265e-02   2.9036341e-02  -5.2265607e-02   1.7581537e-01   1.4465674e-01   1.6109097e-01   3.0844915e-01   2.9067362e-01   0.0000000e+00  -8.6261419e-02  -1.3142407e-01   1.3103198e-01   2.8626440e-01   3.9815714e-02   3.8498190e-01   3.9166594e-01   1.9918212e-01   2.5307587e-01   2.5371342e-01   5.7871426e-02   2.0948466e-02   1.8416574e-01   3.4657666e-01  -7.6973001e-02   4.0783933e-02   1.2661423e-01   2.9666613e-01   1.5441808e-01   4.2918582e-02  -2.4385395e-02   5.7127687e-02   6.3972807e-02   5.6471373e-02   3.9877432e-04   1.2623483e-01   1.3927368e-01   1.1731403e-01   1.1643330e-01   8.1609011e-02  -3.8546061e-03   6.6506497e-02   6.9782338e-02   3.8592359e-02   4.2796323e-02   6.3510855e-02  -8.0965894e-02  -5.4140545e-02   6.8286476e-02   0.0000000e+00  -5.3436604e-02   4.2671696e-02  -5.0928786e-02
   2.8418755e-01   0.0000000e+00   1.4900060e-01   1.6125772e-01   5.1035302e-03  -4.4729652e-02   0.0000000e+00   2.2484595e-02   9.6169380e-02  -7.3925824e-02   4.4253701e-01  -9.7646015e-02  -2.7839871e-01   2.4974202e-02   3.4581778e-01   9.6655249e-02   2.1596999e-01   6.4247578e-02   6.3979113e-02  -8.7202431e-02   7.0906532e-02  -9.0809349e-02   2.3849433e-01   3.3971179e-01  -7.5420479e-02   2.0455713e-01  -1.0943418e-01  -2.1397053e-02   2.3350179e-01   5.5947710e-02   1.1497678e-01  -3.3081881e-02  -3.5465448e-02   3.2569811e-01  -1.3623726e-01   1.1788415e-01  -4.5645747e-02   1.0667319e-01   5.6869089e-02   3.0365745e-01   1.4245462e-02  -6.5244124e-02   2.2024081e-01   2.2794001e-02  -2.1214906e-01  -5.1852510e-02   1.3119387e-01   2.3543686e-01  -7.6368154e-02  -2.2449503e-02   5.5582025e-02  -2.9265940e-02   1.6309644e-02   3.9113184e-01  -8.1106602e-02  -9.6188629e-02  -1.6837594e-01   1.0712126e-01   1.0448524e-01   1.2442737e-01  -1.4214459e-01  -2.2284621e-01  -1.2354418e-01   1.0419522e-01   1.5811925e-01  -5.3897065e-02   2.8653862e-01   2.0259422e-01   4.4874609e-01  -2.0876101e-01  -1.7893366e-01   1.1229878e-01   8.8942879e-02   1.5486727e-02   0.0000000e+00   5.3178835e-01   2.5082432e-01   9.6678436e-02  -2.2208826e-01   1.5195816e-01  -1.0925022e-01   9.7308050e-02   1.1531794e-01  -6.6481397e-02   5.6460064e-02   2.6084477e-01   3.6196666e-01   2.2191484e-01  -3.9986640e-02   4.9942232e-01   4.4395866e-01  -2.6152182e-01   5.6508643e-02   2.0007806e-01   1.2022088e-01   5.7006375e-02  -1.3650044e-01   7.6054215e-03   9.6354202e-02  -1.8413807e-02   5.1391109e-03  -1.0485165e-01  -6.5801660e-02  -1.8907990e-01  -1.5772485e-01  -3.1431631e-02   1.4246516e-01  -1.4443320e-01  -6.9610433e-02   7.8888583e-02   3.8007982e-01   3.1485243e-01   1.7186793e-01  -5.1459503e-02   0.0000000e+00   1.8030124e-01   1.3440675e-01   3.8589474e-01
  -1.2478917e-03   0.0000000e+00   1.5115880e-02   2.8891431e-02   5.7385109e-03  -2.4814610e-03   2.2484595e-02   0.0000000e+00   7.6654188e-02  -2.7572749e-02  -1.2846076e-02   1.3405654e-01   1.0176352e-01  -7.8942069e-02   6.3169587e-02  -5.6551286e-02   2.3773331e-02  -1.2963422e-02  -1.9074540e-02  -5.5797285e-02  -6.6319801e-03  -3.4818862e-02   6.9013211e-02   7.1922784e-02  -6.4739428e-02   8.2475272e-02  -1.2582194e-02  -1.4984105e-02   5.9121818e-02   2.1858932e-02   3.4444262e-02  -6.2793118e-02  -3.0107409e-03   2.9674313e-02   2.2705427e-04  -4.5973339e-02  -6.2263222e-02   5.1134722e-02  -4.5747840e-02   2.2883044e-02  -2.3638093e-02   3.8388548e-03   1.0373077e-01   1.1585744e-02  -4.4212337e-02  -1.8931253e-02  -1.8201679e-02   8.4218639e-02  -1.1292262e-02   7.6362994e-02   6.8491832e-02  -1.4282278e-01   2.3479806e-03  -2.9782662e-02  -6.3735963e-02   1.1292757e-02  -7.2025666e-02  -3.6454590e-02   7.6176103e-03   7.2993294e-02   4.9642620e-03  -2.8669503e-02  -3.0293915e-02   8.6671993e-02   2.3422283e-02  -1.0768543e-02   7.3641221e-03  -6.0787960e-02   1.2106581e-02  -1.8603476e-02  -9.5360464e-02   4.2976860e-03   7.1695980e-02   8.6644467e-02   0.0000000e+00  -1.2278234e-02   1.3723941e-01   6.5028896e-02   6.6039648e-03   2.0169188e-01  -2.0371499e-02  -5.4579626e-02  -2.4185129e-03  -4.9348011e-03  -2.5572679e-03   1.2907277e-01   8.3433038e-02   3.6792129e-02   6.2867637e-03   7.4667668e-02   1.2535968e-01   1.6802683e-02   3.4018675e-02   2.7079026e-02   5.4525859e-02   4.5022361e-02   8.1314435e-02   5.4908386e-02   1.4894820e-01   3.8742700e-02   3.2385424e-02   3.2315630e-02   1.0082507e-01  -3.1653636e-02  -5.7087788e-02  -6.1408601e-02  -1.7724444e-02  -7.9045764e-02  -8.3286284e-02  -2.2049567e-02   9.4758076e-02  -1.0052604e-03  -1.7408449e-02  -5.9784484e-02   0.0000000e+00   4.1791797e-01   4.6311955e-01  -3.7344666e-02
   4.6079685e-03   0.0000000e+00   6.4894195e-02   8.2166548e-02  -1.7785369e-02  -7.9246547e-03   9.6169380e-02   7.6654188e-02   0.0000000e+00  -1.1219571e-01  -5.7584805e-02   4.7141207e-02   1.7531456e-02  -5.8738428e-02   5.2028092e-02  -3.6789127e-02  -1.3356288e-02  -2.6114286e-02   1.5845222e-01  -1.4139241e-01  -2.6503237e-02  -6.7722418e-02   6.8562188e-03  -6.5818559e-02  -1.4757826e-01  -1.0350146e-01  -5.0790714e-02  -8.0355847e-02  -1.7580562e-02   2.4047677e-02  -8.1220396e-02  -5.5627302e-02   2.4825961e-01   3.3259872e-01   2.0864581e-01   6.5006534e-02  -4.7331181e-02   1.2585092e-01   5.6714739e-02  -4.7239929e-02   4.4704244e-02   1.8436803e-01   1.8595733e-01   1.6163974e-01  -1.9026443e-01   1.4990655e-01  -1.0197854e-01   1.1899095e-02   2.8788402e-01   7.3841245e-02  -1.1742728e-02   6.9925548e-02   1.7945867e-01  -1.0828281e-01   1.6374078e-02   3.4135098e-02   4.8107941e-02  -5.6455602e-02   1.6840553e-01   3.3221695e-02  -4.5819998e-02  -5.4066424e-02  -7.0078771e-02   2.9036325e-01   5.2491700e-01   8.1535846e-02   3.0332230e-01   1.8748657e-01   1.9530649e-01  -1.5517988e-02  -3.4826123e-02   9.5090167e-02   1.1077084e-01  -2.5423573e-02   0.0000000e+00   9.2416919e-02   9.9917946e-02   1.1391306e-01   1.2755918e-01   1.2198364e-01  -2.6226878e-02   4.5754972e-02  -4.9967765e-02  -1.3548168e-02   3.8149162e-03   1.5412917e-01   2.3171021e-02   5.7105189e-02   9.3000301e-03   1.9859913e-01   3.2907364e-01   1.7223708e-03   2.7261884e-01   1.4590559e-01   1.8805174e-01   2.6592532e-01   3.0155911e-01   2.8817817e-01   3.8432265e-01   2.9601853e-01   3.0851675e-01   2.7357606e-01   3.9105084e-01   3.1062094e-02   2.9446217e-01   1.3315297e-01   1.9072652e-01   1.7763480e-01   1.7923901e-01   1.2303291e-01   2.3637467e-01   9.3438036e-02   1.4952717e-01   1.2746703e-01   0.0000000e+00   1.7695564e-01   9.9521668e-02   1.3611403e-02
   1.0419911e-01   0.0000000e+00  -4.5777763e-03   2.9581086e-02   1.7427222e-01   1.2642161e-01  -7.3925824e-02  -2.7572749e-02  -1.1219571e-01   0.0000000e+00   3.2690312e-01   1.8755116e-01   1.8504550e-01   1.7791809e-01   1.3147623e-01   9.6317482e-02   2.8686162e-01   1.8427715e-01   1.2561380e-01   1.8989353e-01   2.2927237e-01   4.3494380e-01   1.0825469e-01   1.9858712e-02   4.6243584e-01   2.3025274e-01   3.0439454e-01   4.0436489e-01   2.3288367e-01   2.3243761e-01  -7.9356158e-02   4.7869016e-01   3.3120109e-01   8.6969404e-02   4.1302204e-01   5.3230290e-01   4.1418324e-01   4.4947146e-01   2.8310557e-01   3.5784375e-01   2.3273589e-01   1.0677223e-01  -3.8844275e-02   4.6685714e-01   3.5542889e-01   2.5096517e-01   4.5096859e-01   2.0690721e-01   1.4902506e-01   1.5722177e-01   6.2201456e-02   3.7463146e-01  -1.6196818e-02   9.2231134e-02   8.3088577e-02   2.0691611e-01   1.9236570e-01   8.6361896e-02   1.9025925e-02  -4.1038748e-03   1.0028417e-01   2.2877473e-01   1.7607468e-01  -3.4343861e-02  -1.8140544e-01   2.2052341e-01  -1.2706847e-01  -1.0125293e-01  -2.3728737e-01   2.0539702e-01  -1.0242796e-01  -9.0902403e-02   1.7564040e-01   1.0763404e-01   0.0000000e+00  -3.1832019e-01  -8.5481771e-02   2.0405343e-01   1.2254360e-01  -1.5935285e-01   1.7821616e-01   8.8104969e-02   1.6924559e-01   9.0845224e-02   1.7405457e-02  -2.3175454e-01  -1.2444288e-01  -1.3882538e-01   3.1027429e-01  -2.7072141e-01  -1.5470454e-01   1.2997410e-01  -1.5797990e-02  -8.1506513e-02  -2.5587115e-02   2.9099452e-02   4.3348107e-02   2.3619554e-01  -2.4981076e-02  -2.7786236e-02   9.8883036e-02   1.8119457e-01   3.9366910e-02   1.5782705e-01   2.7824652e-02  -2.1608373e-02   8.0967504e-02   1.2306021e-01  -7.6351245e-02  -5.3258689e-03  -8.5732052e-02  -6.3271953e-02  -6.4067863e-02   2.8646480e-02   0.0000000e+00  -6.4791932e-03  -7.1788448e-02  -1.8053145e-01
   1.0540907e-01   0.0000000e+00   1.7999620e-01   1.5223748e-01   1.0072167e-01   3.0540823e-02   4.4253701e-01  -1.2846076e-02  -5.7584805e-02   3.2690312e-01   0.0000000e+00   1.7455196e-02  -1.5487059e-02   1.6929245e-01   3.2499344e-01   2.5447766e-01   4.2321482e-01   1.4153696e-01   2.5224002e-01   2.6569114e-02   3.4492598e-01   2.9998284e-01   3.4605329e-01   4.4180837e-01   3.3159094e-01   3.2386460e-01   4.5496152e-02   4.0499488e-01   2.7832749e-01   2.6859846e-01  -1.1427806e-02   3.5313455e-01   1.4270926e-01   2.6222576e-01   2.6456040e-01   4.5483743e-01   3.4303731e-01   5.1455412e-01   3.7182772e-01   7.5248835e-01   2.7022104e-01   1.3459016e-01   1.5791109e-01   3.2891482e-01  -8.9340991e-03   2.1586831e-01   4.2937446e-01   4.7419777e-01   1.3290538e-01  -1.6338052e-02  -8.8608139e-03   1.7325669e-01   1.4176622e-02   3.3617442e-01   9.0862734e-02   1.2762000e-01  -3.2580362e-02   2.2839783e-01   2.3171236e-01   1.2439476e-01   9.4017723e-03   3.4079544e-02   6.0687863e-02  -1.7665522e-02  -2.2181437e-02   1.4525625e-02   1.7177596e-01   1.9629798e-01  -3.7194737e-02  -2.5136993e-02  -1.3634995e-01   3.3266488e-02  -5.7335200e-02  -1.2645724e-01   0.0000000e+00   4.6212227e-02  -6.3478168e-02   6.9424513e-02  -8.3117885e-02  -8.4854996e-02  -9.5264342e-03   1.0896345e-01   2.1809668e-01  -5.6843529e-02   4.9487235e-02  -8.0280422e-02   1.0166337e-01   1.3093649e-02  -6.4653092e-03   1.3884922e-01   1.6775029e-02  -5.2315486e-02  -2.6398329e-02  -3.0719841e-02   1.2552981e-01   8.5382087e-02  -1.0193962e-01   1.2588240e-01   3.4733557e-02   3.3501219e-02  -7.4885379e-02   3.0934940e-02  -9.2734754e-02  -1.8012524e-02  -5.8979042e-02  -6.5162079e-03   1.3136851e-01   1.7207459e-01  -6.0293902e-02   8.8210046e-02   5.6057156e-02   1.0096479e-01   9.4246215e-02   4.0394742e-02   0.0000000e+00   5.6988227e-02   1.6414389e-02   1.3521095e-01
  -1.4035658e-01   0.0000000e+00   1.5591241e-01  -1.1683090e-01   5.8023423e-02   1.9984686e-01  -9.7646015e-02   1.3405654e-01   4.7141207e-02   1.8755116e-01   1.7455196e-02   0.0000000e+00   1.6724485e-01   3.2172129e-02   7.2448751e-02   1.7250959e-02   6.1988296e-02   2.9039054e-01   9.9528417e-02   1.7087416e-01   3.7558256e-02   1.1095501e-01  -4.5890403e-02  -3.0932134e-02   3.8636666e-02   1.0172325e-01   2.8282849e-01   1.1248631e-01   1.4749770e-01   3.2304570e-01   1.5647173e-01   2.6545372e-01   1.8033698e-01   3.8076590e-02   3.8413082e-01   2.1723307e-01   2.0422359e-01   1.0326952e-01  -4.8952736e-02   2.7788201e-02   8.7917541e-02   2.8869931e-01   3.3162640e-01   1.9991928e-01   4.2093186e-01   4.0554047e-01   2.9167098e-02   1.1008422e-01   7.9036489e-02   2.2692329e-01   9.4862302e-02   1.5075931e-01   2.4052824e-02   6.5603365e-02   1.4053996e-01   3.3787840e-01   1.3482836e-01   8.8563797e-02   2.9190889e-01   2.3944122e-03   3.4443777e-02  -2.1606796e-02  -5.4964906e-02   4.0609206e-01   5.4811801e-02   4.2905404e-01   3.2338113e-02   8.6281625e-02  -8.2204368e-02   2.8824244e-01   7.8384694e-02  -6.9871647e-02   2.0502837e-02   2.1099375e-01   0.0000000e+00  -1.6624825e-01   3.9899597e-02   2.1788189e-01   1.4940351e-01  -7.5153531e-02   8.3360974e-02   9.8936095e-02   1.8628506e-02   1.7149776e-01   2.3837164e-01   1.1877168e-01   7.1829110e-02  -1.0076898e-01   2.5829352e-01  -4.3137959e-02   1.5147007e-01   1.7933587e-01   1.7403951e-01   1.6073668e-01   1.3366867e-01   1.5272011e-01   2.4229659e-01   2.1130274e-01   1.4947115e-01   9.9355828e-02  -1.9637609e-02   2.2469058e-01   8.5699802e-02   6.2465564e-02   8.7997285e-02   1.2118734e-02   8.8873285e-02   1.4716636e-01  -4.0895249e-02   1.8656265e-01   9.2854848e-02  -9.0363304e-03   1.7289071e-02   1.3464082e-01   0.0000000e+00   9.2119198e-02   1.0958643e-01  -1.7979337e-01
   2.1740173e-02   0.0000000e+00   6.9243349e-02  -1.7548918e-02  -1.4337301e-02  -1.7997771e-02  -2.7839871e-01   1.0176352e-01   1.7531456e-02   1.8504550e-01  -1.5487059e-02   1.6724485e-01   0.0000000e+00   2.3384334e-01   4.1457076e-02   2.7845572e-01   7.7963130e-02   1.2600206e-01   2.8330303e-01   1.6488304e-01   3.6726014e-01   2.5055043e-01   1.1268343e-01  -1.0477932e-01   2.5660542e-01   5.9716068e-02  -7.9875940e-02   1.5498355e-01  -6.6360816e-02   7.9102708e-02  -1.1308653e-01   2.1173956e-01   2.0216648e-01  -1.1678398e-01   3.6936530e-01   2.6942220e-01   3.8736783e-01   2.5521438e-01   1.6210981e-01   9.0940500e-02   2.1434825e-01   3.6988151e-01  -1.0768140e-01   2.7652915e-01   2.9668781e-01   4.5251417e-01   1.0790359e-01   1.9872502e-01   2.7179242e-01  -7.4594670e-02  -9.1088042e-02   1.5762406e-01   7.3756608e-02  -9.5392191e-03   3.3564815e-01   4.5176998e-01   1.0189714e-01   3.2898165e-01   2.1334056e-01  -1.5604502e-01   2.7057743e-01   2.2691816e-01   3.6117217e-01   1.5043272e-01  -2.1297468e-01   1.5567107e-01  -1.3254578e-01   5.2916528e-02  -1.7813755e-01   5.5981652e-01   8.0427003e-02  -7.0578397e-02  -1.2539689e-01  -2.6864765e-03   0.0000000e+00  -3.6546089e-01   2.0818337e-01   2.6980634e-01   2.9138101e-01  -4.7444439e-02  -1.6189998e-02  -1.3488171e-01  -8.8663157e-02   7.5168961e-02  -3.8977136e-02  -2.8547853e-01  -1.8342346e-01  -1.8685882e-01   1.6592995e-01  -2.8588684e-01  -2.9216292e-01   6.3502437e-01  -1.8039496e-01  -6.7745618e-02   1.2703264e-01   1.0338176e-01   5.3135315e-02   2.3005232e-01   1.0453772e-01   1.8491123e-01  -1.1509906e-01   3.6393604e-01  -1.2709287e-01   2.2973405e-01   2.7552726e-01   3.6239916e-01   1.1245993e-01   3.0161572e-01   1.2279624e-01   1.2185843e-01  -1.7374824e-01  -4.6604163e-02   2.5808162e-02   2.0624966e-01   0.0000000e+00  -2.0079128e-02   2.1042422e-01  -4.0685851e-01
   4.3808542e-02   0.0000000e+00   3.3451822e-02   1.1617049e-01   1.3752590e-01   1.3628401e-01   2.4974202e-02  -7.8942069e-02  -5.8738428e-02   1.7791809e-01   1.6929245e-01   3.2172129e-02   2.3384334e-01   0.0000000e+00   1.0225351e-01   1.7770303e-01   2.2496182e-01   2.4111585e-01   1.1720741e-01   2.5310984e-01   2.3221469e-01   3.1097539e-01   1.3954540e-01   1.1816069e-01   2.8087932e-01   3.8198409e-01   2.8123928e-01   4.8701205e-01   1.0795027e-02   3.0787906e-02   9.6613978e-02   2.5212689e-01  -5.5479861e-03  -4.5996159e-02   2.7426041e-02   1.4638829e-01   9.9355090e-02   1.8812813e-01   2.4368450e-01   1.6399226e-01   2.0352275e-01   6.2246544e-02   4.7207733e-02   1.9082499e-01   1.5193401e-01   5.2664183e-02   3.0054247e-01   7.8553581e-02   1.0482565e-01   1.0436927e-01   2.2538785e-02   1.7154285e-01   1.9331690e-01   1.0203693e-01   7.1392344e-02   1.7020159e-01   3.0723587e-01   2.4258502e-01   1.3021024e-01   1.7648513e-01   2.6799519e-01   2.5910995e-01   2.8431793e-01   1.5492777e-02  -1.2779850e-01   2.6691468e-02   1.1505631e-01   1.5013397e-01   6.2299770e-02   3.2559171e-01   9.7644291e-02   2.5394883e-01  -2.3826776e-02   9.3717707e-02   0.0000000e+00   7.9530030e-02  -3.0739646e-02   2.3576594e-01   2.8739386e-01   9.7129158e-02   1.6979700e-01   4.4083995e-01   4.5576856e-01   2.7354735e-01   2.2333258e-01  -3.2888964e-02   2.8450870e-02   2.5620507e-01   1.7089033e-01  -4.7106572e-03   7.6969012e-03   3.6882286e-01   3.7951713e-02   1.5063141e-01   1.4116023e-01   5.4809989e-02   1.5034399e-02   5.8544618e-02   2.3376498e-02  -1.7685813e-02   1.3555754e-01   5.3952712e-02   2.9709210e-02   2.0650750e-01   1.6313162e-01   1.5065397e-01  -8.4159243e-03   1.5570641e-01   1.5145873e-01   6.8110679e-02   4.0929612e-02   4.6174263e-03  -6.7725809e-02   9.4683642e-02   0.0000000e+00  -2.5472750e-02   9.0029483e-02   1.9676370e-01
   1.9188217e-02   0.0000000e+00   1.3682186e-01   8.1845578e-02   1.3304965e-01  -2.1509468e-02   3.4581778e-01   6.3169587e-02   5.2028092e-02   1.3147623e-01   3.2499344e-01   7.2448751e-02   4.1457076e-02   1.0225351e-01   0.0000000e+00   3.3792899e-01   4.5342128e-01   2.2160050e-01   8.3277363e-02   5.1826039e-02   3.0240553e-01   1.5735388e-01   2.7798011e-01   3.2197674e-01   1.5037721e-01   1.7796699e-01   1.4525004e-02   1.1425313e-01   4.4624049e-01   3.0049478e-01   1.1328188e-01   2.6296830e-03   1.3735667e-01   3.8819524e-01   1.7229567e-01   4.0423134e-01   2.1563746e-01   3.0560737e-01   1.7133271e-01   3.5780788e-01  -1.1901445e-03   2.1610887e-01   1.2804954e-01   2.4971000e-01   1.2714991e-01   2.7533824e-01   2.5104677e-01   4.1960700e-01   1.4902586e-01   1.1440987e-01   7.4293452e-02   2.0261582e-01  -6.4652652e-02   2.1341610e-01   1.3887697e-01   3.1997265e-01  -8.7105966e-02   2.9668493e-01   1.7487034e-01   1.0814581e-01  -1.6820608e-01  -1.6328904e-01  -6.6783855e-02   1.8041989e-01   4.0603155e-02   1.5714962e-01   9.4007032e-02  -5.3017470e-02   8.0360215e-02  -7.2127942e-02  -9.2856162e-02  -3.7181659e-02   5.1734773e-02   4.8375106e-03   0.0000000e+00   8.5715824e-02   3.5095532e-02  -3.2160402e-02  -1.7629774e-01  -1.1330751e-01  -1.5034287e-01   3.5275784e-02   7.8846807e-02  -8.8950279e-02  -1.0402338e-02   1.0496973e-01   2.5034276e-01  -4.4191256e-04   2.0776221e-02   1.3272284e-01   7.0415928e-02  -1.6399698e-01  -5.5646989e-02   3.0140318e-02   5.6510637e-02   3.1507342e-02  -7.2519608e-02  -2.7081708e-02  -9.9409855e-02  -7.3137154e-02  -7.3973225e-02  -3.0687780e-02  -6.5721951e-02  -1.2832249e-01  -8.6441538e-02   4.7158717e-02   8.9131853e-02   2.0305302e-02  -3.1633786e-02   5.9968249e-02   2.7345488e-01   1.9679641e-01   2.3407629e-01   1.3828360e-01   0.0000000e+00   1.6132304e-01   6.2686401e-02   1.5919382e-01
   7.1598369e-02   0.0000000e+00   1.2518570e-01   2.6890874e-02   1.2692170e-01   5.0887535e-02   9.6655249e-02  -5.6551286e-02  -3.6789127e-02   9.6317482e-02   2.5447766e-01   1.7250959e-02   2.7845572e-01   1.7770303e-01   3.3792899e-01   0.0000000e+00   1.8789376e-01   1.4379272e-01   3.2656456e-01   9.8631347e-02   2.5847045e-01   2.1485497e-01   1.3199548e-01   3.2885617e-02   2.1901219e-01   1.4923238e-01  -1.8926746e-02   2.4253481e-01   7.6977851e-02   1.3370538e-01   2.8871712e-02   1.8835819e-01   1.2254641e-01   6.6912616e-02   1.3984298e-01   3.3021791e-01   4.0815028e-01   3.1393109e-01   3.7151177e-01   2.7432126e-01   3.0889338e-01   2.9633902e-01   2.8013308e-02   3.1328814e-01   1.2657846e-01   3.0453818e-01   2.7760227e-01   2.6778685e-01   1.6304140e-01   1.3790419e-01  -1.4041740e-02   3.4624978e-01   2.0909857e-01   3.1771296e-01   5.0846368e-01   3.4837805e-01   9.7807510e-02   3.1331994e-01   2.1076129e-01   2.5039400e-02   9.3354312e-03   4.4961239e-02   1.3973037e-01   1.9498630e-01  -1.0377587e-01   2.3143979e-01   2.7059247e-02   1.5696281e-01  -5.0625412e-02   1.8914429e-01   8.0621797e-02   1.7483623e-02  -1.0923969e-01   5.9596452e-02   0.0000000e+00  -9.7242045e-02   1.4235616e-02   4.9626049e-02   8.6330933e-02  -1.5836441e-01   3.2262651e-02   7.5057370e-02   3.1236679e-02  -8.7940554e-04   9.4547863e-02  -8.9929053e-02   8.0641169e-02  -6.0758006e-02   1.4125355e-01  -5.4008829e-02  -1.2927048e-01   1.9484996e-01  -6.0607021e-02   9.2877291e-02   2.4779206e-01   1.4013635e-01   2.3195146e-02   5.3472037e-02  -3.0486552e-02   2.9642591e-02  -7.8878464e-02   7.1700589e-03  -1.8326562e-01   1.0559010e-01   1.0244925e-01   1.7478601e-01   1.2929284e-01   2.8190453e-01   1.0651522e-01   2.8010413e-01   8.3302546e-02   9.9989433e-02  -1.3023157e-02   2.3506558e-01   0.0000000e+00  -4.1687962e-02   1.5967804e-02  -8.1879327e-02
   3.4400138e-02   0.0000000e+00   1.3809160e-01   1.1491620e-01   1.1731764e-01  -5.6419710e-02   2.1596999e-01   2.3773331e-02  -1.3356288e-02   2.8686162e-01   4.2321482e-01   6.1988296e-02   7.7963130e-02   2.2496182e-01   4.5342128e-01   1.8789376e-01   0.0000000e+00   2.3102737e-01   1.3075713e-01   1.6159294e-01   3.6394846e-01   3.1634363e-01   1.9484989e-01   3.3173232e-01   2.7855207e-01   3.1094523e-01   1.3760801e-01   2.4131715e-01   5.3591913e-01   4.3225879e-01   1.5614571e-01   1.9656324e-01   1.3145358e-01   3.1084156e-01   2.2706088e-01   4.6980105e-01   2.9269228e-01   3.6225256e-01   2.4111696e-01   4.2550882e-01   8.5681073e-02   2.1318392e-01   1.2401106e-01   2.9012559e-01   2.4927693e-01   2.4569916e-01   3.1640410e-01   4.6319125e-01   3.0657777e-01   7.8688472e-02   1.3146497e-01   1.8162628e-01  -2.1088553e-02   1.5980405e-01   5.1724301e-02   2.2087078e-01   1.2263722e-02   2.7404093e-01   1.3912193e-01   1.9323723e-01  -1.1069770e-01  -7.1380852e-02  -7.5796141e-02   2.0284750e-02  -8.3430449e-02   6.1658465e-02   6.7101145e-02   1.5236515e-02  -8.6255713e-02   2.7507543e-02  -5.3981908e-02   6.5044537e-03  -2.5968817e-03  -1.1149840e-01   0.0000000e+00  -1.5135589e-02  -1.9974257e-02   4.3923380e-02  -8.2312216e-02  -1.9355627e-01  -9.7809835e-02   9.7450574e-02   2.2858066e-01  -1.7002082e-02   7.4598464e-02  -2.1823402e-02   1.4559633e-01  -2.5305061e-02   2.4195090e-02  -6.7703283e-03   2.2220933e-02  -2.6371701e-02  -5.7610079e-02  -6.0669267e-02   7.4339168e-02   1.9226990e-02  -7.7624957e-02  -5.6961938e-03  -3.9436067e-02  -2.3631786e-02  -8.4561748e-02  -2.4567302e-02  -7.2838129e-02  -1.8052394e-02  -7.4548308e-02   1.9470899e-02   6.8503681e-02   4.2986992e-02  -5.2067108e-02   2.4192936e-02   1.1708097e-01   5.9992073e-02   3.4647482e-02   8.5257691e-03   0.0000000e+00   1.2565344e-01  -9.8999471e-04   1.1069723e-01
  -3.4688063e-02   0.0000000e+00   2.4455881e-01  -1.2784500e-02   1.4392928e-01   3.4174326e-01   6.4247578e-02  -1.2963422e-02  -2.6114286e-02   1.8427715e-01   1.4153696e-01   2.9039054e-01   1.2600206e-01   2.4111585e-01   2.2160050e-01   1.4379272e-01   2.3102737e-01   0.0000000e+00   5.1753959e-02   5.0825647e-01   4.2353653e-02   1.6607496e-01  -5.4671043e-02   1.5938955e-02   1.4419694e-01   2.3029712e-01   3.6363190e-01   1.6534378e-01   2.5475544e-01   2.8165918e-01   4.4570493e-01   1.6055008e-01   1.6764005e-01   1.0726252e-01   1.4363693e-01   9.3071966e-02  -3.3326936e-02   1.0730998e-01   1.4546753e-01   1.1138897e-01   5.3838574e-02   2.7553875e-02   3.1204728e-01   1.1809382e-01   3.3089211e-01   2.6302876e-01   2.5171757e-01   1.3606441e-01   1.5979940e-01   3.1055472e-01   2.9438382e-01   3.6892974e-01   7.0417393e-03   1.3303099e-01   1.6404129e-01   3.9478281e-01   1.9184391e-01   3.6689112e-01   8.9384518e-02   6.5696794e-02   5.6512967e-02   1.3197884e-01  -3.2630819e-02   3.3024709e-01  -8.1673435e-02   3.5865251e-01   1.2563601e-01   1.3613236e-02   1.6488755e-01   2.9704566e-01   1.4457589e-01   1.9387300e-01   1.8150201e-01   2.0956104e-01   0.0000000e+00   4.0549857e-02  -3.7728385e-02   8.5258052e-02   2.1313702e-01   4.7701828e-02   1.8333337e-01   2.3556213e-01   2.8274178e-01   4.7498361e-01   2.6563163e-01   1.2270126e-01   3.3391872e-01   1.4166130e-01   4.4737897e-01  -9.5875589e-03   1.1405664e-01   1.3790740e-01   1.0609415e-01   1.6695407e-01   2.3825532e-02   2.9247958e-02  -4.6529992e-02   4.0605805e-02  -5.1989807e-02  -8.6227725e-02  -6.9824353e-02   8.7923889e-02  -7.0673646e-03   1.4983882e-01  -1.7738298e-02   1.1473469e-01   7.4132400e-02   8.2182699e-02  -4.9452093e-02   1.7107863e-01   3.1736679e-01   1.4085196e-03   8.6216473e-02   1.4066067e-01   0.0000000e+00  -6.5653875e-03   1.0086528e-01   6.1225538e-02
   7.4135570e-02   0.0000000e+00   1.8841398e-01   3.3547001e-01   1.1619629e-01   2.5456565e-02   6.3979113e-02  -1.9074540e-02   1.5845222e-01   1.2561380e-01   2.5224002e-01   9.9528417e-02   2.8330303e-01   1.1720741e-01   8.3277363e-02   3.2656456e-01   1.3075713e-01   5.1753959e-02   0.0000000e+00  -4.2163728e-04   2.5092128e-01   1.3043609e-01   9.2605633e-02   3.2357552e-02   1.7424413e-01   6.0225759e-02  -6.1476846e-02   1.7552775e-01  -5.7002988e-02   1.0659858e-01  -1.5887175e-01   3.0288732e-01   3.0565220e-01   1.2286010e-01   3.3223739e-01   3.1268596e-01   3.3157678e-01   3.9089061e-01   1.7646114e-01   1.8557403e-01   3.7713160e-01   3.1814599e-01   3.4468859e-02   4.0712546e-01   5.6555025e-02   3.2378748e-01   2.5160793e-01   1.4382581e-01   2.2618734e-01   1.7988097e-02  -1.6322721e-01   1.3967447e-01   2.3271718e-01   1.1719810e-01   4.0499955e-01   2.7062345e-01   2.0206503e-01   1.8153632e-01   5.9464696e-01  -5.9001276e-02   4.0137961e-02   9.5967050e-02   1.7107000e-01   1.7243666e-01   3.8245304e-02   1.9254605e-01   1.8204644e-02   2.9566809e-01  -1.3137547e-01   2.0372409e-01  -6.6647303e-02   7.0667613e-02  -1.2092429e-01  -2.4263682e-02   0.0000000e+00  -1.1920322e-01   8.2330000e-03   1.2815590e-01   1.6818276e-01  -9.4797813e-02   6.6764127e-02  -6.4656338e-02  -6.1413726e-02  -9.5197121e-02   2.4832077e-03  -1.8823459e-01  -6.0879419e-02  -1.0428176e-01   1.1030482e-01  -2.5055707e-02  -9.9164894e-02   2.7211379e-01   2.3127513e-03   6.0722305e-02   4.6629453e-01   2.4122847e-01   2.8593339e-02   3.9365908e-01   3.0100871e-01   4.3499231e-01   1.3671248e-02   2.2628642e-01  -3.6318029e-02   1.9897029e-01   3.1845212e-01   1.9380118e-01   1.8219282e-01   3.6884052e-01   1.5782923e-01   2.5668396e-01  -6.8051089e-02   1.8944889e-02   2.9654196e-02   1.9449433e-01   0.0000000e+00  -4.9600113e-02   1.3825698e-02  -1.1646179e-01
   1.4554447e-02   0.0000000e+00   4.3261331e-02  -1.4283333e-03   1.6951178e-01   2.1377975e-01  -8.7202431e-02  -5.5797285e-02  -1.4139241e-01   1.8989353e-01   2.6569114e-02   1.7087416e-01   1.6488304e-01   2.5310984e-01   5.1826039e-02   9.8631347e-02   1.6159294e-01   5.0825647e-01  -4.2163728e-04   0.0000000e+00   9.4495875e-02   2.9879071e-01  -1.0884195e-01  -8.6170525e-02   2.8465187e-01   1.8983452e-01   5.6477305e-01   1.5888465e-01   1.9708074e-01   2.8766250e-01   4.3876279e-01   2.7142561e-01   9.5061819e-02  -4.4860113e-02   1.1511410e-01   1.0797010e-02  -4.8015981e-02   5.1037547e-02   5.1815616e-02  -1.6234735e-02   5.8737844e-02   4.7419876e-02   1.8859482e-01   5.4730908e-02   4.1500128e-01   1.2431374e-01   1.8613948e-01   1.3330684e-03   2.0063313e-01   2.6892837e-01   4.1402770e-01   3.0626893e-01  -4.5914489e-03   2.5992115e-02   7.9773732e-02   2.9022519e-01   4.1028830e-01   3.3249546e-01   1.7373092e-02   1.5445138e-01   8.9638068e-02   2.4027107e-01   1.8431486e-02   1.5362045e-01  -1.7963988e-01   2.5829767e-01   1.5505166e-02  -2.7483794e-02   3.3711837e-02   2.9086169e-01   2.0576286e-01   9.9205525e-02   1.4502875e-01   1.6769870e-01   0.0000000e+00  -7.2312903e-02  -1.2625856e-01   4.6867294e-02   2.7039843e-01   4.0040972e-02   4.2087932e-01   2.9110775e-01   4.1324391e-01   6.2237730e-01   2.3051120e-01   2.5288800e-02   1.6985120e-01   2.0269611e-01   3.6788754e-01  -5.7406066e-02  -4.7085053e-02   1.4541586e-01   1.0988386e-01   6.0440958e-02  -3.6118760e-02  -9.6898241e-03   1.4952111e-02  -7.1290674e-02  -1.4314691e-01  -1.0450604e-01   1.4520072e-02   1.0221870e-02   3.4475136e-02   2.3231274e-01   1.1371004e-01   1.4035145e-01  -1.8375909e-02   1.0033704e-01  -1.4642457e-03   1.1743042e-01   1.0903955e-01  -1.1997787e-01  -8.7161969e-02   2.3941459e-02   0.0000000e+00  -1.8672037e-02  -7.4312911e-03   1.1224645e-01
   3.2681804e-02   0.0000000e+00  -5.6554759e-03   1.4621842e-01   9.3439963e-03  -1.2524110e-01   7.0906532e-02  -6.6319801e-03  -2.6503237e-02   2.2927237e-01   3.4492598e-01   3.7558256e-02   3.6726014e-01   2.3221469e-01   3.0240553e-01   2.5847045e-01   3.6394846e-01   4.2353653e-02   2.5092128e-01   9.4495875e-02   0.0000000e+00   4.9532639e-01   3.8645252e-01   4.2549140e-01   3.3029545e-01   2.9138971e-01   2.0365138e-02   3.1574652e-01   3.6306651e-01   2.9997732e-01   6.1740915e-02   2.5800137e-01   2.0225790e-01   2.4659772e-01   4.3830310e-01   5.9942656e-01   5.3189612e-01   5.4196351e-01   2.4143027e-01   5.0450358e-01   1.7023299e-01   3.0851960e-01   4.1627718e-02   4.2501984e-01   1.5426749e-01   3.6833943e-01   2.9222432e-01   5.0683209e-01   2.8295789e-01  -5.4405836e-02  -7.5877086e-02   4.9975492e-02   4.3487125e-02   1.9583713e-01   1.7606635e-01   2.6798247e-01  -1.3499623e-02   3.4027403e-01   1.7335303e-01   1.4142553e-01   3.9573123e-02  -3.4224438e-03   1.3848728e-01   8.3878875e-02  -4.7426455e-02   5.0741946e-02   5.2373945e-02   4.1626346e-02  -5.3336708e-02   5.2100746e-02   1.3526151e-01  -1.0810226e-01  -8.6124182e-02   8.4478528e-02   0.0000000e+00  -7.6790413e-02   7.4045210e-02   3.4912442e-02  -7.9118016e-02  -1.4509570e-01  -1.3449114e-01  -2.8681479e-02   1.1689787e-01  -1.2162949e-01  -1.3530397e-01  -4.9018720e-02   1.0492571e-01  -1.1890152e-01  -9.4089832e-02   1.1831183e-02  -2.9730763e-02   3.8361106e-02  -1.0215139e-01  -7.7093687e-02   1.4737656e-01   2.1314029e-01   1.7122679e-02   1.8448417e-01   2.5473291e-02   9.7860611e-02  -7.6854258e-02   6.7471639e-02  -6.4212630e-02  -4.0149818e-03   6.9986756e-02   1.5344066e-01   2.6310378e-02   2.1185735e-01   8.1881393e-03  -6.8100555e-03  -5.4646090e-02   3.0250846e-02  -5.5479064e-02  -7.4054759e-03   0.0000000e+00   3.0816610e-02   7.0533772e-02   1.1496387e-01
