   0.0000000e+00   0.0000000e+00   0.0000000e+00   1.8853089e-02   1.8212119e-01   9.3295034e-02   3.5867057e-01   1.1908326e-01   2.3301360e-02   1.0493857e-01   3.2381845e-01   4.7682313e-02  -4.3438935e-02   9.4556427e-02   1.4170757e-01   2.0875974e-01   1.8877655e-01   1.0715297e-01   2.2750125e-01  -1.7542846e-02   1.3299339e-01   9.8891714e-02   1.0872991e-01  -1.5323289e-02   1.8053789e-01   9.6802618e-02   1.2938753e-01   2.3641033e-01   7.8430092e-02   6.4916956e-02   3.5541187e-03   2.5169249e-01   9.9361048e-02   3.5840085e-02   1.2162684e-01   1.1900225e-02   6.2369921e-02   3.4865565e-02   1.9014082e-01   2.4367904e-01   2.3355393e-01  -2.0296619e-02   1.3194328e-01  -7.2483694e-03   8.5686238e-03   2.2204727e-02   1.2590955e-01   9.0792847e-02   8.0999570e-02   1.5471122e-01   0.0000000e+00   2.5947150e-02  -2.3062002e-02   2.9073984e-01   2.0388082e-01   4.9386469e-02   1.2529986e-01  -1.7807891e-02   8.9697736e-03   1.0817396e-01  -5.9556890e-02   7.0729295e-03   5.1600757e-02   1.3325986e-01   1.6041222e-01   1.6667478e-01   6.3775784e-02   2.4664443e-01   5.9014826e-02   2.0033509e-02  -3.1252959e-02   1.1510902e-01   3.1303840e-01   7.4741085e-02   7.1510985e-01   1.0079458e-01   3.2295803e-02   4.6577174e-02  -1.2612928e-02   1.3212287e-01   6.9798355e-02   2.0954148e-01   3.9332777e-02  -2.6204897e-02   3.0828634e-01  -3.9222013e-02  -1.0767950e-01   8.0450419e-02   2.1468366e-01  -1.6840792e-01   6.1876735e-03  -4.2994120e-02   7.5610386e-02  -2.8562230e-03   3.0785356e-02  -7.7623220e-02  -5.6092465e-02  -8.7288940e-02   1.7520438e-01   7.0792038e-02   4.1895860e-02   1.3931970e-01  -1.3924770e-01   6.1824334e-02   3.0538249e-02   7.9337823e-02   1.1320748e-01   2.5773876e-01   1.1036063e-01   2.5274732e-01   2.4480622e-03  -1.8818803e-02   3.5526798e-02   9.4709531e-02   0.0000000e+00   1.9704828e-01  -1.1093342e-02   7.6590909e-02
   0.0000000e+00   0.0000000e+00   0.0000000e+00   0.0000000e+00   0.0000000e+00   0.0000000e+00   0.0000000e+00   0.0000000e+00   0.0000000e+00   0.0000000e+00   0.0000000e+00   0.0000000e+00   0.0000000e+00   0.0000000e+00   0.0000000e+00   0.0000000e+00   0.0000000e+00   0.0000000e+00   0.0000000e+00   0.0000000e+00   0.0000000e+00   0.0000000e+00   0.0000000e+00   0.0000000e+00   0.0000000e+00   0.0000000e+00   0.0000000e+00   0.0000000e+00   0.0000000e+00   0.0000000e+00   0.0000000e+00   0.0000000e+00   0.0000000e+00   0.0000000e+00   0.0000000e+00   0.0000000e+00   0.0000000e+00   0.0000000e+00   0.0000000e+00   0.0000000e+00   0.0000000e+00   0.0000000e+00   0.0000000e+00   0.0000000e+00   0.0000000e+00   0.0000000e+00   0.0000000e+00   0.0000000e+00   0.0000000e+00   0.0000000e+00   0.0000000e+00   0.0000000e+00   0.0000000e+00   0.0000000e+00   0.0000000e+00   0.0000000e+00   0.0000000e+00   0.0000000e+00   0.0000000e+00   0.0000000e+00   0.0000000e+00   0.0000000e+00   0.0000000e+00   0.0000000e+00   0.0000000e+00   0.0000000e+00   0.0000000e+00   0.0000000e+00   0.0000000e+00   0.0000000e+00   0.0000000e+00   0.0000000e+00   0.0000000e+00   0.0000000e+00   0.0000000e+00   0.0000000e+00   0.0000000e+00   0.0000000e+00   0.0000000e+00   0.0000000e+00   0.0000000e+00   0.0000000e+00   0.0000000e+00   0.0000000e+00   0.0000000e+00   0.0000000e+00   0.0000000e+00   0.0000000e+00   0.0000000e+00   0.0000000e+00   0.0000000e+00   0.0000000e+00   0.0000000e+00   0.0000000e+00   0.0000000e+00   0.0000000e+00   0.0000000e+00   0.0000000e+00   0.0000000e+00   0.0000000e+00   0.0000000e+00   0.0000000e+00   0.0000000e+00   0.0000000e+00   0.0000000e+00   0.0000000e+00   0.0000000e+00   0.0000000e+00   0.0000000e+00   0.0000000e+00   0.0000000e+00   0.0000000e+00   0.0000000e+00   0.0000000e+00   0.0000000e+00   0.0000000e+00   0.0000000e+00   0.0000000e+00
   0.0000000e+00   0.0000000e+00   0.0000000e+00   0.0000000e+00   0.0000000e+00   0.0000000e+00   0.0000000e+00   0.0000000e+00   0.0000000e+00   0.0000000e+00   0.0000000e+00   0.0000000e+00   0.0000000e+00   0.0000000e+00   0.0000000e+00   0.0000000e+00   0.0000000e+00   0.0000000e+00   0.0000000e+00   0.0000000e+00   0.0000000e+00   0.0000000e+00   0.0000000e+00   0.0000000e+00   0.0000000e+00   0.0000000e+00   0.0000000e+00   0.0000000e+00   0.0000000e+00   0.0000000e+00   0.0000000e+00   0.0000000e+00   0.0000000e+00   0.0000000e+00   0.0000000e+00   0.0000000e+00   0.0000000e+00   0.0000000e+00   0.0000000e+00   0.0000000e+00   0.0000000e+00   0.0000000e+00   0.0000000e+00   0.0000000e+00   0.0000000e+00   0.0000000e+00   0.0000000e+00   0.0000000e+00   0.0000000e+00   0.0000000e+00   0.0000000e+00   0.0000000e+00   0.0000000e+00   0.0000000e+00   0.0000000e+00   0.0000000e+00   0.0000000e+00   0.0000000e+00   0.0000000e+00   0.0000000e+00   0.0000000e+00   0.0000000e+00   0.0000000e+00   0.0000000e+00   0.0000000e+00   0.0000000e+00   0.0000000e+00   0.0000000e+00   0.0000000e+00   0.0000000e+00   0.0000000e+00   0.0000000e+00   0.0000000e+00   0.0000000e+00   0.0000000e+00   0.0000000e+00   0.0000000e+00   0.0000000e+00   0.0000000e+00   0.0000000e+00   0.0000000e+00   0.0000000e+00   0.0000000e+00   0.0000000e+00   0.0000000e+00   0.0000000e+00   0.0000000e+00   0.0000000e+00   0.0000000e+00   0.0000000e+00   0.0000000e+00   0.0000000e+00   0.0000000e+00   0.0000000e+00   0.0000000e+00   0.0000000e+00   0.0000000e+00   0.0000000e+00   0.0000000e+00   0.0000000e+00   0.0000000e+00   0.0000000e+00   0.0000000e+00   0.0000000e+00   0.0000000e+00   0.0000000e+00   0.0000000e+00   0.0000000e+00   0.0000000e+00   0.0000000e+00   0.0000000e+00   0.0000000e+00   0.0000000e+00   0.0000000e+00   0.0000000e+00   0.0000000e+00   0.0000000e+00   0.0000000e+00
   1.8853089e-02   0.0000000e+00   0.0000000e+00   0.0000000e+00   1.3230982e-01   7.0568849e-02   9.8116402e-02   3.5685656e-02   1.3812566e-01  -3.1817901e-02   1.4027979e-01   1.4323596e-01   1.7528952e-01   9.4181609e-02   2.0561124e-01   1.3038737e-01   1.8653002e-01   1.4747170e-01   3.1939905e-01   4.7846060e-02   1.7390207e-01   6.4524096e-02   2.1622784e-01   8.0370771e-02   1.9656055e-01   3.6036555e-02   5.6799899e-02  -1.8151623e-01  -7.7747364e-02  -1.0922453e-01  -1.0330896e-02  -6.1950916e-02   1.2166573e-02   3.6175994e-02  -2.1501019e-02   8.3851700e-02   1.0311727e-01   2.6914077e-02   1.2113214e-01   1.2469666e-01   1.1709357e-01   1.5127079e-02  -3.0388816e-02   1.6722956e-01   4.7964237e-02   8.6846554e-02   2.6126961e-01   2.9576261e-01   8.0032845e-02   1.1197694e-01   0.0000000e+00  -5.7556653e-02   1.1332207e-01   2.7733844e-01   1.6876761e-01   2.7485877e-01   1.4045747e-01  -2.1850536e-02   2.9386310e-01   6.7569160e-02   4.0757455e-03   3.3691660e-02   6.1414238e-02   1.1038456e-01  -1.9272285e-02   8.6456476e-02  -3.1564662e-02   1.5460167e-01   1.2358088e-01  -1.5368010e-01  -3.7652251e-02   9.5424312e-02  -1.5647378e-02  -6.3276424e-02   1.9630087e-02   1.6510523e-01   3.0029177e-02  -6.7786714e-02  -4.5864464e-02   2.3914281e-02  -5.9564774e-02  -3.0381392e-02  -1.0187006e-01  -1.2670874e-01   6.1363855e-02   1.2442776e-01  -1.9107388e-02  -1.2161518e-01  -3.5188275e-02   1.3336830e-01  -7.2045767e-03   8.8598327e-02   1.2274983e-01   4.6820184e-02   2.4102291e-01   2.8920634e-01   2.2433605e-02   3.1734518e-01   3.3090859e-02   2.7998218e-01  -2.1152154e-02   7.8604560e-02  -3.4676950e-03   1.7062517e-01   2.5212856e-01   7.1391140e-02   1.0068118e-01   1.2943106e-01   1.0997530e-01   9.0847759e-02   1.3621317e-01   1.8712524e-01   2.4272430e-01   1.4186519e-01   0.0000000e+00   9.1000217e-03  -5.3994464e-02   1.0650729e-02
   1.8212119e-01   0.0000000e+00   0.0000000e+00   1.3230982e-01   0.0000000e+00   5.5784286e-01   2.7029981e-01   6.9449044e-03  -7.5901963e-02   9.0710019e-02   2.2901939e-01   8.0102310e-02   1.9859844e-01   2.3695812e-01   7.8643678e-02   9.6776767e-02   3.6880579e-01   3.7226121e-01   3.1555805e-01   3.9247366e-01   2.5775557e-01   1.7474574e-01   6.7534712e-02  -5.8302327e-03   3.0663367e-01   2.6087031e-01   2.7244494e-01   2.0704195e-01   1.1669356e-01   1.8742628e-01   1.7051994e-01   2.4464399e-01   2.5296738e-01   3.0592131e-01   3.4925670e-01  -1.1632279e-02   1.0000404e-01   1.3323783e-01   2.1602453e-01   1.9510404e-01   1.3836628e-01   7.1013217e-02   3.1194674e-01   4.5451198e-02   8.1657081e-02   2.1481675e-01   5.7378822e-01   1.9402615e-01   2.6526377e-01   5.7537754e-01   0.0000000e+00   1.4702298e-01   1.3887768e-01   4.2329365e-01   1.4265874e-01   9.1847478e-02   3.0421829e-01   1.3017735e-01   1.3213430e-01   2.2166242e-01  -3.9650723e-02   6.1729840e-02   1.2060157e-01   2.7702266e-01  -8.8427088e-02   3.2373882e-01   7.5078249e-02   6.9937251e-02   2.0156384e-02   1.8716237e-01  -3.9391042e-02   2.5816783e-01   1.9799113e-01   8.4800799e-02   1.7995045e-01   1.1431225e-01  -1.9299520e-01  -1.1007794e-01   2.0094678e-01   1.4813110e-01   1.8656981e-01   1.4914650e-01   2.3622842e-01   2.4237974e-01   1.7906854e-01   1.0249529e-01   2.0785859e-02   6.2284909e-02   1.6667341e-01   6.3187324e-02   2.5336283e-02   2.4118424e-01   2.0962797e-01   2.9692601e-02   2.8730717e-01   1.2686317e-01  -7.3284654e-02   1.5260025e-01   4.3736607e-03   1.4504644e-01  -1.4589532e-01   1.1235277e-01  -2.0245820e-01   1.5114560e-01   1.6767413e-01   5.7640984e-02   4.8878229e-02   3.1220187e-01   1.6902475e-01   1.4688224e-01   6.1672566e-02   2.8909977e-01   2.7679540e-01   2.4396231e-01   0.0000000e+00   1.5435548e-01   5.3778428e-02   1.0920115e-01
   9.3295034e-02   0.0000000e+00   0.0000000e+00   7.0568849e-02   5.5784286e-01   0.0000000e+00   1.8346531e-01   6.3718168e-02   1.8725834e-02   2.6317966e-03   6.0847943e-02   6.9186826e-02  -1.3720967e-02   3.0090782e-01   5.9916605e-02   5.3473839e-02   2.2067744e-01   2.3277848e-01   1.5896673e-01   1.9066081e-01   3.2745583e-02   1.6506854e-01   9.7133285e-02  -3.2387823e-02   2.5977251e-01   2.2187007e-01   1.7097329e-01   9.9555883e-02  -2.3515576e-02   4.2184123e-02   6.7075006e-03   1.4875817e-01   5.2111324e-02   5.2961995e-02   1.0123650e-01  -1.1645339e-02  -4.2383010e-02   3.2660186e-02   1.3079495e-02   8.8695090e-02   6.0154879e-02   1.2269597e-01   2.2598448e-01   9.0909332e-02   5.3245247e-03   1.4687949e-01   2.2259170e-01   9.5508948e-02   1.6236158e-01   3.9816958e-01   0.0000000e+00   3.2840116e-02   1.0365186e-01   2.7015197e-01   1.5517382e-01   1.0277049e-01   1.7644157e-01   4.0593805e-02   1.1076187e-01   1.8659234e-01   1.7985322e-02   4.7919070e-02   8.5096546e-02   1.5909813e-01  -1.2424188e-01   2.2041480e-01  -5.1437312e-02   1.6326479e-01   1.6960063e-01   1.5084027e-01   1.2134234e-02   1.7170673e-01   2.1457666e-01   2.2974715e-01   1.1941577e-01   1.3018518e-01   5.0153863e-02   8.3821804e-02   2.5597101e-01   9.7505625e-02   2.7846875e-01   1.2450593e-01   2.2963277e-01   1.3576934e-01   2.4545163e-01  -2.5455288e-02   1.4294896e-01   1.9156825e-01   1.1709646e-01   1.4590354e-01   5.1468479e-02   1.5549368e-01   1.4295247e-01   9.7104633e-02   2.3472003e-01   9.9313270e-02  -8.8166410e-02   9.0337316e-02   7.8922328e-02   7.2979697e-02  -7.5263704e-02   6.4229668e-02  -4.5008671e-02   9.8369789e-02   2.2014008e-02  -9.7771726e-03  -4.0360480e-03   2.6118640e-01   5.2236009e-02   2.8102913e-03  -8.7089111e-02   4.2706453e-01   3.0195382e-01   3.3656327e-01   0.0000000e+00   2.7880136e-01   7.3235595e-02   1.4485025e-01
   3.5867057e-01   0.0000000e+00   0.0000000e+00   9.8116402e-02   2.7029981e-01   1.8346531e-01   0.0000000e+00   2.5340932e-01   2.4866730e-01   6.1909294e-02   3.8104676e-01  -7.3631855e-02   1.4788221e-02   9.2658295e-02   2.6049247e-01   3.2923918e-01   1.7397468e-01   2.6590532e-01   2.2968699e-01   1.6965552e-02   2.4777986e-02   3.6458358e-02   1.3824734e-01   1.3266673e-02   1.2273663e-01   1.9230697e-01   8.9102297e-02   3.0255974e-01   6.7581619e-02   1.8800437e-01   1.0807080e-01   3.6927694e-01   2.4425791e-01   2.3123441e-01   3.1473006e-01   1.0100933e-01   7.9153824e-02   1.6852119e-01   1.4866937e-01   3.5022085e-01   2.2675668e-01   6.6583244e-02   3.1227395e-01   1.2009505e-01   2.5888667e-01   5.0480182e-02   2.1485901e-01   2.2591841e-01   1.3431079e-01   2.1563537e-01   0.0000000e+00  -5.3906248e-04   2.1627560e-02   3.4310747e-01   3.2974972e-01   8.7409699e-02   7.5865811e-02   5.3226392e-02   1.0775418e-01   6.5546356e-02   3.7802447e-02   1.1865000e-01  -2.8062932e-02   2.0234295e-01   9.6405372e-02   4.3113948e-01   1.8249479e-01   2.4262979e-01   1.7554066e-01   2.2634576e-02   5.6506989e-02   1.4805883e-01   6.2386284e-01   1.6387399e-01   1.5640899e-01   2.2529015e-01   1.6730953e-01   1.2289874e-01   6.4554024e-02   1.1988913e-01   3.6402351e-02   1.3234415e-01   1.5398175e-01   7.7192746e-02   2.3309455e-01   1.3771699e-01   1.4405861e-01   1.6606231e-01   2.3885950e-01   1.5408656e-01   1.5398420e-01   7.0215685e-02   7.6820708e-02  -9.0317858e-02   4.0130753e-01   8.8597556e-02   9.4360799e-02   1.9989079e-01   2.8518144e-01   1.2047140e-01   1.5192187e-01   1.6179136e-01   8.4181207e-02  -4.8351013e-02   7.0944749e-02   1.0065834e-01  -1.0997915e-02   2.1827122e-01   9.4810671e-02   4.8452628e-01   1.6610237e-01   1.8688821e-01   6.3364679e-02   2.2637757e-01   0.0000000e+00   2.1932116e-01   1.9823341e-01   2.7007130e-01
   1.1908326e-01   0.0000000e+00   0.0000000e+00   3.5685656e-02   6.9449044e-03   6.3718168e-02   2.5340932e-01   0.0000000e+00   2.3554355e-01   7.7871688e-02   1.3605548e-01  -4.6929191e-02   1.4296308e-01   9.6939343e-02   2.1957783e-01   2.5538113e-01   1.5218078e-01   7.7405417e-02   1.4100536e-01   8.3239857e-02   3.6438169e-02  -2.4374942e-02   2.0806744e-01   8.0110557e-03   2.4570477e-02   1.1825721e-01   1.4151030e-01   7.0967564e-02   9.1302040e-02   1.3077666e-01   4.9656823e-02   6.6434683e-02   1.2213148e-01   1.7385701e-01   9.1452314e-02   1.3706058e-01   7.4172716e-02   1.0418998e-01   5.1898168e-02   1.5419367e-01   1.1861531e-01   9.8590342e-02   9.1176907e-02   6.8578100e-02  -2.0809066e-02   3.0436673e-02   2.0786568e-02   2.2308519e-01   3.0948070e-02   1.1692916e-01   0.0000000e+00   2.6302511e-02  -4.5660333e-02   1.3562244e-01   2.7670515e-01   1.5415060e-01   1.1693734e-01   1.9788323e-01   1.4888065e-01  -8.9594948e-02   4.5421908e-02   1.1453348e-01   9.7832219e-02   1.6548846e-01   1.8997472e-01   2.0602400e-01  -1.9870668e-02   6.7620584e-02   3.0533189e-01   1.6424369e-01  -1.0966327e-01  -8.2002146e-02   2.1355984e-01   4.9907096e-03   2.4782538e-02   1.9294967e-01   2.6371534e-01   1.0800777e-01   7.4599824e-02   1.2241516e-01  -1.7177207e-02   4.4131519e-03  -2.4821245e-02   8.9480248e-02   9.0572969e-03  -7.1547107e-02   1.0778221e-01   1.1236425e-01   1.0750235e-01  -2.1482254e-02   1.8407064e-02   1.8808142e-01  -2.0147770e-02   9.8476170e-02   1.5295340e-01  -2.2223309e-02  -7.9377239e-02   1.9711079e-02   7.4887095e-02   2.4770636e-02   5.0744082e-02   6.6521272e-02  -9.0949478e-03  -6.1342612e-02   1.8129056e-01   1.8487677e-01   1.8703401e-01   7.0724517e-02   1.9895929e-01   2.4624214e-01   1.1064238e-01   1.2772240e-01   1.0377749e-01   1.4683306e-01   0.0000000e+00   3.5192392e-01   1.8420109e-01   1.4100923e-01
   2.3301360e-02   0.0000000e+00   0.0000000e+00   1.3812566e-01  -7.5901963e-02   1.8725834e-02   2.4866730e-01   2.3554355e-01   0.0000000e+00  -2.4746042e-02   1.4365869e-01  -3.3694098e-02   8.0278662e-02  -1.0073438e-01   2.6227059e-01   2.7383783e-01   1.4221740e-01  -2.9734966e-03   2.0835631e-01  -1.0980827e-01  -1.1499786e-01   6.7805344e-02   1.0904790e-02   2.4854753e-02   1.1181743e-02   1.0572299e-01  -4.9371034e-02   1.1389402e-01   4.9644829e-02  -1.4212004e-02   1.2012064e-01  -1.4718304e-02  -2.1653416e-02   1.1613268e-01   6.0507089e-02   1.7859359e-01   1.4881459e-01  -4.7391288e-04  -9.8526672e-02   9.6250521e-02   7.4034443e-02   6.5884765e-02   1.7922712e-01   1.0356311e-01   1.3002026e-03   6.1685158e-02   8.8300371e-02   3.4176408e-01   1.8014761e-01   7.0759816e-02   0.0000000e+00   4.9137365e-02   1.1047638e-01   1.2685596e-01   2.3358115e-01   2.1847842e-01   2.7178194e-02   2.2556638e-01   2.4815529e-01   4.9206500e-03   4.7635708e-02   1.7229906e-01   6.2329312e-02   1.2115172e-01   2.9013975e-01   1.2971048e-01   5.2800754e-01   2.2494757e-01   2.1127189e-01   2.5564564e-02  -7.0470301e-02   8.5763161e-02   1.1075659e-01   3.0263876e-02  -6.4599784e-02   2.2405741e-01   1.6912172e-01   4.5173628e-03   1.2860370e-02   9.9327506e-02  -1.7889062e-03  -3.3812799e-02  -1.0908170e-01  -1.9322239e-02   3.6288712e-02   8.8576839e-02   3.0654817e-01   7.8321537e-02   2.2451505e-02   1.6970592e-01   3.8099098e-01   1.1382979e-01  -3.0890893e-02   1.1942080e-01   2.5829922e-01   2.4383593e-01   2.3520231e-01   3.1793672e-01   4.0892441e-01   2.0043611e-01   1.1729954e-01   6.9542825e-02   1.8737234e-01  -1.8422559e-02   1.5499757e-01   1.8683859e-01   1.0844486e-01   8.0166137e-02   1.4154670e-01   2.4445375e-01   4.8591732e-01   1.5321018e-01   1.9770375e-01   1.8434372e-01   0.0000000e+00   3.8737224e-02   9.6917722e-02   1.5274343e-01
   1.0493857e-01   0.0000000e+00   0.0000000e+00  -3.1817901e-02   9.0710019e-02   2.6317966e-03   6.1909294e-02   7.7871688e-02  -2.4746042e-02   0.0000000e+00   2.8772654e-01   7.9881395e-02   1.2923573e-01  -1.6182337e-01   1.7834929e-01   2.5662879e-01   1.4918375e-01   3.7980002e-02   9.1099823e-02   7.6354076e-02   7.7383534e-02  -4.7503378e-02   6.7224922e-02   2.1117596e-01   2.5998262e-02  -2.8865313e-02   2.3405614e-01   1.9957886e-01   1.6177597e-01   9.6038795e-02   1.0505961e-01   2.0223985e-01   3.0533402e-01   2.6427098e-01   9.2240538e-02   1.5791471e-01   3.3927439e-01   1.1183904e-01   1.6603134e-01   2.5426541e-01   2.8075505e-01   1.5167879e-01  -7.8729343e-03  -9.0635116e-02  -5.3967226e-02   7.7826477e-02   6.0606470e-02   1.8478861e-01   6.2591635e-02   2.2232969e-01   0.0000000e+00   6.3480210e-03   3.3208950e-02   1.6444837e-01   2.0984546e-01   1.8750199e-01   6.9441920e-02   1.5887668e-01   1.6039256e-02  -1.0091550e-01  -1.8076913e-01  -1.9430550e-01  -1.3709125e-01   1.7013180e-01  -7.7274995e-02   2.8376803e-01   1.4019620e-02  -1.5858864e-01  -5.6805798e-02   2.7647075e-02  -3.0264801e-01  -1.8164249e-02  -4.9081981e-03   4.7877710e-02   6.4749609e-02  -1.8994453e-01  -7.5784316e-02  -2.3056177e-02  -1.7274938e-01  -1.3804539e-01  -2.3569442e-01  -1.0379758e-01  -1.2223287e-01  -1.0630171e-01  -6.3005765e-02  -2.1242400e-01  -4.8858541e-02  -1.7650477e-01   1.5882447e-01  -2.9943219e-01  -1.5813178e-01   4.7799114e-02   6.2266789e-02   2.4646263e-02   2.6489813e-02  -1.1857023e-01  -7.6252627e-02  -2.0862531e-01  -1.3461597e-01  -1.2848946e-01   1.7325823e-02  -1.2322686e-02  -1.7991039e-01  -8.4068167e-02   3.3672083e-02   3.6476891e-02   1.1263920e-01  -2.2940600e-02   1.1421663e-01   2.7863850e-01   1.8763945e-01   9.5703591e-02   6.1531736e-02   1.4481179e-01   0.0000000e+00  -1.4946683e-01  -8.5315572e-02  -1.8493716e-01
   3.2381845e-01   0.0000000e+00   0.0000000e+00   1.4027979e-01   2.2901939e-01   6.0847943e-02   3.8104676e-01   1.3605548e-01   1.4365869e-01   2.8772654e-01   0.0000000e+00   1.5699007e-02   3.0941941e-01  -5.8689843e-02   3.0887945e-01   4.3873450e-01   3.3008338e-01   2.8419006e-01   4.2270378e-01   1.7881927e-01   2.9904977e-01   9.3881901e-02   9.6279601e-02   5.5043780e-02   1.4308934e-01   8.6074420e-02   2.9082106e-01   1.9036775e-01   1.8605307e-01   1.3446579e-01   1.2495212e-01   3.1701195e-01   6.3436904e-01   4.5860148e-01   2.9853118e-01   3.4984802e-01   3.6655359e-01   2.5213795e-01   4.3723564e-01   5.8864794e-01   3.8900730e-01   2.4447917e-01   1.6533235e-01   8.5009047e-02   1.0063590e-01   1.3300423e-01   2.3428427e-01   5.0119021e-01   2.1640594e-01   3.0869822e-01   0.0000000e+00   2.0747144e-02   2.6480305e-03   3.4040771e-01   2.9037346e-01   2.6626395e-01   2.9090056e-01   2.5176686e-01   2.8852653e-01  -3.9766958e-02  -7.5225404e-02  -7.6864757e-03  -4.3010917e-02   3.4130571e-01   3.1991140e-02   5.9907042e-01   7.7830755e-02   2.4070732e-02  -9.3899944e-02   3.4284221e-02  -1.9365770e-01   9.9613095e-02   1.3030138e-01   1.9119557e-01   1.8528039e-01   1.8666690e-02  -1.5821665e-01  -5.6452822e-02  -3.0479588e-02   1.7702806e-02  -1.1109229e-01   3.6671800e-02  -5.1280903e-02   3.1833457e-03   3.2192878e-02   3.2804022e-02  -5.5795004e-03  -9.2355446e-02   1.2519413e-01  -2.0245009e-01  -9.2693818e-02   1.9160972e-01   1.9018938e-01   9.7518090e-02   1.9928614e-01   4.7490256e-02  -9.3432289e-03   5.4804309e-02   4.8149226e-02   1.8712414e-01   5.1383302e-02   2.4690479e-01  -1.3864347e-01   3.7982841e-02   2.6778720e-01   1.7062965e-01   2.7735013e-01   1.9879522e-01   1.6518697e-01   4.0570948e-01   2.0237282e-01   1.0678611e-02   4.4136950e-02   1.4494657e-01   0.0000000e+00  -1.8859133e-02  -3.8805432e-02  -9.7458964e-02
   4.7682313e-02   0.0000000e+00   0.0000000e+00   1.4323596e-01   8.0102310e-02   6.9186826e-02  -7.3631855e-02  -4.6929191e-02  -3.3694098e-02   7.9881395e-02   1.5699007e-02   0.0000000e+00   1.1761710e-01   7.3949759e-02  -2.6978979e-02   3.6740976e-03   5.3852604e-04   3.4950615e-02   1.3631912e-01   2.2982058e-01   1.2892782e-01   1.5872623e-01   1.0890963e-01   1.0145635e-01   1.1232043e-01   8.3161268e-02   1.5631581e-01  -5.7783975e-02  -2.5369452e-02  -3.7141122e-02   9.0420538e-02   5.3337874e-03  -6.2400999e-02   8.4991775e-04   2.7384210e-02  -4.9490738e-03  -6.4819686e-03  -3.3654801e-03  -1.0902275e-01   1.4184715e-01   1.2048858e-01   1.9885071e-03   3.3917907e-02   1.0248082e-01  -4.2525988e-02   1.5202528e-01   1.0196130e-01   8.9034274e-02   1.8755312e-01   2.1859518e-01   0.0000000e+00  -3.7618473e-02  -2.0703956e-02   1.2824968e-01   7.5615425e-03  -5.0138612e-02   1.4780227e-01   1.0835826e-01   9.7592242e-02  -3.3946950e-02  -2.7416359e-02   1.3460790e-02   3.9712080e-02  -8.8551469e-03   5.5834132e-03   4.4966818e-02  -1.5576099e-02   1.0256743e-01  -1.0097537e-01   1.2317301e-01  -2.1440654e-02   3.1514101e-02  -1.7859258e-01  -2.0002286e-01   9.4265820e-02  -5.4888282e-02  -1.1560790e-01  -1.2131561e-01  -8.8717991e-03  -3.0582981e-02   3.3688018e-02   4.7343777e-03   4.8340942e-02   1.6479202e-02   2.7231787e-01   2.6651416e-02  -3.9138360e-02  -6.0443611e-02   5.0395220e-02  -8.2515754e-02   2.6103089e-02   1.2758190e-01   8.1559903e-02   6.3125164e-02   1.5170483e-01  -9.9816298e-02  -1.1507995e-01  -4.6670480e-02  -1.6044699e-02   7.0761973e-02  -1.6746608e-01  -5.5195998e-02  -7.5146204e-02   1.0539162e-01   1.6392657e-02   8.0157470e-02   7.4291822e-02   1.8435167e-01   8.0761072e-02  -1.9612720e-02  -4.0273301e-03  -4.1847116e-02  -4.5075135e-02   3.5666418e-02   0.0000000e+00  -5.4269723e-02  -1.0745977e-01   3.6944159e-02
  -4.3438935e-02   0.0000000e+00   0.0000000e+00   1.7528952e-01   1.9859844e-01  -1.3720967e-02   1.4788221e-02   1.4296308e-01   8.0278662e-02   1.2923573e-01   3.0941941e-01   1.1761710e-01   0.0000000e+00   2.9509140e-02   3.7350765e-01   3.4354410e-01   2.0925544e-01   2.2798633e-01   3.4241448e-01   5.5003070e-01   6.2416500e-01   1.5480528e-01   6.5004335e-02   1.1858724e-01   2.1168875e-01  -1.5282582e-02   5.7847271e-01  -7.3885493e-02   2.0393536e-01   3.0636139e-02   1.9862206e-01   2.6304040e-02   3.4627852e-01   7.1577976e-01   2.3142021e-01   3.2766241e-01   5.5201867e-01   6.9560690e-02   1.4897731e-01   2.9562322e-01   1.7850033e-01   3.6812875e-01  -7.2856998e-03   3.0166519e-02  -1.2277629e-01   2.4862403e-01   3.2358602e-01   4.7683146e-01   3.1605070e-01   4.2636497e-01   0.0000000e+00   3.0581654e-01   1.7376412e-02   3.1635400e-01   3.5781042e-01   4.0444167e-01   7.0437999e-01   6.2501467e-01   3.6119180e-01  -1.4096087e-01  -1.5303197e-01  -2.7972156e-02   9.9015048e-02   5.5472937e-01   6.6351905e-02   4.2035904e-01  -4.3144592e-04  -1.9067622e-01  -2.2720165e-01   3.7122636e-01  -1.9121520e-01  -1.4953173e-01  -2.4743626e-02  -1.5200070e-01  -8.0163270e-02  -1.8624493e-01  -1.7041641e-01  -1.7029643e-01   3.5075468e-02  -4.2808590e-02  -1.2451910e-01  -2.3155663e-02  -1.3365982e-01   9.2445243e-02  -1.8071398e-01  -7.7428387e-02  -4.7599589e-03  -1.8592249e-01   9.1239423e-02  -2.0871227e-01  -2.5126436e-01   6.0782178e-01  -8.3310231e-03   3.3100142e-02   1.1196663e-01   1.9621891e-02  -8.6377757e-02  -1.6130721e-02  -2.9077065e-01  -3.7764002e-02  -6.6215167e-03  -2.3016387e-02  -2.9353251e-01   7.0479090e-02   6.1671817e-01   5.0447416e-01   3.6797626e-01   1.9288761e-01   3.9045245e-01   2.8439956e-01   4.1050011e-01   5.6654516e-02   1.0408151e-02   3.4665171e-01   0.0000000e+00  -1.6883887e-01  -1.6559488e-01  -2.2292654e-01
   9.4556427e-02   0.0000000e+00   0.0000000e+00   9.4181609e-02   2.3695812e-01   3.0090782e-01   9.2658295e-02   9.6939343e-02  -1.0073438e-01  -1.6182337e-01  -5.8689843e-02   7.3949759e-02   2.9509140e-02   0.0000000e+00  -7.0447679e-02  -6.1558327e-02   1.2167737e-01   2.1833704e-01   1.3790060e-01   2.3027950e-01   1.6108598e-01   4.2498523e-01   1.9346302e-01  -1.4484433e-02   4.1951382e-01   2.0634597e-01   2.4645575e-01   1.4719899e-01  -4.4825384e-02   3.9292213e-02   2.6182759e-02   2.2770862e-01   3.2967647e-02   6.1865804e-02   6.0668525e-02  -3.1006665e-02  -1.2393418e-01   3.4729224e-02   7.2810588e-02   3.5039364e-02   1.2196480e-01  -1.3155019e-03   1.8143426e-01   6.8690478e-02  -1.0629621e-01   1.0914068e-01   2.1908031e-01   1.3177074e-02   1.0538713e-01   1.4848099e-01   0.0000000e+00   1.1653163e-01   1.8466806e-02   1.2629200e-01  -2.0640358e-02  -4.4293827e-02   3.3954577e-01   5.7750820e-02   1.2792070e-01   1.7078787e-01   2.3482487e-01   3.3097463e-01   2.6610506e-01   6.5225059e-02   9.0191750e-03   7.7675029e-02  -1.6069196e-01   2.2470486e-01   3.2753302e-03   2.0190274e-01   1.4394693e-01   1.2428440e-01   1.5727049e-01   8.5547089e-03   3.6109260e-02   1.2213632e-01   1.5604506e-01   8.5093787e-02   3.7910432e-01   2.7025977e-01   4.8201593e-01   2.9766568e-01   3.8084967e-01   2.5250300e-01   2.7819861e-01  -2.5814906e-03  -1.2165341e-03   4.1686396e-01   1.9012264e-01   1.1495842e-01  -2.5231493e-02   2.3869121e-01   1.5843494e-01   9.9279520e-02   1.7542907e-01   7.9965892e-02  -1.2025402e-01   1.3198546e-01   5.6417709e-02   1.4767544e-01  -2.0451276e-03   1.8813834e-01  -9.6236703e-02   1.7701265e-01   1.4783423e-01   6.1819701e-02  -5.1018826e-02   2.3239799e-01  -9.6173332e-03  -1.6099327e-02  -1.0417331e-01  -2.9520344e-02  -1.8066828e-02   2.4259509e-02   0.0000000e+00   3.1714899e-01   1.2207588e-01   2.2314591e-01
   1.4170757e-01   0.0000000e+00   0.0000000e+00   2.0561124e-01   7.8643678e-02   5.9916605e-02   2.6049247e-01   2.1957783e-01   2.6227059e-01   1.7834929e-01   3.0887945e-01  -2.6978979e-02   3.7350765e-01  -7.0447679e-02   0.0000000e+00   7.3845575e-01   2.3193544e-01   1.2142226e-01   3.2973246e-01   6.9003676e-02   1.5269875e-01   5.6462838e-02   1.7821044e-01   4.5479107e-02   1.1788390e-01   4.3238639e-04   3.4656019e-01   2.9183259e-02  -6.4856539e-03   3.9284398e-03   2.0780116e-02  -3.3927563e-03   1.8445818e-01   3.6311804e-01   5.1726345e-02   6.0694717e-01   4.7488365e-01   6.0758701e-02   2.1266355e-01   2.8458416e-01   2.2587923e-01   4.1295267e-01  -6.8506534e-02   2.7346790e-01   2.2027334e-01   1.7529911e-01   2.0479098e-01   4.6366201e-01   2.3882393e-01   2.9956787e-01   0.0000000e+00   1.5118728e-01   2.1277995e-01   3.9893690e-01   7.5524999e-01   7.2680885e-01   3.3244142e-01   2.3145541e-01   2.8820672e-01  -8.2127083e-02  -1.6436748e-01  -7.0679982e-02  -1.4679639e-03   5.1859910e-01   1.5948051e-01   3.2000689e-01  -1.7848640e-02   7.4795008e-03   1.5334593e-01   2.2022314e-02  -2.1671518e-01  -6.6854472e-02   1.7530599e-01   1.8804550e-02  -5.0156050e-02  -2.2659360e-02   1.6271582e-01   1.7581769e-01  -1.0778129e-02  -6.5120141e-02  -1.0923075e-01   8.8499326e-03  -1.1288914e-01  -1.6178393e-01  -8.3081504e-02   4.9688659e-02   2.0060931e-01  -1.2218429e-01  -3.6437953e-02  -1.1191088e-02  -4.8345887e-02   3.1644160e-01  -8.0825923e-02   1.6037194e-01   2.1038317e-01   6.6829885e-02   9.5627707e-02  -1.4114696e-02  -1.0608528e-01  -1.0818301e-01   2.6205659e-01  -5.1195268e-02   7.7359964e-03   1.5879999e-02   2.7541485e-01   2.5955640e-01   3.2348623e-01   5.8934456e-02   3.1366289e-01   3.5426794e-01   3.0921845e-01   4.7807541e-01   4.4769143e-01   6.3837484e-01   0.0000000e+00  -1.9877581e-02   2.2862098e-05  -1.4268357e-01
   2.0875974e-01   0.0000000e+00   0.0000000e+00   1.3038737e-01   9.6776767e-02   5.3473839e-02   3.2923918e-01   2.5538113e-01   2.7383783e-01   2.5662879e-01   4.3873450e-01   3.6740976e-03   3.4354410e-01  -6.1558327e-02   7.3845575e-01   0.0000000e+00   1.8362856e-01   7.2948859e-03   3.4030804e-01  -7.1234217e-03   1.1551196e-01   1.3182420e-01   1.5820211e-01   1.4117682e-01   1.2663525e-01   4.5858733e-03   4.1069418e-01   1.3051250e-01  -7.7484810e-02  -4.3615207e-02   2.5828115e-02   7.3040249e-02   2.3504080e-01   3.0739252e-01   4.4283261e-02   6.3708028e-01   5.6827026e-01  -4.3177694e-03   2.1356539e-01   2.7666673e-01   2.0443507e-01   2.7393448e-01  -3.0327891e-02   1.5212027e-01   1.6961833e-01   1.0826031e-01   2.8143716e-01   4.8040844e-01   2.6145391e-01   3.3178538e-01   0.0000000e+00   1.6058774e-01   1.9441228e-01   4.5182322e-01   9.4843776e-01   5.5280082e-01   3.9585593e-01   3.0193459e-01   1.6769767e-01  -6.4996152e-02  -1.0714784e-01   4.2314013e-02   1.0452153e-02   3.2654000e-01   1.6118957e-01   3.9819174e-01   8.0715163e-02   5.7642560e-02   3.9864567e-02  -1.4200005e-02  -2.8825501e-01   4.0953003e-02   1.2398782e-01  -9.4868946e-03   1.8881888e-02   1.7637295e-02   8.2604984e-02   8.3360118e-02   2.7283784e-02   9.1847758e-02  -7.8009812e-02   4.4335340e-02  -7.2491320e-02  -1.6602790e-01  -6.2038806e-02  -1.2599972e-01   4.3270696e-02  -3.5133940e-02   6.7554362e-02  -1.6372145e-01  -7.6280679e-02   3.1903305e-01  -3.1239802e-02   2.3023128e-01   1.1704872e-01  -6.0254914e-02   1.4585665e-01  -1.0552464e-01  -1.8884167e-02  -5.8790370e-02   1.6727929e-01  -2.3740538e-02  -5.0992097e-02  -3.4910691e-02   4.1074346e-01   3.8641396e-01   4.1471245e-01   2.2972892e-01   4.6868248e-01   4.3103168e-01   2.4105018e-01   3.3858265e-01   3.1287995e-01   4.9705249e-01   0.0000000e+00  -1.2369931e-02   6.7557134e-02  -2.7007124e-02
   1.8877655e-01   0.0000000e+00   0.0000000e+00   1.8653002e-01   3.6880579e-01   2.2067744e-01   1.7397468e-01   1.5218078e-01   1.4221740e-01   1.4918375e-01   3.3008338e-01   5.3852604e-04   2.0925544e-01   1.2167737e-01   2.3193544e-01   1.8362856e-01   0.0000000e+00   5.6212925e-01   2.9947271e-01   2.3511165e-01   2.0978278e-01   8.9604503e-02   7.6775705e-02   2.8379515e-02   2.1937481e-01   8.5101799e-02   2.9605674e-01   7.3465296e-02   1.6268081e-01   1.2356940e-01   6.1066727e-02   1.3344323e-01   2.3550758e-01   3.4342061e-01   2.5327360e-01   1.5019616e-01   1.9338426e-01   1.1474780e-01   1.7420406e-01   2.7919840e-01   2.0937788e-01   1.9541769e-01   1.8951091e-01   1.3021302e-01  -7.0675038e-02   1.5628738e-01   3.0945162e-01   3.6079802e-01   1.0394792e-01   3.4213800e-01   0.0000000e+00   1.7633873e-01   6.1773715e-02   2.1492359e-01   1.7942882e-01   2.5313844e-01   3.2039496e-01   2.2939923e-01   2.6951365e-01   4.0442370e-02  -1.1325322e-01  -4.3786784e-03   4.7526404e-02   4.3149950e-01   1.0788838e-01   3.4492161e-01   1.0004850e-01   4.0816562e-03   2.6332225e-02   1.4758123e-01  -1.2224186e-01   2.1733588e-02   2.1389801e-01  -2.1123263e-02   9.3999595e-02   1.0138077e-01   1.0908905e-02   4.2834439e-03   9.9277674e-02   2.0236154e-02   3.3503250e-02   8.1237607e-02  -2.2810225e-02   6.7226875e-02  -1.5422792e-02   5.7783893e-03   4.9190256e-02  -5.2750800e-02  -7.8836295e-03   2.0865589e-02  -7.3388553e-02   2.9706664e-01   1.1318011e-01   3.5804445e-02   1.8836081e-01   1.5207655e-01  -6.0432361e-02   1.3922065e-01   9.0687242e-02   1.4726685e-01  -2.5423673e-02   1.1945738e-01  -4.5843575e-02   3.6698888e-03   2.2394326e-01   6.1173391e-02   1.2188067e-01   1.8289016e-01   1.3613683e-01   1.5135157e-01   1.0911182e-01   1.0581747e-01   3.1913869e-01   7.9658951e-02   0.0000000e+00   5.5434458e-02  -8.9197022e-02  -9.7801625e-02
   1.0715297e-01   0.0000000e+00   0.0000000e+00   1.4747170e-01   3.7226121e-01   2.3277848e-01   2.6590532e-01   7.7405417e-02  -2.9734966e-03   3.7980002e-02   2.8419006e-01   3.4950615e-02   2.2798633e-01   2.1833704e-01   1.2142226e-01   7.2948859e-03   5.6212925e-01   0.0000000e+00   2.6079527e-01   4.8566666e-01   3.2089580e-01   3.1270654e-02   9.9029934e-03  -9.5518190e-02   1.7267125e-01   1.1779569e-01   2.4992553e-01   1.2651077e-01   2.7571598e-01   2.6647562e-01   1.3606534e-01   2.7694794e-01   2.6940394e-01   3.7912840e-01   4.9341898e-01  -1.7750311e-02   9.2099704e-02   1.9394058e-01   1.5439132e-01   3.3589813e-01   1.9317040e-01   1.8241155e-01   3.4704313e-01   1.5067427e-01   2.6531371e-02   1.9562246e-01   2.9860692e-01   1.5693707e-01   2.1982152e-01   2.9905260e-01   0.0000000e+00   1.5621191e-01   1.1291824e-01   1.4536869e-01   4.9162498e-02   1.2390011e-01   2.4925794e-01   1.8521780e-01   2.7801187e-01   6.5062317e-02  -1.4165996e-01  -1.3871593e-01  -5.6043921e-03   3.7620789e-01   7.4257107e-02   2.7685802e-01   2.6822510e-02  -9.6351546e-02   1.0218980e-02   3.0175898e-01  -4.2048486e-02   3.8599456e-02   3.9361108e-01   7.1211465e-02   5.3638676e-03   5.1709479e-02  -8.9600847e-03   3.4718300e-02   1.4197503e-01  -5.9777195e-02   9.5167004e-02   1.4522921e-01   8.0601338e-02   1.8401647e-01   3.3334851e-02   6.1774344e-02   7.6787505e-02  -1.1149028e-01   1.4852822e-01   1.1500248e-01  -6.9325322e-02   2.8144241e-01   9.7863759e-02   2.5671717e-02   2.2327215e-01   1.0794788e-01  -2.2902552e-02   2.1629019e-01   4.6792964e-02   9.8229614e-02  -3.8980262e-02   1.1707062e-01  -6.1787214e-02   4.9092674e-02   5.8344929e-02  -2.7351525e-03  -4.1976011e-02   1.4449338e-01  -4.8256783e-02   1.2536285e-01   8.7619670e-02   1.0149048e-01   1.2927199e-01   1.5643967e-01   0.0000000e+00  -1.3165548e-02  -1.8989380e-01  -1.6612880e-01
   2.2750125e-01   0.0000000e+00   0.0000000e+00   3.1939905e-01   3.1555805e-01   1.5896673e-01   2.2968699e-01   1.4100536e-01   2.0835631e-01   9.1099823e-02   4.2270378e-01   1.3631912e-01   3.4241448e-01   1.3790060e-01   3.2973246e-01   3.4030804e-01   2.9947271e-01   2.6079527e-01   0.0000000e+00   2.7072010e-01   3.4664230e-01   2.3994993e-01   1.0163152e-01   2.9074136e-02   3.6253763e-01   1.8843220e-01   3.3150857e-01   7.0663825e-02   5.8244730e-02   4.6068162e-02   1.3647512e-01   1.7249320e-01   2.5841216e-01   3.6620499e-01   2.3054358e-01   2.9039170e-01   2.8050207e-01   9.8743624e-02   1.9467599e-01   3.5632374e-01   3.0039070e-01   1.7387249e-01   2.2701869e-01   1.5056683e-01  -6.1421045e-02   2.0717010e-01   5.3683512e-01   4.5138980e-01   3.2347835e-01   4.3772017e-01   0.0000000e+00   1.0115112e-01   1.1339771e-01   5.5248716e-01   3.1904792e-01   2.8978464e-01   4.7333361e-01   2.6595799e-01   6.9451349e-01   1.8623736e-01  -8.5215412e-02   4.7268060e-02   1.5807609e-01   4.0696310e-01  -1.6415249e-02   3.7347619e-01  -2.8672945e-02   1.5249387e-01  -9.7161989e-03   1.0848924e-01  -2.2035917e-01   1.6225319e-01   1.2755127e-02  -1.3560701e-01   1.4065332e-01   2.0354171e-01  -1.1756668e-02  -2.4580105e-02   1.6181784e-01   1.1394008e-01   7.0215572e-02   6.6625636e-02  -9.7583111e-03   2.5031564e-02   1.7250326e-01   9.8499234e-02   1.0656756e-01   1.6951074e-03   1.3276044e-01  -4.9981477e-02  -2.7103102e-02   3.0672658e-01   1.6369394e-01   1.5270975e-01   4.8182835e-01   1.3239979e-01  -9.1357919e-02   2.2544874e-01   1.4496943e-01   2.3324593e-01   3.7346202e-02   9.1251184e-02  -1.7204657e-01   2.7894415e-01   4.3872052e-01   2.3954316e-01   3.0337372e-01   3.7725245e-01   2.6821915e-01   2.4948613e-01   1.8051336e-01   1.4602951e-01   2.4060167e-01   3.1655906e-01   0.0000000e+00   5.9736630e-02   3.1255084e-02   2.9053216e-02
  -1.7542846e-02   0.0000000e+00   0.0000000e+00   4.7846060e-02   3.9247366e-01   1.9066081e-01   1.6965552e-02   8.3239857e-02  -1.0980827e-01   7.6354076e-02   1.7881927e-01   2.2982058e-01   5.5003070e-01   2.3027950e-01   6.9003676e-02  -7.1234217e-03   2.3511165e-01   4.8566666e-01   2.7072010e-01   0.0000000e+00   5.6422777e-01   3.2092809e-01   1.4183113e-02   2.2130562e-02   2.4282140e-01   3.3520702e-01   6.9099486e-01   7.2277893e-02   3.6893121e-01   2.8022165e-01   2.6222476e-01   2.5373240e-01   3.5008396e-01   4.5823219e-01   4.3899940e-01   1.1696801e-01   1.5024468e-01   3.0726022e-01   2.6825897e-01   3.9473788e-01   3.5116598e-01   1.9744368e-01   2.6584280e-01   2.0907387e-01  -4.3064104e-02   3.4209605e-01   2.6399615e-01   1.8057480e-01   2.9402347e-01   5.7765270e-01   0.0000000e+00   3.6370423e-01   1.1825741e-01   1.5094814e-01   5.7349909e-02   8.0429497e-02   5.1952151e-01   3.2819234e-01   3.2185856e-01   1.1407356e-01   1.2584893e-01   3.0313780e-02   2.1687368e-01   3.7461222e-01  -9.3417749e-03   3.6657490e-01  -1.4750412e-01  -1.5410560e-01  -2.7403761e-01   6.4099096e-01  -1.3073361e-01  -4.4494760e-02   6.5066070e-02  -5.7795331e-02  -1.7779028e-03  -1.8501487e-01  -1.5659285e-01  -2.0597422e-02   4.0100756e-01  -4.3090363e-03   2.2522460e-01   1.5422164e-01   3.3292901e-01   4.8758622e-01   1.2985253e-01   7.5140946e-02   5.7274462e-02  -2.7142129e-02   2.5293331e-01  -1.5974921e-01  -1.0257741e-01   6.5489176e-01   1.6046161e-01   1.0632791e-01   2.8521087e-01   5.5654361e-03  -8.7456300e-02   9.7587428e-02  -1.0807919e-01   2.5678550e-02   3.8598413e-03   9.5970983e-02  -1.6505293e-01   3.8858524e-01   1.7471686e-01   1.0956739e-01   9.0635787e-02   3.5303935e-01   8.4486248e-02   2.8036018e-02   1.1691444e-01   4.2556332e-02  -2.0086559e-02   2.5374739e-01   0.0000000e+00   1.4974116e-02  -1.0154830e-01  -4.9832366e-02
   1.3299339e-01   0.0000000e+00   0.0000000e+00   1.7390207e-01   2.5775557e-01   3.2745583e-02   2.4777986e-02   3.6438169e-02  -1.1499786e-01   7.7383534e-02   2.9904977e-01   1.2892782e-01   6.2416500e-01   1.6108598e-01   1.5269875e-01   1.1551196e-01   2.0978278e-01   3.2089580e-01   3.4664230e-01   5.6422777e-01   0.0000000e+00   2.9245785e-01   1.6859317e-01   2.3393213e-01   4.2797823e-01   1.2399129e-01   6.0962320e-01  -7.2413621e-02   1.7298509e-01   3.9552964e-02   7.6599029e-02   1.8892503e-01   3.2025910e-01   4.1842754e-01   3.1752725e-01   1.3227263e-01   2.5561985e-01   2.9173771e-01   2.8802435e-01   5.1563321e-01   4.5604664e-01   2.7708844e-01   1.9270029e-02   1.5694680e-01  -3.3422562e-02   1.9702447e-01   3.8452885e-01   2.2711331e-01   1.1999758e-01   2.8547233e-01   0.0000000e+00   1.8575568e-01   2.7960822e-02   2.9102839e-01   1.6615633e-01   1.6336235e-01   5.9529201e-01   1.9948525e-01   2.6349879e-01   1.7930155e-01   1.9255315e-03  -7.2308445e-02   1.3818996e-01   3.1353865e-01  -7.6711161e-02   2.1773207e-01  -1.5835596e-01  -1.8015083e-01  -2.5230541e-01   1.4775246e-01  -1.8122780e-01  -1.0392228e-01  -6.6293892e-02  -1.0103469e-01   9.8242956e-02  -1.3005638e-01  -1.4667109e-01  -1.4871222e-01   6.8946981e-02  -1.2587230e-01  -1.3222076e-01  -3.1179182e-02   7.0145498e-02   1.5620529e-01  -1.0547918e-01  -6.6522590e-02  -1.4617601e-01  -2.1139997e-01   2.6201733e-02  -2.0220914e-01  -3.4360305e-01   3.3395056e-01   9.6937672e-02  -1.2809959e-01   1.2315763e-01   7.9631400e-02  -1.1014173e-01   1.6896886e-01  -1.7934993e-01   6.8152442e-02  -1.1229321e-01   5.3874628e-02  -2.8589610e-01   3.3108480e-01   4.2187482e-01   1.4898038e-01   1.3389459e-01   2.1218568e-01   1.4478067e-01   1.3517152e-01   9.0275797e-02  -3.5689909e-02  -2.9651851e-02   1.5590271e-01   0.0000000e+00  -1.4842338e-01  -1.8065716e-01  -1.4687824e-01
