   0.0000000e+00   1.9626204e-01   0.0000000e+00   8.1423968e-02   5.8722087e-02   1.1970692e-01   4.9279786e-01   1.7317989e-01   1.3974561e-01   7.1878881e-02   1.7307336e-01   3.2151296e-02  -7.1776849e-02  -1.1365680e-01   8.2938959e-03   3.1604245e-02   1.8218646e-02  -5.5045010e-02   8.9509099e-02  -1.3350122e-01  -9.4958144e-02  -1.5043000e-01  -4.8686598e-02  -2.9852300e-02  -8.3386477e-02   2.5580100e-02  -3.2464660e-02  -1.1975645e-01   3.2704948e-03   4.2570239e-02  -4.7271486e-02   2.2679322e-02   1.6766301e-02  -3.7321040e-03   4.0901565e-02   4.3730414e-02   8.5101815e-02  -2.3067068e-02  -7.0816667e-02   7.7048504e-02   1.0309601e-01   2.4337440e-02   3.0895065e-04   5.3216700e-02   3.1627108e-02  -1.5166054e-02   3.9866742e-02  -6.5870002e-02  -8.9609136e-02   2.3252611e-02   0.0000000e+00   8.9236727e-02   1.2358469e-01   1.0383079e-01   8.4214115e-02   3.3479213e-02  -5.4128546e-02  -4.4464421e-02   2.7038020e-02  -9.4333876e-02  -1.6884981e-01  -1.3042699e-01  -6.2454211e-02   3.3175097e-01  -7.3465826e-02   1.6039553e-01   5.1346948e-02   6.3604050e-02   1.3525553e-01  -6.5636399e-02   7.8738230e-02   8.2882063e-02   5.0562270e-01  -1.7974932e-01   0.0000000e+00   1.1587383e-01   3.8694909e-01   1.4619938e-01  -1.4541773e-02  -2.2464457e-02  -3.1269904e-02  -3.5043064e-02  -6.6664890e-02  -1.3015056e-01   1.6499310e-01   5.3448777e-02   1.3951122e-01  -3.3005782e-02   1.0013335e-01   1.1871709e-01   2.8822255e-02  -1.0658143e-01   5.8284342e-03   1.0504293e-01   2.7896525e-02   1.8827974e-02   2.8348226e-02   8.7042632e-02   1.1935960e-01   1.5694255e-02  -5.3451080e-02  -1.1857979e-02   1.0641761e-01  -4.9912204e-02  -3.6186070e-02   8.1563349e-02  -4.4115817e-02  -7.1693086e-02  -4.0069259e-02   8.4191803e-02   1.1678913e-01   1.3601275e-01   1.3591984e-01  -5.8273914e-02  -3.2732856e-02   8.1934186e-02   3.5165070e-02   1.5154683e-01
   1.9626204e-01   0.0000000e+00   0.0000000e+00  -8.4393202e-02  -3.2525738e-02   3.6581096e-02   1.7016725e-01   1.6273430e-01   1.2610784e-01  -4.4792820e-02  -3.4550559e-02  -4.2152756e-02  -8.5786645e-02   5.9872366e-02   5.9532168e-02   1.2862317e-01   5.9336815e-03  -2.4659997e-02  -1.0893858e-02  -1.2715574e-01  -1.2415442e-01  -1.2446180e-01  -8.7202211e-02  -3.3979710e-02  -4.6483419e-03   1.6788931e-01  -1.7721916e-01  -1.3586649e-01  -3.3962481e-02  -6.8194221e-02  -2.7802740e-03  -1.0108198e-01  -4.1347864e-02  -7.3072001e-02  -1.2690551e-01  -7.2823407e-02  -6.3245993e-02   6.2775545e-02   6.1751376e-02   1.6563722e-03   1.0275375e-01   6.9822477e-02  -1.5976797e-01   9.1142549e-02   8.7969067e-03   3.2400360e-02  -1.1319578e-01  -7.6723210e-03   4.0421968e-02  -6.9947152e-02   0.0000000e+00  -9.7507003e-02  -4.2495840e-02   9.5433388e-02   9.0218346e-02   1.1355530e-01  -5.7854229e-02   7.7561148e-02   3.4791530e-03  -5.8304432e-02   1.0020466e-02   6.2874544e-02   2.2685284e-01   8.2789975e-02  -3.8697783e-02   8.4107251e-02  -3.4427678e-03   1.3233502e-01   1.7117174e-01   1.1371857e-01   2.1828013e-02   1.8471540e-01   1.9330862e-02  -4.0126187e-02   0.0000000e+00   2.2502227e-01   2.9360858e-01   7.2250791e-02   1.5339475e-01   7.3646587e-02   2.9256458e-02  -3.7134349e-03  -3.5809000e-02   5.9435299e-02   2.4869867e-02  -5.4541114e-02   2.3792384e-02   1.3651794e-01  -1.4045638e-02   6.0139318e-02  -6.9876354e-02   6.8028173e-02   1.3869029e-01  -1.8872045e-02  -3.3052730e-02   1.4235198e-01   8.9114723e-02   4.9062141e-02  -4.3942235e-02   2.4293721e-02  -6.6120368e-02   4.1905016e-02   1.0000274e-01  -1.6090434e-02   1.5462773e-01   2.2684584e-02   8.1047959e-02   1.2398748e-01   1.3580893e-01   2.0794834e-01   6.6078552e-02   5.3519375e-02   5.5440341e-02  -2.3346580e-02   7.9641320e-02   1.2986972e-01   1.0945723e-01   1.0645364e-01
   0.0000000e+00   0.0000000e+00   0.0000000e+00   0.0000000e+00   0.0000000e+00   0.0000000e+00   0.0000000e+00   0.0000000e+00   0.0000000e+00   0.0000000e+00   0.0000000e+00   0.0000000e+00   0.0000000e+00   0.0000000e+00   0.0000000e+00   0.0000000e+00   0.0000000e+00   0.0000000e+00   0.0000000e+00   0.0000000e+00   0.0000000e+00   0.0000000e+00   0.0000000e+00   0.0000000e+00   0.0000000e+00   0.0000000e+00   0.0000000e+00   0.0000000e+00   0.0000000e+00   0.0000000e+00   0.0000000e+00   0.0000000e+00   0.0000000e+00   0.0000000e+00   0.0000000e+00   0.0000000e+00   0.0000000e+00   0.0000000e+00   0.0000000e+00   0.0000000e+00   0.0000000e+00   0.0000000e+00   0.0000000e+00   0.0000000e+00   0.0000000e+00   0.0000000e+00   0.0000000e+00   0.0000000e+00   0.0000000e+00   0.0000000e+00   0.0000000e+00   0.0000000e+00   0.0000000e+00   0.0000000e+00   0.0000000e+00   0.0000000e+00   0.0000000e+00   0.0000000e+00   0.0000000e+00   0.0000000e+00   0.0000000e+00   0.0000000e+00   0.0000000e+00   0.0000000e+00   0.0000000e+00   0.0000000e+00   0.0000000e+00   0.0000000e+00   0.0000000e+00   0.0000000e+00   0.0000000e+00   0.0000000e+00   0.0000000e+00   0.0000000e+00   0.0000000e+00   0.0000000e+00   0.0000000e+00   0.0000000e+00   0.0000000e+00   0.0000000e+00   0.0000000e+00   0.0000000e+00   0.0000000e+00   0.0000000e+00   0.0000000e+00   0.0000000e+00   0.0000000e+00   0.0000000e+00   0.0000000e+00   0.0000000e+00   0.0000000e+00   0.0000000e+00   0.0000000e+00   0.0000000e+00   0.0000000e+00   0.0000000e+00   0.0000000e+00   0.0000000e+00   0.0000000e+00   0.0000000e+00   0.0000000e+00   0.0000000e+00   0.0000000e+00   0.0000000e+00   0.0000000e+00   0.0000000e+00   0.0000000e+00   0.0000000e+00   0.0000000e+00   0.0000000e+00   0.0000000e+00   0.0000000e+00   0.0000000e+00   0.0000000e+00   0.0000000e+00   0.0000000e+00   0.0000000e+00   0.0000000e+00
   8.1423968e-02  -8.4393202e-02   0.0000000e+00   0.0000000e+00  -5.6324434e-02   1.8994817e-02   1.8052459e-01   7.1849180e-02  -3.0871274e-02   6.6660260e-02   1.3704565e-01  -3.3362879e-02   1.0575393e-01   1.0292017e-01   5.3940899e-02   2.4925299e-02   9.8126147e-02  -4.7488995e-07   1.7561786e-01  -5.7639776e-02   1.6391295e-01   4.3817993e-02   3.1252277e-01   1.1974524e-01  -4.8594181e-02   1.4515539e-01  -5.7106116e-02   9.9549847e-02   1.1872540e-01   1.6493797e-01   4.0375866e-03  -2.9266060e-02   2.1505550e-02   5.8648543e-02  -6.1504880e-02   2.2319464e-02   1.1930252e-01  -5.5391329e-02  -2.3345640e-02   2.6806703e-01   1.4644488e-01   4.5059935e-02   9.2712978e-03   8.7249038e-03   6.4223216e-02  -6.5933926e-02   1.5921179e-01   1.7827242e-01  -7.8055270e-03  -1.1467461e-01   0.0000000e+00   6.9978824e-02   7.0011398e-02   1.0045942e-01   1.0116500e-01   2.0316795e-01  -2.9780879e-02   4.0795657e-02   1.4542414e-01  -1.0709178e-02  -1.0869349e-01  -1.3007761e-01   1.5237298e-02   1.7305957e-01  -3.4077397e-03   6.6878587e-02   1.1581317e-01  -5.2602286e-02   1.1978211e-01  -1.6763248e-01   8.2872193e-02   1.5042500e-01  -3.9663215e-02  -1.8676629e-01   0.0000000e+00   4.5598313e-02   1.3406971e-02  -2.8722880e-02  -2.2238452e-01  -5.9655127e-02  -1.8367732e-01   4.3509349e-02  -1.2021262e-02  -2.1346875e-01  -5.1572054e-02  -1.3611276e-01  -2.9810017e-02  -1.6197220e-01  -1.7051506e-01   6.3376516e-02  -7.1698769e-02  -2.3531875e-01  -4.9123184e-02  -1.2707495e-01   4.5007200e-02   4.3051404e-02  -1.8858589e-01   5.2347999e-02  -2.4417967e-02  -1.7153026e-02  -1.7250677e-01  -1.7614008e-01  -1.3753949e-01  -5.6787809e-02  -1.1497156e-01   1.1009155e-01  -9.5436298e-03  -1.2772898e-01  -1.7548722e-02   1.7726648e-02   5.4057124e-02   1.4850889e-01   1.1025798e-01  -8.1273713e-02   2.8706180e-02  -2.6856859e-02  -4.8678656e-03   1.0291689e-01
   5.8722087e-02  -3.2525738e-02   0.0000000e+00  -5.6324434e-02   0.0000000e+00   3.8900438e-01  -1.8324008e-02   1.4204540e-02  -6.9664062e-02  -8.5779404e-02  -3.4099912e-02   1.4325280e-01   2.0925901e-01   8.6310332e-02   2.0300174e-01   3.9940686e-02   3.1011223e-01   4.9114884e-01   2.8723660e-01   5.9259446e-01   1.4958117e-01   2.6529328e-01  -9.4235697e-02   3.2296792e-02   4.4904946e-01  -7.9868986e-03   7.1706118e-01   1.0059196e-01   1.3333685e-01  -4.1060864e-02   2.6265494e-01   1.9824736e-01  -1.1898288e-02   2.4916174e-02   5.4946966e-01   2.1879821e-01   2.9869737e-01   2.4586378e-01   1.9522312e-01  -5.7547095e-02   1.0664857e-01   1.7556480e-01   4.0250951e-01   2.3996091e-01  -6.5607311e-02   2.2622562e-01   5.0184848e-01   3.2923440e-02   3.2556184e-01   6.7061909e-01   0.0000000e+00   3.1478941e-01   2.2824528e-01   5.1061806e-02   1.7125283e-01   1.7862400e-01   6.7186717e-01   1.3404814e-01   2.1956030e-01   2.8511681e-01   3.0077897e-01   3.3971585e-01  -2.2772873e-01   2.1680554e-03   9.5082788e-02   1.9151081e-01  -1.4786070e-01   2.2453926e-01  -1.3247548e-01   3.8863444e-01   1.6181457e-01  -4.9859785e-02   1.4562967e-01   1.2242553e-01   0.0000000e+00  -8.6457432e-02  -1.8587229e-01   9.5870881e-02   4.2427412e-01  -9.5087738e-03   5.8274093e-01   2.2446310e-01   3.0166618e-01   4.2834315e-01   2.0920259e-01   1.8807590e-01  -2.1970851e-02   1.8128837e-01   3.4855964e-01  -8.0144560e-02   1.0227105e-01   4.1572451e-01  -1.6688720e-03   3.2259150e-01   2.3605292e-01   7.2525055e-02   2.3965529e-01   8.5145674e-02   1.3056774e-01   5.2529060e-02   4.8324953e-01   3.6603693e-01   3.9076577e-02   3.3607681e-01   9.0972458e-02  -8.4843911e-04   5.3728907e-02   1.5289789e-01   1.3112784e-01  -8.6538897e-02   8.0272789e-03   5.6980988e-02   3.9818135e-02   3.4536332e-01   1.5557748e-01   1.2781590e-01   7.1215616e-02  -5.8559920e-02
   1.1970692e-01   3.6581096e-02   0.0000000e+00   1.8994817e-02   3.8900438e-01   0.0000000e+00   2.2276779e-01   6.0454930e-02  -5.0130044e-02  -6.6918612e-02   1.0458279e-01   4.1333262e-02   9.3304490e-02   1.6222062e-01   3.4896175e-02   2.9081295e-02   2.1471797e-01   1.3333263e-01   9.2923520e-02   1.8840805e-01   7.6441302e-03   2.6302763e-02  -1.6061719e-02  -1.8590115e-01   1.1781788e-01   1.1741403e-02   4.2794692e-01  -2.5317035e-02   7.4791222e-02   7.4739580e-02   1.1369502e-01   4.5223203e-02   5.5016133e-02  -1.2057013e-02   1.0258844e-01   4.0910491e-02   7.8684779e-02  -1.3152916e-02  -1.2499318e-01   1.8256694e-02  -2.8380901e-02   1.6602172e-02   9.8173952e-02  -9.0111099e-03   8.2724865e-03  -9.1240459e-02   2.3450597e-01  -3.0127915e-02  -1.2638951e-02   5.5384093e-01   0.0000000e+00   1.8468230e-01   1.4898588e-02   4.1065113e-02   4.0287349e-02   1.0572755e-01   3.1753257e-01  -3.4306699e-02   4.2153062e-03   8.9350973e-02   9.3671059e-03   2.5642025e-03  -1.8266267e-01   1.1665467e-01  -2.5108175e-02   1.2630588e-01  -5.4475962e-02   9.7938266e-02  -6.6799553e-02  -3.1731370e-03   1.3787321e-01   1.0055461e-01   8.8543757e-02   9.8409761e-02   0.0000000e+00   1.0463806e-02   4.4458233e-03   7.9568295e-02   7.3423694e-03  -9.2707525e-03   2.4870070e-01   1.7379564e-01   3.3639072e-01   1.0129574e-01   1.4324592e-01   2.9741780e-02   5.8395792e-02   1.0857031e-01   1.0234470e-01   7.0193384e-02  -5.8632007e-02   5.7003485e-02  -7.8431232e-03   4.5385168e-02   2.7936334e-02  -4.3204071e-03  -1.8574709e-02  -7.5210207e-02  -1.0276938e-01  -1.1371674e-01   1.4360480e-01   4.2788265e-02  -5.0872314e-02   6.2100597e-02  -1.0663049e-01  -1.0308610e-01  -6.5522226e-02  -4.8453589e-02  -8.3641921e-02  -5.6754563e-02  -2.2874781e-02   6.4873263e-02   4.3625935e-02   2.5053055e-02   9.3004407e-02   6.3621920e-03  -4.9497737e-02   1.4456286e-01
   4.9279786e-01   1.7016725e-01   0.0000000e+00   1.8052459e-01  -1.8324008e-02   2.2276779e-01   0.0000000e+00   9.0494830e-02  -1.1108599e-01  -6.2747828e-02   1.9008495e-01   7.3147839e-03  -2.9146447e-02   1.8228926e-01  -1.6514595e-02   4.7835543e-02   4.3673442e-02  -3.2660441e-02   1.3236124e-01  -6.6067290e-02  -5.2687434e-02  -1.4987553e-01   1.2984157e-01  -9.1640298e-02  -1.5094991e-01   2.1825088e-01  -6.1459667e-02   2.6769579e-02  -2.7807465e-02   1.9861188e-01   4.9731368e-02  -4.3006373e-02   3.3960183e-02  -2.1897980e-02  -1.6856012e-01  -1.5184888e-01  -5.6057421e-02  -1.6959593e-01  -2.2876820e-01   2.0465035e-01   8.5108792e-03  -7.3920248e-02   6.0741040e-02  -3.4687222e-02   1.4514684e-01  -2.0621845e-01   7.9698308e-02   1.0003708e-01   4.5864269e-02   9.9061229e-02   0.0000000e+00   1.0943501e-02  -4.5000700e-02   1.7210200e-01   4.9734835e-02   8.8195371e-02  -1.6220194e-01   5.1155288e-02  -1.2319794e-02  -1.4506773e-02  -1.6285571e-01  -2.1906360e-01  -5.6017678e-02   5.0727901e-01  -1.9016115e-02   2.0552790e-01   4.0509632e-01   2.1282424e-01   3.3249636e-01  -7.8428894e-02   2.9642120e-01   1.8340942e-01   5.0050102e-01  -6.6932648e-02   0.0000000e+00   3.7188939e-01   3.2684328e-01   3.1919472e-01  -1.9931216e-01   8.0880128e-02  -8.2721342e-02   2.2694187e-01   9.9559185e-02  -7.6230528e-02   3.3752528e-01  -3.2749007e-02   3.9560282e-01  -5.6446588e-02  -1.6005522e-01   4.3378060e-01   1.8877178e-01  -3.1110919e-01  -3.9090742e-02   1.8548075e-02   5.7355991e-02   5.9726433e-02  -9.9398834e-02  -4.5517041e-02  -6.6958268e-02  -5.3065969e-02  -1.6750943e-01  -2.5890408e-01   3.8884037e-03  -1.4853423e-01  -2.3226961e-01   1.5407905e-01  -2.1323362e-01  -1.9669558e-01  -1.6069966e-01   3.9187825e-02   1.8108225e-01   1.8789717e-01   1.5662201e-01  -1.5757171e-01  -2.7766821e-02   1.6703740e-01   1.2388138e-01   4.6905984e-01
   1.7317989e-01   1.6273430e-01   0.0000000e+00   7.1849180e-02   1.4204540e-02   6.0454930e-02   9.0494830e-02   0.0000000e+00   2.0657092e-01   6.0878252e-02   1.3205190e-01  -3.8948416e-02   8.1259456e-02   6.0742220e-02   1.4293725e-01   8.1806277e-02   1.4807867e-02   3.5489544e-02   6.5117452e-02  -4.9527109e-03  -1.3414924e-02   1.5180544e-02  -2.2906575e-03   5.6439986e-02   2.9872590e-02   1.0123425e-01  -8.1306128e-02  -1.7743839e-02  -1.6046553e-02  -7.1828442e-02   2.4553003e-02   3.9399689e-02   8.0800883e-02   1.1428684e-01  -4.0362081e-02   7.1720808e-02   8.4623129e-02   5.0929094e-02  -4.7738292e-03   2.0563335e-01   1.7135210e-01   8.1813774e-02  -2.0924609e-02   1.7982723e-01  -1.9704774e-02   4.1031088e-02  -7.0431799e-03   1.5852007e-01   9.2500015e-02  -3.7797983e-02   0.0000000e+00   5.2026962e-02   9.8862870e-02   1.7925524e-01   6.2669104e-02   3.7332293e-02  -2.4247270e-02   7.0724487e-02   1.1362223e-02  -2.1931299e-02   2.4550165e-02   5.8952667e-02   1.6626775e-02   1.6339663e-02  -2.6866888e-02   7.0140230e-02   6.3615132e-02   1.2197336e-01   2.0747725e-01   1.3225465e-01   2.9807342e-02   1.6548923e-01   9.3034203e-02  -8.5597485e-03   0.0000000e+00   1.1054288e-01   1.6713505e-01   8.3810377e-02   1.0723800e-01  -6.4595073e-02   9.5859681e-03  -1.2412725e-02   8.2686911e-03   2.2973711e-02   2.8900164e-02   4.7181779e-02   4.3599308e-02   3.3785932e-04   1.2020566e-01   8.1511424e-03  -3.6400010e-02  -2.6218833e-02   3.4379772e-02   2.3794585e-02   1.2003423e-01   6.1527810e-02   7.3592795e-02   2.3212161e-02   5.8620851e-02   5.4208342e-02   2.4284365e-02   9.1823759e-03   7.9801976e-02   4.2198107e-02   8.6138975e-02   2.2664499e-01   1.5420316e-01   9.5929195e-02   1.1756464e-01   1.4778324e-01   1.0453312e-01   1.7903381e-02   1.0324979e-02   1.1867858e-02   7.9650701e-02   3.6915932e-01   2.0593096e-01   5.5411810e-02
   1.3974561e-01   1.2610784e-01   0.0000000e+00  -3.0871274e-02  -6.9664062e-02  -5.0130044e-02  -1.1108599e-01   2.0657092e-01   0.0000000e+00   4.2651506e-02  -2.9399660e-02   3.1551936e-02  -2.1042404e-02  -2.0301690e-01   3.9865764e-02   1.1279264e-01  -1.1586496e-01  -6.9254263e-02  -2.0294059e-02  -1.4386234e-01  -1.1687322e-01  -3.9181057e-02  -9.8914910e-02   1.5817315e-02  -8.0224975e-02   2.5860117e-02  -1.3769639e-01  -5.7217481e-02  -9.3019119e-02  -1.8078964e-01  -1.3772693e-01   2.6674139e-02  -1.5325179e-02  -4.6135671e-02  -3.1823112e-02   6.5103652e-02   4.2693818e-03   1.8603820e-01   1.0730663e-01  -7.6868923e-03   2.8830483e-01   1.2509291e-01  -1.9803869e-01   1.7139215e-01  -1.4020180e-01   1.9309076e-01  -1.2217480e-01  -8.5001072e-04  -4.0781830e-02  -1.7373931e-01   0.0000000e+00  -4.9296538e-02   5.7768609e-02   7.0762477e-02   1.6116328e-01   3.2359795e-02  -4.4255865e-02   1.6904328e-02  -6.1252095e-02  -1.5217408e-01   1.5747775e-02   1.3333287e-01   2.2363397e-01  -1.4033450e-01  -1.6965046e-01   8.1568906e-03  -1.2075976e-01  -2.7928096e-02   6.7811945e-02   2.9517046e-02  -1.4929429e-01   5.3041878e-02  -4.6895104e-02  -1.6845607e-01   0.0000000e+00  -2.7540032e-02   1.5794435e-01  -1.6666102e-01   1.8433266e-01  -6.7708529e-03  -2.4511070e-02  -2.0654040e-01  -1.7150052e-01  -5.1465806e-02  -2.0642724e-01  -5.0378645e-02  -1.1571521e-01   4.9960159e-02   1.1213255e-01  -1.5461631e-01  -1.2145144e-01   2.5449634e-02   1.3998259e-01   5.2143126e-02   1.2102120e-01   8.9236840e-02   5.3400185e-02   1.4135156e-01   1.8325691e-01   4.8256933e-02  -6.2375591e-02   8.8066704e-02   1.8159114e-01   2.9969154e-02   3.1323696e-01   6.2954515e-02   1.8586821e-01   2.3735611e-01   2.1398476e-01   2.8206683e-01  -3.3576771e-03   3.9267008e-02   3.7992000e-02   6.2312133e-02   2.8511296e-02   1.7572946e-02   3.9780243e-02  -1.5449108e-01
   7.1878881e-02  -4.4792820e-02   0.0000000e+00   6.6660260e-02  -8.5779404e-02  -6.6918612e-02  -6.2747828e-02   6.0878252e-02   4.2651506e-02   0.0000000e+00   2.2094476e-01   8.0379486e-03   5.7686681e-02   7.4247685e-02   2.2734121e-02  -2.9812609e-02  -9.7056298e-02  -1.3359613e-01  -8.3021568e-02  -5.0698630e-02   1.7018517e-01   1.3038215e-01   2.3053323e-01   1.1325532e-01   1.9398688e-02   8.2581879e-02  -9.0984015e-02   2.3066815e-01   1.2588905e-01   1.4479961e-01   4.2988282e-02   8.0725419e-03   2.2987479e-01   1.9207026e-01  -1.0056680e-01   1.2938222e-01   5.4599590e-02  -7.2319896e-03   4.0138939e-02   2.2887603e-01   1.5421412e-01  -5.2572768e-02  -2.5865048e-02  -1.7907661e-02   1.5392686e-01   4.4421566e-02   1.0720167e-01   1.2521971e-01  -1.1728765e-02  -1.5790964e-01   0.0000000e+00   7.9422849e-02   7.3824871e-04   1.3152150e-01   4.1577954e-02   2.7844647e-02  -3.6016956e-02   4.9968615e-02  -6.6245468e-02  -1.1968407e-02  -4.4029793e-02  -5.6911341e-02   5.1596056e-02  -5.9032846e-02  -6.9926140e-03  -4.9575288e-02   8.3542164e-02   1.3192588e-02   1.3526334e-01  -1.1664116e-01  -5.0180493e-02  -4.2242600e-02   6.1300571e-02   1.2616438e-01   0.0000000e+00   1.1556348e-02   5.3718569e-02   4.9065744e-02  -8.2339424e-02  -5.5050715e-02  -1.2175961e-01   4.6506172e-02   1.5594007e-02  -1.2530189e-01  -3.3429929e-03   1.1546123e-01   3.5528149e-02  -6.7551628e-02   1.3642363e-01   2.1349536e-02  -6.6500136e-02  -8.0913233e-02  -4.3118652e-02  -4.9920446e-02  -8.3236350e-02  -4.6870736e-02  -1.6693692e-02  -4.6708278e-02  -5.5188078e-02  -4.0540509e-02   1.8020986e-03  -8.5465503e-02  -3.1983985e-02  -1.6146566e-02   3.0864302e-02   6.9826513e-02  -2.1683405e-03   5.1957234e-02   1.1786642e-01   1.8155033e-01   1.1326182e-01   1.2923749e-01   6.7127969e-02  -5.9269664e-02   4.6123328e-03  -3.8143744e-02  -5.4287663e-02   2.8169759e-03
   1.7307336e-01  -3.4550559e-02   0.0000000e+00   1.3704565e-01  -3.4099912e-02   1.0458279e-01   1.9008495e-01   1.3205190e-01  -2.9399660e-02   2.2094476e-01   0.0000000e+00  -9.3374783e-02   1.2036175e-01   1.9600015e-01   1.1389325e-02   5.7974391e-03   1.7863530e-01   2.3243947e-04  -3.8480493e-02  -3.0525403e-02   2.4879263e-01   1.6143719e-01   3.3683128e-01   1.5259953e-01  -9.1557607e-04   7.2934050e-02  -1.9761785e-02   2.2709488e-01   1.4898921e-01   2.8727560e-01   1.9758278e-02   6.9211636e-02   3.4507652e-01   2.1484205e-01  -5.8181344e-02   2.8666116e-01   2.9472535e-01  -9.1083165e-02  -1.2592497e-01   4.9098984e-01   2.7114367e-01   1.4030214e-01   6.8646286e-02  -2.6217983e-02   1.4381366e-01  -7.9629946e-02   3.4195792e-01   2.2226135e-01  -7.0882920e-02  -6.5343679e-02   0.0000000e+00   3.7085035e-01   1.5161359e-01   1.8281324e-01   4.3214033e-02   1.6179974e-04  -2.5280832e-02  -9.9301337e-02  -1.2870103e-02  -1.3031270e-02  -1.4575489e-01  -1.7301219e-01  -6.5652330e-02   2.8192763e-01  -1.2405184e-02   1.6592575e-01   7.3287621e-02  -2.6096374e-02   6.1333926e-02  -1.7893580e-01   8.9283430e-02   2.5243881e-02   2.4238786e-01   7.7760578e-02   0.0000000e+00  -5.8300874e-02   1.6806756e-01  -2.9426220e-02  -2.3407614e-01  -1.8185044e-01  -2.0593063e-01   1.3552794e-01   1.1575844e-01  -2.1455794e-01   3.0041561e-03   2.0457304e-02   6.3694313e-02  -2.3268706e-01   2.2948569e-02   3.5478187e-02  -7.2150366e-02  -2.1528570e-01  -4.6893524e-03  -1.2538011e-01  -3.0337969e-02   4.0449428e-04  -1.1766956e-01  -5.7030567e-02  -1.3335982e-01  -1.1117572e-01   3.6629937e-03  -2.1880483e-01  -1.4309122e-01  -1.3226091e-01  -1.5142565e-01  -1.3896053e-02  -8.5369768e-02  -2.2441342e-01  -2.0248049e-02   1.3054811e-01   2.1742755e-01  -3.9489155e-02   2.8648946e-02  -1.0883663e-01  -5.9926391e-02  -6.4285683e-02  -3.7554820e-02   8.2190903e-02
   3.2151296e-02  -4.2152756e-02   0.0000000e+00  -3.3362879e-02   1.4325280e-01   4.1333262e-02   7.3147839e-03  -3.8948416e-02   3.1551936e-02   8.0379486e-03  -9.3374783e-02   0.0000000e+00   1.1687045e-01  -1.5123644e-01   9.4906898e-02  -3.0367685e-02   6.9979662e-02   9.0457189e-02  -1.2308235e-02   9.7392522e-02   1.0353435e-01   4.5297391e-02  -3.5631773e-02  -1.2182877e-02   4.3234934e-03  -7.1600144e-02   1.3576114e-01   3.0866102e-02   9.7331634e-02   3.5439095e-02   5.8511240e-02   1.1054345e-01   4.1197486e-02   8.4936030e-02   2.3462207e-01   1.5150822e-01  -3.9807166e-02   2.0902451e-01   9.8264191e-02  -1.0257665e-02   1.4401892e-01   9.2810684e-02   7.5700124e-02   9.2046953e-02  -9.0382695e-02   1.9595614e-01   5.9761037e-02   3.1057102e-02   8.8974900e-02   3.8338994e-02   0.0000000e+00   1.0885190e-01   2.0009405e-01   2.2502380e-02   1.4428851e-01   2.7266132e-02   1.2567737e-01  -2.2982049e-02   3.7660156e-02   1.6520866e-02   2.5313185e-02   5.1002708e-03  -2.3586890e-02   2.1460819e-02   1.1627073e-01   1.8062283e-01  -6.4016442e-02   1.5596014e-02  -1.1370836e-02   9.2171414e-02  -4.4201375e-02  -1.0557197e-02   4.0340152e-02  -2.2203534e-01   0.0000000e+00  -3.1361599e-02  -1.8171242e-02  -7.0129940e-02   1.1818097e-01  -5.6020930e-02   4.6904983e-02  -3.2562534e-02  -7.9469406e-02   6.1396576e-02   1.3910998e-02  -1.3908782e-01  -1.1125947e-01  -2.5835712e-02  -7.1866013e-06  -2.5824682e-02   7.6515339e-02   9.9647119e-02  -5.6362970e-03   1.5952906e-01   1.5394661e-01   8.1686192e-02   9.1161329e-02   6.0540455e-02   1.2895766e-01   9.0038199e-02   6.3013646e-02   1.3883391e-01   4.8601837e-02   8.6385031e-02   1.0215385e-02  -6.6612751e-02  -2.4837073e-02   3.0841754e-02   3.5906596e-02   7.1719731e-02   5.3538271e-02   1.5401057e-01   9.3213321e-02   1.4139982e-01   6.3650240e-02  -2.6093709e-02  -2.1397228e-02  -1.0031679e-01
  -7.1776849e-02  -8.5786645e-02   0.0000000e+00   1.0575393e-01   2.0925901e-01   9.3304490e-02  -2.9146447e-02   8.1259456e-02  -2.1042404e-02   5.7686681e-02   1.2036175e-01   1.1687045e-01   0.0000000e+00   3.3428287e-02   4.3074361e-01   3.3596192e-01   2.8723814e-01   3.9307957e-01   3.1189813e-01   4.5995318e-01   4.8307841e-01   4.4463390e-01   1.0498751e-01   1.7936408e-01   3.4766935e-01   2.5278123e-02   1.9556785e-01   1.3825209e-01   3.9815785e-01   2.5083488e-01   4.0603223e-01   6.5420130e-02   2.6120361e-01   2.8262191e-01   3.3832663e-01   3.6431753e-01   1.7746331e-01   3.0587128e-01   2.7620315e-01   1.8773937e-01   2.7643547e-01   2.8949685e-01   2.1828239e-01   2.7712690e-01  -3.7550270e-02   2.1868285e-01   3.3498830e-01   4.0408193e-01   2.4915150e-01   5.8613129e-02   0.0000000e+00   4.5084703e-01   2.5302395e-01   1.7778882e-01   4.8602343e-01   5.4083831e-01   3.3257561e-01   2.0566176e-01   4.0873912e-01   8.7132730e-02   1.9769894e-01   1.9485966e-01  -7.6933649e-03   2.4194908e-01   2.9143386e-01   3.4277576e-01  -1.3298987e-01   1.7225530e-01  -1.9949084e-02   2.9480120e-01   5.2811117e-02   1.9216596e-02  -1.0741916e-01   6.1805813e-02   0.0000000e+00  -1.1505459e-01  -1.3820295e-01  -1.1314944e-01   1.2936876e-01  -6.1907587e-02   1.0227407e-01   3.4221988e-02   9.8039231e-02   2.5439354e-01  -3.3742390e-02  -3.2082012e-02  -1.0944815e-01  -1.3737479e-02   4.0006382e-02  -1.8794616e-01  -1.0257007e-01   1.5624278e-01  -1.9123520e-02   7.2332717e-02   2.2201905e-01   1.0513289e-01   1.1554845e-01   6.8028876e-02   8.8539887e-03   3.3967176e-02   1.4725835e-01   1.1503347e-01  -1.4372819e-01   2.1334965e-01   1.7956412e-01   1.0747113e-01   1.0240681e-01   1.2974096e-01   3.3531184e-01   1.3362510e-01   4.0757649e-01   9.8789237e-02   1.3334283e-01   3.0798308e-01   3.2010082e-01  -6.6179418e-02  -2.0174578e-02  -5.6403544e-02
  -1.1365680e-01   5.9872366e-02   0.0000000e+00   1.0292017e-01   8.6310332e-02   1.6222062e-01   1.8228926e-01   6.0742220e-02  -2.0301690e-01   7.4247685e-02   1.9600015e-01  -1.5123644e-01   3.3428287e-02   0.0000000e+00  -1.2301718e-01  -2.4798399e-02   6.5903000e-02   7.0223651e-02  -8.0034636e-02   2.0300097e-01  -1.4630555e-02   1.8765806e-01   3.2754054e-01   1.7567940e-01   2.3325708e-01   3.3730970e-01   2.0212422e-02   2.5535973e-01  -1.1461519e-01   6.2103781e-02   2.3323137e-01  -1.5456440e-01  -1.2869108e-01  -1.0440592e-01  -1.6477999e-01  -2.1021162e-01  -9.2018953e-03  -1.6891737e-01  -1.4935941e-01   1.2528446e-01  -5.1955917e-02  -1.8817377e-01  -1.8779780e-02  -9.8014377e-02   2.8526197e-01  -1.3691583e-01   1.0214742e-01   1.4838483e-01   1.7016358e-01   2.0379363e-01   0.0000000e+00  -6.8972935e-02  -1.8762214e-01   1.2576517e-01  -6.4000930e-02   2.5603109e-03  -2.3980189e-02   1.4353248e-01  -9.4640450e-02   2.7152579e-01   3.4255307e-01   2.1450439e-01   1.4840364e-02  -1.2977419e-02  -1.0553700e-02  -1.5429086e-01   2.9339008e-01   3.0981575e-01   1.0343488e-01   7.3614414e-02   2.8397091e-01   2.0015166e-01   9.5825021e-02   7.7666602e-02   0.0000000e+00   1.9800389e-01  -1.4957639e-02   2.8740308e-01  -3.7796753e-02   3.0781611e-01   1.6781872e-01   6.5081298e-01   6.7327702e-01   1.9605691e-01   2.9186648e-01   9.0206038e-02   2.8322416e-01   2.1458645e-01  -1.5505569e-01   3.9189861e-01   3.1136555e-02  -1.6660620e-01  -6.1916085e-03  -4.5468443e-02  -1.3642572e-01  -1.6508924e-02  -3.8047873e-02  -1.7900161e-01  -2.7641852e-01  -3.6634478e-02   1.9671541e-02  -2.1892808e-01  -6.2019835e-02   5.7511819e-02  -1.1333017e-01   6.2200291e-02  -8.1295434e-02  -9.8052081e-02  -2.5946051e-02  -1.0831880e-01  -1.5214325e-02  -2.1649501e-03  -4.0791062e-02  -1.7975406e-01  -3.5635305e-02   2.7487886e-01   1.7294239e-01   3.8850691e-01
   8.2938959e-03   5.9532168e-02   0.0000000e+00   5.3940899e-02   2.0300174e-01   3.4896175e-02  -1.6514595e-02   1.4293725e-01   3.9865764e-02   2.2734121e-02   1.1389325e-02   9.4906898e-02   4.3074361e-01  -1.2301718e-01   0.0000000e+00   4.3794306e-01   1.5756568e-01   2.4590457e-01   2.7327373e-01   2.2754289e-01   2.6936339e-01   1.9728930e-01   4.1464541e-02   7.5894908e-02   2.1299732e-01   4.8510769e-02   9.1681372e-02  -2.2990415e-02   2.2173535e-01   7.4781553e-02   1.7356316e-01   5.8721044e-02   1.2961299e-01   3.2988508e-01   2.6875969e-01   2.9364964e-01   1.4943901e-01   2.4911648e-01   2.6737580e-01   1.2065153e-01   2.5446675e-01   3.0281704e-01   1.3245425e-01   2.7991758e-01  -6.8228845e-02   1.5772659e-01   2.1388381e-01   3.8289171e-01   2.5005839e-01  -6.5772209e-03   0.0000000e+00   2.7886540e-01   2.5610381e-01   1.8995038e-01   4.5311076e-01   5.6827756e-01   2.7262203e-01   2.0488343e-01   3.0928551e-01   2.3187845e-02   1.1060843e-01   1.3781832e-01   4.2522933e-02   1.9612950e-01   3.8688504e-01   3.4866115e-01  -6.0200941e-02   3.4209665e-02   6.7991944e-02   1.8895763e-01   6.9949888e-02  -5.0671703e-03  -1.0234539e-01   5.0400835e-02   0.0000000e+00  -8.6591858e-02  -9.7447267e-02  -8.1170869e-02   1.5056912e-01  -1.8255604e-01   3.1986561e-02  -1.0216083e-01  -8.0200989e-02   1.0439168e-01  -9.9604491e-02  -7.3192115e-03  -2.0934010e-01  -7.0829022e-02   3.4811554e-02  -1.6393957e-01  -8.0311194e-02   1.6652119e-01  -3.0517101e-02   6.3982953e-02   2.1075891e-01   1.4259213e-01   1.2224263e-01   1.6110826e-01   1.3918899e-01   9.7020202e-02   6.6121620e-02   1.6466962e-01   6.5146894e-02   1.6932027e-01   1.5880300e-01   9.1048189e-02   7.6440707e-02   1.3031993e-01   2.6436803e-01   1.2681978e-01   3.8094887e-01   2.0338197e-01   2.1746655e-01   3.1192755e-01   3.9519194e-01  -3.7183865e-02  -3.7544325e-02  -1.2812582e-01
   3.1604245e-02   1.2862317e-01   0.0000000e+00   2.4925299e-02   3.9940686e-02   2.9081295e-02   4.7835543e-02   8.1806277e-02   1.1279264e-01  -2.9812609e-02   5.7974391e-03  -3.0367685e-02   3.3596192e-01  -2.4798399e-02   4.3794306e-01   0.0000000e+00   9.7300149e-02   1.6647009e-01   2.7859768e-01   6.7243129e-02   1.1729647e-01   1.7249755e-01   1.0411208e-03   1.1560985e-01   2.0310375e-01   6.5911237e-02  -4.6141597e-02  -1.1712690e-02   4.2209594e-02  -2.0468884e-02   4.8484838e-02  -1.7362430e-02   9.1106022e-02   7.0571704e-02   5.6881920e-02   2.0828443e-01   8.4116712e-02   2.5642063e-01   2.1722292e-01   8.1992756e-02   2.4701555e-01   2.2261307e-01   1.0601419e-02   3.1454111e-01  -7.9088877e-02   1.5874346e-01   9.5062064e-02   3.2748285e-01   2.2993105e-01  -7.3446972e-02   0.0000000e+00   1.5447369e-01   2.4947044e-01   3.0277745e-01   6.6086334e-01   4.1459156e-01   1.0659853e-01   2.3228716e-01   2.1773953e-01  -3.2395786e-02   1.5155776e-01   1.9355524e-01   8.4663178e-02   1.5986914e-01   1.0674737e-01   2.9200911e-01  -2.5036927e-02   1.5012367e-01   1.4720950e-01   1.8931416e-01   4.9252676e-02  -4.9319826e-02  -1.2211685e-01  -7.0700566e-02   0.0000000e+00  -1.2243104e-02  -7.0394167e-02  -1.1154498e-01   1.0004943e-01  -6.6645784e-02  -3.1177044e-02  -1.1458063e-01  -8.4289096e-02   8.0378665e-02  -1.1550673e-01  -5.4666208e-02  -1.9605199e-01  -2.0319952e-02  -3.1622075e-02  -1.3515184e-01  -1.2450529e-01   1.0362746e-01   5.8099448e-02   1.1836738e-01   1.9142555e-01   1.7925381e-01   1.3604150e-01   2.1064371e-01   1.3863244e-01   4.3277104e-02   8.4409749e-03   1.2639965e-01   5.7977307e-02   1.5349866e-01   2.8814148e-01   2.2822637e-01   1.9228840e-01   2.4530150e-01   3.8457474e-01   2.5564853e-01   2.3389410e-01   1.6578946e-01   1.3290383e-01   1.9943787e-01   2.0972380e-01  -3.6434275e-02  -5.2668622e-03  -8.7437418e-02
   1.8218646e-02   5.9336815e-03   0.0000000e+00   9.8126147e-02   3.1011223e-01   2.1471797e-01   4.3673442e-02   1.4807867e-02  -1.1586496e-01  -9.7056298e-02   1.7863530e-01   6.9979662e-02   2.8723814e-01   6.5903000e-02   1.5756568e-01   9.7300149e-02   0.0000000e+00   4.7733789e-01   1.6874803e-01   4.3473418e-01   2.8628818e-01   2.7795369e-01   1.3125190e-01   1.4709731e-01   3.1037039e-01  -4.3680890e-02   3.0698700e-01   1.4851521e-01   3.2039308e-01   8.9464136e-02   2.4200836e-01   5.8098267e-02   1.7520970e-01   5.2294440e-02   2.8721940e-01   2.4342464e-01   2.2372745e-01   1.8995639e-01   2.2029496e-01   9.2473923e-02   1.9822340e-01   1.8565598e-01   1.8285232e-01   9.6491431e-02  -1.1262955e-01   1.0167721e-01   3.9558281e-01   2.1571654e-01   1.5371380e-01   1.9704243e-01   0.0000000e+00   4.4989286e-01   1.5711212e-01   1.1020467e-01   1.6899144e-01   3.0537674e-01   3.7720918e-01  -1.0243683e-02   2.3590552e-01   1.3436159e-01   9.9365881e-02   1.1616053e-01  -6.2170527e-02   1.9044324e-01   9.2316169e-03   2.6050164e-01  -2.6672897e-01   5.4680576e-02  -2.2438210e-01   1.4235213e-01   5.9958012e-03  -5.1570828e-02  -1.9791444e-02   7.6985397e-02   0.0000000e+00  -2.1333410e-01  -1.4746409e-01  -1.5090239e-01   1.1836994e-01  -1.7808422e-01   1.7392090e-01   1.5760788e-01   1.8073537e-01   1.7461475e-01  -1.5446209e-02  -1.1203518e-01  -1.9518528e-01  -1.7659327e-02   1.0070506e-01  -1.8835369e-01  -1.7055371e-01   2.1571147e-01  -2.6869156e-02   2.9724877e-02   1.0854251e-01   7.4890076e-02  -1.2809663e-01   1.4596611e-02  -7.7523554e-02  -3.9066892e-02   1.5546405e-01   1.3097455e-01  -1.8046978e-01   1.0598203e-01   9.7714284e-02  -5.5279250e-02   6.1716018e-02   5.1532458e-02   1.1423868e-01   2.4207495e-02   2.7636933e-02   5.0319304e-04  -1.1126316e-02   1.7384611e-01   1.6057358e-01  -8.3859877e-02  -1.2817221e-01  -1.1919903e-01
  -5.5045010e-02  -2.4659997e-02   0.0000000e+00  -4.7488995e-07   4.9114884e-01   1.3333263e-01  -3.2660441e-02   3.5489544e-02  -6.9254263e-02  -1.3359613e-01   2.3243947e-04   9.0457189e-02   3.9307957e-01   7.0223651e-02   2.4590457e-01   1.6647009e-01   4.7733789e-01   0.0000000e+00   2.4515424e-01   6.8503341e-01   2.5527640e-01   3.3277249e-01  -7.9539493e-03   2.1207844e-01   4.5140124e-01   3.1750159e-02   3.8383565e-01   1.2475670e-01   1.8792587e-01   1.3725476e-02   3.5479958e-01   5.3469795e-02   5.2134178e-02   1.5887191e-02   4.3228679e-01   2.3121172e-01   2.2265966e-01   2.5580758e-01   2.4990938e-01   5.1377198e-02   1.3408643e-01   1.2972744e-01   2.7689725e-01   2.3418260e-01  -1.0541806e-01   2.1723399e-01   3.3323903e-01   1.6870804e-01   4.3746938e-01   2.8738882e-01   0.0000000e+00   3.2969095e-01   2.0623431e-01   4.5649279e-02   2.6585381e-01   2.1947683e-01   4.9677247e-01   8.7941253e-02   2.0914372e-01   3.1192815e-01   3.2091107e-01   2.9352007e-01  -5.3867960e-02   3.2650802e-02   1.1923775e-01   1.8952881e-01  -2.3578945e-01   1.7527020e-01  -1.5708865e-01   5.5978933e-01   1.4656096e-01  -1.0844434e-01  -7.5938549e-02   8.3711008e-03   0.0000000e+00  -9.6728183e-02  -1.8938752e-01  -4.9232650e-02   3.4386442e-01  -3.0963924e-02   3.5390277e-01   1.8061044e-01   1.6046880e-01   4.6624885e-01   8.8334327e-02   3.5662345e-02  -1.1497910e-01   1.2667011e-01   1.4869868e-01  -1.6502083e-01  -5.0593232e-02   4.0521064e-01  -5.3384438e-04   1.7890527e-01   1.5147169e-01   4.4680652e-02   1.0425534e-01   3.9344340e-02  -8.5870108e-03   5.6426330e-02   3.0964168e-01   2.0184654e-01  -1.1484016e-01   3.6195868e-01   2.0078722e-01   3.6685222e-02   1.5585841e-01   2.0533728e-01   3.0762944e-01  -2.6724930e-02   3.3819697e-02  -5.1368530e-03   3.7647921e-02   3.4020308e-01   1.6816403e-01   5.0087919e-02   7.1164127e-02  -1.1283480e-01
   8.9509099e-02  -1.0893858e-02   0.0000000e+00   1.7561786e-01   2.8723660e-01   9.2923520e-02   1.3236124e-01   6.5117452e-02  -2.0294059e-02  -8.3021568e-02  -3.8480493e-02  -1.2308235e-02   3.1189813e-01  -8.0034636e-02   2.7327373e-01   2.7859768e-01   1.6874803e-01   2.4515424e-01   0.0000000e+00   2.4434747e-01   1.6259910e-01   1.9434007e-01  -2.3331650e-02   1.4501987e-01   3.2562713e-01   7.6401730e-02   1.9375310e-01   6.1443477e-02   8.4752152e-02  -2.9521351e-02   1.2952147e-01   1.6741608e-01   1.0540174e-01   1.5623014e-02   3.4741804e-01   3.4353091e-01   2.5294387e-01   3.7786859e-01   4.1330084e-01   1.1470339e-01   2.3196250e-01   2.8218212e-01   3.5491043e-01   4.7312455e-01  -2.0642609e-02   3.7458173e-01   1.8616774e-01   2.4798812e-01   3.3652700e-01   1.0505487e-01   0.0000000e+00   2.7914304e-01   4.4649344e-01   2.3622341e-01   3.6855107e-01   3.6356600e-01   2.8832772e-01   2.1285617e-01   5.1368109e-01   1.1042989e-01   2.3199605e-01   2.6522952e-01  -1.6329359e-02   1.1128604e-01   7.7482419e-02   3.8462860e-01  -4.8438446e-02   3.2160395e-01  -2.9529908e-03   2.3876227e-01   8.2740778e-02  -6.3201276e-02   2.3218389e-02   4.7302244e-02   0.0000000e+00   1.4281097e-02  -1.4238848e-01   2.9779905e-02   2.0375852e-01  -4.7892119e-02   1.8096479e-01   8.5416174e-03   5.3782120e-02   1.9794742e-01   5.5638240e-02   1.5766523e-01  -7.1347340e-02   4.6852443e-02   2.1130033e-01  -9.0170155e-02   1.1689010e-01   2.0403600e-01  -3.4220084e-02   4.6429280e-01   4.8372989e-01   2.0653917e-01   2.5179880e-01   4.3055635e-01   3.1628723e-01   2.3789327e-01   2.5790897e-01   3.7965852e-01   5.9840706e-02   2.3748830e-01   2.6962140e-01   2.1256389e-01   2.1479132e-01   2.1818612e-01   2.6701210e-01   1.1629159e-01   1.5019949e-01   9.1158186e-02   1.0326900e-01   2.9732321e-01   1.5425107e-01   3.1696420e-02   2.7930235e-02  -2.2519032e-02
  -1.3350122e-01  -1.2715574e-01   0.0000000e+00  -5.7639776e-02   5.9259446e-01   1.8840805e-01  -6.6067290e-02  -4.9527109e-03  -1.4386234e-01  -5.0698630e-02  -3.0525403e-02   9.7392522e-02   4.5995318e-01   2.0300097e-01   2.2754289e-01   6.7243129e-02   4.3473418e-01   6.8503341e-01   2.4434747e-01   0.0000000e+00   3.0958886e-01   5.1792609e-01   2.8470714e-02   1.9006593e-01   5.8159774e-01   4.8125428e-02   7.0155075e-01   2.2705416e-01   2.4745492e-01   8.8619785e-02   5.6705212e-01   1.0695834e-01  -8.8350860e-03   4.1984976e-02   6.0855359e-01   2.3798198e-01   3.0592254e-01   2.1152685e-01   1.9972591e-01   9.9383449e-03   6.8487494e-02   8.8457299e-02   4.4184375e-01   2.3515302e-01   8.0092635e-02   1.6707636e-01   3.6312901e-01   9.6958500e-02   4.5005035e-01   5.2319485e-01   0.0000000e+00   3.5228923e-01   1.8669358e-01  -4.4182790e-02   1.4521841e-01   1.8430611e-01   6.1547763e-01   1.5634578e-01   2.0557928e-01   5.6638195e-01   5.4595296e-01   4.2708390e-01  -1.5090461e-01  -4.7080210e-02   1.8944226e-01   7.4106991e-02  -1.6228123e-01   3.0208945e-01  -2.3196951e-01   5.9020759e-01   2.6078218e-01  -1.5006642e-01   5.5852975e-03   1.6336370e-01   0.0000000e+00  -7.6960033e-02  -2.1055882e-01   6.5759436e-02   3.6549658e-01   7.0966664e-02   5.9445445e-01   3.7896761e-01   4.8423471e-01   7.5062261e-01   2.4352088e-01   2.2867724e-01   7.4767821e-02   1.8655854e-01   2.5760966e-01  -1.3009537e-02   1.0692255e-01   3.7024335e-01  -3.8433955e-02   1.9314783e-01   1.3003308e-01   6.1303409e-02   8.9369565e-02   3.6684862e-02  -1.0258802e-03   8.7348344e-02   4.4084436e-01   2.4850471e-01  -1.3313890e-01   4.9353185e-01   6.8876650e-02  -5.9479671e-02   6.1405198e-02   1.3080991e-01   1.8211576e-01  -1.7832290e-01   3.4683951e-02   2.9652244e-02  -4.4577345e-02   2.5283291e-01   1.5098149e-01   8.0171003e-02   4.6250371e-02   2.3280261e-02
  -9.4958144e-02  -1.2415442e-01   0.0000000e+00   1.6391295e-01   1.4958117e-01   7.6441302e-03  -5.2687434e-02  -1.3414924e-02  -1.1687322e-01   1.7018517e-01   2.4879263e-01   1.0353435e-01   4.8307841e-01  -1.4630555e-02   2.6936339e-01   1.1729647e-01   2.8628818e-01   2.5527640e-01   1.6259910e-01   3.0958886e-01   0.0000000e+00   5.5795223e-01   3.8390153e-01   2.5175697e-01   2.6289880e-01  -2.0310341e-02   2.5421042e-01   3.6641410e-01   5.7375179e-01   3.3196326e-01   1.5770153e-01   2.3160887e-01   3.9531898e-01   2.9915908e-01   3.1792431e-01   6.4240559e-01   3.9491514e-01   2.6255282e-01   2.5553984e-01   3.6634556e-01   3.2255660e-01   3.8381542e-01   2.7424586e-01   9.6553925e-02   5.1894980e-02   2.3949266e-01   5.9418850e-01   3.5961682e-01   1.0223854e-01  -8.5207331e-02   0.0000000e+00   4.7842282e-01   3.6532328e-01   1.3659000e-01   2.0328259e-01   2.3173593e-01   3.1426512e-01  -1.8447879e-02   2.8426339e-01   1.0864896e-01  -5.9718127e-02  -7.3996388e-02  -4.3152206e-02   2.0424575e-01   1.9033193e-01   3.2701216e-01  -1.8266490e-01  -7.3729906e-02  -7.9180485e-02  -7.1627154e-02  -7.8795596e-02  -1.7920815e-01  -2.0966242e-01  -2.2143813e-02   0.0000000e+00  -2.3445516e-01  -1.1985064e-01  -1.5134080e-01  -1.1951866e-01  -3.6693355e-01  -1.6336509e-01   3.6829325e-02   5.9376343e-03  -1.2974253e-01  -7.0556552e-02  -9.3599497e-02  -2.0162609e-01  -3.3717106e-01   2.8014120e-02  -2.1169448e-01  -1.0569697e-01  -9.4094350e-03  -1.1785238e-01  -9.9486531e-02   9.7432299e-02   3.3116761e-02  -7.0296284e-02   6.2771402e-02   2.3603446e-02   6.4687391e-02   1.3933304e-01   1.5845986e-02  -2.2504015e-01   1.1202253e-01   2.6145130e-02  -4.6962427e-02   8.5753127e-03  -1.2606608e-01   1.3688487e-01   1.1413293e-01   2.1423469e-01   4.0722086e-02   3.3794199e-02   1.9403289e-01   9.1643299e-02  -2.0048553e-01  -1.2069229e-01  -1.5541299e-01
