   0.0000000e+00   0.0000000e+00   0.0000000e+00  -1.2325186e-02  -5.1685724e-02   7.4877503e-02   2.3960772e-01  -3.1244672e-02  -9.1456119e-02   2.5900471e-02   1.8300635e-01   2.2406826e-01  -5.3520119e-02  -1.4632456e-02   3.8679384e-02  -1.1793835e-01  -3.3826059e-02  -4.6852905e-02   3.1077965e-02  -1.0259085e-01   5.5832291e-03  -4.6255262e-02   1.3099836e-01   9.6601087e-03  -1.2187207e-01   5.6791366e-02  -1.2759788e-01  -2.5762739e-02  -4.9454304e-02  -7.3529932e-02  -9.0939588e-02   4.5038888e-02  -6.0965401e-02  -8.6286977e-02  -2.8587525e-02  -3.6226382e-02  -1.3981129e-02   4.5463190e-02  -2.2792305e-02   1.3530115e-01   7.4295819e-02  -1.3188054e-02   9.9954582e-02  -1.8606273e-02   0.0000000e+00  -4.5441804e-02  -1.0104090e-02  -6.7694676e-02  -7.1627071e-02  -1.4419597e-01   0.0000000e+00  -7.0031763e-02  -3.3315454e-02  -5.8289800e-02  -8.3666811e-03   5.6160655e-02  -1.5169962e-01  -6.3305278e-02   5.2371068e-02  -4.7801842e-02  -1.2196592e-01  -1.0009072e-01  -4.0442239e-02  -4.0307732e-02  -1.0893257e-01  -3.6333051e-02  -1.3024431e-01   1.7681817e-01   1.1355322e-01  -8.4750273e-02   1.8008249e-02   3.4865299e-02   2.9606078e-01  -4.1020576e-02   0.0000000e+00   1.2185796e-01   1.0426100e-01   2.2308272e-01   9.0876091e-02   6.7834940e-02  -4.9589523e-02   5.8869509e-02  -2.6722574e-02  -4.9769165e-02  -6.9111570e-02   8.0104321e-03   8.1836068e-02   2.7190179e-02   1.5647964e-01   9.2373644e-02   1.6504162e-02  -1.1000067e-01  -6.7095613e-02  -2.7896174e-02  -7.1136956e-02  -7.4177899e-02  -2.0794479e-01  -4.7382734e-02  -5.3505424e-02  -1.3426158e-01  -1.9890902e-01  -9.1506029e-02   5.5399620e-05  -7.4818464e-02  -1.4029979e-01  -9.6354345e-02  -1.1764729e-01  -1.0418684e-01  -1.8228375e-02   3.3355264e-02  -1.8087207e-01   0.0000000e+00   2.0941493e-02  -8.7215166e-02   0.0000000e+00   9.1988121e-02  -7.0942504e-02  -4.5066668e-02
   0.0000000e+00   0.0000000e+00   0.0000000e+00   0.0000000e+00   0.0000000e+00   0.0000000e+00   0.0000000e+00   0.0000000e+00   0.0000000e+00   0.0000000e+00   0.0000000e+00   0.0000000e+00   0.0000000e+00   0.0000000e+00   0.0000000e+00   0.0000000e+00   0.0000000e+00   0.0000000e+00   0.0000000e+00   0.0000000e+00   0.0000000e+00   0.0000000e+00   0.0000000e+00   0.0000000e+00   0.0000000e+00   0.0000000e+00   0.0000000e+00   0.0000000e+00   0.0000000e+00   0.0000000e+00   0.0000000e+00   0.0000000e+00   0.0000000e+00   0.0000000e+00   0.0000000e+00   0.0000000e+00   0.0000000e+00   0.0000000e+00   0.0000000e+00   0.0000000e+00   0.0000000e+00   0.0000000e+00   0.0000000e+00   0.0000000e+00   0.0000000e+00   0.0000000e+00   0.0000000e+00   0.0000000e+00   0.0000000e+00   0.0000000e+00   0.0000000e+00   0.0000000e+00   0.0000000e+00   0.0000000e+00   0.0000000e+00   0.0000000e+00   0.0000000e+00   0.0000000e+00   0.0000000e+00   0.0000000e+00   0.0000000e+00   0.0000000e+00   0.0000000e+00   0.0000000e+00   0.0000000e+00   0.0000000e+00   0.0000000e+00   0.0000000e+00   0.0000000e+00   0.0000000e+00   0.0000000e+00   0.0000000e+00   0.0000000e+00   0.0000000e+00   0.0000000e+00   0.0000000e+00   0.0000000e+00   0.0000000e+00   0.0000000e+00   0.0000000e+00   0.0000000e+00   0.0000000e+00   0.0000000e+00   0.0000000e+00   0.0000000e+00   0.0000000e+00   0.0000000e+00   0.0000000e+00   0.0000000e+00   0.0000000e+00   0.0000000e+00   0.0000000e+00   0.0000000e+00   0.0000000e+00   0.0000000e+00   0.0000000e+00   0.0000000e+00   0.0000000e+00   0.0000000e+00   0.0000000e+00   0.0000000e+00   0.0000000e+00   0.0000000e+00   0.0000000e+00   0.0000000e+00   0.0000000e+00   0.0000000e+00   0.0000000e+00   0.0000000e+00   0.0000000e+00   0.0000000e+00   0.0000000e+00   0.0000000e+00   0.0000000e+00   0.0000000e+00   0.0000000e+00   0.0000000e+00   0.0000000e+00
   0.0000000e+00   0.0000000e+00   0.0000000e+00   0.0000000e+00   0.0000000e+00   0.0000000e+00   0.0000000e+00   0.0000000e+00   0.0000000e+00   0.0000000e+00   0.0000000e+00   0.0000000e+00   0.0000000e+00   0.0000000e+00   0.0000000e+00   0.0000000e+00   0.0000000e+00   0.0000000e+00   0.0000000e+00   0.0000000e+00   0.0000000e+00   0.0000000e+00   0.0000000e+00   0.0000000e+00   0.0000000e+00   0.0000000e+00   0.0000000e+00   0.0000000e+00   0.0000000e+00   0.0000000e+00   0.0000000e+00   0.0000000e+00   0.0000000e+00   0.0000000e+00   0.0000000e+00   0.0000000e+00   0.0000000e+00   0.0000000e+00   0.0000000e+00   0.0000000e+00   0.0000000e+00   0.0000000e+00   0.0000000e+00   0.0000000e+00   0.0000000e+00   0.0000000e+00   0.0000000e+00   0.0000000e+00   0.0000000e+00   0.0000000e+00   0.0000000e+00   0.0000000e+00   0.0000000e+00   0.0000000e+00   0.0000000e+00   0.0000000e+00   0.0000000e+00   0.0000000e+00   0.0000000e+00   0.0000000e+00   0.0000000e+00   0.0000000e+00   0.0000000e+00   0.0000000e+00   0.0000000e+00   0.0000000e+00   0.0000000e+00   0.0000000e+00   0.0000000e+00   0.0000000e+00   0.0000000e+00   0.0000000e+00   0.0000000e+00   0.0000000e+00   0.0000000e+00   0.0000000e+00   0.0000000e+00   0.0000000e+00   0.0000000e+00   0.0000000e+00   0.0000000e+00   0.0000000e+00   0.0000000e+00   0.0000000e+00   0.0000000e+00   0.0000000e+00   0.0000000e+00   0.0000000e+00   0.0000000e+00   0.0000000e+00   0.0000000e+00   0.0000000e+00   0.0000000e+00   0.0000000e+00   0.0000000e+00   0.0000000e+00   0.0000000e+00   0.0000000e+00   0.0000000e+00   0.0000000e+00   0.0000000e+00   0.0000000e+00   0.0000000e+00   0.0000000e+00   0.0000000e+00   0.0000000e+00   0.0000000e+00   0.0000000e+00   0.0000000e+00   0.0000000e+00   0.0000000e+00   0.0000000e+00   0.0000000e+00   0.0000000e+00   0.0000000e+00   0.0000000e+00   0.0000000e+00   0.0000000e+00
  -1.2325186e-02   0.0000000e+00   0.0000000e+00   0.0000000e+00   8.0316597e-02   1.5371565e-02   8.3186322e-02  -1.5028007e-03   1.0811954e-01   1.7000546e-01   1.4643900e-01   3.1891174e-02   2.3327132e-02   6.6239156e-02   1.7519440e-03   1.3521535e-01   7.5193546e-02  -9.2088873e-03   2.7903955e-01   8.5253561e-02   1.2656837e-01   1.7206157e-01   8.1137139e-02   1.7483416e-01   2.5341230e-01   1.2195846e-01   9.9008008e-02   1.5161129e-01   9.0917290e-02   1.3489402e-01   1.0897358e-01   9.3464422e-02   1.4251788e-02   3.3382226e-02   1.3111763e-01   1.3216472e-01   1.1789557e-01   2.0114241e-01   1.7720184e-01   1.3246467e-01   1.1105426e-01   1.7616770e-01   4.0547561e-02   6.8190434e-02   0.0000000e+00   5.2168879e-02   9.2108208e-02   8.6305567e-02   2.1132031e-02   6.9283197e-02   0.0000000e+00  -2.0063068e-02   1.2776153e-02   1.5259821e-02  -7.3183560e-03   1.1235989e-01  -8.6918366e-04  -1.4290551e-02   1.4675631e-01  -4.2271090e-02  -2.6805604e-03  -9.2088113e-02   2.4093663e-02   1.3816435e-02  -9.3349533e-02   5.9927255e-02  -6.9843928e-02   3.2151113e-02  -1.6352196e-02  -3.2791188e-02   1.0783138e-01   8.4830400e-02   4.7873127e-02   2.8427456e-02   0.0000000e+00  -2.1318085e-02  -8.2237736e-02  -4.5886486e-02  -1.0239283e-01  -1.4831935e-01  -4.8556896e-04  -7.5385952e-02  -1.0830627e-01  -5.4090674e-02   1.3751275e-02  -2.7188583e-02   2.8271442e-02  -1.4818550e-01  -3.1462646e-02  -8.7765395e-03   6.1017020e-02  -6.5403008e-02  -5.5236748e-02  -3.7183057e-02   7.1767331e-02   1.0095719e-01  -3.4656762e-02   8.4404999e-02   7.6667998e-02   4.9302089e-02  -5.5080867e-02   9.6524873e-02  -5.5380374e-02  -8.3309908e-02  -6.2374739e-02  -1.2811613e-01  -4.5440332e-02  -6.2309026e-02  -7.1608647e-02   1.5043070e-01   4.0669276e-02   0.0000000e+00   7.6994651e-02   1.8443764e-02   0.0000000e+00  -2.7664807e-02  -1.7467165e-01  -8.0785882e-02
  -5.1685724e-02   0.0000000e+00   0.0000000e+00   8.0316597e-02   0.0000000e+00  -4.1742679e-02   1.6482111e-01   3.3445205e-02  -1.4437974e-02   1.0536343e-01   5.9379102e-02  -1.4410161e-01  -1.8012622e-02  -3.0975169e-02  -7.3933512e-02   2.2327515e-01   1.2276670e-01   3.9997004e-02   4.4044666e-02   5.6425527e-02  -8.1256830e-02   4.3349842e-02  -8.1918291e-02  -7.3417415e-02   4.6312072e-02   6.0630664e-02   2.0480684e-01   1.1836364e-01   6.3933336e-02   5.6311995e-03   8.9276247e-02   1.4725785e-01   1.5662749e-01   1.5560575e-01   5.2082939e-02   1.0884862e-01   6.7623743e-03   8.3205966e-02   5.8389126e-02   1.5140043e-01   1.4218883e-01  -1.4199466e-02   1.4744709e-01   4.9822553e-02   0.0000000e+00   3.4335891e-02   1.9543711e-01   3.5844810e-02   6.7418784e-02   3.1957254e-01   0.0000000e+00   1.7003381e-01  -3.3921794e-02   1.7052014e-01   1.7705065e-01  -2.4656125e-02   1.0353934e-01   8.0006842e-02   3.3518614e-03   2.3206797e-02   6.5538448e-02   9.8154892e-02   4.5784332e-02   9.3151203e-02  -6.7616212e-02   3.2478513e-01   1.9075344e-02   6.2704928e-02   5.3365816e-02   2.1239282e-01  -3.5077551e-04   2.6993643e-01   1.9004532e-01   2.5974440e-01   0.0000000e+00   8.9959924e-02   3.5790817e-02   6.7836184e-02   2.8340625e-01   8.4432438e-02   2.9580226e-01   7.4842556e-02   8.9405970e-02   1.5340954e-01   1.6530006e-01   8.8597787e-03   9.3089863e-02   1.1976154e-01   2.1249236e-01  -7.4152347e-02   7.5162077e-02   2.1674141e-01   1.1831573e-02   1.0150485e-01   9.1438350e-02   1.0409315e-01   2.1647827e-03   1.6354467e-02   8.6114766e-02  -3.7607022e-04   2.0528951e-01   1.3157275e-01   4.0887151e-02   7.4676216e-02   8.5961165e-02   1.1574694e-01   1.0138432e-01   1.4628960e-01   6.7616971e-02   2.4951999e-01   6.1474129e-02   0.0000000e+00   2.5131244e-01   2.0687949e-01   0.0000000e+00   1.1735771e-01   7.2125662e-02  -1.2001699e-02
   7.4877503e-02   0.0000000e+00   0.0000000e+00   1.5371565e-02  -4.1742679e-02   0.0000000e+00   6.3213892e-02  -9.4943444e-02  -2.1116005e-01   4.7920422e-02  -1.1190621e-01   1.0295120e-01   1.5824750e-02   4.7082732e-03   1.5941748e-01   7.2705968e-02  -3.5040176e-02   7.7167953e-02   7.8427292e-02   1.4864164e-01  -1.8474667e-03   4.8182919e-02  -9.2235777e-03   8.8073133e-03   5.7305227e-02   2.7489327e-02   1.0514827e-01   2.7183301e-02  -2.4378442e-02   8.6466619e-03   6.9237869e-02   3.7633975e-02   1.2309824e-02  -1.3416466e-02   9.1682594e-03  -4.7825314e-02  -7.1048399e-02  -1.9323797e-02  -6.2277924e-02  -3.2668972e-02  -8.2937306e-02  -8.9887568e-03   6.5178344e-02  -1.1226612e-01   0.0000000e+00  -6.7378716e-02   1.7818422e-01  -1.1388668e-04   1.0994782e-01   4.6631942e-02   0.0000000e+00  -6.0242301e-02  -1.3753540e-01  -6.3696903e-02  -1.1098667e-02   4.3684706e-02   4.1458539e-02  -2.4590208e-02   5.6940892e-02   1.2826599e-01   4.3150844e-02   1.7781099e-02  -1.8578265e-02   3.4819632e-02  -5.2768586e-02  -6.5132485e-02  -8.7771763e-02   3.9413336e-02   6.0644227e-02   7.2943715e-03   1.8285891e-02   2.4296315e-01   4.7252647e-02  -7.5174852e-03   0.0000000e+00   6.8616597e-03   1.6729694e-02   1.8191771e-02   1.0079644e-01   5.7814020e-02   5.5628975e-02   1.1621731e-01   1.3721135e-01   1.0345462e-01   1.0435683e-01   6.4063611e-02   8.0593452e-02   8.7716593e-02   1.8336458e-01   2.8925452e-02  -7.6468880e-02   1.6069665e-03  -9.6454202e-02  -4.1533239e-02  -3.7017063e-02  -4.7490877e-02  -7.4073575e-02  -1.6268151e-01  -1.6957529e-01  -1.4281400e-01  -1.2146484e-01  -1.5184480e-02  -2.3687291e-03   1.0138429e-01  -1.1926143e-01  -1.0878863e-01  -8.9366818e-02  -7.9387382e-02  -1.3773294e-01  -4.7688229e-02  -7.3137129e-02   0.0000000e+00  -3.5729338e-01  -1.8904844e-01   0.0000000e+00   2.6127640e-02  -4.8936755e-02   1.4325553e-01
   2.3960772e-01   0.0000000e+00   0.0000000e+00   8.3186322e-02   1.6482111e-01   6.3213892e-02   0.0000000e+00   2.2247562e-02  -1.6702043e-01   2.2157488e-01   1.8784092e-01   7.7396166e-03  -9.7761649e-02   7.5387160e-02   1.6699241e-01   2.3010860e-01   1.2530157e-02   2.2725658e-02   1.6680685e-01   1.2970688e-01   1.9438071e-01   1.4110601e-01   5.2621263e-02   3.7305986e-02   1.3845745e-01   1.1641724e-01   1.6391346e-01   2.9510390e-01   9.9050287e-02   3.0466868e-02   2.5249394e-02   3.1323763e-01   3.3351099e-01   6.0611446e-02   1.4479221e-01   4.1495526e-01   6.7219023e-02   2.5389049e-01   1.8167333e-01   2.3410334e-01   1.4702408e-01   2.4977279e-02   1.0015721e-01   8.7752038e-02   0.0000000e+00   1.1513796e-01   2.9209426e-01   5.8300923e-02   4.7446988e-02   1.7350532e-01   0.0000000e+00  -2.9546385e-02   6.2235094e-02   2.1732572e-01   1.3837313e-01  -3.1504309e-02   2.5530330e-02   5.3653111e-02   2.3127204e-01   7.7321165e-02  -4.0649266e-02  -9.8809069e-02  -4.4339017e-02   2.2912343e-01   1.5504907e-02   4.1981593e-01  -1.0338927e-02   3.2764853e-01  -2.0222391e-02  -1.0994511e-01  -2.2214847e-02   1.5099908e-01   2.0570550e-01   4.8973175e-01   0.0000000e+00  -3.3134828e-03  -1.2638883e-01  -7.6817219e-02  -9.0936903e-02  -1.6216684e-02  -4.1038614e-02  -1.3891752e-01   8.3738782e-02   3.8040791e-03   1.7858755e-01   1.0147713e-03   8.1583985e-02  -5.8098221e-02   3.3006372e-03   1.5825758e-02  -5.6676854e-03  -1.2111591e-01  -2.3133766e-01  -7.9524915e-02   1.1686033e-01   2.8183966e-02  -2.0361197e-01   4.4576973e-03   3.7147758e-02  -7.8789565e-02   8.5601837e-03   6.3530212e-02  -5.8367685e-02  -1.9107170e-02  -5.7113357e-02  -4.2479073e-02   1.0508277e-02  -9.5810927e-02  -3.0260728e-02   2.5167448e-01   3.1794964e-02   0.0000000e+00   1.9615716e-02  -6.6084749e-02   0.0000000e+00  -9.6292580e-02  -1.0948659e-01  -2.9426390e-02
  -3.1244672e-02   0.0000000e+00   0.0000000e+00  -1.5028007e-03   3.3445205e-02  -9.4943444e-02   2.2247562e-02   0.0000000e+00   2.3581083e-01  -7.1162006e-02   8.6435130e-02  -1.3642155e-01  -3.1526380e-03  -4.1910150e-02  -1.6055697e-02   5.7122417e-02   2.4084143e-02   5.2805396e-02  -3.6221817e-02  -1.4731927e-01  -5.2937995e-02  -8.2470308e-02   3.9483143e-02  -3.1191718e-02  -3.4928229e-02  -5.0973026e-02  -3.6449377e-02  -1.7681105e-02  -6.6392678e-02  -1.2388873e-01  -1.2716166e-01  -5.8906551e-03   8.2393898e-02   5.3126224e-02   5.8107520e-02  -1.1854935e-02   8.6381425e-03   1.6921084e-02   5.8941799e-02  -3.3345226e-02   9.0571869e-03   5.1275536e-02  -1.2570835e-01   1.0336132e-01   0.0000000e+00   4.7082298e-02  -7.0717245e-02   2.4817381e-02  -6.4915545e-02  -9.4886441e-03   0.0000000e+00  -1.2135116e-01   2.9206742e-02   9.1086429e-02   9.9624492e-02   4.5669718e-02   2.0762223e-02   1.9361138e-02  -7.3752246e-02  -9.1599939e-02  -3.2509001e-02  -1.6755074e-02   5.6728551e-02   1.9137051e-02  -2.6648199e-02   3.6704823e-02   3.1212400e-02  -6.4677163e-02  -1.2117091e-01  -1.7001079e-01  -7.5885047e-02   1.1025576e-02   9.3245330e-03   2.3041881e-02   0.0000000e+00  -9.0784051e-02   1.4690533e-01   6.1614698e-02  -8.1643396e-02  -3.1283579e-02  -1.8878203e-03  -1.1021186e-01  -7.2149151e-02  -8.3373022e-02   1.2860901e-02  -4.1101663e-04  -1.2935783e-01  -7.8826818e-02  -1.8448299e-01  -1.0354338e-01  -5.6195850e-02  -1.8877072e-02   7.0034786e-02   6.7829446e-02   6.6588276e-02  -4.9562387e-02   8.6402754e-02   1.3307391e-01   1.0263914e-01   9.3850440e-02   1.9357452e-01   1.3978184e-02  -1.4419863e-02  -6.4069776e-02   1.7451997e-01   1.0287347e-01   1.3076949e-01  -1.1449773e-02   1.5968971e-01  -6.6833067e-02  -1.0007066e-01   0.0000000e+00   1.7083810e-01  -8.1561904e-03   0.0000000e+00   3.2416849e-01   1.4698666e-01  -1.3447070e-01
  -9.1456119e-02   0.0000000e+00   0.0000000e+00   1.0811954e-01  -1.4437974e-02  -2.1116005e-01  -1.6702043e-01   2.3581083e-01   0.0000000e+00   5.2782445e-02   9.0895116e-03  -1.8633288e-02  -1.5362598e-02  -1.7715106e-01   2.1780616e-02   3.4797945e-02   1.0630679e-01  -1.5944637e-02   1.4804450e-02  -1.3839291e-01  -3.1824860e-02  -9.7687565e-02  -8.1772983e-02  -2.7166580e-02  -7.6644589e-02  -4.5993214e-02  -7.0003072e-02  -6.4779390e-02   1.7093824e-01   1.1234271e-01  -6.6029822e-02  -8.3726956e-02   2.9129190e-02  -6.7336618e-02  -9.3900933e-02   4.8505427e-03   2.5871653e-01   9.4930642e-02   8.9871802e-02   1.8454012e-02   7.6187122e-02   1.0588609e-01  -1.0845907e-01   1.3631513e-01   0.0000000e+00   1.6240608e-01  -1.5502819e-01  -2.6701454e-02   6.1492232e-02  -5.7176593e-02   0.0000000e+00   1.4068471e-01   1.2046491e-01   1.4992097e-02   5.0709742e-02   3.8626515e-02   5.3841731e-03   5.6860352e-02   1.5716393e-02  -5.4175059e-02  -2.7357306e-02  -9.9491867e-02  -5.1698051e-02  -7.7299271e-02   1.3952947e-01  -9.0921100e-02   2.1047121e-01  -1.4067515e-01  -1.2204381e-01  -8.3390410e-02  -1.5227308e-01  -1.4005813e-01  -5.3735958e-02  -5.7559011e-02   0.0000000e+00  -1.6802009e-01   1.2140995e-01  -2.7745143e-03  -1.5386395e-01  -1.3239219e-01  -7.8311210e-02  -8.3789494e-02  -1.5149554e-01  -1.3364966e-01  -1.4817291e-01  -1.5279551e-01  -7.2734874e-02  -2.1765286e-01  -3.5270734e-01  -9.4967894e-02   3.6607149e-02   8.3162064e-02   6.9107940e-02  -8.8547795e-02   1.2352254e-03  -6.2677345e-02   1.8504906e-01   2.9695787e-01   1.4681648e-01   1.7636182e-01   5.2652642e-02  -1.2719540e-03  -9.0263431e-03  -8.6236356e-02   2.6459183e-01   1.9647827e-01   2.3720159e-01   3.5865040e-01   1.6457611e-01   6.6452947e-02   1.9362395e-01   0.0000000e+00   1.5222755e-01   1.2987906e-01   0.0000000e+00   6.7483065e-02   6.2271505e-02  -2.3187514e-01
   2.5900471e-02   0.0000000e+00   0.0000000e+00   1.7000546e-01   1.0536343e-01   4.7920422e-02   2.2157488e-01  -7.1162006e-02   5.2782445e-02   0.0000000e+00   2.7172405e-01   1.1435364e-02  -8.5184259e-02   9.7796916e-02   1.1678564e-01   3.2682520e-01   2.1704066e-01   8.0929357e-02   1.8304338e-01   2.6360343e-01   1.7371372e-01   2.8507904e-01   3.0437148e-02   9.6003065e-02   2.6711844e-01   1.7581566e-01   3.0996272e-01   4.5394165e-01   3.7090838e-01   3.2711575e-01   2.0101591e-01   4.4954658e-01   1.4931655e-01  -4.1814796e-03   3.1392125e-01   5.4036051e-01   2.5069683e-01   3.8935716e-01   3.3457371e-01   3.8112709e-01   2.3830272e-01   2.1676033e-01   1.1336322e-01   8.8227005e-02   0.0000000e+00   3.0371172e-01   3.7376640e-01  -3.3673614e-02   7.4858587e-02   3.3308608e-01   0.0000000e+00   3.5384757e-02  -4.9896357e-03   1.0112954e-01   1.0563760e-01  -3.8116915e-02  -4.3954234e-02  -9.7902829e-03   1.7911508e-01   1.0230243e-01  -1.1202406e-01  -2.4382322e-01  -1.2715229e-02   8.0451668e-02  -1.1777915e-01   1.1323890e-01  -7.9755147e-02   3.5258219e-01   5.5869887e-02  -6.6628513e-02   1.6764386e-02   1.0764049e-01  -1.4167102e-01  -3.7395856e-02   0.0000000e+00  -4.1508329e-02  -5.0207870e-02  -1.3324518e-01   1.0220561e-02   2.0988216e-02   1.7433325e-02   1.7271679e-02   8.1486136e-02   1.9950281e-02   1.3099703e-01   3.4867394e-02   2.0708485e-01  -1.4472106e-02   2.2611761e-01  -5.0278791e-02   4.5711140e-02  -1.3196774e-01  -2.0352462e-01  -1.9230318e-01  -3.2789660e-02   3.9622986e-02  -5.8250897e-02   1.7954752e-02  -1.7921278e-01  -8.8196373e-02   2.4952691e-02   1.2444759e-01  -3.4344138e-02  -3.8662817e-02  -1.4675017e-01  -7.8389870e-02  -3.1267641e-02  -8.5708663e-02  -2.1311567e-01   2.3846001e-01   3.2600715e-02   0.0000000e+00   6.9882399e-02  -2.6596909e-02   0.0000000e+00  -6.9823397e-02  -5.4332600e-02  -1.0039824e-01
   1.8300635e-01   0.0000000e+00   0.0000000e+00   1.4643900e-01   5.9379102e-02  -1.1190621e-01   1.8784092e-01   8.6435130e-02   9.0895116e-03   2.7172405e-01   0.0000000e+00   1.5284681e-02  -1.8119458e-02   2.0792932e-01   6.7769914e-02   2.9114196e-01   2.0472705e-01   1.0348791e-01   1.7858744e-01   1.2300427e-01   2.6565624e-01   2.2837371e-01   1.8110802e-01   3.4493375e-01   2.4474983e-01   3.5220340e-01   1.5692170e-01   3.0442577e-01   1.9674680e-02  -4.6365635e-02  -3.0923665e-02   1.5708711e-01   8.1476394e-02   8.7942697e-03   2.2060540e-01   3.2316821e-01   1.1284236e-01   4.7646293e-01   4.4097298e-01   4.7967789e-01   3.1973037e-01   2.3323245e-01  -1.3086139e-01   1.5160738e-01   0.0000000e+00   1.8330007e-01   1.4482383e-01   2.3918012e-01   1.4872709e-01   1.0320688e-01   0.0000000e+00  -2.0558022e-01   1.1662984e-01   3.2259571e-01   1.7715231e-01   1.0019033e-01   9.0550923e-02   8.5419172e-02   1.5886159e-01   9.7717390e-02   4.6353225e-02   5.8993498e-03   1.8764974e-01   1.1429795e-01  -1.8002890e-01  -1.3106602e-02  -1.8818880e-01   1.9040100e-01  -2.0324638e-01  -1.0277462e-01   1.0744842e-02   7.5972892e-02   6.6104585e-02  -4.2490758e-02   0.0000000e+00  -1.7621401e-01  -3.0190820e-02   8.0908722e-03  -6.2089895e-02  -1.2983256e-01  -5.9449157e-02  -1.8466607e-01   2.4472474e-02   3.3583350e-03   1.5935601e-02  -4.3021678e-02  -1.0332701e-01  -6.3457066e-02  -1.6376656e-01  -1.7051337e-01  -1.0666592e-01  -8.2052001e-02  -1.6213433e-01  -1.0073723e-01   6.5309928e-03  -1.1953376e-02  -1.1990067e-01   9.5959635e-02  -1.5752398e-02   1.5814703e-02  -1.0816535e-01   2.7320167e-02  -9.7897979e-02   4.3617294e-02   5.8589160e-02   1.7458248e-02   1.0159633e-01  -7.4763486e-02   4.1629919e-02  -2.8871584e-03  -1.4280044e-01   0.0000000e+00   1.7136262e-01   2.5500842e-02   0.0000000e+00   4.0409992e-03  -9.7740751e-02  -1.2186104e-01
   2.2406826e-01   0.0000000e+00   0.0000000e+00   3.1891174e-02  -1.4410161e-01   1.0295120e-01   7.7396166e-03  -1.3642155e-01  -1.8633288e-02   1.1435364e-02   1.5284681e-02   0.0000000e+00   5.2317542e-02   7.2695973e-02   9.4680958e-02  -1.4512987e-01  -1.6684213e-01   1.1026170e-02   1.4864876e-01   2.7870336e-02   1.2401878e-01   7.8068440e-02   1.3391764e-01   1.8680315e-01   7.2620218e-02   1.7652552e-01   1.5767875e-02   3.0395436e-02  -2.7982432e-02   1.6507616e-01  -2.5546218e-02   1.0946649e-02  -8.2497479e-02   2.1027722e-02   7.4130777e-02  -4.2157221e-02   8.6941763e-02   1.0535373e-01   1.1311739e-01   1.2904392e-01   1.8995150e-01   3.8952289e-02   8.8776249e-03   5.4473728e-02   0.0000000e+00  -1.5033496e-02  -1.1778467e-03   8.7397405e-02   6.6925147e-03  -1.1287873e-01   0.0000000e+00  -2.1488863e-02   8.6067673e-02  -6.3465861e-02  -1.2924924e-01   3.7476173e-02   7.1233181e-02  -2.1894501e-02   1.5668016e-01   2.2240670e-01   1.8657882e-01   1.6832214e-01   8.6363892e-02   1.8497395e-02   1.1412277e-01  -2.2427632e-01   2.4827885e-02   8.9285597e-03   7.6358983e-02   1.4454251e-01   1.5067329e-01   7.0816425e-02  -8.7720262e-04   6.1687379e-02   0.0000000e+00   6.0962526e-02   4.3111787e-02   5.7696199e-02   9.1515847e-02   1.7276760e-02   6.3553134e-02   1.4606711e-01   1.0516349e-01   3.8120137e-02   3.1833746e-02  -7.8737311e-02  -8.7012825e-02   7.8382014e-02  -1.3069760e-02   5.3217065e-02   5.5602637e-03   1.2597815e-01  -1.7592459e-02  -3.5021070e-04  -3.0716810e-02   5.9172769e-02  -1.1839276e-03   1.1759669e-01   5.2772169e-02   6.4558235e-02  -1.4307337e-01   9.2683284e-02   1.2398447e-01   1.3275407e-01   2.0777829e-02   3.7078126e-02  -2.6216271e-02   3.4098830e-04   3.3835399e-02  -5.1544023e-02  -6.1362994e-02   0.0000000e+00  -1.5547638e-01  -1.7819532e-01   0.0000000e+00   2.2090159e-03   4.2641090e-02   1.3664233e-01
  -5.3520119e-02   0.0000000e+00   0.0000000e+00   2.3327132e-02  -1.8012622e-02   1.5824750e-02  -9.7761649e-02  -3.1526380e-03  -1.5362598e-02  -8.5184259e-02  -1.8119458e-02   5.2317542e-02   0.0000000e+00   1.2900540e-01   1.2905366e-01   4.4529206e-02   6.5938179e-02   8.7699109e-02  -4.8870596e-02   1.3384917e-01   1.5317226e-01   1.5699014e-01   8.1413786e-02   4.3248934e-02   2.0941035e-01   9.3981950e-02   1.0382464e-01   4.3527000e-02  -9.8051118e-02  -2.0215045e-02   1.2104313e-01  -4.4444529e-02   2.9392900e-02   1.7202785e-01   3.3394835e-02  -5.3347771e-02  -1.5547849e-01  -2.3899079e-02  -8.7425305e-03   9.6531110e-03   6.7011339e-02   1.1435945e-02  -5.6441139e-02   4.8367517e-02   0.0000000e+00  -2.3855177e-02   3.7938823e-02   3.2723763e-01   1.5997947e-01   9.0541878e-02   0.0000000e+00  -2.5252224e-02   7.8864584e-03  -1.4727882e-02   3.3666065e-02   1.2880353e-02   1.4086286e-01   1.6620414e-01  -1.5976318e-02   4.2571381e-02   1.5839447e-01   2.2583434e-01   1.9796398e-01   1.5717492e-01   2.0042184e-02  -9.3625012e-02   9.9294358e-02  -5.9132215e-02   6.6980795e-03   2.3034213e-01   7.9641788e-02  -2.7786644e-02  -9.7780119e-03  -2.1277146e-02   0.0000000e+00   4.6906218e-02  -3.2681076e-02   5.9443847e-02   1.7720957e-01   7.3500335e-02   1.2725143e-01   9.7242024e-02   8.0306239e-02   1.9919703e-01   1.4957017e-01   3.7301595e-03  -9.3038782e-02   5.4697833e-02  -2.3941716e-02   1.2616526e-03  -7.3103357e-02   2.1480458e-01   1.2200921e-01   9.1034641e-02   6.4411448e-02  -4.7349517e-02   2.3384314e-02   1.6697200e-03  -3.4904486e-03  -3.1030672e-03   4.2920894e-03  -1.8860933e-02   3.9054357e-02   1.2344173e-01   2.7264394e-01   2.1804829e-01   1.0332142e-01   8.1376204e-02   2.5262816e-01  -7.9304768e-02   7.1989255e-02   0.0000000e+00  -2.6818265e-02   1.1489308e-01   0.0000000e+00   7.9581270e-02   2.3768224e-01   1.1471973e-01
  -1.4632456e-02   0.0000000e+00   0.0000000e+00   6.6239156e-02  -3.0975169e-02   4.7082732e-03   7.5387160e-02  -4.1910150e-02  -1.7715106e-01   9.7796916e-02   2.0792932e-01   7.2695973e-02   1.2900540e-01   0.0000000e+00   3.4877390e-02   1.7474747e-01   1.0182711e-01   6.0394330e-02   8.5630891e-02   2.0329894e-01   2.5064861e-01   3.2861446e-01   1.2259972e-01   2.2475334e-01   2.8419589e-01   1.9964666e-01   2.5102286e-01   3.6245672e-01  -2.4859732e-03   1.9611225e-02   5.2093642e-02   1.3027999e-01  -5.0139641e-02   1.7534214e-02   1.4969768e-01   1.6013390e-01  -1.8828459e-02   1.4795206e-01   1.6556804e-01   1.7961881e-01   1.6443585e-01   8.4141968e-02  -1.8391017e-04   4.1749291e-02   0.0000000e+00   8.9470923e-02   1.6430115e-01   2.0595151e-01   1.0137548e-01   9.6022690e-02   0.0000000e+00  -8.4372562e-02   3.3927057e-03   6.1326509e-02   9.0856668e-02   4.7998398e-02   3.9198679e-01   5.3783211e-02   9.3944127e-02   1.6585436e-01   5.9418563e-02   1.8397066e-01   3.2310374e-01   6.4447134e-02  -1.3054693e-01  -1.8562350e-02  -8.4826836e-02   1.7556522e-01   3.0748895e-02   4.4351777e-02   5.6576440e-02   1.8438424e-01  -1.0202000e-01  -6.4094241e-02   0.0000000e+00  -3.7992679e-02   6.0570015e-02  -2.4144574e-02   1.4704966e-01   4.6036192e-02   1.3732913e-01   1.4707537e-01   2.2234926e-01   8.5845502e-02   2.1391686e-01   9.6630978e-02   5.3993228e-02   2.6044152e-01   1.0320224e-01  -6.7675833e-02  -7.6136470e-02   4.3494183e-02  -5.2107242e-02  -3.7277106e-02   3.1879543e-02  -6.4721940e-03  -7.0950564e-02   4.9952773e-03  -6.4113766e-02   1.3490708e-03   6.7654346e-03   3.1242643e-02  -2.5552608e-02   1.3145469e-01   1.9067256e-01  -3.6896193e-02   2.6883435e-02  -1.7544048e-01  -2.7117857e-02  -3.8197068e-02  -5.8759336e-02   0.0000000e+00  -1.7600582e-02  -1.1682455e-01   0.0000000e+00   9.0942005e-02   6.8820909e-02   1.6604229e-01
   3.8679384e-02   0.0000000e+00   0.0000000e+00   1.7519440e-03  -7.3933512e-02   1.5941748e-01   1.6699241e-01  -1.6055697e-02   2.1780616e-02   1.1678564e-01   6.7769914e-02   9.4680958e-02   1.2905366e-01   3.4877390e-02   0.0000000e+00   2.9497369e-01   6.7970295e-02   4.8362958e-02   1.9951039e-01   2.3989135e-01   8.6801587e-02   1.3530622e-01   4.2419666e-02   2.4063464e-02   1.3177482e-01   9.6452472e-02   1.3727313e-01   9.7496040e-02   2.2940441e-01  -7.1657570e-03   9.0370745e-02   9.2111174e-02   1.6741968e-01   2.2864428e-01   2.5539757e-02   1.7608136e-01   1.4947249e-01   1.2600045e-01   8.0080038e-02   9.9710698e-02   4.4836562e-02   1.2926381e-01  -7.8656473e-02   8.6117008e-02   0.0000000e+00   9.4512154e-02   1.2573608e-01   1.7053434e-01   2.5104762e-01   1.2667958e-01   0.0000000e+00   7.2246293e-02   4.9961916e-02   6.2711899e-02   2.1865472e-01   2.5844918e-01   1.3971511e-02   1.8167176e-01   3.4800795e-01   5.4364688e-02   4.4038939e-02  -1.0346706e-02   6.8173562e-02   3.1353231e-01   2.4529565e-02   3.5585048e-02   7.0255186e-02   8.3558024e-02  -5.1394346e-02   1.4272625e-02  -6.5071886e-02   1.0778380e-02   1.7594225e-02   6.5978946e-02   0.0000000e+00  -6.0580130e-02  -3.3980192e-02  -8.4794995e-02  -5.9359597e-03  -2.5113120e-02   4.6013472e-02  -5.0418494e-04   9.3033364e-02   2.8103121e-02   8.6759235e-02   2.5999149e-02  -2.0999278e-02   2.2248446e-02  -4.6567785e-02  -3.4671252e-02  -2.5365535e-02   6.9702036e-02  -4.5580828e-02  -8.3964816e-02   1.2123999e-01  -2.2165496e-02   6.0767958e-02  -2.3603652e-02  -2.7392286e-02   1.5573856e-02  -2.8074238e-02  -2.3820683e-02  -8.0545133e-03  -4.2191883e-03   1.0753613e-02   1.3683651e-01   5.9165175e-02   5.6524713e-02   2.8332638e-02   4.6288473e-02   1.4992062e-01   0.0000000e+00  -1.4246292e-01  -2.1968491e-02   0.0000000e+00   3.2801442e-02   8.1627639e-03  -3.7274157e-02
  -1.1793835e-01   0.0000000e+00   0.0000000e+00   1.3521535e-01   2.2327515e-01   7.2705968e-02   2.3010860e-01   5.7122417e-02   3.4797945e-02   3.2682520e-01   2.9114196e-01  -1.4512987e-01   4.4529206e-02   1.7474747e-01   2.9497369e-01   0.0000000e+00   2.2304142e-01   1.3226051e-01   2.4753207e-01   3.0422231e-01   1.5630802e-01   2.7370536e-01   3.2487685e-02   1.1941034e-01   3.0256436e-01   2.4039829e-01   2.6691333e-01   3.5421887e-01   1.7524485e-01   1.2443956e-02   1.7121678e-01   1.4701338e-01   2.4772592e-01   2.2674571e-01   1.6039856e-01   3.9478494e-01   1.7553500e-01   2.7808106e-01   2.8443326e-01   3.0506401e-01   1.6698673e-01   1.3935126e-01  -3.8476315e-02   1.3762674e-01   0.0000000e+00   2.5337859e-01   3.2333341e-01   3.1397739e-01   2.3842138e-01   4.0375501e-01   0.0000000e+00  -1.2801323e-02   3.1187686e-02   2.2179637e-01   4.6930608e-01   1.6144764e-01   1.4095830e-01   1.9070009e-01   1.9180928e-01   1.3029352e-01   7.8992383e-02   4.7853141e-03   1.2310308e-01   2.6586460e-01  -6.1679569e-02   1.8800965e-01  -2.0926265e-02   2.4900315e-01  -7.5805916e-02   4.9388556e-02  -6.5356649e-02   1.2365105e-01  -9.3170830e-02   3.9419547e-02   0.0000000e+00  -1.0405079e-01  -3.1837478e-02  -1.0266500e-01   2.3188630e-02  -1.5496354e-02   8.3718008e-02  -7.9714316e-02   1.3278358e-01   1.2363093e-01   2.0063159e-01   1.7826056e-02   8.9666948e-02   2.5605090e-02   3.1393529e-02  -8.4854651e-02  -6.5946373e-02   5.4939798e-02  -1.2308267e-01  -5.0789281e-02   1.2762168e-01   3.0647928e-02  -5.2968971e-02   1.4104454e-02  -2.0375554e-02   2.8304724e-03   1.0388354e-01   1.3154511e-01  -6.8363382e-02   4.6933576e-02   1.5684423e-01   3.4403244e-02   1.2318342e-01   8.0399942e-02   1.0331044e-02   2.4424903e-01   1.4047649e-01   0.0000000e+00   1.3859002e-01   5.2932133e-02   0.0000000e+00   2.1177520e-02   6.9894789e-03  -1.0650240e-02
  -3.3826059e-02   0.0000000e+00   0.0000000e+00   7.5193546e-02   1.2276670e-01  -3.5040176e-02   1.2530157e-02   2.4084143e-02   1.0630679e-01   2.1704066e-01   2.0472705e-01  -1.6684213e-01   6.5938179e-02   1.0182711e-01   6.7970295e-02   2.2304142e-01   0.0000000e+00   4.1482525e-01  -1.5771817e-03   2.8741819e-01   1.1339603e-01   1.2148774e-01   1.6301213e-02   5.8117444e-02   1.4915113e-01   2.0403765e-01   1.9883353e-01   1.4890784e-01   2.0128207e-01   1.1666762e-01   1.9292102e-01   6.7887486e-02   7.3832887e-02   7.5925776e-02   1.6277532e-01   1.7726643e-01   9.1115968e-02   1.5034226e-01   6.6889684e-02   2.6962075e-01   1.5174686e-01   1.3763795e-01  -5.0916772e-02   4.3710004e-02   0.0000000e+00   1.9404692e-01   1.6619965e-01   1.0636013e-01   1.7132558e-01   2.8256378e-01   0.0000000e+00   4.6882556e-02  -5.2477217e-02   9.1748934e-02   1.6742560e-01   3.1136623e-02   5.3767873e-02   3.8837620e-02   1.0452873e-01   2.0524136e-02   3.3694391e-02  -5.4238363e-02   1.2041993e-01   1.3192512e-01  -7.7024652e-02   1.5011625e-01  -2.3969999e-03  -1.6627209e-02  -1.4094755e-01   7.9413690e-02  -9.8269014e-02   5.2774597e-02   8.6150631e-02   7.5112777e-02   0.0000000e+00  -2.0838501e-01  -8.7718603e-02   2.4781866e-02   1.2268492e-01  -6.1944357e-02   6.7252097e-02  -5.0474691e-02   1.7814622e-02   9.9160768e-02  -9.8293689e-03  -7.9643215e-02   5.0189347e-02  -6.0543301e-02  -3.6075513e-02  -2.4687594e-01  -4.9950041e-02   9.9373431e-02  -1.7165716e-02  -1.2900410e-01   6.9248589e-02  -9.6715594e-02  -3.6263636e-03   2.2843599e-02  -4.7127973e-02   2.8555114e-02   5.7097054e-02  -8.7592542e-03  -1.3219551e-01  -2.3198885e-02   1.1227053e-01   9.8310231e-03   2.5529571e-02   7.7577662e-02  -2.5988584e-02   7.8059413e-02   1.2198722e-02   0.0000000e+00   2.5244154e-01   4.8181825e-03   0.0000000e+00   3.9734219e-02  -1.2056047e-02  -5.9314374e-02
  -4.6852905e-02   0.0000000e+00   0.0000000e+00  -9.2088873e-03   3.9997004e-02   7.7167953e-02   2.2725658e-02   5.2805396e-02  -1.5944637e-02   8.0929357e-02   1.0348791e-01   1.1026170e-02   8.7699109e-02   6.0394330e-02   4.8362958e-02   1.3226051e-01   4.1482525e-01   0.0000000e+00  -4.5821949e-02   2.7312209e-01   2.6767335e-02   1.0381102e-01   5.5080710e-02  -5.3663451e-03   4.4827778e-02   1.1754920e-01   1.6019013e-01   1.2830021e-01   1.0425051e-01   1.6122853e-01   2.1664106e-01   7.3395534e-02   7.6097706e-02   1.7009876e-01   2.2677625e-01   8.1108659e-02   3.6437214e-02   4.5863100e-02   5.7343136e-03   7.2246703e-02   5.4023622e-02   7.4185723e-02   8.7897032e-02  -1.3708112e-02   0.0000000e+00   1.5267070e-01   1.7183632e-01   1.0144255e-01   2.3095269e-01   2.2604016e-01   0.0000000e+00   6.1165204e-02  -5.4998902e-02   3.2783340e-02   1.0637382e-01   3.9537799e-02   5.4105745e-02   5.5677578e-02   8.7947973e-02   5.0921683e-02   4.7731766e-02   8.8706148e-03   2.7746069e-03   1.6802639e-01  -6.5690974e-02   1.1353390e-01  -1.0087142e-01  -5.2239838e-02  -5.5858798e-02   1.2054304e-01   1.2325819e-03   2.6114959e-02  -1.6964430e-02   1.1297086e-01   0.0000000e+00  -1.7800159e-01  -5.0111860e-02   7.9722198e-02   1.4843146e-01  -3.3923447e-02   9.8789445e-02   4.6869421e-02   9.8527842e-02   1.3393941e-01   2.6708246e-02   3.5701539e-03   9.6367312e-02   2.7334645e-02   2.1485267e-02  -1.4120798e-01  -7.2862879e-02   1.0478636e-01   5.4216755e-03  -1.0056355e-01  -3.8434984e-02  -7.5040960e-02  -4.5679342e-02  -8.8922915e-03  -3.5113667e-02  -1.4829326e-02   4.4775683e-02   4.7531177e-02  -3.6044886e-02   8.9091686e-02   4.0621368e-02  -2.7383192e-03  -3.6120185e-02   2.2277423e-03   2.6182596e-02   5.3989956e-02   3.6460245e-02   0.0000000e+00   4.9692043e-03  -6.7819126e-03   0.0000000e+00   7.0547119e-03   1.7370450e-02  -5.2481097e-02
   3.1077965e-02   0.0000000e+00   0.0000000e+00   2.7903955e-01   4.4044666e-02   7.8427292e-02   1.6680685e-01  -3.6221817e-02   1.4804450e-02   1.8304338e-01   1.7858744e-01   1.4864876e-01  -4.8870596e-02   8.5630891e-02   1.9951039e-01   2.4753207e-01  -1.5771817e-03  -4.5821949e-02   0.0000000e+00   1.8298315e-01   1.1207225e-01   1.2946106e-01   2.1105779e-02   8.6849356e-02   1.6264152e-01   1.7673870e-01   1.6765208e-01   1.7770320e-01   3.5316405e-02   7.6784383e-02   7.5689225e-02   9.5536859e-02   1.2045045e-01   7.5484900e-02   1.1850358e-01   1.9901251e-01   1.8877212e-01   3.7274732e-01   3.4898259e-01   1.8423232e-01   1.9727228e-01   2.7937811e-01  -1.0520661e-01   1.7341936e-01   0.0000000e+00   2.2971039e-02   1.3491422e-01   1.2361990e-01   9.1054951e-02   5.8312762e-02   0.0000000e+00  -1.7090966e-02   9.0461677e-02   1.3664000e-01   6.7788851e-02   9.4015142e-02   1.2326693e-01  -1.9607660e-02   4.0510754e-01   1.0687784e-01   1.1317790e-02  -4.6841616e-02   1.6309807e-02   1.5214630e-01  -1.4470956e-01   2.7410601e-02  -4.4659083e-02   6.0135641e-02  -1.0408296e-01  -3.0791283e-02  -3.1610290e-02   9.7979741e-02  -6.5633993e-02  -2.4839399e-02   0.0000000e+00  -2.5585243e-02  -4.2381445e-02  -4.7135998e-02  -1.2542898e-01  -8.5685859e-02   1.7680628e-02  -3.8995327e-02   6.1763822e-02  -5.7224761e-02   7.4583831e-02  -4.3668088e-02  -3.4069845e-02  -4.1658194e-02  -1.0122575e-01  -2.3222152e-02   2.7574246e-02   8.2154203e-03  -1.8276921e-01   7.6949716e-03   2.0609047e-01   5.0856945e-02  -3.9167167e-02   1.8758347e-02  -2.5547463e-02  -6.4684023e-02  -9.9363501e-02   3.0793430e-02   6.8975682e-03  -2.6846735e-02   5.5066091e-03  -5.9761123e-03  -1.2059594e-03  -7.6734149e-03   2.2874072e-02   1.4079332e-01   1.7322966e-02   0.0000000e+00  -7.3853232e-02   5.2810476e-02   0.0000000e+00  -4.7593498e-02  -1.2463727e-01  -3.6634062e-02
  -1.0259085e-01   0.0000000e+00   0.0000000e+00   8.5253561e-02   5.6425527e-02   1.4864164e-01   1.2970688e-01  -1.4731927e-01  -1.3839291e-01   2.6360343e-01   1.2300427e-01   2.7870336e-02   1.3384917e-01   2.0329894e-01   2.3989135e-01   3.0422231e-01   2.8741819e-01   2.7312209e-01   1.8298315e-01   0.0000000e+00   1.6604944e-01   3.6255867e-01  -4.6772418e-02   5.4876764e-02   3.8818328e-01   3.1678331e-01   7.5961335e-01   2.5851902e-01   2.9069511e-01   2.3511585e-01   4.9943699e-01   2.3143819e-01   2.9579537e-01   4.0989860e-01   4.2696350e-01   1.6748829e-01   4.3508887e-02   1.8921924e-01   1.1193002e-01   2.8912061e-01   4.0455931e-02   1.4321129e-01   9.4450251e-02  -6.8996676e-02   0.0000000e+00   1.7339435e-01   4.0705102e-01   3.1702911e-01   4.1719671e-01   4.5113105e-01   0.0000000e+00   1.0588178e-01  -1.9029161e-01   9.1566648e-02   1.6346346e-01   2.0801031e-01   4.8365272e-01   2.3201555e-01   3.4265877e-01   3.0152150e-01   1.5432347e-01   6.3124221e-02   1.2781713e-01   4.0850165e-01  -1.0071503e-01   1.2624315e-01  -6.4157838e-02   2.1104387e-02  -2.4711786e-03   4.1429469e-01   8.0453469e-02   2.3614528e-01  -8.2848289e-02   2.5752026e-02   0.0000000e+00  -1.0055817e-01  -8.9982474e-02  -2.1205854e-02   2.0998282e-01  -1.0110011e-01   2.7919240e-01   1.3748160e-01   4.7648539e-01   4.0164930e-01   2.1254749e-01   6.9366565e-02   1.9710750e-01   7.5574632e-02   6.2735169e-02  -2.8409293e-02  -1.0036109e-01   2.8621918e-01  -1.3469485e-01  -7.2935811e-02  -3.5038487e-02  -1.4091857e-01  -7.6994607e-02  -1.2668065e-01  -2.0455699e-01  -9.8438330e-02  -6.1087185e-02   2.8899246e-02  -1.1409427e-01   1.6889562e-01   3.3302947e-02   6.4046420e-02  -5.9936395e-02  -2.0779492e-02  -4.5004278e-02   1.2151672e-01   2.3364669e-01   0.0000000e+00   1.8431369e-02   7.0373268e-02   0.0000000e+00  -2.4597554e-02  -2.2431227e-02   2.3940683e-01
   5.5832291e-03   0.0000000e+00   0.0000000e+00   1.2656837e-01  -8.1256830e-02  -1.8474667e-03   1.9438071e-01  -5.2937995e-02  -3.1824860e-02   1.7371372e-01   2.6565624e-01   1.2401878e-01   1.5317226e-01   2.5064861e-01   8.6801587e-02   1.5630802e-01   1.1339603e-01   2.6767335e-02   1.1207225e-01   1.6604944e-01   0.0000000e+00   3.2466111e-01   3.1484219e-01   4.2439565e-01   3.9212617e-01   3.2453084e-01   2.1698852e-02   1.4262322e-01   5.6442449e-02   8.0758890e-02   5.2074823e-02   1.5177501e-01  -2.0576490e-02   3.9852898e-02   2.4495138e-01   2.0340321e-01   3.3355510e-02   2.8854303e-01   1.8290355e-01   3.2239890e-01   2.0278737e-01   1.5339664e-01  -2.5846301e-02   8.4633264e-02   0.0000000e+00   1.6987499e-01   5.1502795e-02   1.7413738e-01   6.6399066e-02  -2.0036499e-02   0.0000000e+00  -2.0157506e-01  -1.0051748e-02   1.7111531e-01  -3.8428474e-02   5.7573433e-02  -2.7034918e-02   4.6530767e-02   1.4898553e-01   1.1958671e-01   3.5538245e-02  -1.6805919e-02   1.5490171e-01   1.5209530e-01  -1.5493982e-02  -2.1180464e-02  -8.9349076e-03   1.4437858e-01  -3.4915368e-02  -1.1071246e-01   5.0542972e-02  -5.1293674e-02  -4.0701254e-02   4.3886337e-02   0.0000000e+00  -4.7534757e-02  -1.0727406e-01  -7.3343100e-02  -1.5530728e-01  -5.1705770e-02  -1.5772874e-01  -1.7619115e-01   7.2408697e-02  -4.7349995e-02  -3.0387251e-02  -5.1381627e-02  -4.0400199e-02  -1.0514354e-01  -1.2092777e-01  -5.7941162e-02  -4.2516249e-02  -1.5231263e-01  -7.6188221e-02  -1.3010444e-01  -2.3448592e-02   1.5085763e-02  -7.7728025e-02   1.1432282e-01  -3.0450907e-02  -3.2756231e-02  -1.2130521e-01   2.6861376e-02  -6.9509445e-02   1.1622375e-01   6.9377598e-02  -4.3781985e-02  -1.9325838e-02  -1.2138153e-01  -4.1708694e-02  -5.0616183e-02  -4.0195708e-02   0.0000000e+00  -7.1703962e-03  -8.6312190e-02   0.0000000e+00  -1.6128544e-01  -3.8813831e-02   2.9336844e-02
