   0.0000000e+00   0.0000000e+00   4.1408546e-02  -1.7737291e-01  -1.2210483e-02  -1.8606572e-02   3.6262837e-01   1.7623452e-01   2.6830605e-02   0.0000000e+00   2.3215303e-01   0.0000000e+00  -1.7173768e-01  -2.8763788e-02   3.5302495e-02   1.1753183e-01   4.1393607e-02   8.0020883e-03   7.4337815e-02  -8.3753256e-02  -1.0149543e-01  -7.7789699e-03  -6.3070136e-02  -6.2222254e-02   4.3420023e-02   5.4309109e-02  -6.5631045e-02   3.2456960e-02  -2.2303963e-01  -4.8339833e-02   7.0361268e-02  -3.1360122e-02  -2.3253488e-01  -3.3314721e-01   1.1412824e-01  -1.1033182e-02   1.2931407e-01   5.2812492e-02   6.5209571e-02   1.3443929e-01   1.4403136e-01   1.5883116e-02   1.8813460e-01   1.0497482e-01  -2.8414293e-02   1.7655102e-01  -1.0395863e-01   1.1108220e-01   6.3824659e-02   6.1975462e-02   4.7674180e-02  -7.3722954e-02   1.9468698e-01  -3.3218548e-02   2.8207990e-02   2.3489126e-02  -1.4152678e-01   7.2152427e-02  -9.3693045e-02   8.7983952e-02   4.4129149e-02   1.0663012e-01   6.4698212e-02   5.1442287e-02   1.6711355e-02  -3.7002627e-02   1.0293476e-01   2.4503302e-01   2.0447804e-01   1.2869675e-01   2.8835486e-01   1.4034487e-01   5.6906516e-01   5.6424065e-02   0.0000000e+00   1.1230716e-01   2.2717877e-01   2.3679591e-01   1.6244196e-01   1.4442596e-01   3.6877942e-02   1.8800958e-01  -1.5894495e-03   8.4578002e-02   1.1923018e-01   6.2713341e-02  -6.8526209e-02   1.4061551e-01   4.2660705e-02   6.5499304e-02   1.6884159e-01   1.3483816e-01   1.8089391e-01   7.5217442e-02  -3.2658420e-02   1.7270313e-01   1.7326168e-01   6.6299106e-02   3.0054938e-01   1.3137104e-01   4.3085939e-01   2.9918046e-02   2.9536821e-01   2.9190619e-02   4.2581623e-02   4.1460074e-02   2.1879533e-02   4.2470033e-02   1.0303391e-01   1.8935619e-02   1.1613984e-01   5.8625316e-02   9.2455260e-02   1.2229750e-01   6.2754215e-02   8.5275090e-02   1.5476883e-01   6.5069330e-02
   0.0000000e+00   0.0000000e+00   0.0000000e+00   0.0000000e+00   0.0000000e+00   0.0000000e+00   0.0000000e+00   0.0000000e+00   0.0000000e+00   0.0000000e+00   0.0000000e+00   0.0000000e+00   0.0000000e+00   0.0000000e+00   0.0000000e+00   0.0000000e+00   0.0000000e+00   0.0000000e+00   0.0000000e+00   0.0000000e+00   0.0000000e+00   0.0000000e+00   0.0000000e+00   0.0000000e+00   0.0000000e+00   0.0000000e+00   0.0000000e+00   0.0000000e+00   0.0000000e+00   0.0000000e+00   0.0000000e+00   0.0000000e+00   0.0000000e+00   0.0000000e+00   0.0000000e+00   0.0000000e+00   0.0000000e+00   0.0000000e+00   0.0000000e+00   0.0000000e+00   0.0000000e+00   0.0000000e+00   0.0000000e+00   0.0000000e+00   0.0000000e+00   0.0000000e+00   0.0000000e+00   0.0000000e+00   0.0000000e+00   0.0000000e+00   0.0000000e+00   0.0000000e+00   0.0000000e+00   0.0000000e+00   0.0000000e+00   0.0000000e+00   0.0000000e+00   0.0000000e+00   0.0000000e+00   0.0000000e+00   0.0000000e+00   0.0000000e+00   0.0000000e+00   0.0000000e+00   0.0000000e+00   0.0000000e+00   0.0000000e+00   0.0000000e+00   0.0000000e+00   0.0000000e+00   0.0000000e+00   0.0000000e+00   0.0000000e+00   0.0000000e+00   0.0000000e+00   0.0000000e+00   0.0000000e+00   0.0000000e+00   0.0000000e+00   0.0000000e+00   0.0000000e+00   0.0000000e+00   0.0000000e+00   0.0000000e+00   0.0000000e+00   0.0000000e+00   0.0000000e+00   0.0000000e+00   0.0000000e+00   0.0000000e+00   0.0000000e+00   0.0000000e+00   0.0000000e+00   0.0000000e+00   0.0000000e+00   0.0000000e+00   0.0000000e+00   0.0000000e+00   0.0000000e+00   0.0000000e+00   0.0000000e+00   0.0000000e+00   0.0000000e+00   0.0000000e+00   0.0000000e+00   0.0000000e+00   0.0000000e+00   0.0000000e+00   0.0000000e+00   0.0000000e+00   0.0000000e+00   0.0000000e+00   0.0000000e+00   0.0000000e+00   0.0000000e+00   0.0000000e+00   0.0000000e+00   0.0000000e+00
   4.1408546e-02   0.0000000e+00   0.0000000e+00   2.5138276e-01   1.7156293e-01   1.1927681e-01  -9.7477140e-02   8.4281997e-02  -5.4605312e-02   0.0000000e+00   3.3125843e-01   0.0000000e+00   8.7073454e-02   1.2308664e-02   2.0759587e-01   2.6359148e-01   1.2597541e-02   4.8219299e-02   2.6039266e-01   1.1328851e-01   9.6259528e-03   2.7327057e-02   3.9423110e-02  -6.7065806e-02   1.3350705e-01   2.8135163e-02   3.9374406e-02   7.7073599e-02   9.8572018e-02  -5.2568556e-03   2.2447591e-01   8.0723810e-02   1.1309509e-01   1.1134549e-01   6.2680340e-02   4.9420715e-02  -6.1692692e-02   8.7754782e-02   2.0360111e-01   1.4817781e-02  -9.4717318e-02   1.5343116e-01   9.4745471e-02   3.0280555e-02   4.2950145e-02   2.4315191e-03   1.9364249e-01   1.0165440e-01   5.9512110e-02   5.1252480e-02   1.2297350e-01  -1.1362406e-01  -3.0476074e-03   1.0978290e-01   8.2668039e-02   8.6936227e-02   2.1010169e-02   1.7795835e-02   3.1277414e-01   3.9157140e-02   4.4961806e-02   8.2998606e-02   3.8224773e-02   2.6308182e-01   6.3278531e-02   2.9568332e-01   1.1976601e-01   1.4236578e-01   1.5650160e-01   5.1291736e-02   7.9462495e-02  -3.8932595e-02  -1.2933931e-01   1.6449458e-01   0.0000000e+00   1.4773354e-01   4.4828927e-02  -1.8590323e-02   7.1228513e-02   1.4942328e-01   5.8763340e-02   1.3105061e-01   7.3642240e-02   1.7447430e-01   1.7945232e-01   1.3298599e-01   1.1192542e-01   1.0802958e-01   1.4209381e-01   1.1015695e-01  -2.4384477e-03   1.9202846e-02   2.6186021e-01   9.9329075e-02   1.8388328e-01   1.4580277e-02   2.1990856e-02  -8.1809176e-02   5.9986672e-02  -3.9891121e-02   7.5608245e-02  -8.9651437e-02   1.4749607e-02   5.1376155e-02   1.2207757e-02   2.1679807e-02  -3.0447924e-02   8.3316444e-03  -5.4855878e-02   9.0833895e-02   8.8482020e-02   3.4578183e-01   3.4005256e-01   1.9145852e-01   3.3836118e-01   1.9491665e-02   2.0743602e-01   1.4097881e-01
  -1.7737291e-01   0.0000000e+00   2.5138276e-01   0.0000000e+00   1.7570963e-01   2.0701837e-01  -2.1002421e-01   3.2664625e-02  -8.3399540e-02   0.0000000e+00   6.8886643e-02   0.0000000e+00   1.8397232e-01   5.5367029e-02   2.3076881e-01   1.4208093e-01  -5.2288623e-02   6.9697315e-02   2.1214552e-01   2.5925962e-01   2.7730708e-01   4.2499794e-02   1.4112478e-01  -5.0062560e-02   4.8870875e-02   8.0666093e-02   1.4217757e-01   1.3480701e-01   1.3585531e-01   8.9227759e-02   2.4856347e-01   2.3756657e-01   2.4724680e-01   2.3645415e-01   1.4029756e-01   6.2492490e-02  -7.9671157e-02   1.5896177e-01   1.2875630e-01   1.5738819e-01  -8.6129676e-02   2.4780289e-01   5.6913581e-03   1.0808785e-02   5.7835361e-02  -1.0177953e-01   2.4484255e-01   1.7121876e-01   1.2809338e-02  -4.4459758e-02   2.1306644e-02  -6.9519942e-02  -8.5316588e-02   1.6701500e-01   4.3343968e-02   2.8895645e-02   8.0553624e-02  -5.1301883e-02   1.7686775e-01   1.2372976e-01  -9.8170881e-03  -3.0995792e-02   3.2715439e-02   7.5831344e-02   1.0917802e-01   3.6882594e-02   2.7529773e-03   1.7976358e-02   7.3304671e-03  -1.5017170e-01  -1.2250176e-01  -1.6286607e-02  -2.5901169e-01   7.4986741e-02   0.0000000e+00   1.1656955e-01   2.3215250e-03  -1.4094380e-01  -1.1992317e-01   5.7825561e-02  -3.5087486e-02  -7.9909513e-02   1.9269729e-01   3.6167248e-03   2.4792925e-02   1.1585397e-02  -6.8101563e-03   2.7290050e-02  -6.9515077e-02   7.6739700e-02  -3.4610441e-02  -1.3696054e-01  -1.6139603e-02  -2.7058422e-02   5.0000776e-02  -5.2925487e-02  -1.2355214e-01   1.2345094e-02   1.6355355e-02  -1.1098096e-01  -2.1792965e-01  -1.3872745e-01  -2.0950788e-01   3.7113997e-02  -6.5596459e-02   2.5128398e-02  -7.1770650e-02  -6.3575522e-02  -1.3083544e-01  -1.2371682e-01  -9.4612649e-02   1.7641802e-01   1.0296553e-01   3.3339342e-02   1.2857507e-01   5.0153833e-02   1.6961794e-02   1.8658502e-01
  -1.2210483e-02   0.0000000e+00   1.7156293e-01   1.7570963e-01   0.0000000e+00   3.7726854e-01   3.1284185e-02  -1.9328476e-02   1.1810461e-02   0.0000000e+00   7.1762859e-02   0.0000000e+00   1.8096450e-01   2.1256325e-01   5.5652846e-04   8.5771669e-02  -1.1306958e-02   1.2436611e-01   2.1171045e-01   2.3679886e-01   3.5286205e-02   1.8345520e-01   6.7144940e-04  -5.8335963e-02   2.6538497e-01   1.1870007e-01   1.7109062e-01   1.6841980e-01   1.0622086e-01   1.3498489e-01   1.8823902e-01   5.1984333e-02   1.9108420e-01   1.5572817e-01   3.2180116e-02   7.8011436e-02  -1.0709367e-01   4.9860640e-02   1.3116387e-01  -4.8397898e-02  -2.0853289e-02   1.9244120e-01   1.3277065e-01  -2.0710174e-03  -1.4120804e-02   2.5272620e-02   2.7852892e-01   1.1759167e-01   1.2783946e-01   1.7085003e-01  -2.5982808e-02  -1.6384594e-02  -8.4822592e-03   2.2330914e-01   1.1040951e-02  -7.9129065e-02   1.7006912e-01   5.9206141e-02   7.2107924e-02   2.2910715e-01   2.3461778e-01   2.6674893e-01   6.0775681e-03   1.2818904e-01   1.0648167e-01   2.7805324e-01   1.1224379e-01   6.7916909e-02   7.9800284e-02   1.2235920e-01  -4.0422843e-02   8.6578032e-02  -1.2281965e-01   1.1116847e-01   0.0000000e+00   9.3548849e-02   1.1790083e-01   1.0223661e-01   2.6999770e-01   1.6774923e-01   3.0247482e-01   3.0422956e-01   3.6354197e-01   2.7904535e-01   1.5715143e-01   1.0605165e-01   1.3466976e-01   3.9801004e-01   2.3490494e-01   1.3952819e-01   4.0583743e-02   1.8731605e-01   1.9711029e-01   1.0778260e-01   1.4155256e-01  -9.3867201e-03   3.3575754e-02  -9.6501409e-02  -2.1039696e-02  -4.8734535e-02   2.9860909e-02  -1.7216808e-02  -6.7655119e-02   1.6052437e-01   8.3790551e-02   4.1149710e-02  -2.4113249e-02   5.7419332e-02  -3.4830883e-02   3.6689776e-02   8.5385512e-02   2.3030248e-01   1.3036285e-01   1.1144523e-01   1.8120811e-01  -4.3729657e-02   1.1673116e-01   2.6242756e-01
  -1.8606572e-02   0.0000000e+00   1.1927681e-01   2.0701837e-01   3.7726854e-01   0.0000000e+00  -6.9954626e-03   9.7748372e-02   1.7434120e-02   0.0000000e+00   8.2438450e-02   0.0000000e+00   5.1034383e-02   7.4667344e-02   2.3290188e-02   3.6673409e-02  -7.8041886e-02   1.8658393e-02   1.6595470e-01   5.9595501e-02  -1.0991645e-02   1.1740230e-01  -1.1506013e-02  -1.2851753e-01   8.0162932e-02   8.7706295e-02   8.5658669e-02   2.7165403e-02   8.7397319e-02   1.2243519e-02   7.2211027e-02  -2.0232779e-02   1.8806583e-01   1.8846200e-01   1.2398784e-02   3.9683060e-02  -1.8141202e-02   1.4296518e-02   8.0459753e-02  -4.4103091e-02  -7.6787296e-02   9.5884885e-02  -6.7698046e-02  -2.9315051e-02   5.4595119e-02  -4.1153711e-02  -2.3813303e-03  -2.6229083e-03   3.8959605e-02   1.2487184e-01   7.4350787e-02  -3.7865366e-02   4.7788558e-02   5.3389169e-02   2.6622803e-02  -2.7753118e-02   8.7173982e-02  -8.9099602e-02   8.4051731e-02   2.5246172e-02   9.0187675e-02   1.2769915e-01   1.0994576e-01   4.5834790e-02   4.9630883e-02   9.1386176e-03   5.7492369e-02  -2.0612903e-02   5.9248344e-02   8.4230825e-02   2.6208357e-02   2.5448155e-01  -1.9169626e-01   6.3376849e-02   0.0000000e+00   8.0134523e-02   3.4676343e-02   3.0441887e-02   1.1195038e-01   4.7953955e-02   1.1593327e-01   3.1775722e-02   6.8740649e-02   2.0919901e-02  -1.0057607e-02   4.0174077e-02  -2.1790718e-02   1.0157393e-01   1.9441182e-02   9.0201186e-03  -1.4136205e-01   1.6118486e-01   5.7991217e-02   7.7645272e-02   1.2847839e-01  -1.3639070e-02   1.8259622e-02   2.9941628e-02   5.1370421e-03   4.1666851e-03  -7.5986963e-02  -3.6448740e-02  -2.9718483e-02   8.6677727e-02   8.3983172e-02  -1.1727389e-02  -5.0604708e-02   1.0959514e-01   5.1614085e-02   6.7912103e-02  -5.2817478e-03   8.9555805e-02   2.4748222e-02   2.7974487e-02   5.9312512e-02   4.1657138e-02   1.1444794e-01   8.5890675e-02
   3.6262837e-01   0.0000000e+00  -9.7477140e-02  -2.1002421e-01   3.1284185e-02  -6.9954626e-03   0.0000000e+00   1.1331740e-01   1.3860763e-01   0.0000000e+00   2.2129545e-01   0.0000000e+00  -9.1208719e-03   5.7310955e-02   2.3954599e-02   7.4243745e-02   9.5138780e-02   4.2602820e-02   2.7179025e-01   3.7381269e-02  -1.9949345e-02   1.6427630e-01  -5.6162978e-02  -1.0561945e-01   1.2494711e-01   1.4761673e-01   1.3964064e-01  -1.0887301e-02  -1.0680656e-01   1.0479393e-01  -1.7101502e-01  -9.7136568e-02  -1.1196751e-01  -5.9058278e-02   1.0496589e-01   1.8490661e-01   1.4083909e-01   2.8749985e-01   1.8858694e-01   2.2058554e-01   3.6400997e-01   1.2661105e-02   6.0181704e-02   2.6031726e-01   1.8206239e-02   2.6082191e-01  -1.3312609e-01   4.1057370e-02   1.1984861e-01   1.3943344e-01   6.5687456e-02   2.1441601e-01   2.5952767e-01  -3.9523869e-02   1.5514365e-01   1.4996991e-01   1.2054193e-01  -3.2845808e-02  -1.6489108e-01   7.5497177e-02   1.2984210e-01   2.2944087e-01   6.4094145e-02   2.4165547e-01  -3.6963030e-02   1.5752193e-01   7.4748722e-02   1.3510409e-02   1.4675160e-01   1.7602469e-01   2.4227644e-01   1.2731798e-02   5.4406496e-01  -1.0785690e-01   0.0000000e+00  -3.4481300e-02   1.3144835e-01   3.0718079e-01   2.4960511e-01   5.5023120e-02   1.9240103e-01   9.3715537e-02   1.7860526e-02   5.6502004e-02   7.7966498e-02   8.8981556e-02   2.2889344e-02   3.0148906e-02   1.0769891e-01   1.6686376e-02   1.5171055e-01   3.0946027e-01   2.0106584e-01   2.7318876e-01   2.7576392e-01   1.3532873e-01   2.5569447e-01   1.6295718e-01   1.6367770e-01   2.1517437e-01   3.2452627e-01   3.5769279e-01   2.8904713e-01   1.5316511e-01   1.3411720e-01   8.0793952e-02   9.5015568e-02   2.0085652e-01   1.3326452e-01   3.0730383e-01   2.2292021e-01  -1.0046791e-02   2.4980396e-02   9.6731043e-02   8.8148710e-02   9.3170532e-02   1.3510213e-01  -7.9701578e-03
   1.7623452e-01   0.0000000e+00   8.4281997e-02   3.2664625e-02  -1.9328476e-02   9.7748372e-02   1.1331740e-01   0.0000000e+00   1.3754803e-01   0.0000000e+00   1.0674797e-01   0.0000000e+00   3.6898739e-02   5.1493242e-02   1.0487750e-01   1.0713218e-01  -1.5454457e-02  -1.3348895e-02   1.5357550e-01  -2.3707048e-02   4.1113076e-02  -1.2722887e-02   6.3033059e-02  -7.6604685e-02  -1.8040910e-02   1.9731328e-01   6.5521791e-02  -8.8503472e-02  -1.7652549e-01  -5.3780915e-02  -6.1440658e-02   5.4779762e-02   3.8078582e-02   1.2100297e-02   8.0286006e-04   6.5923300e-02  -5.2593818e-02   8.2785909e-02   5.3430607e-02   1.7838465e-01   1.6823129e-01   8.0696630e-02   1.7711461e-03   2.5235127e-02  -2.8947706e-02   6.2590136e-02   6.6547829e-02   9.1340006e-02  -2.2484405e-03  -6.4612282e-02   1.1924391e-01  -7.0533096e-02   9.0038322e-02   8.9589552e-02   1.3238731e-01   1.1507973e-01   2.1670131e-02  -2.2706085e-02   6.1960321e-02   8.4109904e-02   6.4698987e-03   7.2608916e-02   3.0763869e-01   7.0980468e-02  -1.0801354e-01   4.1488051e-03   1.3365126e-01   1.4836679e-01   2.4136732e-01   8.6628721e-02   5.5617900e-02   1.0786089e-01   7.9267613e-02   1.0100335e-01   0.0000000e+00   8.4846150e-02   1.1514226e-01   2.3625313e-01   2.9737156e-03   7.0653661e-02  -6.7918537e-02  -5.8161962e-02  -2.6230418e-02  -2.1014521e-03   9.2647867e-03  -2.3904357e-02   2.3293564e-02   2.2898779e-02  -8.4196258e-03  -3.6811467e-03  -5.5630406e-02   1.5063750e-01   4.0141177e-02   8.6527789e-02   6.5583413e-02   1.7923199e-01   1.1448084e-01   1.0924133e-01   1.9364959e-01   2.2557535e-01   3.8174940e-02  -3.7442881e-03   1.1882592e-01   1.0864035e-01   1.9389108e-01   2.9755878e-02   4.3822138e-02  -2.4634991e-02   2.1969554e-01   1.6984804e-01   1.2802977e-02   5.4198303e-02   9.6263923e-02   4.4459395e-02   6.3072416e-02   5.7024381e-01   3.6663085e-01   3.7309464e-02
   2.6830605e-02   0.0000000e+00  -5.4605312e-02  -8.3399540e-02   1.1810461e-02   1.7434120e-02   1.3860763e-01   1.3754803e-01   0.0000000e+00   0.0000000e+00  -8.1890737e-02   0.0000000e+00  -4.0222032e-02   1.6405573e-02  -7.5248715e-02  -1.5497136e-01  -2.3831993e-02   2.3217622e-01   3.0493925e-02   4.9295242e-02  -8.4999964e-02  -2.2036096e-02  -6.4186321e-02  -5.2739508e-02  -3.3565356e-02  -7.2386309e-02  -1.2911773e-01  -1.5868173e-01  -4.1238555e-02   5.9952016e-02  -6.7975278e-03  -1.7313164e-01  -4.4453000e-03   4.0349256e-02  -1.9130414e-02  -5.8683382e-02   6.0581695e-02   2.9308650e-02  -5.8604281e-02  -4.7941332e-02   1.0111340e-01  -6.5921037e-03   1.8912648e-01   1.4826395e-02  -3.9303373e-02   1.4257226e-01  -1.6021767e-01  -3.1797111e-02   1.0966081e-01   3.3526578e-02   5.1348823e-02   2.8158465e-01   8.4101091e-03  -5.3628128e-02  -6.7491740e-03   1.0115294e-02  -5.4646189e-02   2.6551452e-01   3.1438465e-02  -4.0363802e-03  -7.3352838e-03  -5.8589652e-02   8.2710647e-02   1.1505451e-01   3.6309146e-01   6.2475778e-02   2.0875173e-01   7.6698286e-02   2.0815094e-01   1.8010357e-02   2.8089800e-02  -1.1814767e-01  -3.4900441e-02   1.7272081e-02   0.0000000e+00   1.0754243e-01   6.9818048e-02   6.9137676e-02  -2.1196001e-02   1.3113486e-01  -9.2603251e-02  -3.7429350e-02  -9.8695110e-02   1.0677746e-01  -1.3873637e-01   1.4970719e-01   3.0183521e-01   6.1852986e-02  -2.8824891e-02   2.2247981e-01   3.1114383e-01   3.3150809e-02  -5.8232449e-03   1.2808443e-01   1.0571341e-01   1.5235773e-01   1.8974440e-01   1.1135376e-01   1.0038751e-01   2.9224491e-01   4.7440949e-02   1.3695221e-01   1.1217654e-01   4.8026468e-03   7.4180155e-02   3.4830271e-01   3.0253254e-01   1.6960324e-01   1.3882987e-01   2.0058371e-01   4.7279142e-01  -9.3126024e-02  -1.0230016e-01   7.2697317e-02  -3.2952108e-02   8.4915975e-02   1.6486894e-01   8.7365222e-02
   0.0000000e+00   0.0000000e+00   0.0000000e+00   0.0000000e+00   0.0000000e+00   0.0000000e+00   0.0000000e+00   0.0000000e+00   0.0000000e+00   0.0000000e+00   0.0000000e+00   0.0000000e+00   0.0000000e+00   0.0000000e+00   0.0000000e+00   0.0000000e+00   0.0000000e+00   0.0000000e+00   0.0000000e+00   0.0000000e+00   0.0000000e+00   0.0000000e+00   0.0000000e+00   0.0000000e+00   0.0000000e+00   0.0000000e+00   0.0000000e+00   0.0000000e+00   0.0000000e+00   0.0000000e+00   0.0000000e+00   0.0000000e+00   0.0000000e+00   0.0000000e+00   0.0000000e+00   0.0000000e+00   0.0000000e+00   0.0000000e+00   0.0000000e+00   0.0000000e+00   0.0000000e+00   0.0000000e+00   0.0000000e+00   0.0000000e+00   0.0000000e+00   0.0000000e+00   0.0000000e+00   0.0000000e+00   0.0000000e+00   0.0000000e+00   0.0000000e+00   0.0000000e+00   0.0000000e+00   0.0000000e+00   0.0000000e+00   0.0000000e+00   0.0000000e+00   0.0000000e+00   0.0000000e+00   0.0000000e+00   0.0000000e+00   0.0000000e+00   0.0000000e+00   0.0000000e+00   0.0000000e+00   0.0000000e+00   0.0000000e+00   0.0000000e+00   0.0000000e+00   0.0000000e+00   0.0000000e+00   0.0000000e+00   0.0000000e+00   0.0000000e+00   0.0000000e+00   0.0000000e+00   0.0000000e+00   0.0000000e+00   0.0000000e+00   0.0000000e+00   0.0000000e+00   0.0000000e+00   0.0000000e+00   0.0000000e+00   0.0000000e+00   0.0000000e+00   0.0000000e+00   0.0000000e+00   0.0000000e+00   0.0000000e+00   0.0000000e+00   0.0000000e+00   0.0000000e+00   0.0000000e+00   0.0000000e+00   0.0000000e+00   0.0000000e+00   0.0000000e+00   0.0000000e+00   0.0000000e+00   0.0000000e+00   0.0000000e+00   0.0000000e+00   0.0000000e+00   0.0000000e+00   0.0000000e+00   0.0000000e+00   0.0000000e+00   0.0000000e+00   0.0000000e+00   0.0000000e+00   0.0000000e+00   0.0000000e+00   0.0000000e+00   0.0000000e+00   0.0000000e+00   0.0000000e+00   0.0000000e+00
   2.3215303e-01   0.0000000e+00   3.3125843e-01   6.8886643e-02   7.1762859e-02   8.2438450e-02   2.2129545e-01   1.0674797e-01  -8.1890737e-02   0.0000000e+00   0.0000000e+00   0.0000000e+00   5.9544192e-02   7.4235833e-02   2.5280222e-01   2.9406728e-01  -3.3602807e-02  -4.2656025e-02   2.4303502e-01   5.7834289e-02   1.2783831e-01   2.1980046e-02   1.1881055e-02  -7.3635027e-02   2.4223636e-02  -6.2369350e-03   7.9005060e-02   1.2880224e-01  -1.1569699e-02  -1.6159214e-02   1.8998902e-01   1.3769228e-01   9.8430602e-03   2.4669246e-02   1.6616123e-01   1.4849544e-01   1.6405996e-01   3.6566750e-01   4.7630509e-01   4.0080968e-01   1.8818349e-01   2.2290698e-01   5.6961855e-02   1.5349684e-01   7.6207319e-02   8.4721266e-03   1.2932498e-01   2.5101682e-01   2.7794145e-02   6.6345886e-02   6.6723985e-02  -7.8865360e-02   2.8537794e-01   1.0810608e-01   1.2605909e-01   2.4032754e-02  -5.2716368e-02   3.4997365e-02   7.0568756e-02   1.1823759e-02  -1.9597176e-02   5.6862899e-02   4.9420781e-03   3.4169856e-01   2.4545622e-02   1.7277091e-01   1.0768899e-01   1.5034145e-01   7.8326618e-02  -5.9890166e-02   1.9572559e-01   4.1993754e-02   1.8069735e-01  -7.1607135e-02   0.0000000e+00   1.2624709e-01   4.9259939e-02   3.9429061e-02  -5.6214291e-02   1.1095713e-01  -6.5046100e-03   3.1481631e-02   8.4714295e-02   9.2746207e-03   1.3373532e-01   9.5100691e-02   7.2865517e-02   8.4667786e-02   4.6134401e-02  -1.1148742e-02   2.3078454e-02  -1.9681055e-03  -1.0156852e-02   1.0507173e-01   1.0839073e-01   8.2353166e-02   3.7553241e-02  -2.0651117e-02   6.1396849e-02   2.9595425e-02   1.7554013e-01  -1.2376389e-01   1.9677531e-01  -7.1339564e-02   6.0504708e-02   3.1170927e-03   1.0638072e-03   3.2538132e-02  -1.5812396e-02   7.7749338e-02   1.7766301e-01   2.4650561e-01   2.1824662e-01   2.3388744e-02   7.1669830e-02   8.8744922e-02   1.2423939e-01   1.0609984e-01
   0.0000000e+00   0.0000000e+00   0.0000000e+00   0.0000000e+00   0.0000000e+00   0.0000000e+00   0.0000000e+00   0.0000000e+00   0.0000000e+00   0.0000000e+00   0.0000000e+00   0.0000000e+00   0.0000000e+00   0.0000000e+00   0.0000000e+00   0.0000000e+00   0.0000000e+00   0.0000000e+00   0.0000000e+00   0.0000000e+00   0.0000000e+00   0.0000000e+00   0.0000000e+00   0.0000000e+00   0.0000000e+00   0.0000000e+00   0.0000000e+00   0.0000000e+00   0.0000000e+00   0.0000000e+00   0.0000000e+00   0.0000000e+00   0.0000000e+00   0.0000000e+00   0.0000000e+00   0.0000000e+00   0.0000000e+00   0.0000000e+00   0.0000000e+00   0.0000000e+00   0.0000000e+00   0.0000000e+00   0.0000000e+00   0.0000000e+00   0.0000000e+00   0.0000000e+00   0.0000000e+00   0.0000000e+00   0.0000000e+00   0.0000000e+00   0.0000000e+00   0.0000000e+00   0.0000000e+00   0.0000000e+00   0.0000000e+00   0.0000000e+00   0.0000000e+00   0.0000000e+00   0.0000000e+00   0.0000000e+00   0.0000000e+00   0.0000000e+00   0.0000000e+00   0.0000000e+00   0.0000000e+00   0.0000000e+00   0.0000000e+00   0.0000000e+00   0.0000000e+00   0.0000000e+00   0.0000000e+00   0.0000000e+00   0.0000000e+00   0.0000000e+00   0.0000000e+00   0.0000000e+00   0.0000000e+00   0.0000000e+00   0.0000000e+00   0.0000000e+00   0.0000000e+00   0.0000000e+00   0.0000000e+00   0.0000000e+00   0.0000000e+00   0.0000000e+00   0.0000000e+00   0.0000000e+00   0.0000000e+00   0.0000000e+00   0.0000000e+00   0.0000000e+00   0.0000000e+00   0.0000000e+00   0.0000000e+00   0.0000000e+00   0.0000000e+00   0.0000000e+00   0.0000000e+00   0.0000000e+00   0.0000000e+00   0.0000000e+00   0.0000000e+00   0.0000000e+00   0.0000000e+00   0.0000000e+00   0.0000000e+00   0.0000000e+00   0.0000000e+00   0.0000000e+00   0.0000000e+00   0.0000000e+00   0.0000000e+00   0.0000000e+00   0.0000000e+00   0.0000000e+00   0.0000000e+00   0.0000000e+00
  -1.7173768e-01   0.0000000e+00   8.7073454e-02   1.8397232e-01   1.8096450e-01   5.1034383e-02  -9.1208719e-03   3.6898739e-02  -4.0222032e-02   0.0000000e+00   5.9544192e-02   0.0000000e+00   0.0000000e+00   2.1656739e-01   2.8643768e-01   2.1284166e-01   1.6188423e-01   3.7342596e-01   2.7909872e-01   7.2257307e-01   5.3945248e-01   4.2712000e-01   2.0279030e-01   1.0840819e-01   4.2523218e-01   2.7875120e-01   5.6870323e-01   3.4705034e-01   4.1270938e-01   4.8196882e-01   1.9512562e-03   4.1220756e-01   2.1703226e-01   1.7166293e-01   2.1442163e-01   3.5440008e-01   3.3868038e-02   2.3208164e-01   2.5381850e-01   2.0444708e-01   1.8483255e-01   2.4664354e-01  -9.0476448e-02   2.3452492e-01   1.5932565e-01   2.8091642e-01   4.1920447e-01   3.8193810e-01   4.2840415e-01   2.9098037e-01   1.7044032e-01   2.5451333e-01   2.7597837e-02   2.5413794e-01   2.3487506e-01   3.1197157e-01   5.9575565e-01  -3.2804803e-02   2.8564775e-01   1.8071456e-01   1.7959237e-01   2.7111880e-01   4.1074837e-02   3.0408548e-01   4.3138859e-02   2.5377231e-01   1.3516056e-01  -2.2522581e-02  -6.2551529e-02   1.6661374e-01  -7.5132554e-02   3.1881934e-04  -2.9605178e-02   6.1430460e-02   0.0000000e+00   2.0381763e-01  -5.1785628e-02  -3.6892706e-02   5.7334503e-02   5.1742836e-02   2.5525007e-01  -1.1205601e-02   2.0254008e-01   2.4848136e-01   2.0576845e-01  -9.7887858e-02   6.7598886e-03   4.6544486e-02   4.3434916e-02   1.4422124e-01  -1.2392109e-01   1.2598682e-01   1.2112966e-01   2.0351283e-01   1.5887394e-01   5.1960476e-03   2.5200181e-02  -6.0786061e-02  -1.4887120e-01   2.8092890e-02  -5.8547253e-02   2.5320127e-01  -2.7258276e-01   2.1000262e-01   2.7843090e-01   4.0673302e-02  -5.2398593e-02   2.8115065e-01  -4.1562043e-02   8.9969329e-02   7.5579401e-02   7.7807433e-02  -1.9012395e-02   1.3098084e-01   1.9664544e-01   6.6328177e-02   8.1685703e-02   6.6442735e-02
  -2.8763788e-02   0.0000000e+00   1.2308664e-02   5.5367029e-02   2.1256325e-01   7.4667344e-02   5.7310955e-02   5.1493242e-02   1.6405573e-02   0.0000000e+00   7.4235833e-02   0.0000000e+00   2.1656739e-01   0.0000000e+00   6.4289864e-03  -2.0905806e-02   8.9329393e-03  -3.7427169e-03   2.8065266e-02  -1.4403722e-03   4.8588168e-01   1.1871721e-01   1.2274061e-01  -2.5528440e-02   2.1812355e-01   1.3777688e-01   1.1384793e-01   7.5543560e-02  -4.3551296e-03  -4.6837321e-02   2.3383610e-02   6.4978610e-02   1.2282094e-01   1.3512336e-01  -2.6206555e-02   4.6716208e-02   6.0912837e-02   1.2098690e-01   1.2012530e-01   8.8932897e-02   7.1467453e-02   8.2734151e-02  -5.8848762e-02   2.8672737e-02   3.9133112e-02   1.9136406e-02   1.0112292e-01   1.0567204e-01   1.6682274e-02   1.2400448e-02   3.5866343e-02  -5.4873162e-04   4.6308655e-02   1.6200493e-01   4.8407964e-02  -2.8083771e-02   3.5277103e-01  -4.1354375e-02   5.0826464e-02   1.0827146e-01   9.6777155e-03   9.6240524e-02   2.0932380e-01   5.9930823e-02  -6.9779804e-02   4.7493856e-02  -8.9845378e-03   3.7262734e-02  -6.2354497e-02  -1.9461392e-02  -1.2240847e-02   1.1028310e-01  -2.3451325e-02   1.3765164e-03   0.0000000e+00  -1.1179306e-02  -1.8567681e-03   6.1286017e-02  -1.9310285e-02   6.4396517e-02   6.3534084e-02  -2.8068781e-02   1.7527796e-01  -6.0027368e-03  -2.8623680e-02  -4.1244238e-02   6.5015209e-03   1.1473261e-01   1.9452091e-03  -7.0743895e-02  -5.2575257e-02   1.4232988e-01  -2.7433351e-02  -2.5024960e-02   9.1905804e-02   5.9299853e-02   2.1161377e-02   3.4468817e-02   2.1781834e-02   9.4328408e-02  -5.0451577e-02   4.3281281e-03  -9.9155262e-03  -1.4452979e-03   4.8581451e-01   5.5797196e-03  -3.1290070e-02   3.4449801e-02   8.5500215e-02  -2.0702680e-02  -8.8522896e-02   1.0294272e-01  -5.4040810e-02   2.3238759e-02  -2.0885002e-02   6.7743514e-02   1.0392568e-01   1.2006395e-01
   3.5302495e-02   0.0000000e+00   2.0759587e-01   2.3076881e-01   5.5652846e-04   2.3290188e-02   2.3954599e-02   1.0487750e-01  -7.5248715e-02   0.0000000e+00   2.5280222e-01   0.0000000e+00   2.8643768e-01   6.4289864e-03   0.0000000e+00   5.1099347e-01   4.4073245e-02   3.8676584e-03   2.6950486e-01   2.7936976e-01   2.2709051e-01   3.8302346e-02   1.0765957e-01  -1.8254809e-01   6.9670143e-02   9.8352655e-02   2.4006851e-01   2.1385588e-01   7.0234686e-02   2.0915481e-01   2.0391379e-02   3.3546438e-01   1.5223453e-02  -1.4930277e-02   1.9111719e-01   2.9548633e-01  -5.8970111e-02   2.2343835e-01   2.4687508e-01   3.3414609e-01   1.2769892e-01   2.0179596e-01  -5.1421375e-02   1.7219165e-01   1.6783043e-01   8.4726225e-02   3.3877780e-01   3.8390541e-01   1.3101496e-01   1.1016549e-01   1.6227004e-01   4.3044278e-02   2.1368499e-01   2.7515453e-01   3.4250296e-01   3.8602751e-01   9.6659063e-02  -1.2314146e-02   2.3629294e-01  -3.1605840e-02  -6.7699733e-02  -1.8073362e-02   8.0845793e-02   3.7578800e-01   3.6466870e-02   2.0568875e-01   5.6982363e-02   4.9495968e-02   5.1356331e-02  -8.4216530e-02   1.3451161e-01  -1.1583974e-01   8.0608867e-02   5.7801044e-02   0.0000000e+00   1.3011472e-01  -7.7737928e-02   1.7235579e-02  -1.5009671e-01   1.0802184e-02  -3.0607917e-02  -9.7581906e-02   8.5955369e-02  -6.8458683e-02   1.2721189e-01  -1.9010550e-02  -6.9751342e-02  -3.1272325e-02  -3.6299765e-02   1.7652464e-02  -1.6468067e-01  -6.3594476e-02   4.9871819e-02   1.8076779e-01   1.7986412e-01   7.9556580e-02   6.2916895e-03   9.1118489e-03   3.9011409e-02   6.3851145e-02   1.2351333e-01  -8.1153341e-04   5.8861012e-03  -3.4062667e-02  -1.3284151e-03   1.6266721e-02  -6.3530104e-02   3.4873380e-02   5.9055668e-03   4.4253969e-02   1.5161265e-01   6.6550300e-02   1.6353136e-01   1.5501563e-01   1.7815593e-01   7.4556532e-02   7.8551992e-02  -3.6400631e-02
   1.1753183e-01   0.0000000e+00   2.6359148e-01   1.4208093e-01   8.5771669e-02   3.6673409e-02   7.4243745e-02   1.0713218e-01  -1.5497136e-01   0.0000000e+00   2.9406728e-01   0.0000000e+00   2.1284166e-01  -2.0905806e-02   5.1099347e-01   0.0000000e+00   4.1153080e-02  -8.7522912e-02   3.1224574e-01   2.0010522e-01   1.8053413e-01   1.5142434e-01   9.6054126e-02  -8.4406758e-03   8.2363294e-02   1.0929499e-01   2.6078348e-01   2.5491935e-01  -1.0521359e-02   1.5249763e-01   3.2433228e-02   4.2324689e-01   1.7380308e-01   3.9680563e-02   3.6425627e-01   2.9808364e-01   5.8958829e-02   2.2814299e-01   4.3132752e-01   3.6300702e-01   3.3526834e-02   2.7485924e-01   9.4211765e-02   2.9213997e-01   2.5930269e-01   1.6113438e-01   2.2283921e-01   2.4354400e-01   1.1136405e-01   5.0117412e-02   1.0645017e-01  -3.8483712e-02   3.4508047e-01   2.8877393e-01   5.3676329e-01   1.9120795e-01   1.3628391e-01  -5.4948491e-02   2.0933404e-01   9.9794649e-02  -1.1223434e-03   5.8693037e-02   5.3732884e-02   2.5019440e-01   1.4319434e-01   9.2844180e-02   7.4338066e-02   1.3799095e-01   9.2798113e-02   1.1892575e-02   2.5767857e-01  -4.5056524e-02   8.7632403e-02  -5.9306942e-02   0.0000000e+00   1.4545505e-01   1.0633954e-01   1.6255632e-01  -6.2102599e-02   4.3496580e-02  -1.7057191e-02  -3.0794632e-02   1.2544703e-01  -3.3379221e-02   3.3264123e-01   1.3696975e-01  -5.5258482e-02  -3.8782852e-02  -4.0815126e-02   3.2600171e-02  -6.0988373e-02   5.9242728e-02   1.5234279e-01   2.9370759e-01   2.2820693e-01   2.6280874e-01   2.3413909e-01   9.7224238e-02   1.5832212e-01   1.3049100e-01   3.3257786e-01   6.3025825e-02   1.2037405e-01   4.4711573e-02  -8.2781730e-02  -9.4311660e-03  -6.4691457e-02   1.0521052e-01  -2.4043632e-02   1.7875230e-01   2.4695966e-01   2.8308588e-01   3.6645458e-01   3.0052121e-01   2.3723230e-01   7.8801594e-02   3.1786811e-02  -2.1968990e-02
   4.1393607e-02   0.0000000e+00   1.2597541e-02  -5.2288623e-02  -1.1306958e-02  -7.8041886e-02   9.5138780e-02  -1.5454457e-02  -2.3831993e-02   0.0000000e+00  -3.3602807e-02   0.0000000e+00   1.6188423e-01   8.9329393e-03   4.4073245e-02   4.1153080e-02   0.0000000e+00   2.0025712e-01   5.9420026e-02   1.6961793e-01   6.3849073e-03   1.0239366e-01  -4.0492298e-03   9.4474482e-02   1.3837737e-01   1.3035154e-01   1.6723954e-01   1.0268205e-01   5.0802861e-02   1.7174315e-01   1.1828680e-02   1.0769628e-01   4.8282353e-02   6.3174325e-02   5.6257161e-02   4.6811258e-02   1.1263821e-01   5.7469710e-02   7.7221228e-02   5.0076875e-02   9.5866685e-02   4.8898210e-02   3.8914355e-02   4.9522533e-02   2.8816719e-02   2.2823083e-01   1.2350763e-01   1.2669110e-01   1.7126347e-01   2.5005179e-01   9.7508711e-02   3.1459543e-02   4.3398498e-02   3.5938686e-02  -1.3664161e-02   1.9779335e-01   1.4851383e-01   1.3558943e-02  -4.0745423e-03   1.1412595e-01   1.8260455e-02   5.8268106e-02   3.1756147e-03   1.0909340e-01  -2.0282981e-02   1.2346708e-01   1.6362369e-01   1.1508167e-01   3.6237280e-02   2.3921161e-01   2.5207773e-02  -7.1472108e-02   4.1497659e-02  -1.0362874e-01   0.0000000e+00   1.2592878e-01   1.3448012e-01   1.3181140e-01   5.8412764e-02   5.3970746e-02   1.3688934e-01   8.2029914e-02   1.5061149e-02   1.6069192e-01   1.6700167e-01   2.8971907e-02   1.0494443e-01   8.6511573e-03   2.0716852e-01   1.2864595e-01   8.7535106e-02   4.2330814e-02   1.6117616e-01   5.4900462e-02   8.3644604e-02   1.5942174e-01   9.0407306e-02  -6.3052699e-02   2.7840426e-02   1.4485718e-01   9.9393229e-02   2.1250505e-01   2.0134817e-02   1.6553376e-01  -1.7263222e-02  -6.0147402e-02   4.5229728e-02   1.0135257e-01   1.9216827e-02   2.9000935e-02   7.5742114e-02   3.9109045e-02   1.1834265e-01   3.3414873e-02   2.4301532e-01   1.7857068e-02   2.9636646e-03   1.4823804e-02
   8.0020883e-03   0.0000000e+00   4.8219299e-02   6.9697315e-02   1.2436611e-01   1.8658393e-02   4.2602820e-02  -1.3348895e-02   2.3217622e-01   0.0000000e+00  -4.2656025e-02   0.0000000e+00   3.7342596e-01  -3.7427169e-03   3.8676584e-03  -8.7522912e-02   2.0025712e-01   0.0000000e+00   1.9403665e-01   3.0524202e-01   4.7569720e-02   2.3036260e-01   1.1045765e-02   1.1909255e-02   2.6729211e-01   1.1774949e-01   2.0859615e-01   1.4567593e-01   1.9130688e-01   2.5134284e-01   1.0225912e-02   2.1132885e-02  -1.2773720e-02  -5.4859610e-03  -7.7310143e-02   9.3882126e-02   1.1831940e-02   9.4688493e-02  -2.6069683e-02  -3.8896882e-02   1.5828312e-01   5.4143760e-02   4.9071313e-02   3.8141360e-02   5.4242155e-02   2.5543177e-01   6.7840333e-02   2.6295594e-01   3.9580601e-01   2.8052904e-01   5.3465191e-02   2.9738686e-01  -9.6082305e-02   1.8542430e-01   5.0914974e-02   1.4271389e-01   2.8562381e-01   2.7440403e-02   1.2578432e-01   1.1294071e-01   1.9873251e-01   2.1772717e-01   3.2816453e-03   1.6142043e-01   1.0714246e-01   1.8762622e-01   2.9862983e-01   4.4377230e-02   4.8249883e-02   2.9531946e-01  -1.5685006e-02  -4.9733767e-02   2.6730373e-03   1.8661012e-01   0.0000000e+00   2.7775351e-01   6.6998025e-03  -9.1805065e-02   2.0264199e-01   1.5440654e-01   1.8793731e-01   1.3093849e-01   3.3193360e-02   3.4592850e-01   1.5083478e-01   1.0719759e-02   1.1095466e-01   7.8444571e-02   1.2686909e-01   2.5573358e-01   1.1354230e-01   1.8546922e-01   1.8559931e-01   2.1384507e-01   1.4238416e-01   2.0036119e-02  -2.5710696e-02  -5.2986448e-02  -3.6915537e-02   8.9080085e-02  -5.0570144e-02   2.6342002e-01  -8.5545589e-02   2.6412552e-01   1.4113693e-01   9.5908771e-02   8.1545739e-02   3.0043513e-01   4.5848698e-02   9.6824423e-02   1.1801321e-01  -4.2388735e-02  -5.9809915e-02   1.6119851e-01   1.9640734e-01  -5.7970713e-02   9.1941387e-02   6.3749639e-02
   7.4337815e-02   0.0000000e+00   2.6039266e-01   2.1214552e-01   2.1171045e-01   1.6595470e-01   2.7179025e-01   1.5357550e-01   3.0493925e-02   0.0000000e+00   2.4303502e-01   0.0000000e+00   2.7909872e-01   2.8065266e-02   2.6950486e-01   3.1224574e-01   5.9420026e-02   1.9403665e-01   0.0000000e+00   2.8127700e-01   2.1183609e-01   1.6364265e-01   1.1613190e-01  -9.7589220e-02   1.3014042e-01   1.3666404e-01   3.0473183e-01   1.5575529e-01   5.9970069e-02   1.4603714e-01   7.9020574e-02   1.9565246e-01   1.2123861e-01   1.1647888e-01   1.4584354e-01   3.5304167e-01  -1.5890030e-02   3.3899049e-01   2.9005875e-01   2.6126490e-01   1.2172131e-01   3.5120856e-01   1.4830328e-01   2.9409185e-01   1.6850319e-01   1.8229990e-01   2.7657650e-01   3.0471380e-01   2.1744996e-01   1.8063865e-01   1.4970996e-01   1.9407858e-01   2.3157635e-01   2.8045777e-01   2.7643680e-01   1.7010794e-01   1.7782966e-01   9.0084057e-02   1.6968573e-01   8.7976524e-02   7.9177769e-02   1.8843781e-01   6.5044456e-02   4.8054676e-01   1.2423897e-01   2.6566595e-01   2.0617772e-01   1.4693807e-01   2.5196867e-01   8.9349248e-02   1.6753657e-01   3.2259781e-02   1.5585081e-01   1.0214681e-01   0.0000000e+00   2.8188265e-01   1.3783671e-01   1.0528726e-01   7.5582160e-02   1.9873257e-01   1.4219627e-01   3.8234258e-02   1.1923634e-01   1.3010582e-01   1.9917393e-01   9.3343981e-02   1.2657812e-01   1.4334683e-01   9.4880050e-02   1.9952719e-01   5.7743519e-02   1.2563777e-01   1.7661160e-01   3.4130065e-01   5.2529848e-01   1.6195192e-01   1.2324856e-01   1.4190193e-01   1.3876543e-01   1.3575864e-01   1.1784796e-01   1.8317406e-01   4.3528601e-02   1.6643028e-01   7.9937960e-02   3.1794671e-02   9.1472983e-02   1.8860840e-01   6.4524823e-02   1.7511986e-01   2.0008403e-01   1.8784338e-01   2.5397054e-01   2.1621147e-01   2.8296414e-01   1.6396581e-01   1.4558690e-01   8.3221837e-02
  -8.3753256e-02   0.0000000e+00   1.1328851e-01   2.5925962e-01   2.3679886e-01   5.9595501e-02   3.7381269e-02  -2.3707048e-02   4.9295242e-02   0.0000000e+00   5.7834289e-02   0.0000000e+00   7.2257307e-01  -1.4403722e-03   2.7936976e-01   2.0010522e-01   1.6961793e-01   3.0524202e-01   2.8127700e-01   0.0000000e+00   3.9889838e-01   3.2598572e-01   4.5054844e-02   1.0211905e-01   3.9046155e-01   2.6650889e-01   5.7711415e-01   2.7145076e-01   4.2388551e-01   7.2734574e-01   1.6386190e-01   4.0223059e-01   2.8470580e-01   1.9422635e-01   4.6564993e-01   2.5162404e-01   7.4013032e-03   2.6374696e-01   2.2410849e-01   2.0774684e-01   1.8162146e-01   3.7673798e-01   1.4268247e-01   2.0954481e-01   1.4668537e-01   2.5894751e-01   3.8410195e-01   3.1195561e-01   4.3568474e-01   2.6090185e-01   2.9467681e-01   2.9605801e-01   5.0098727e-02   1.9560588e-01   1.7251558e-01   2.3729302e-01   3.7433182e-01   1.0211240e-01   2.8811463e-01   2.9915007e-01   1.4976056e-01   1.7608671e-01  -4.1649653e-02   4.6821153e-01   2.2963896e-01   2.8618305e-01   2.7952943e-01   4.6426857e-02   9.8697687e-02   1.5022984e-01  -6.9802940e-02  -4.2351444e-02  -2.8086240e-02  -5.2210304e-02   0.0000000e+00   3.1346643e-01   3.6501311e-02  -3.6841280e-02   2.2799829e-02   1.5142702e-01   2.7032980e-01   3.4378207e-02   2.7389254e-01   3.0539174e-01   2.2248843e-01   3.4165382e-02   1.2523852e-01   1.6515771e-01   1.7661222e-02   3.6890760e-01   7.7338864e-02   6.1475331e-02   8.9705376e-02   1.3782288e-01   1.2006355e-01   4.0865084e-02   5.6839868e-02  -1.1543814e-01  -8.5673643e-02   6.6959277e-02  -1.7235587e-02   2.0462662e-01  -2.5549808e-01   2.1516898e-01   4.9291791e-02   1.3482963e-01   3.1127280e-02   1.8232994e-01  -8.2738771e-02   8.5674901e-02   2.5766726e-01   7.0172848e-02   6.8083735e-02   1.0854801e-01   2.1288584e-01  -1.2578215e-02  -4.4161457e-03   2.5646314e-01
  -1.0149543e-01   0.0000000e+00   9.6259528e-03   2.7730708e-01   3.5286205e-02  -1.0991645e-02  -1.9949345e-02   4.1113076e-02  -8.4999964e-02   0.0000000e+00   1.2783831e-01   0.0000000e+00   5.3945248e-01   4.8588168e-01   2.2709051e-01   1.8053413e-01   6.3849073e-03   4.7569720e-02   2.1183609e-01   3.9889838e-01   0.0000000e+00   3.1093682e-01   2.7124128e-01   1.4369071e-01   2.5969264e-01   1.9641783e-01   4.4478860e-01   2.4348394e-01   1.8750198e-01   2.3295981e-01  -1.4315026e-02   5.0839171e-01   2.2264437e-01   1.4864569e-01   2.8171055e-01   3.3922884e-01   9.0451812e-02   3.1141043e-01   3.1697924e-01   4.1240967e-01   1.4511415e-01   3.2844010e-01  -8.6209631e-02   2.3968925e-01   2.2434327e-01   7.1592130e-02   3.3373805e-01   2.9363410e-01   8.3889754e-02   2.4592761e-02   3.5858701e-03   1.9004737e-01   5.0142498e-02   2.1778962e-01   2.1233769e-01   1.6084890e-01   4.5586383e-01   2.2506552e-02   2.2277151e-01   2.1994921e-01  -1.1944926e-02   2.8701960e-02   3.3275998e-02   1.8731060e-01   3.1177215e-02   3.5605105e-02  -8.3344596e-02  -6.4984429e-03  -6.4972944e-02  -1.8765164e-01  -5.2063312e-02   1.6208386e-02  -2.3145010e-02  -6.5775470e-02   0.0000000e+00   5.0840480e-02  -1.6809242e-02  -2.6297133e-02  -1.8780860e-01  -6.0228156e-02   2.3968421e-02  -2.2505045e-01   2.2372701e-01  -7.6473031e-02   4.9488486e-02  -1.2968491e-01  -3.0406968e-02  -4.3533828e-02  -1.8501299e-01   5.9314991e-02  -6.0801382e-02  -5.6809064e-02  -8.7346487e-02   3.5736704e-02   9.7054617e-02   5.1696904e-02  -4.2077015e-02   9.4879165e-02  -3.2043100e-02   7.4805374e-02  -1.1237521e-01   1.1626690e-01  -2.2036174e-01   5.4812957e-02   1.8650805e-01   4.9142769e-02   7.5538872e-03   9.8300432e-02  -7.1109354e-02  -7.6260928e-02  -3.7697628e-02   4.0724930e-02  -4.0388234e-02   4.4552040e-02  -3.3603311e-03   8.4220870e-02  -8.0272672e-02   9.2813156e-02
