   0.0000000e+00   1.8815500e-01   0.0000000e+00   5.0974513e-02   2.2187563e-01   9.3593740e-02   4.5505564e-01  -4.4057190e-03  -7.0199276e-02   7.5822686e-02   2.3798636e-01   1.3868103e-01  -2.6469862e-02   6.0189472e-02   6.1626181e-02   9.3743967e-02   1.0360737e-01   2.2131199e-01   4.0860833e-01   5.3002014e-02   3.6953888e-02   2.6603741e-02   2.8988680e-02   2.0930370e-02   9.5278317e-03   2.6146054e-02   2.2346363e-02   9.5251946e-02  -1.5044763e-01  -9.4432483e-02  -4.9059366e-02   1.8928457e-01   8.0840365e-02  -1.6836816e-02   9.9607547e-02   6.6329161e-02   1.0241779e-01   7.9430298e-02   4.9019214e-02   9.6583359e-02   1.5510007e-01   3.2282003e-02   2.2829845e-02   1.1345778e-01   1.2065781e-02   9.1586658e-02   1.7585730e-01   6.8993375e-02   5.2482031e-02  -2.6029033e-02   2.6544083e-02   7.2996392e-02   9.7194137e-02   1.4525588e-01   3.6568411e-02   9.7955681e-02   2.5275391e-02  -5.3063609e-02   3.8152500e-02   1.0747750e-01   1.6708764e-01   1.2087028e-01   2.3342793e-03   1.7407719e-01  -1.8219574e-02   2.7192103e-01  -5.5267576e-02  -3.9972244e-02   1.2597156e-02   1.2330721e-01  -1.0393937e-01   1.0013147e-01   7.2109377e-01   6.0871163e-01   9.2673963e-02  -1.1156384e-01   2.5491610e-02  -8.1763342e-02   6.1661624e-02  -6.5510576e-02  -1.0598880e-02   2.8155649e-02   8.3664696e-02   6.2705360e-02   2.8761182e-02  -1.6003467e-01  -1.7471240e-01   6.4997452e-03  -1.2221364e-01  -1.1243545e-01  -2.2789442e-02   1.4721721e-01   1.5296035e-01   1.3315992e-02   8.1565280e-02   1.4923409e-01   3.9528744e-02   3.5469250e-02   8.3083716e-02   1.3798037e-01  -5.8669793e-02   6.8146367e-02  -1.3467456e-02   1.1838501e-01   3.6801442e-02   3.4847095e-02  -3.4472303e-04   9.5981517e-02  -1.8581905e-02  -6.6502769e-03  -1.9803829e-02   3.5977228e-02   4.1810907e-02  -7.9529507e-02   0.0000000e+00  -1.6171476e-02   2.2599783e-02  -2.7931458e-02
   1.8815500e-01   0.0000000e+00   0.0000000e+00   8.7351502e-02   1.3144668e-01   1.6414009e-01   2.0645894e-01   3.9385313e-02   2.7506896e-03  -5.2343013e-02   2.2282189e-02   1.1716538e-01   7.2291273e-03  -8.3001460e-02   7.6641925e-02   6.9531134e-02   2.1268026e-01   2.1728774e-01   1.4264464e-01   2.7793174e-02  -1.2791187e-02  -6.9120928e-02   7.6048857e-03  -3.6661624e-02  -1.6685731e-01   4.0835222e-02   2.0282173e-02   1.0536541e-02  -8.6710289e-02  -6.0152403e-02  -2.5480426e-02   8.0657937e-02  -7.2663462e-03  -8.3828197e-02  -1.1209855e-02  -2.7987731e-02   6.7127468e-02  -7.2702676e-02  -2.5441757e-02   1.8605287e-02  -9.5448871e-03  -1.0423511e-01  -3.0425733e-02  -6.7706633e-03  -5.2906457e-02   3.8591578e-02   7.5658205e-02   4.1455433e-02   6.7123052e-02   8.1543230e-02   1.1107602e-01   8.6806704e-02   1.0049084e-02   1.4561458e-01  -3.1709464e-02   8.0131108e-02  -2.7853085e-02   1.4686061e-02  -1.2474318e-01  -2.8826630e-03  -3.6022197e-02   3.2215303e-04  -6.2141573e-02   1.9976872e-01  -1.1778196e-02   1.3305729e-01   1.0563054e-02  -5.1685168e-02   7.6033269e-02   3.9716383e-02  -2.1175866e-02   9.5299098e-02   2.3489873e-01   1.3269106e-01   1.6425145e-01  -3.0363174e-02   8.6424254e-02  -6.5595346e-02  -1.9467093e-02   4.5784314e-04  -4.5499015e-03   1.3998891e-02   7.9205803e-02   3.2427527e-02  -4.6770076e-02  -3.5744069e-02   5.3663606e-02   7.0269786e-02   5.9663437e-02  -3.0040986e-02   5.7971341e-02   4.5584091e-02   2.9567296e-02   1.5618438e-02   1.3208353e-01   1.1481776e-02   9.0811275e-02  -1.4238749e-01  -6.7732933e-02  -2.8849505e-02   6.6678090e-02  -7.2212971e-02  -7.9839143e-02  -1.1760720e-02  -5.7227715e-04   9.2397947e-02   5.3147680e-02   2.8930226e-03   1.0120292e-01  -1.4080004e-02   6.1577140e-02  -4.5840743e-03  -6.8553379e-02  -6.6756823e-02   0.0000000e+00  -6.4032865e-02   4.8688471e-02   8.8540966e-02
   0.0000000e+00   0.0000000e+00   0.0000000e+00   0.0000000e+00   0.0000000e+00   0.0000000e+00   0.0000000e+00   0.0000000e+00   0.0000000e+00   0.0000000e+00   0.0000000e+00   0.0000000e+00   0.0000000e+00   0.0000000e+00   0.0000000e+00   0.0000000e+00   0.0000000e+00   0.0000000e+00   0.0000000e+00   0.0000000e+00   0.0000000e+00   0.0000000e+00   0.0000000e+00   0.0000000e+00   0.0000000e+00   0.0000000e+00   0.0000000e+00   0.0000000e+00   0.0000000e+00   0.0000000e+00   0.0000000e+00   0.0000000e+00   0.0000000e+00   0.0000000e+00   0.0000000e+00   0.0000000e+00   0.0000000e+00   0.0000000e+00   0.0000000e+00   0.0000000e+00   0.0000000e+00   0.0000000e+00   0.0000000e+00   0.0000000e+00   0.0000000e+00   0.0000000e+00   0.0000000e+00   0.0000000e+00   0.0000000e+00   0.0000000e+00   0.0000000e+00   0.0000000e+00   0.0000000e+00   0.0000000e+00   0.0000000e+00   0.0000000e+00   0.0000000e+00   0.0000000e+00   0.0000000e+00   0.0000000e+00   0.0000000e+00   0.0000000e+00   0.0000000e+00   0.0000000e+00   0.0000000e+00   0.0000000e+00   0.0000000e+00   0.0000000e+00   0.0000000e+00   0.0000000e+00   0.0000000e+00   0.0000000e+00   0.0000000e+00   0.0000000e+00   0.0000000e+00   0.0000000e+00   0.0000000e+00   0.0000000e+00   0.0000000e+00   0.0000000e+00   0.0000000e+00   0.0000000e+00   0.0000000e+00   0.0000000e+00   0.0000000e+00   0.0000000e+00   0.0000000e+00   0.0000000e+00   0.0000000e+00   0.0000000e+00   0.0000000e+00   0.0000000e+00   0.0000000e+00   0.0000000e+00   0.0000000e+00   0.0000000e+00   0.0000000e+00   0.0000000e+00   0.0000000e+00   0.0000000e+00   0.0000000e+00   0.0000000e+00   0.0000000e+00   0.0000000e+00   0.0000000e+00   0.0000000e+00   0.0000000e+00   0.0000000e+00   0.0000000e+00   0.0000000e+00   0.0000000e+00   0.0000000e+00   0.0000000e+00   0.0000000e+00   0.0000000e+00   0.0000000e+00   0.0000000e+00   0.0000000e+00
   5.0974513e-02   8.7351502e-02   0.0000000e+00   0.0000000e+00   6.7918406e-02   1.5968278e-01   5.9315729e-02   4.4253542e-02   6.9781577e-02   2.7914048e-02   2.4524643e-01  -6.7873404e-02   1.9772756e-01   1.2536825e-01   1.2016170e-01   1.2566774e-01   1.2662191e-01   1.0649052e-01   2.7574479e-02   2.5698005e-01   2.0699170e-01   1.6600250e-01   1.9622438e-01   1.4843606e-01   8.8098563e-02   1.4235218e-01   8.5000775e-02  -4.1128719e-02   1.0730890e-01   1.5688434e-01   2.7977528e-02   8.8387001e-02   2.1161727e-02   1.5258844e-01   7.8734747e-02  -7.0623530e-02   9.6996794e-02   2.0585309e-02  -2.7871400e-02   1.5834451e-01   7.2000834e-02   4.4157017e-03   1.3375619e-01  -2.4340166e-02   1.9849401e-01   3.4558961e-02   7.5921067e-02  -2.0573437e-03   1.8142715e-01   6.7629896e-02   9.0515806e-02  -7.6887505e-03   1.8948714e-02   2.9153316e-01   7.3920557e-02   4.9247395e-02   5.1961732e-02  -1.1334039e-02   1.4314993e-01   7.4703976e-02  -2.7317324e-02  -1.1171528e-01   1.8826549e-04   1.1321265e-01  -4.5804444e-02  -9.4181673e-02  -5.7462119e-02  -7.3021405e-03  -1.8919222e-02  -3.2219093e-02   1.0141153e-01  -8.5909141e-02   3.2750495e-02  -1.5449609e-02   1.5641218e-01   1.6578199e-01  -1.3213729e-02  -1.2602172e-01  -8.7232456e-02   1.8626545e-02  -4.8591588e-02  -1.1006584e-02  -1.7575007e-02   7.0519311e-02  -4.5758794e-02   2.7829280e-03   1.0845907e-01  -7.9361397e-02   7.2138029e-02   1.0968202e-01   7.4688222e-03  -1.1564849e-01  -4.1301892e-02  -1.0007503e-01  -1.0669673e-01   1.5212154e-02   3.5453079e-02  -1.4348127e-02   4.2478355e-04  -5.7947100e-03   1.3469749e-02  -1.0572813e-01  -1.1897738e-01  -1.8766651e-02  -3.3094879e-02   6.6698139e-02   6.5631498e-02   6.6373282e-02   7.1614298e-02  -5.0526587e-02   2.6425573e-03   1.5242350e-01   1.5026715e-03   3.4730851e-03   0.0000000e+00   1.5871704e-02   6.9785139e-03   9.6902314e-02
   2.2187563e-01   1.3144668e-01   0.0000000e+00   6.7918406e-02   0.0000000e+00   3.8568394e-01   1.3526165e-01  -9.7038616e-02   3.5572345e-02  -8.7296481e-02   1.7667910e-01   2.4482197e-01  -8.2157502e-03  -4.7875198e-02   2.1255303e-01   1.0490068e-01   4.2200357e-01   4.6304833e-01   2.3075130e-01   9.5512444e-02  -1.5668730e-01   1.0211803e-01  -2.2305127e-02  -7.0563936e-02  -3.4812234e-02   8.4311958e-02   3.2468020e-01   1.8483325e-01   3.9888603e-02  -2.6508042e-02   1.5710368e-01   1.5831488e-01   2.7993906e-01   1.3903450e-01   2.0328449e-01   2.2015599e-01   2.1720173e-01   9.8684570e-02   7.9647728e-02   8.2501631e-02   1.9829722e-01   1.6519041e-01   2.0278158e-01   9.3668261e-02  -1.4474357e-01   1.8898668e-01   5.8253442e-01   2.8961135e-01   1.5731216e-01   1.2089366e-01   1.0071555e-01   2.2426500e-01   1.7116407e-01   1.5909134e-01   2.9151522e-02   1.1022568e-01   2.4288687e-01   8.0842243e-02   1.5629773e-01   1.0977687e-01   1.2845669e-02   2.0122801e-01   4.2292185e-02   2.0938388e-01   9.4593278e-02   3.9397526e-01   6.0700710e-02  -5.8300798e-02  -9.9613843e-02   3.1763648e-01  -8.8271827e-04   1.5382151e-01   3.6197660e-01   3.3951436e-01   2.4706575e-01  -1.5886575e-01   9.2854088e-03  -8.2860878e-02   1.5893863e-01  -1.0978014e-01   2.0305852e-01   2.2108390e-01   6.1847060e-02   1.5434765e-01   1.7421734e-01   1.2952469e-01  -4.8699456e-02   1.1564097e-02  -1.5100668e-02   1.6125918e-02   2.2824425e-02   2.7998843e-01   2.5057859e-01   1.0867761e-01   1.8919782e-01   2.4976664e-02   2.3787739e-01   9.4634864e-02   1.0018165e-01   1.1328188e-01   2.3075197e-01   2.7666656e-01   1.2807524e-01   7.8240385e-02   7.6252137e-02   1.1027073e-01  -6.2354881e-03   2.1034473e-01  -9.8506953e-02   5.6610576e-02   1.4125988e-02   8.4142648e-04   3.1738055e-02   7.8231979e-02   0.0000000e+00  -7.3066834e-02  -1.2809056e-01  -2.1494158e-01
   9.3593740e-02   1.6414009e-01   0.0000000e+00   1.5968278e-01   3.8568394e-01   0.0000000e+00   5.6696121e-02  -8.1296651e-03  -4.5862497e-03   1.9517148e-02   1.4771807e-01   2.9740884e-02   5.7627092e-02  -4.0604386e-02   7.1953976e-02   1.5724854e-01   3.3777630e-01   2.4611844e-01   1.4567962e-01   1.2982791e-01  -3.8130728e-02   1.2136876e-01  -7.6462451e-02  -3.4917510e-02  -3.5730423e-02   1.3937857e-01   3.0390205e-01   8.3958482e-02   3.2811491e-02  -4.4642911e-02   1.0797952e-01   4.8595006e-02   1.9709968e-01   8.7019517e-02   8.9832823e-02   1.6957268e-02   4.0547539e-02  -1.7947423e-02  -1.0067100e-01   7.9008399e-02   9.1308397e-02   9.9408216e-03   8.7263163e-02  -4.5488741e-02  -1.2135949e-01   3.9078402e-02   2.7682105e-01   1.5079637e-01   1.8445466e-01   2.6295864e-01   1.5265454e-01   1.4699738e-01  -1.3406840e-02   2.8098551e-01   7.9687910e-02   1.1533397e-01   1.5703471e-01   8.7758494e-02   7.2333113e-02   7.4433605e-02   6.7420395e-02   1.2111165e-01   1.0347597e-01   2.1764801e-01   1.3850499e-02   1.8492430e-01   9.4445979e-02   9.5655687e-03  -2.5654462e-02   2.2685621e-01   3.2549946e-02   2.4967270e-02   2.1696538e-01  -8.2478931e-03   2.8328088e-01   1.5192853e-02  -7.4680334e-02  -6.7050500e-02   1.5386599e-01   4.2861326e-02   2.5038064e-01   1.1288166e-01   2.1406628e-01   2.1159726e-01   4.4241771e-02   1.5956306e-03  -1.8912740e-02   1.4072995e-01   4.6533968e-02   4.4753202e-02   2.1666423e-02   2.2047872e-01   1.6510765e-01   6.9340893e-02   1.0463873e-01  -1.3566506e-02   6.1608468e-02  -6.3026645e-02  -3.4748378e-02  -3.7028346e-02   1.3723629e-01   7.7681012e-02  -2.8228512e-02   8.4347296e-02   3.5526826e-02   1.4780992e-01   3.5324200e-02   1.3126293e-01   7.6184114e-02  -2.1922165e-02  -1.3036064e-02   2.4961637e-03  -7.6388898e-04   9.0291890e-02   0.0000000e+00  -8.4682585e-02   5.1073654e-02  -2.2478561e-03
   4.5505564e-01   2.0645894e-01   0.0000000e+00   5.9315729e-02   1.3526165e-01   5.6696121e-02   0.0000000e+00  -5.4577915e-02  -1.2876056e-01   1.4293468e-01   2.9499294e-01  -1.8212474e-02   1.6756772e-01  -8.3419871e-03   1.1479089e-01   9.2830480e-02   1.4811802e-01   2.2943949e-01   2.2284134e-01   1.4513508e-01   2.5300388e-02  -3.8535198e-02   1.6831615e-01   4.5594188e-02  -2.1694895e-03   2.6812877e-01   4.1845852e-02  -9.4401201e-02   5.0457584e-02   1.0060324e-01   1.0062735e-01   1.8762497e-01   6.4883635e-02  -4.4827443e-03  -1.2529184e-02  -1.2908411e-01   9.0017456e-02  -1.6015354e-01  -1.3519583e-01   8.6158207e-02   2.3441447e-02  -9.4223261e-02   5.8444731e-02  -1.2484523e-01   1.9583416e-01  -5.8122426e-02   1.0990893e-01   5.3035389e-02   1.5480513e-01   1.5973199e-01   9.9687408e-02   1.0107654e-01   2.6854971e-02   2.1163648e-01   2.6461272e-02   8.4705822e-02  -1.9072099e-02   1.7151218e-02   1.3656108e-02   9.4337087e-02  -2.8576464e-02  -1.7073699e-01  -9.9439880e-02   2.9243100e-01  -1.7146427e-01   3.6770071e-01   5.1608212e-02   3.1210878e-01   1.8248013e-01   6.7333361e-03   1.0415858e-01   8.6086044e-02   4.4132615e-01   4.3909952e-01   8.6996395e-02   3.5112534e-01   2.9472621e-02  -2.0543531e-01  -1.4859893e-01   1.0014121e-01   3.4388585e-02   1.3921052e-01   3.9027807e-02   2.2961492e-01   2.4013242e-02  -9.7268514e-02   2.7336694e-01   6.3559885e-04   2.3733560e-01   1.7078329e-01   2.9417213e-01  -1.3711521e-01  -9.5358043e-02  -1.3926435e-01   3.0538232e-02   1.6483787e-02  -9.0807133e-04  -4.0076033e-03  -3.4828193e-02  -5.1608219e-03   6.0365512e-02  -2.1695372e-02  -1.7999399e-01  -8.4627237e-02  -8.3649279e-02   4.9476107e-02   8.1085090e-02  -1.1308641e-01  -6.8625195e-02  -8.6351217e-02  -1.4620131e-02   1.4203420e-02   5.3385888e-02  -2.3837161e-01   0.0000000e+00  -7.6872538e-03   1.4680968e-01   2.9908527e-01
  -4.4057190e-03   3.9385313e-02   0.0000000e+00   4.4253542e-02  -9.7038616e-02  -8.1296651e-03  -5.4577915e-02   0.0000000e+00   1.9958780e-01   1.1477723e-01   3.9133244e-02   6.4490133e-02   1.8462373e-02   1.9014175e-01  -1.0439446e-01   8.2935511e-02  -9.2106774e-02  -1.0917374e-01   3.3014237e-02  -8.3683069e-06  -2.3510250e-03   8.6250173e-02   9.8508594e-02  -5.4822181e-02   4.3095549e-02  -1.1049503e-02  -5.2342300e-02   1.5596173e-01  -1.4978082e-02  -6.0343522e-02  -1.2001074e-02   8.4837128e-02   1.3362603e-02  -6.5601810e-02   3.1156747e-02   6.9678519e-02   2.9640366e-02   6.1718833e-02   5.9924142e-02   1.6765709e-01   1.8601542e-01   7.7904970e-02   2.8029124e-03   6.2051745e-02   1.2951176e-03   6.4989452e-02  -1.2321018e-01   1.1440138e-01   4.8861539e-02   1.0054955e-01   1.0266668e-01   7.4317681e-02   6.1547157e-02   1.5321937e-01   4.0433214e-02   5.7184839e-02  -6.9088269e-03   7.7488814e-02  -3.3453781e-02  -9.7140732e-02   6.5207182e-02   1.1452466e-01   1.3030712e-01   9.5288688e-03   3.1048322e-03  -1.7077077e-02   1.4171590e-01   1.2835450e-02   1.5644335e-01   6.8638279e-02  -2.3597013e-02   1.7807753e-01  -1.4959300e-01  -1.0515945e-01  -9.9418984e-02  -3.1817504e-02   1.0059803e-01   5.4054237e-02   2.7202001e-01   1.6659985e-01   3.6711112e-02   1.0029707e-02   2.0446384e-01   2.0692931e-03  -2.7776869e-02  -1.7955580e-01  -5.6219749e-02   2.0835285e-01  -5.8242845e-02  -3.7923386e-02   5.6814486e-03   1.3505156e-01   3.7423454e-02   6.6623217e-02   1.9955859e-01   1.1387579e-01   2.1814642e-02   4.6103633e-02   6.9115077e-02   9.8184297e-02  -8.1548003e-02  -8.4741973e-03  -4.4235854e-02   7.3630034e-02   1.5719281e-01   2.3306851e-01   1.9975054e-01   9.1215428e-02   2.6839354e-01   1.5433747e-01   9.4712846e-02   1.5270190e-02  -2.7349893e-02  -5.2286840e-02   0.0000000e+00   4.7062284e-01   2.7053185e-01   2.3055619e-01
  -7.0199276e-02   2.7506896e-03   0.0000000e+00   6.9781577e-02   3.5572345e-02  -4.5862497e-03  -1.2876056e-01   1.9958780e-01   0.0000000e+00   2.0545557e-02  -6.7225513e-02  -3.0864544e-02  -6.5811540e-03  -6.4707356e-02   1.5102223e-01   1.6088944e-01  -6.1572327e-03  -4.1896893e-02   6.5582091e-02  -1.4585995e-01  -8.2179182e-02   9.9182381e-03   6.4315655e-02  -9.4827030e-02  -3.4290057e-02  -9.8722590e-02  -4.9289183e-02   8.4242614e-02   1.5260416e-01   2.5461588e-02   8.8405989e-02  -2.0907127e-02   5.6257090e-02   1.5733140e-02   1.3638221e-01   1.3173114e-01   9.0020791e-02   2.2006504e-01   1.1803212e-01   7.5160131e-02   1.5728397e-01   1.8212776e-02   1.1682443e-01   2.1213801e-01  -5.9480034e-03   1.9782887e-01  -2.3418068e-02   2.1038100e-01   1.6668756e-01  -1.2566608e-02  -3.2591486e-02  -1.1832708e-02   1.8163258e-01   3.4660393e-02   7.9988262e-02   3.0206805e-02  -9.6851665e-02   1.7921661e-01   1.1260619e-01  -4.7541569e-02   9.8009847e-03   9.8606818e-02   8.3960009e-02   2.0598163e-01   3.1897873e-01  -7.0948122e-02   1.5795834e-01  -3.1686568e-02   2.1250377e-01   9.3769215e-02  -6.4375991e-02   3.2137032e-02  -5.6378920e-02  -7.1126159e-02   1.0952692e-02  -3.9547957e-02   3.0270718e-01   1.5442233e-01   2.1741639e-01   1.7008183e-01   6.9095370e-03  -7.6978771e-02  -7.8024640e-03  -5.8085600e-02   1.0608308e-01   7.4330913e-02   2.9965034e-02   4.8575043e-02   3.3863366e-03   1.0302836e-01   8.8098752e-02   1.2517033e-01   5.2228790e-02   1.7661097e-01   8.0717839e-02   1.8749149e-01   1.1818899e-01   2.8514343e-01   3.6488242e-01   2.2896016e-01  -1.1694654e-01   3.8023845e-02   1.5149637e-01   1.1529952e-01   1.7331644e-01   1.9638644e-01   2.2611473e-01   3.6113170e-01   2.5454555e-01   3.7772092e-01   5.0267860e-01   1.7859439e-01   5.7539357e-02   1.4204658e-01   0.0000000e+00   2.1103826e-01   1.4302812e-01   3.0231495e-02
   7.5822686e-02  -5.2343013e-02   0.0000000e+00   2.7914048e-02  -8.7296481e-02   1.9517148e-02   1.4293468e-01   1.1477723e-01   2.0545557e-02   0.0000000e+00   9.3515570e-02  -4.4332416e-02   1.9448746e-01   9.2234994e-02   5.8231636e-02   7.7269658e-02   3.5851470e-02   1.0515939e-01   9.7892691e-02   1.0018234e-01   1.2271353e-01   7.6272325e-02  -2.5540661e-02  -5.0521641e-02   1.3072776e-01   1.2233083e-01   1.2189613e-01   1.7547028e-01   1.9844532e-01   1.5391368e-01   3.9138723e-02   1.0780533e-01   2.3442891e-01   1.5343811e-01   3.7159825e-02   2.4076942e-02   8.1605033e-02  -4.5870305e-03   2.6380340e-02   1.0384483e-01   1.6670640e-01  -5.4636190e-02   1.0691697e-01   2.3640218e-02   2.1454990e-01   9.2729851e-02  -4.0438020e-02   5.6523171e-03   2.3143223e-01   4.6947280e-02   3.0487908e-01   2.2224477e-01   3.1854926e-02   1.3094873e-01   1.6658359e-01   7.8236388e-02   1.1293762e-01   5.9207487e-02   9.0931544e-02   1.1660899e-01  -5.4733479e-02   1.1166671e-03   5.8467615e-02   4.1164040e-02  -8.0138593e-04   9.1186700e-02  -2.1107995e-03   2.6470890e-01   7.0577559e-02   4.6404054e-02   2.2633183e-02  -1.2062802e-01  -3.0872677e-02  -1.0585606e-01  -1.7759791e-01   1.2930476e-01  -1.0565795e-01  -9.0875709e-02   3.6083191e-02   4.2887247e-02   8.9860664e-02   9.6982224e-02   1.4270902e-02   3.1631363e-02  -1.8194597e-02  -7.0093843e-03   1.0169540e-01   1.5451912e-01   1.2333748e-01   6.1429737e-02  -3.2376686e-02   5.1196000e-02   1.2016471e-01   7.0546941e-02  -3.6329094e-02   5.8406876e-02   1.0590773e-01   7.7767620e-02  -1.9027030e-02  -1.8735915e-02  -2.7662841e-05   1.0479957e-01  -9.0351619e-02   6.1477912e-02   1.4263456e-01   1.5593814e-01  -3.0110357e-02   5.5946296e-02   1.6921194e-01   1.4440100e-01  -3.0710472e-02   4.5339225e-02  -2.5143874e-02  -8.5443185e-02   0.0000000e+00   1.0488650e-01   3.3416754e-02   1.0184483e-01
   2.3798636e-01   2.2282189e-02   0.0000000e+00   2.4524643e-01   1.7667910e-01   1.4771807e-01   2.9499294e-01   3.9133244e-02  -6.7225513e-02   9.3515570e-02   0.0000000e+00   1.6992704e-01   4.7433768e-01   1.5146139e-01   3.6089703e-01   3.6546130e-01   1.7795573e-01   2.4387945e-01   1.9057856e-01   5.1896392e-01   3.1470813e-01   2.3010422e-01   1.7095562e-01   2.4017332e-01   3.9012576e-01   4.4431154e-01   4.0873463e-01   1.9175394e-01   4.8977582e-01   4.8788279e-01   1.9355733e-01   4.4746446e-01   3.3698026e-01   5.0785019e-01   2.4704368e-01   1.0382469e-01   4.0984380e-01   1.5452725e-01   1.3061061e-01   5.2987836e-01   4.4032185e-01   2.1900079e-01   4.4197384e-01   1.0402032e-01   3.8625341e-01   1.6934630e-01   3.1680748e-01   2.2657163e-01   2.2711623e-01   2.9086272e-01   3.3226961e-02   3.5654729e-01   1.2720051e-01   2.6473259e-01   2.4482969e-01   3.0721396e-01   3.8872147e-01   1.9528466e-02   2.3300703e-01   1.3521414e-01  -2.3882024e-01  -1.6698030e-01  -2.8665232e-02   3.2706612e-01  -2.6337279e-02   3.1499579e-01  -8.3419026e-02   6.5031012e-02  -1.0743169e-01   5.4027776e-02   2.5755266e-01  -5.3013511e-03   2.3362048e-01   2.5661665e-01   1.8168742e-01   1.1772226e-01  -1.1096213e-01  -9.7770492e-02  -1.6004969e-01  -4.6918369e-02   7.7758136e-03   2.2503647e-01   5.6145649e-02   1.8822401e-01  -2.7789830e-02   2.1881478e-01   2.9279531e-01  -1.6973478e-01   2.0260328e-01   5.1899774e-02   1.0881159e-01  -1.1172148e-01  -1.1944019e-01   9.5141862e-02   8.4314914e-02  -3.2581648e-02   2.5675285e-01   9.8198464e-03  -1.0998164e-01  -5.2333603e-02   2.5310839e-01   3.2221025e-02  -3.5797510e-01  -1.7062423e-01  -1.9469210e-01   7.0344513e-02   9.2823135e-02  -3.2725373e-02  -5.4558475e-02  -3.3865913e-02   4.6259054e-02   1.2955488e-01   7.5311756e-02  -5.3604124e-02   0.0000000e+00  -9.2693160e-03  -1.9711213e-01  -1.5755371e-02
   1.3868103e-01   1.1716538e-01   0.0000000e+00  -6.7873404e-02   2.4482197e-01   2.9740884e-02  -1.8212474e-02   6.4490133e-02  -3.0864544e-02  -4.4332416e-02   1.6992704e-01   0.0000000e+00  -2.5757174e-02   3.2755215e-02   1.4358522e-01   3.9787619e-02   1.2763674e-01   1.5678421e-01   2.0954174e-01   7.3054434e-02  -7.7535761e-02   1.0190190e-02  -6.6877137e-02   6.0162624e-03   3.0693893e-02   1.1900982e-01   8.2879012e-02   1.9488694e-01   5.8402216e-02   2.3380931e-02   1.1445215e-01   2.1031481e-01   1.4807218e-01   2.0097298e-02   2.0892888e-01   1.0631852e-01   7.6575005e-02   1.5626581e-01   1.1426137e-01   1.8844039e-01   1.8334415e-01   1.7606925e-01   1.3695255e-01   1.8782599e-01  -2.5601356e-02   1.7669587e-01   1.4491267e-01   3.3352566e-01  -1.0016600e-02   1.9102481e-01  -7.8488596e-02   1.5855304e-01   1.8528806e-01   2.8375927e-02  -6.7329093e-02   7.4968553e-02   1.1227706e-01   8.2992720e-03   1.4503950e-01  -1.4335282e-02  -1.6144041e-02   5.3676752e-02  -5.0472109e-02   1.2221394e-01   5.0523392e-02   3.5580834e-01   1.0023028e-01   9.9079743e-02  -6.7751246e-02   1.4053442e-01   8.9961838e-02   1.8409881e-01   1.1475946e-01   2.6397807e-01   6.3660931e-02  -6.3718355e-02   2.0868378e-01   1.6350025e-01   8.3775146e-02  -6.1684471e-02   3.7155822e-02   1.1224953e-01   1.2033486e-01   1.1172075e-01   2.0367743e-01   2.4019774e-01   1.7668796e-01   5.9487494e-02   1.3731830e-01   3.9700846e-02   2.0020897e-01   1.2785551e-01   4.3343751e-02   1.7689341e-01   2.5388562e-01   3.8450057e-02   4.3523236e-01   1.3440797e-01   6.8519099e-02   7.5032437e-02   2.9651799e-01   1.4280733e-01   1.5321281e-01   2.7042658e-04   2.1221637e-02   8.2336497e-02  -9.0332759e-03   3.6307956e-02  -1.4114813e-02   1.6049721e-01   1.4322522e-01   9.3391059e-02   1.2736833e-01   1.0941342e-01   0.0000000e+00  -6.7383370e-02  -1.2493077e-01  -1.0544108e-01
  -2.6469862e-02   7.2291273e-03   0.0000000e+00   1.9772756e-01  -8.2157502e-03   5.7627092e-02   1.6756772e-01   1.8462373e-02  -6.5811540e-03   1.9448746e-01   4.7433768e-01  -2.5757174e-02   0.0000000e+00   1.8928170e-01   3.6282725e-01   3.3360791e-01   4.1368812e-02   1.9685816e-01   7.3643754e-02   7.6751163e-01   6.1315785e-01   2.3671512e-01   2.7052103e-01   3.3066986e-01   4.4971282e-01   5.8168724e-01   3.1791283e-01   1.0856841e-01   7.0680380e-01   6.6874126e-01   2.1737838e-01   2.3546765e-01   1.6668618e-01   5.2610447e-01   1.7003765e-01   1.1648035e-01   3.7793113e-01   1.4653696e-01   1.3094976e-01   4.4909030e-01   3.2459783e-01   1.6032106e-01   4.3090404e-01   9.4615694e-02   6.4021077e-01   3.2095388e-01   1.8922859e-01   1.9402005e-01   3.1648805e-01   2.0545506e-01   2.2147720e-01   2.6641108e-01   1.5871173e-01   1.4988214e-01   2.7307754e-01   3.8599485e-01   2.5240528e-01   2.3157275e-02   2.7616634e-01   2.8426819e-01  -1.1996881e-01  -1.1488461e-01   1.0776274e-01   3.3043192e-01   5.9796885e-02   6.9028423e-02  -8.8175925e-03   9.6439359e-02   5.0840003e-02   4.8594810e-02   3.5075082e-01  -1.0976827e-01  -6.9955178e-02   1.4693809e-03  -5.5070508e-02   2.5341259e-01  -1.3288037e-01  -1.4394397e-01  -2.1396999e-01  -3.5528135e-02  -5.0315633e-02   1.3731760e-01   3.4306145e-02   2.6373180e-01  -1.2437099e-01   1.6584340e-01   2.1962095e-01  -1.1199469e-01   6.8171700e-02   1.1857758e-01   1.2906908e-01  -1.8005889e-01  -1.0452318e-01   3.3818055e-02   5.6264544e-02   7.5649497e-02   2.6720856e-01   1.4122220e-01  -8.5745274e-02   1.3475052e-02  -1.4840082e-02   4.4234812e-02  -3.0712572e-01  -9.3713717e-02  -1.1870318e-01   7.1376551e-02   1.5366754e-02  -5.2078441e-02   2.4955752e-02  -8.7758527e-02   1.0365784e-01   4.6292706e-02  -6.6005379e-02  -9.7088950e-02   0.0000000e+00  -5.3562135e-02  -1.4434258e-01   9.2039613e-02
   6.0189472e-02  -8.3001460e-02   0.0000000e+00   1.2536825e-01  -4.7875198e-02  -4.0604386e-02  -8.3419871e-03   1.9014175e-01  -6.4707356e-02   9.2234994e-02   1.5146139e-01   3.2755215e-02   1.8928170e-01   0.0000000e+00   2.8527407e-02   8.1367642e-02  -8.3426526e-02  -4.4432128e-02   7.3238938e-03   2.7470229e-01   2.7508338e-01   2.2228231e-01   2.7600461e-01   1.8301659e-01   3.4009347e-01   2.7826305e-02   1.0547197e-01   2.5832194e-01   1.0344690e-02   7.0800414e-02   3.4281738e-02   1.9870464e-01   7.9408863e-02   4.2083225e-02  -7.8553874e-02   6.1827182e-02   1.0456596e-01   4.6256192e-02   6.5103778e-02   8.1098378e-02   1.4846189e-01   5.2460802e-02   2.0643251e-02   2.6499021e-02   1.6049559e-01   5.0095987e-02   5.1002457e-02   7.9637719e-03  -7.6939448e-02  -5.3772548e-02   8.2103324e-02   5.0410266e-02   1.0994893e-02   5.8298902e-02   5.8709991e-02   4.0289781e-02   1.8438996e-01  -3.4631525e-02   2.6913214e-02   1.1794839e-02  -9.0024947e-02  -3.3120164e-02   3.2130777e-01  -1.4259909e-01  -8.3580298e-02  -6.8166949e-02  -1.2400399e-01  -1.9337720e-02  -7.3541606e-02  -2.8138125e-02   2.2730935e-01   1.6611381e-01  -4.6658239e-02   4.3381861e-02  -9.8479714e-02  -4.1973106e-02  -5.7856990e-02   7.9681477e-02   3.7049410e-02  -3.6102699e-02  -7.3473544e-02   9.0522254e-02   3.3951904e-01  -1.6389136e-02  -9.7020787e-02  -1.2918567e-01  -9.4897649e-02  -1.4043247e-02  -1.5116093e-01  -3.4842475e-02  -1.3330652e-01   1.1009782e-01  -3.2279537e-02  -2.8756445e-02  -3.7851165e-02   8.0065592e-02   4.2580684e-02  -3.6632718e-02  -3.0043773e-02   4.6928100e-02  -5.4908162e-02  -4.7584916e-02  -1.8733456e-01  -1.2599121e-01   6.3941412e-02   9.9482227e-02  -2.2075508e-02  -1.2056755e-01   1.4847563e-02  -5.6520370e-02  -1.1502993e-01   3.6326751e-02   1.3591548e-02  -7.1264409e-02   0.0000000e+00   1.6396613e-01  -6.1997920e-02   1.5296089e-01
   6.1626181e-02   7.6641925e-02   0.0000000e+00   1.2016170e-01   2.1255303e-01   7.1953976e-02   1.1479089e-01  -1.0439446e-01   1.5102223e-01   5.8231636e-02   3.6089703e-01   1.4358522e-01   3.6282725e-01   2.8527407e-02   0.0000000e+00   5.0933572e-01   1.6741309e-01   3.4521939e-01   1.9591916e-01   3.2345335e-01   2.2713244e-01   1.6985116e-01   1.0398392e-01   1.0329151e-01   2.0133159e-01   2.0813216e-01   2.6089403e-01   1.8764697e-01   4.3728634e-01   4.0223375e-01   2.1527102e-01   2.4366324e-01   2.9089651e-01   5.9767009e-01   2.9215679e-01   2.5212217e-01   5.3176307e-01   3.5706043e-01   1.8682566e-01   3.0795255e-01   3.3129432e-01   2.6128902e-01   3.8737934e-01   2.7278957e-01   1.4642865e-01   3.7700280e-01   4.0809940e-01   4.3070634e-01   3.2563298e-01   1.1263438e-01  -8.1430544e-02   2.9134502e-01   2.3453730e-01   2.1160425e-01   3.8267827e-01   6.0053854e-01   2.8340338e-01   7.5218475e-02   2.7625277e-01   1.7449287e-01  -6.8595400e-02   7.2149491e-02   5.1871466e-02   3.9104311e-01   2.0272849e-01   3.6741048e-01  -1.5426184e-01  -1.0389608e-01  -1.3409220e-01   1.6444250e-01   1.2128368e-01   9.3919098e-02   1.1470660e-01   2.5630284e-01   5.7241205e-02  -1.4605735e-01  -8.6630057e-02  -9.7276376e-02  -7.6912853e-02  -4.7930386e-02  -4.6467989e-02   4.0696485e-02   1.3381892e-02   4.8035095e-02  -7.6738981e-02   2.3399587e-01   1.5233542e-02  -1.1354202e-01   5.2083289e-02  -9.8872236e-02  -4.2778141e-02   6.1370759e-02   1.7805903e-02   5.8027718e-02   1.3830933e-01   2.1105750e-02   3.9720486e-01   8.2827629e-02  -1.5161910e-02   5.2661402e-02   9.3803069e-02   1.6472140e-01  -1.1848443e-01  -3.3269646e-02  -2.2700747e-02   1.4467453e-01   7.8568305e-02   1.6921698e-01  -2.1379637e-02   1.4636946e-01   1.8621965e-01   1.7314414e-01   2.2075226e-01   1.3435106e-01   0.0000000e+00   2.8231210e-02  -2.2821673e-01  -1.0662206e-01
   9.3743967e-02   6.9531134e-02   0.0000000e+00   1.2566774e-01   1.0490068e-01   1.5724854e-01   9.2830480e-02   8.2935511e-02   1.6088944e-01   7.7269658e-02   3.6546130e-01   3.9787619e-02   3.3360791e-01   8.1367642e-02   5.0933572e-01   0.0000000e+00   1.8378167e-01   1.9566712e-01   2.4036298e-01   2.0193535e-01   2.8009511e-01   2.7164135e-01   1.3267536e-01   5.5019540e-02   3.1454750e-01   1.2477626e-01   2.3773926e-01   1.7408893e-01   2.8648676e-01   2.4549240e-01   7.9793562e-02   2.6101632e-01   1.8204871e-01   2.9658528e-01   1.3626937e-01   1.1425004e-01   4.4387069e-01   1.8743596e-01   8.5307280e-02   2.9801978e-01   2.8796648e-01   1.6968679e-01   2.7262905e-01   5.9247624e-02   1.3368173e-01   2.4932574e-01   3.2873825e-01   2.4840577e-01   2.3745385e-01   1.3495189e-01   4.8744456e-02   2.6382723e-01   1.7223960e-01   3.3850884e-01   6.8144728e-01   5.6737827e-01   2.4935508e-01   8.8452872e-02   1.8021752e-01   1.4347919e-01  -8.9411966e-02   2.8802126e-02   6.0174195e-02   2.6287659e-01   1.1713441e-02   2.1097908e-01  -1.3046153e-01   9.2933131e-02   7.9032673e-02   3.3203841e-02  -9.6259255e-03   5.9095225e-02   9.6234606e-02   9.8625819e-02   6.4924142e-02  -2.8577127e-02   1.3154584e-03  -1.5187508e-01   7.0467461e-03   2.5592702e-02  -7.1221482e-03   1.5433359e-01   5.5465269e-02   3.6642219e-02  -7.7217933e-02   1.1148730e-01   1.3398554e-02  -5.8255071e-02   2.2795726e-02   5.0598473e-02  -8.0705513e-02   5.7159655e-02   1.1038941e-01   9.8407050e-02   1.4713622e-01   1.7348780e-01   2.5975711e-01   1.2829532e-01   2.5530102e-02   1.9186146e-01   6.5159718e-02   2.1991446e-01  -1.9727048e-01   2.7701446e-02   1.4640010e-01   1.9261120e-01   2.0002215e-01   2.5996519e-01   1.7754959e-01   1.3519077e-01   9.4162265e-02   1.1273259e-01   2.9941256e-02   5.0969034e-02   0.0000000e+00   1.5271166e-01  -5.8609759e-02   1.3111538e-02
   1.0360737e-01   2.1268026e-01   0.0000000e+00   1.2662191e-01   4.2200357e-01   3.3777630e-01   1.4811802e-01  -9.2106774e-02  -6.1572327e-03   3.5851470e-02   1.7795573e-01   1.2763674e-01   4.1368812e-02  -8.3426526e-02   1.6741309e-01   1.8378167e-01   0.0000000e+00   5.7674818e-01   1.9190686e-01   1.4631756e-01  -5.6483704e-02   9.7625081e-02  -1.0177233e-01  -5.8186740e-02  -5.7882611e-02   5.2385848e-02   2.4552323e-01   1.0918917e-01   1.2986964e-01   9.0705918e-02   1.5342917e-01   9.9202524e-02   2.6618531e-01   1.5197236e-01   1.5418325e-01   1.3506275e-01   2.3466903e-01   7.3529791e-02   2.6293748e-02   1.5656648e-01   1.5225827e-01   1.1471990e-01   2.1903651e-01   5.4685321e-02  -8.3418032e-02   2.0460579e-01   3.6218437e-01   1.8279394e-01   2.9512002e-01   1.3959932e-01   2.1763430e-01   2.4861920e-01   5.5102256e-02   2.5036027e-01   1.4749655e-01   2.2673388e-01   1.2568098e-01   1.3737014e-01   1.6026443e-01   7.5859078e-02  -7.5773234e-02   3.8724361e-02   2.8759397e-02   2.5557523e-01   2.4333563e-02   2.2368068e-01   9.6365752e-02  -3.3489360e-02  -2.6623522e-02   2.1929477e-01   1.1249979e-01  -1.6085091e-02   2.8559747e-01   6.8165359e-02   3.0271877e-01  -3.6792346e-02  -7.2137041e-02  -1.4054344e-01   1.0782544e-01  -8.9738912e-02   1.6420124e-01   1.8931329e-01   1.1408790e-02   1.2054653e-01  -1.1764002e-02   1.4431474e-01   1.1577365e-02   5.4177488e-02   9.0315840e-03   6.9060549e-02   7.1661530e-02   1.3085938e-01   1.9292563e-01   1.6035642e-01   1.0977556e-01   1.9941023e-02   1.6590927e-01   6.0578601e-02   6.9075955e-03   9.9765657e-02   1.7757322e-01   2.4938051e-01  -1.2619234e-02   1.6559517e-02  -3.8144780e-03   1.6908656e-01  -1.2424440e-02   8.8321142e-02  -1.1149995e-01  -1.6876379e-02  -1.9100710e-02  -1.0811021e-01  -3.6196429e-02  -7.4252849e-03   0.0000000e+00  -2.7372460e-02  -8.8491859e-02  -8.4856548e-02
   2.2131199e-01   2.1728774e-01   0.0000000e+00   1.0649052e-01   4.6304833e-01   2.4611844e-01   2.2943949e-01  -1.0917374e-01  -4.1896893e-02   1.0515939e-01   2.4387945e-01   1.5678421e-01   1.9685816e-01  -4.4432128e-02   3.4521939e-01   1.9566712e-01   5.7674818e-01   0.0000000e+00   1.7735122e-01   3.3092610e-01  -6.0260850e-03   5.5131075e-02  -6.0525303e-03  -6.3387967e-02   5.3304098e-02   2.3885016e-01   3.8648160e-01   3.8599127e-02   1.8302873e-01   1.6760898e-01   2.0898178e-01   1.5327896e-01   2.5449073e-01   2.9208138e-01   1.9344509e-01   1.0076550e-01   2.6445235e-01   4.4633778e-02  -4.6874073e-03   1.6325244e-01   1.5508555e-01   5.4260531e-02   2.9609329e-01   2.4309055e-02   3.7714780e-03   2.6873715e-01   4.3831709e-01   3.8993835e-01   4.7313493e-01   2.0401115e-01   3.0277912e-01   3.3986480e-01   1.1175505e-01   1.4019414e-01   2.0166731e-01   2.5702879e-01   3.2733783e-01   1.2981971e-01   1.9939405e-01   2.4491137e-01   4.0557165e-03   1.0325208e-01  -5.0170720e-02   3.9908600e-01   1.3304905e-01   3.7220652e-01   1.0249253e-01  -1.3337750e-02  -4.1573018e-02   4.0194207e-01   7.0611317e-02  -4.6673110e-03   2.5009025e-01   2.2229872e-01   3.1970314e-02  -8.1815449e-02  -8.0109978e-02  -2.1810890e-01   2.2258299e-02  -5.3519481e-02   1.9531172e-01   1.9878279e-01   5.5883071e-02   2.9021267e-01  -2.5291021e-02   2.6008977e-01   7.7879961e-02  -2.3750461e-02   5.2803034e-02  -7.7720093e-03   1.1426826e-01   1.2751793e-01   1.8062859e-01   2.5411084e-02   8.0102636e-02   4.5374410e-02   3.2333907e-01   6.5906107e-04  -7.8741528e-02   5.6977289e-02   1.6407883e-01   1.7825874e-01  -3.5604110e-02   3.1182714e-02   1.2420889e-02   1.6853815e-01  -3.5269732e-02   1.0237610e-01  -5.1225301e-02  -2.0582400e-02  -1.9533305e-03  -8.0424113e-02  -6.4944518e-02  -4.1460725e-02   0.0000000e+00  -1.0256231e-01  -8.5503377e-02  -1.4784063e-01
   4.0860833e-01   1.4264464e-01   0.0000000e+00   2.7574479e-02   2.3075130e-01   1.4567962e-01   2.2284134e-01   3.3014237e-02   6.5582091e-02   9.7892691e-02   1.9057856e-01   2.0954174e-01   7.3643754e-02   7.3238938e-03   1.9591916e-01   2.4036298e-01   1.9190686e-01   1.7735122e-01   0.0000000e+00   5.3619073e-02   1.4276724e-02   1.1967219e-01  -2.1542402e-02  -3.2184283e-02   3.8952562e-02   2.0506323e-02   2.0981287e-01   1.9554336e-01   2.3551346e-02   6.5550063e-03   1.8279136e-02   1.8775212e-01   1.7416519e-01   5.0180958e-02   2.1318497e-01   3.1676791e-01   2.2954172e-01   2.4069292e-01   2.8948958e-01   1.5983102e-01   2.3494056e-01   1.8646033e-01   3.0016806e-01   2.6621554e-01  -3.4561514e-02   3.2456094e-01   2.7880150e-01   2.3270998e-01   5.0211634e-02   4.6721597e-02  -3.4616666e-02   3.0526082e-01   2.9080355e-01   3.1145185e-01   2.5188030e-01   1.7230606e-01   1.4209318e-01   8.4879327e-02   4.9341570e-01   1.4387132e-01  -1.5238056e-02   2.3109294e-01  -7.0084559e-03   3.0813745e-01   8.2468363e-02   4.7475003e-01  -7.3978457e-02   1.1109567e-01   6.4899543e-02   1.2029535e-01  -3.9354402e-02  -1.1084644e-02   3.2383962e-01   1.8077149e-01   8.1992953e-02  -8.1288128e-02   8.8917093e-02  -3.3855228e-02   1.5420022e-01  -6.9856877e-02   5.3390620e-02   1.4507896e-01   1.2236755e-01  -1.2130616e-02   1.4816687e-01   4.5992224e-02  -5.5592733e-02   7.9322081e-02   1.1437734e-02  -5.9144968e-02   5.7173853e-02   2.6077579e-01   2.2344730e-01   2.5528246e-01   4.3726458e-01   1.6004340e-01   2.3525881e-01   2.5395628e-01   2.3802859e-01   2.3522429e-01   1.1563974e-01   2.4065497e-01   7.1400310e-02   2.4478187e-01   2.5942157e-01   1.3720382e-01   3.8028956e-02   1.7592245e-01   1.0482112e-01   3.2614437e-01   9.5356264e-02   8.0287059e-02   1.2038197e-03   3.9114320e-02   0.0000000e+00   9.2204583e-02  -3.2438315e-02  -2.5930821e-02
   5.3002014e-02   2.7793174e-02   0.0000000e+00   2.5698005e-01   9.5512444e-02   1.2982791e-01   1.4513508e-01  -8.3683069e-06  -1.4585995e-01   1.0018234e-01   5.1896392e-01   7.3054434e-02   7.6751163e-01   2.7470229e-01   3.2345335e-01   2.0193535e-01   1.4631756e-01   3.3092610e-01   5.3619073e-02   0.0000000e+00   5.7749386e-01   3.3317675e-01   2.5997703e-01   4.5010017e-01   4.5539081e-01   7.5996063e-01   4.9321117e-01   1.2632841e-01   4.5593035e-01   5.6496249e-01   3.1688926e-01   2.4030862e-01   2.1302257e-01   4.6943015e-01   2.3982920e-01   9.9577333e-02   2.5361162e-01   1.6893879e-01   1.0536898e-01   5.1750498e-01   3.5599426e-01   2.1364562e-01   4.1756045e-01   1.0567431e-01   6.5616267e-01   2.1831770e-01   2.4798468e-01   2.0456333e-01   2.9032251e-01   2.4976524e-01   1.3008350e-01   2.8084863e-01   1.0302013e-01   1.5110993e-01   1.6017937e-01   3.1138477e-01   3.8008344e-01  -5.4584251e-02   2.2219597e-01   3.8437732e-01   7.7632012e-03  -2.0202842e-02   2.5009941e-01   2.2847878e-01   5.4202643e-02   1.3577973e-01   7.5671003e-02  -5.4066914e-02  -1.3602625e-01   2.1741805e-01   5.5315080e-01  -1.2035865e-01  -4.7110092e-03   6.6612797e-02  -3.0065722e-02   1.6208091e-01  -2.0566333e-01  -1.5165814e-01  -1.2618752e-01   1.2837147e-02   1.0846451e-01   2.0517457e-01   2.1304536e-01   5.7620683e-01  -1.2086129e-01   2.0722130e-01   2.0548416e-01  -7.8849662e-02   2.7578585e-02   2.4624069e-02   1.9673612e-01  -5.3823470e-02  -1.2547321e-01   4.5451688e-02   6.0899497e-02  -9.7392117e-03   2.6231458e-01   2.3178633e-02  -7.6660992e-02  -3.1323570e-02   6.6624262e-02  -1.7369621e-02  -2.7840889e-01  -2.6842639e-02  -2.2076814e-01   2.2121680e-02  -6.6849252e-02  -9.0802310e-02  -1.0135006e-01  -1.8710182e-01  -2.2367044e-02  -3.9452858e-02  -4.6928391e-02  -6.4750411e-02   0.0000000e+00  -1.4427732e-01  -1.0981014e-01   5.4037963e-02
   3.6953888e-02  -1.2791187e-02   0.0000000e+00   2.0699170e-01  -1.5668730e-01  -3.8130728e-02   2.5300388e-02  -2.3510250e-03  -8.2179182e-02   1.2271353e-01   3.1470813e-01  -7.7535761e-02   6.1315785e-01   2.7508338e-01   2.2713244e-01   2.8009511e-01  -5.6483704e-02  -6.0260850e-03   1.4276724e-02   5.7749386e-01   0.0000000e+00   4.3481303e-01   3.1961305e-01   5.0407862e-01   6.2776480e-01   3.7302838e-01   1.4680511e-01   1.3915701e-01   4.0341224e-01   4.6170759e-01   2.7677691e-03   2.7949774e-01   8.7679897e-02   3.4773527e-01   1.2618585e-01   5.3045142e-02   2.2902161e-01   1.7334828e-01   1.2016691e-01   3.7807462e-01   2.2909387e-01   2.0424395e-01   2.1584540e-01   7.7610824e-02   6.8271885e-01   1.5842189e-01   7.3021688e-02   8.2971690e-02   1.1057326e-01   3.7251666e-02  -9.5935703e-03   6.7336961e-02   3.1397665e-02   7.9635721e-02   1.8026995e-01   3.5398725e-01   1.9644268e-01  -1.7925677e-02   1.0143516e-01   2.8252440e-01  -1.9305738e-02   5.1142314e-03   2.1263910e-01   4.7549778e-02  -6.0463882e-03  -1.0625694e-01  -1.6522240e-01  -1.6293800e-02  -9.9030368e-03  -1.7226172e-01   1.9704968e-01  -1.0641988e-01  -7.4927977e-02  -9.2739485e-03  -6.7351677e-02   8.0198749e-02  -1.3147807e-01  -1.7248842e-01  -1.9871249e-01  -9.2945264e-03  -1.2969337e-01   4.1332054e-02   4.3895638e-02   4.1322781e-02  -1.7657191e-01  -2.4036093e-02  -2.7612639e-03  -1.1413486e-01  -7.2279805e-02   3.8060317e-02  -4.2208277e-02  -1.9850500e-01  -5.5864440e-02   2.6868893e-04   1.1497539e-02   8.5865260e-02   1.2724090e-01   9.4401031e-02  -1.9685569e-03   8.9533715e-02  -2.9237095e-02   5.7252628e-02  -2.4531791e-01   1.8369873e-02  -5.1275558e-02  -2.5065901e-02   3.1373936e-03   7.5386409e-03   4.0812483e-02  -1.6232597e-01  -4.0095536e-02  -1.7023212e-02  -4.7048796e-02  -1.0753225e-01   0.0000000e+00   7.2149673e-03  -1.2731179e-01   2.8280898e-02
