   0.0000000e+00   0.0000000e+00   0.0000000e+00   1.4902129e-03  -8.8859358e-02  -1.9167278e-02   1.7075320e-01   2.0407308e-02   6.3117348e-02  -8.7932191e-02   1.6170145e-01  -1.8831134e-01  -4.4423619e-02   8.4946895e-03   1.0003777e-01   7.9355608e-02   8.5284244e-02  -5.6370682e-02   2.8467840e-01  -8.3801793e-02  -1.2377312e-01  -8.3339450e-02  -2.2865831e-02  -1.9240942e-02  -3.4368439e-02   6.3621671e-02  -1.6826873e-02  -9.5148719e-02  -4.1081076e-04  -4.7775409e-02  -8.7424706e-02   9.8486858e-02   1.7436883e-01   7.6694804e-02   1.1209019e-01   3.4721987e-03  -4.9136927e-02   1.6859927e-01   5.5176031e-02  -6.4973289e-02   5.0601360e-02  -2.0052356e-02   5.2050069e-02   6.9937720e-02  -8.9434918e-02   7.8180252e-02  -9.7069708e-02  -5.0521809e-02  -1.2718103e-01  -6.4560564e-02  -1.4113004e-02   1.9837617e-01   1.1444410e-02   6.7016778e-02   2.7782216e-02  -4.1190484e-02   6.6490520e-03   5.0079739e-02   2.3368950e-01   3.4362243e-02   4.3717452e-02   7.9644906e-03   2.8867542e-02   9.7019397e-02  -1.1421525e-02  -5.0719733e-02   1.6521076e-02   5.2402912e-02  -8.0654012e-02   5.2423819e-02  -5.4138666e-02  -2.1760390e-01   3.6352247e-01  -2.5279653e-02   0.0000000e+00  -1.0402720e-02  -2.9006416e-02   1.8519921e-01   5.4268904e-02   7.4758192e-02   3.3771343e-02   2.2188718e-01  -1.2026674e-01  -2.3587807e-02   1.4947273e-01   1.4645053e-01   1.1790720e-01  -5.2408195e-02   1.8980514e-01  -4.5510218e-02  -3.6468114e-02   7.2979653e-02   4.9077226e-02   8.2109807e-02   1.7159491e-02  -2.2377449e-02  -3.5622649e-03  -2.0306135e-02   1.2805109e-01  -4.7051797e-02   1.1793550e-01   3.2538671e-02   5.5925607e-02   1.0092064e-01   5.9175755e-02   3.8031928e-02   7.6064011e-02  -4.6347715e-02   1.8581444e-02   2.3673290e-01   2.2007661e-02   1.3449675e-01   0.0000000e+00   1.4445157e-01   0.0000000e+00  -5.7885018e-02  -1.5827323e-02  -1.3989447e-01
   0.0000000e+00   0.0000000e+00   0.0000000e+00   0.0000000e+00   0.0000000e+00   0.0000000e+00   0.0000000e+00   0.0000000e+00   0.0000000e+00   0.0000000e+00   0.0000000e+00   0.0000000e+00   0.0000000e+00   0.0000000e+00   0.0000000e+00   0.0000000e+00   0.0000000e+00   0.0000000e+00   0.0000000e+00   0.0000000e+00   0.0000000e+00   0.0000000e+00   0.0000000e+00   0.0000000e+00   0.0000000e+00   0.0000000e+00   0.0000000e+00   0.0000000e+00   0.0000000e+00   0.0000000e+00   0.0000000e+00   0.0000000e+00   0.0000000e+00   0.0000000e+00   0.0000000e+00   0.0000000e+00   0.0000000e+00   0.0000000e+00   0.0000000e+00   0.0000000e+00   0.0000000e+00   0.0000000e+00   0.0000000e+00   0.0000000e+00   0.0000000e+00   0.0000000e+00   0.0000000e+00   0.0000000e+00   0.0000000e+00   0.0000000e+00   0.0000000e+00   0.0000000e+00   0.0000000e+00   0.0000000e+00   0.0000000e+00   0.0000000e+00   0.0000000e+00   0.0000000e+00   0.0000000e+00   0.0000000e+00   0.0000000e+00   0.0000000e+00   0.0000000e+00   0.0000000e+00   0.0000000e+00   0.0000000e+00   0.0000000e+00   0.0000000e+00   0.0000000e+00   0.0000000e+00   0.0000000e+00   0.0000000e+00   0.0000000e+00   0.0000000e+00   0.0000000e+00   0.0000000e+00   0.0000000e+00   0.0000000e+00   0.0000000e+00   0.0000000e+00   0.0000000e+00   0.0000000e+00   0.0000000e+00   0.0000000e+00   0.0000000e+00   0.0000000e+00   0.0000000e+00   0.0000000e+00   0.0000000e+00   0.0000000e+00   0.0000000e+00   0.0000000e+00   0.0000000e+00   0.0000000e+00   0.0000000e+00   0.0000000e+00   0.0000000e+00   0.0000000e+00   0.0000000e+00   0.0000000e+00   0.0000000e+00   0.0000000e+00   0.0000000e+00   0.0000000e+00   0.0000000e+00   0.0000000e+00   0.0000000e+00   0.0000000e+00   0.0000000e+00   0.0000000e+00   0.0000000e+00   0.0000000e+00   0.0000000e+00   0.0000000e+00   0.0000000e+00   0.0000000e+00   0.0000000e+00   0.0000000e+00
   0.0000000e+00   0.0000000e+00   0.0000000e+00   0.0000000e+00   0.0000000e+00   0.0000000e+00   0.0000000e+00   0.0000000e+00   0.0000000e+00   0.0000000e+00   0.0000000e+00   0.0000000e+00   0.0000000e+00   0.0000000e+00   0.0000000e+00   0.0000000e+00   0.0000000e+00   0.0000000e+00   0.0000000e+00   0.0000000e+00   0.0000000e+00   0.0000000e+00   0.0000000e+00   0.0000000e+00   0.0000000e+00   0.0000000e+00   0.0000000e+00   0.0000000e+00   0.0000000e+00   0.0000000e+00   0.0000000e+00   0.0000000e+00   0.0000000e+00   0.0000000e+00   0.0000000e+00   0.0000000e+00   0.0000000e+00   0.0000000e+00   0.0000000e+00   0.0000000e+00   0.0000000e+00   0.0000000e+00   0.0000000e+00   0.0000000e+00   0.0000000e+00   0.0000000e+00   0.0000000e+00   0.0000000e+00   0.0000000e+00   0.0000000e+00   0.0000000e+00   0.0000000e+00   0.0000000e+00   0.0000000e+00   0.0000000e+00   0.0000000e+00   0.0000000e+00   0.0000000e+00   0.0000000e+00   0.0000000e+00   0.0000000e+00   0.0000000e+00   0.0000000e+00   0.0000000e+00   0.0000000e+00   0.0000000e+00   0.0000000e+00   0.0000000e+00   0.0000000e+00   0.0000000e+00   0.0000000e+00   0.0000000e+00   0.0000000e+00   0.0000000e+00   0.0000000e+00   0.0000000e+00   0.0000000e+00   0.0000000e+00   0.0000000e+00   0.0000000e+00   0.0000000e+00   0.0000000e+00   0.0000000e+00   0.0000000e+00   0.0000000e+00   0.0000000e+00   0.0000000e+00   0.0000000e+00   0.0000000e+00   0.0000000e+00   0.0000000e+00   0.0000000e+00   0.0000000e+00   0.0000000e+00   0.0000000e+00   0.0000000e+00   0.0000000e+00   0.0000000e+00   0.0000000e+00   0.0000000e+00   0.0000000e+00   0.0000000e+00   0.0000000e+00   0.0000000e+00   0.0000000e+00   0.0000000e+00   0.0000000e+00   0.0000000e+00   0.0000000e+00   0.0000000e+00   0.0000000e+00   0.0000000e+00   0.0000000e+00   0.0000000e+00   0.0000000e+00   0.0000000e+00   0.0000000e+00   0.0000000e+00
   1.4902129e-03   0.0000000e+00   0.0000000e+00   0.0000000e+00   1.4221304e-01   7.3815205e-02   1.7433857e-01   3.3215568e-02   1.2990968e-01   8.3991811e-02   4.8101293e-02   9.6812881e-03  -2.1042495e-02  -4.3545794e-02   9.5175136e-02   1.3398442e-01   6.9275129e-02   1.3856117e-01  -2.4217127e-01   1.5258898e-01   6.0573489e-02   1.5627572e-01   1.2654543e-01   3.9876455e-02   1.6824079e-01   5.5207768e-02   5.5765204e-02   9.0260292e-02   1.0032865e-01   1.3055762e-01   8.9983086e-02  -1.6675822e-02   9.6244736e-02   9.3201706e-02   1.1137050e-01  -1.0546523e-02   7.1946881e-02  -2.6840279e-02  -8.8711597e-03   2.1989257e-01   1.2707828e-01   7.0650182e-02   3.6187186e-02   1.2540036e-01   6.2365801e-02   1.0666609e-01   8.4619035e-02   8.6826792e-02   1.1591023e-01   8.1837459e-02   5.9429215e-02  -1.2958296e-01   3.2320660e-02   7.2805755e-02   1.2319998e-01   1.4555831e-01  -4.6509976e-02   4.7187944e-02  -9.5082201e-02   8.7075830e-02   1.7539969e-02  -4.9612721e-02  -1.0498543e-01   5.1111560e-02   1.1352117e-01   9.5570043e-02  -6.5006845e-02   2.1581191e-02  -1.0370862e-01  -2.4576578e-02   2.7385280e-02   5.2249037e-02   3.6649594e-02   3.6287034e-02   0.0000000e+00   6.2423613e-02  -6.1886099e-02   1.0152618e-02   1.9621801e-03  -2.3066565e-02  -6.1453521e-02   3.6776733e-02   3.4462415e-02   7.0622505e-03  -4.0669500e-02  -5.6960266e-02   2.2302013e-02  -7.2111410e-02  -1.5845167e-02   6.5865723e-03   2.1165014e-02  -7.9568881e-02   8.8709480e-02  -1.7023866e-02  -8.4183360e-02   4.7508449e-02  -3.0456783e-02   7.9887253e-02  -6.4302770e-03   5.9505724e-02   4.5112745e-02   1.0690273e-01  -3.5829527e-02  -6.0005393e-03  -4.3105271e-02  -7.9274286e-02  -3.1610056e-02  -1.8541869e-02  -3.4039772e-02  -8.6742028e-04   5.0520972e-02   1.9697610e-01   0.0000000e+00   1.3749300e-01   0.0000000e+00  -1.3760292e-03  -1.4023993e-01   4.8060309e-02
  -8.8859358e-02   0.0000000e+00   0.0000000e+00   1.4221304e-01   0.0000000e+00   5.1049236e-01   1.2102537e-01   1.1180257e-01  -2.2772920e-02   5.4764703e-02   1.1333520e-01   1.1574759e-01   2.9854564e-02   7.5209583e-02   1.4995204e-01   1.1175075e-01   2.8912225e-01   2.4629751e-01   1.8415043e-01   2.3216245e-01   7.7024511e-02   6.2927965e-02   7.7820797e-02  -7.2377155e-02   7.0867907e-02   1.8005933e-02   5.1066499e-01   3.0183439e-01   1.1412738e-01   1.4714425e-01   1.4898595e-01   2.2834979e-01   3.3027731e-01   1.7353460e-01   2.0331480e-01   2.1654886e-01   1.7505033e-01   2.0145781e-01   2.5744447e-01   1.5046642e-01   8.8388949e-02   2.2578113e-01   2.5478858e-01   2.6208829e-01   2.3523173e-01   9.4073090e-02   7.0673412e-01   2.7733813e-01   1.6204632e-01   3.8567290e-01   1.0901786e-01   1.8731446e-01   2.4460220e-01   2.7908123e-01   2.2261002e-01   1.6610898e-01   3.3863428e-01   1.1160465e-01   2.3781069e-01   1.5195334e-01   1.3964775e-01   2.7670475e-01  -1.3110868e-01   2.8299717e-02   9.1280796e-02   1.7231714e-01  -4.1558362e-02   1.8812375e-01   4.5958352e-02   1.4787894e-01   1.1751972e-01   5.2252649e-02  -8.3669347e-02  -1.4798649e-03   0.0000000e+00   2.2598886e-02   3.3950462e-02   2.1016203e-01   4.1657910e-01   1.3421896e-02   3.9787462e-01   2.0151866e-01   2.7262566e-01   1.2384619e-01   4.1360066e-01   2.0895808e-01   1.0109778e-01   2.7884945e-01   3.3630866e-01   8.5805063e-02   7.7452716e-02   4.7368707e-01   1.5085051e-01   2.8738496e-01   2.4184961e-01   8.3685404e-02   9.5869142e-02   2.1319514e-01   2.5987337e-01   2.4729695e-01   2.8445740e-01   2.7411844e-01   1.3558468e-01   1.7552063e-01   3.2230819e-01   1.5688673e-01   1.7128129e-01   1.9428300e-01   2.8586643e-01   1.4369510e-01   1.9166233e-01   1.6221750e-01   0.0000000e+00   2.9997792e-01   0.0000000e+00   8.7005774e-02  -8.1337392e-02   8.3786630e-02
  -1.9167278e-02   0.0000000e+00   0.0000000e+00   7.3815205e-02   5.1049236e-01   0.0000000e+00   1.2308557e-01   8.9080670e-02   8.3259205e-02   3.0069760e-02   3.5061176e-02   2.2566283e-02   6.9347173e-03   7.7412651e-02   5.3011082e-02   1.2449515e-02   1.7403968e-01   1.6147751e-01   1.4352865e-01   4.9363581e-02  -6.1100197e-02  -6.4150240e-03  -7.5627136e-02  -1.3462516e-01  -4.4165960e-02  -5.6302064e-02   2.6510955e-01   8.4161118e-02  -3.9543707e-03   2.1959793e-02  -6.2909865e-04   1.2346788e-01   1.0797884e-01   6.2326749e-02   1.4259966e-01   8.1932009e-02   1.1194815e-01   1.3418867e-01   1.1194323e-01   6.8915012e-02   3.8414242e-02   6.7964582e-02   8.5338649e-02   1.6349232e-01   1.5269337e-01   3.4808741e-02   2.9849408e-01   1.8282904e-01   5.8119461e-02   1.9280097e-01   4.7666629e-02   8.0195305e-02   1.0148248e-01   2.4426108e-01   8.9313175e-02   6.2626561e-02   1.4410277e-01   9.6464522e-02   1.5060027e-01   4.0585657e-02   5.0733656e-02   1.8138228e-01  -4.5382554e-02   1.7360063e-02   3.5986694e-02   4.8577774e-02  -1.3153577e-02   1.0545484e-01  -3.2298462e-03   1.4773736e-01   6.5800274e-02  -6.2266262e-03   3.2546261e-02  -1.9182032e-02   0.0000000e+00   2.6086831e-02   9.6243887e-02   1.6340600e-01   3.2714278e-01   4.8283289e-03   2.4079000e-01   1.3041297e-01   3.1825707e-01   6.1516597e-02   2.6217971e-01   1.8873048e-01   9.2550255e-02   2.9722478e-01   2.7398167e-01   1.1712051e-01   8.5344414e-02   3.2353883e-01   7.5639634e-02   1.4865538e-01   1.6686601e-01   7.8297910e-02   1.0068963e-01   1.7119310e-01   2.3609017e-01   1.3361953e-01   1.7651236e-01   1.4026277e-01   1.6801675e-01   6.1539880e-02   1.4312806e-01   1.2313273e-01   1.5738032e-01   6.5514174e-02   1.3873282e-01   2.0370243e-01   8.1815562e-02   1.5412969e-01   0.0000000e+00   2.1689842e-01   0.0000000e+00  -8.4480322e-03   2.1275738e-02   5.4901126e-02
   1.7075320e-01   0.0000000e+00   0.0000000e+00   1.7433857e-01   1.2102537e-01   1.2308557e-01   0.0000000e+00   8.6474777e-02   1.2414138e-01  -1.5625273e-02   1.6390743e-01  -1.1361713e-01  -6.2195192e-03   1.6119259e-02   2.2871492e-02   1.2731700e-01   1.6543918e-01   2.6196574e-01   2.5216480e-02   1.5032392e-01   4.1636264e-02   1.3005438e-02   1.2356406e-01   1.5908049e-02   2.7002385e-02  -4.4771755e-02  -1.0678386e-02   2.1992017e-01   1.8139711e-01   2.5015545e-01   1.2835877e-01   4.3075543e-02   2.3640441e-01   2.6768517e-01   3.6772058e-02  -3.5405158e-02   2.6621110e-02   1.2355232e-01   5.7917175e-02   3.8968950e-01   2.5066468e-01   2.1217818e-02   2.6837560e-01   1.4181903e-01  -2.4517977e-03   1.7892410e-01  -6.8774691e-02   1.1054345e-01   1.0348039e-01   3.3885766e-01   6.2972875e-02   3.6193215e-04   8.1984405e-02   1.2723271e-02   1.9330777e-01   2.1003988e-01  -9.6805493e-02   1.1214096e-01   2.3563077e-02  -2.9199924e-02  -1.6739161e-01  -2.1598757e-01  -2.2843088e-01   4.9820692e-01   8.4615149e-02   1.6837239e-01   1.7516752e-01   2.5401383e-01   2.5941410e-01   1.2566663e-02   1.0321571e-01  -5.7243484e-03   3.0341921e-01   1.2199667e-01   0.0000000e+00   2.3763772e-01   2.9531058e-01   1.7257376e-01   1.2938688e-01   1.2217090e-01  -2.6476577e-02   1.5410389e-01   6.0996818e-02   2.1670765e-01   2.2924294e-01   2.3166950e-01   2.5973783e-01   5.9397427e-02   2.0499444e-01   2.9651345e-01   3.4243990e-01  -1.0659162e-01   1.2869787e-01   1.0545081e-02   2.8138540e-01   7.8262535e-02   9.1882008e-02   8.7126882e-02   1.1289730e-01   7.9668109e-02   4.5377160e-02   7.3330705e-02   3.1360387e-02  -1.1182220e-01  -9.6411346e-02   1.3267793e-01   7.5921460e-02   7.5495493e-02  -4.2294429e-02   2.2748431e-01   2.7382173e-02   8.8992641e-02   0.0000000e+00   3.4936601e-02   0.0000000e+00   1.0968118e-01   1.6998801e-01   9.9539332e-02
   2.0407308e-02   0.0000000e+00   0.0000000e+00   3.3215568e-02   1.1180257e-01   8.9080670e-02   8.6474777e-02   0.0000000e+00   1.3562505e-01   8.7668998e-02   9.5272213e-02  -3.1212456e-03   1.3854169e-01   1.2536042e-01   1.8110258e-01   8.9918331e-02   6.6716391e-02   5.4521600e-02   1.3550128e-01   1.5114015e-01  -1.3816797e-02   6.3461491e-02   8.5610997e-02   3.6641164e-02   3.3367606e-02   6.5641374e-02   3.6372924e-02   1.4684023e-01   1.5982411e-01   1.2933693e-01   1.2106953e-01   9.8974184e-02   2.4275405e-01   1.8758398e-01   2.0509037e-01   1.3036673e-01   1.6229859e-01   5.3558369e-02   7.9088687e-02   1.3036175e-01   3.7421403e-02   9.8110301e-02   1.3670066e-01  -4.5865188e-02   1.0650448e-01   2.0272004e-01   1.0027058e-01   2.9705802e-01   1.1789990e-01   1.1873052e-01  -4.5546789e-02   1.0366122e-01   1.9999891e-02   1.6763177e-01   1.4765739e-01   1.6729345e-01   8.2909196e-02   2.1979363e-01   9.8054807e-02  -1.0581994e-01  -1.4524234e-01  -1.7062257e-01  -9.9973983e-02   3.9237960e-02   1.4346395e-01  -1.0117190e-02   2.0945830e-01   1.2642206e-01   1.2149645e-01   9.6842622e-02   7.3573460e-02   5.7871890e-02  -7.8466731e-02  -2.0349090e-02   0.0000000e+00   8.1798716e-02   1.4403887e-01   1.2681440e-01   1.2208556e-01  -1.0978341e-02  -8.6581851e-02   1.4004211e-01   4.0727610e-02   4.5403480e-02   4.9309612e-02   1.6434991e-01   1.5641544e-01  -3.9263456e-02   1.7652282e-01   9.5704240e-02   2.3577961e-02   5.5272274e-02   5.5163700e-02   6.6327927e-02   7.7948464e-02   1.1615249e-02   1.6785418e-01  -1.5781496e-01   2.7352988e-02   8.8660158e-02   1.1610966e-01   4.4337491e-02  -5.0384765e-02  -1.8592757e-01   4.2263227e-02   2.1116002e-01   1.5567876e-01   4.8048816e-02   7.5093614e-02   1.6284476e-01   1.4497598e-01   1.6755064e-01   0.0000000e+00   1.2401902e-01   0.0000000e+00   5.9868713e-01   2.0827951e-01   8.6121154e-03
   6.3117348e-02   0.0000000e+00   0.0000000e+00   1.2990968e-01  -2.2772920e-02   8.3259205e-02   1.2414138e-01   1.3562505e-01   0.0000000e+00   2.2215695e-02   3.5004947e-02  -1.7041975e-01  -3.3051487e-02   6.1001282e-02   8.7920775e-03   2.5823803e-02  -1.0724997e-01  -4.9537561e-02  -1.1129815e-01  -1.3050960e-01  -1.7496477e-01  -4.0430519e-02  -1.2652599e-02  -4.6488684e-02  -9.1378534e-02  -1.1348858e-01  -1.0985137e-01  -1.6899670e-01  -2.1594726e-02  -6.1971673e-02  -1.5986780e-01  -1.2357648e-02  -1.9902359e-02   2.9413337e-02   9.2345927e-02  -8.4504441e-03   2.6544609e-03   3.7075761e-02  -2.3011076e-02   3.2753719e-02   1.8929277e-01  -2.9633161e-02  -4.7626303e-03   7.4223602e-02  -1.6327043e-01   5.9040594e-02  -4.6699122e-02   1.0034003e-01  -3.1909426e-02  -7.7720587e-03   5.7694717e-03  -1.7498842e-01  -6.4727002e-02  -3.1816474e-03  -4.3353672e-02  -6.2056685e-02  -7.1474319e-02   1.2815463e-01  -1.6679598e-01  -1.4292882e-01  -1.2846334e-01  -1.1761959e-01  -7.8619342e-02   1.2458827e-01   6.1974589e-02  -2.7817588e-02   6.7016850e-02  -2.8535648e-02  -1.0426255e-01  -1.5256274e-02  -1.0498550e-01   1.2219959e-03   9.4351465e-02  -3.9620196e-02   0.0000000e+00   3.9999499e-02   3.4901100e-02   2.4029771e-02   9.8759337e-03  -4.8140331e-02  -1.1033658e-01  -1.7335392e-02  -9.7505351e-02  -4.3482562e-02  -6.1739333e-02  -3.9655414e-02   6.3172627e-02  -6.1724898e-02   6.0969186e-02  -2.8321912e-02   5.4069986e-03  -2.3512032e-03   1.4996172e-01   7.2084169e-03   6.5322827e-02   8.7375191e-02  -1.5688446e-02   1.4338920e-01   1.1684351e-01   8.5615129e-02   2.6408944e-02   1.5353513e-01   2.0068659e-02  -1.1259257e-01   4.1297811e-02   1.3037796e-01   9.4346461e-02  -2.6190896e-02   1.6336556e-02   1.6367899e-01   1.3436130e-01   4.8553577e-02   0.0000000e+00  -3.4217689e-02   0.0000000e+00   1.4544984e-01   7.7867643e-02  -2.1257506e-02
  -8.7932191e-02   0.0000000e+00   0.0000000e+00   8.3991811e-02   5.4764703e-02   3.0069760e-02  -1.5625273e-02   8.7668998e-02   2.2215695e-02   0.0000000e+00   1.6776925e-04   1.0993226e-01   1.9590825e-01   1.2931741e-01   1.2935618e-01   2.0322113e-01   1.0351967e-02  -9.0681063e-03   8.6164081e-02   1.5821554e-01   5.2444939e-02   1.5013631e-01   6.2743088e-02  -3.5177115e-02   1.8221441e-01   9.3971016e-02   7.6138674e-02   9.8380803e-02   5.9643317e-02   5.2607406e-02   1.2220328e-01   8.1674328e-02   1.0409116e-01   1.2836111e-01   1.0311141e-01   1.0296294e-01   1.7763313e-01  -4.1403087e-02   1.1168482e-02   7.1584037e-02   4.6797762e-03   9.9258896e-02   1.3622957e-01   1.0051010e-02   6.6338349e-03   9.9661217e-02   1.4928705e-01   1.5770760e-01   1.7067883e-01   8.8854122e-03   1.8536404e-01   9.8098444e-02   1.2113966e-01   2.0221520e-01   1.5124784e-01   1.1796302e-01   1.3690382e-01   8.1067928e-02   7.8727806e-02   3.2998251e-02   4.9021039e-02   5.6993542e-02  -4.4406422e-02  -1.2158051e-01   1.7629414e-01  -5.6009452e-02  -6.1642750e-03   8.6502947e-02   9.9913644e-02   1.6357441e-01   8.4898569e-02   1.0727796e-01  -8.2491917e-02  -1.4134488e-01   0.0000000e+00   9.9488640e-03  -3.5234678e-02  -6.2479309e-02   8.5417813e-02   8.2376048e-02   1.0029575e-02   1.1175542e-01  -3.5254564e-03   1.2950703e-01  -7.1369721e-02   2.0590045e-02   2.1197076e-02  -2.6365264e-02   1.9895078e-02   2.5544641e-02   8.4242675e-02   1.1373287e-01  -4.9500455e-02   1.9380537e-01   6.1965220e-02   5.9426014e-02   7.8710218e-02  -1.9596825e-03   7.1854551e-02   6.9144571e-02   2.1645047e-02  -3.8548094e-02  -5.3871269e-03  -3.8498043e-02   1.5052164e-01   1.5357432e-01   1.6326829e-01   1.6011665e-01   1.9587727e-01   5.7556411e-02   9.4064806e-02   1.0842067e-01   0.0000000e+00   1.3354460e-01   0.0000000e+00   8.8284532e-02   5.5589154e-02   5.4701597e-02
   1.6170145e-01   0.0000000e+00   0.0000000e+00   4.8101293e-02   1.1333520e-01   3.5061176e-02   1.6390743e-01   9.5272213e-02   3.5004947e-02   1.6776925e-04   0.0000000e+00   1.0630052e-01   1.2752914e-01  -3.8709351e-02   2.7465889e-01   2.5141386e-01   1.1096319e-01   9.0350444e-02   1.9312051e-01   1.3678776e-01   5.1448934e-03  -2.1157610e-02   6.7188875e-04  -4.3988021e-02   4.7665987e-02   1.2532312e-01   1.3961038e-01   9.7493746e-02   1.6582165e-01   1.0253245e-01   1.2657332e-01   1.4916538e-01   3.1181624e-01   2.4273586e-01   2.2294409e-01   3.3445917e-01   2.9128953e-01   1.9965869e-01   2.3430261e-01   2.4984644e-01   2.5933822e-01   1.9065401e-01   1.1277016e-01   1.6123541e-01   1.1035331e-01   2.6856896e-01   1.2387380e-01   2.9150420e-01   1.6223769e-01   7.3061503e-02   1.8340303e-01   1.7696562e-01   2.2870787e-01   1.3493448e-01   2.8456864e-01   2.1928541e-01   2.0383301e-01   1.1368669e-01   2.0945300e-01  -2.0264756e-02  -1.1990825e-01  -7.5891691e-02  -2.7310661e-02   2.9760341e-01   4.2833879e-02   4.6192326e-01   8.7282889e-02   1.5382948e-01  -5.0446295e-03   1.4164227e-01   1.0166875e-01  -2.0299961e-01   3.3017970e-01   4.1186351e-01   0.0000000e+00   3.1674537e-03  -5.2340937e-02   3.9952634e-02   1.0638700e-01  -5.6086290e-02   1.2540169e-01   1.6548762e-01  -7.2615709e-02  -8.9717797e-02   9.0140835e-02   9.5294717e-02   1.2958703e-01  -1.2232883e-01   2.0737371e-01   5.5937343e-03  -2.7381476e-03   1.9678600e-01   1.3020252e-01   1.9237913e-01   5.9315936e-02   9.5425095e-02   1.6263869e-01   1.0600402e-01   3.1312178e-02   1.3660935e-01   2.4331953e-01   3.3178213e-01  -4.5025802e-02  -4.9538217e-02   1.6862086e-01   1.7864109e-01   6.7175963e-02   9.6057595e-02   1.6872593e-01   2.1138006e-01   1.8006439e-01   8.8295168e-02   0.0000000e+00   1.4531221e-01   0.0000000e+00   1.0742338e-01  -1.0702346e-01  -1.0473226e-01
  -1.8831134e-01   0.0000000e+00   0.0000000e+00   9.6812881e-03   1.1574759e-01   2.2566283e-02  -1.1361713e-01  -3.1212456e-03  -1.7041975e-01   1.0993226e-01   1.0630052e-01   0.0000000e+00   9.7714810e-02   2.7085858e-02   8.3758434e-02   1.3047446e-02   4.0690869e-03   1.0170481e-02   3.2288502e-02  -4.4149715e-04   3.8836513e-02  -1.9335635e-02  -4.4497816e-02  -1.5883328e-02  -6.0054061e-02  -4.5639718e-02   9.6900185e-02   7.0854818e-02  -3.0329903e-02  -3.9172978e-02   1.2171945e-01   3.1216713e-02  -3.1660338e-02  -1.3568933e-01  -3.2805576e-02   9.9181983e-02   9.0112214e-02  -2.9391993e-05   2.2217842e-02   1.2116109e-02  -1.7940154e-02   1.0185717e-01   3.3461715e-02  -1.3017038e-01   2.4436079e-02  -6.6252729e-02   1.4039373e-01   4.4018262e-02   9.9339976e-02   3.1473896e-02   8.9081683e-02   9.3011008e-02   1.4406948e-01   1.0539896e-01   7.2724226e-02   4.4845870e-02   1.4530907e-01   7.6863486e-02   1.3801460e-01   6.7804626e-03   7.9010521e-02   1.0128468e-01   3.0705885e-02  -1.3916714e-01  -4.0025739e-02   1.7783488e-01  -1.7779766e-02   2.8298169e-02   3.4747670e-02   1.1327239e-01   3.3948523e-02  -6.1914552e-02  -2.5354674e-01   1.5578417e-01   0.0000000e+00  -1.9948709e-02   2.3544978e-02  -1.9650706e-02   1.0677886e-01   4.5467054e-02   1.3567995e-01  -1.2132871e-02   4.4892843e-02   4.7116201e-02   3.5679090e-02   5.2257393e-02  -1.2060701e-02   5.8675353e-02   6.2783266e-02  -1.8772441e-02  -6.4501608e-02   1.4969438e-01  -1.2603937e-02   1.2292068e-02  -5.6046060e-02  -1.0804642e-02   4.1879598e-03   4.6225344e-03  -5.0909917e-02   6.0582529e-02   2.1420060e-02  -5.6226050e-03   9.3732190e-02   5.9286626e-02   1.3017044e-01   1.2042486e-01   8.5026086e-03   1.4587770e-01   9.0323815e-02  -7.3068212e-02   1.1793335e-02   3.7062935e-02   0.0000000e+00   1.7635242e-01   0.0000000e+00   1.4644292e-02  -1.5681516e-02   4.0204917e-02
  -4.4423619e-02   0.0000000e+00   0.0000000e+00  -2.1042495e-02   2.9854564e-02   6.9347173e-03  -6.2195192e-03   1.3854169e-01  -3.3051487e-02   1.9590825e-01   1.2752914e-01   9.7714810e-02   0.0000000e+00   4.8008434e-01   1.3713054e-01   1.8701742e-01   1.8009727e-02  -2.0964237e-02   1.1844759e-01   3.6205318e-01   1.8718245e-01   1.4674518e-01   1.6514799e-01   3.0149637e-03   2.5702156e-01   2.4441475e-01   1.6562190e-01   1.7136998e-01   1.9827674e-01   1.1989021e-01   2.1999280e-01   1.8423854e-01   1.8155608e-01   1.9672966e-01   2.0865614e-01   2.7825928e-01   1.4894780e-01   1.7088663e-01   1.6525000e-01   1.3620366e-01   9.4674101e-02   2.2852082e-01   8.9077357e-02  -3.7987425e-02  -9.1067213e-02   1.5356870e-01   1.3705270e-01   2.8744545e-01   3.0959914e-01   1.1705308e-02   2.8967463e-01   1.3020897e-01   1.3627715e-01   2.1866797e-01   1.9553182e-01   2.6730810e-01   3.4022869e-01   1.2328464e-01   3.3768921e-02   1.1705683e-01   9.6816417e-02   8.9213920e-02   1.1290712e-01   9.6769525e-02  -5.8463870e-02   1.6990555e-01   1.1964527e-02   3.2293254e-02   3.3750181e-02   3.3320666e-01   7.6539058e-02  -1.6738616e-02   2.2095888e-02   4.1422190e-02   0.0000000e+00  -1.2206278e-01  -1.6524576e-01  -2.8963398e-02   6.7041444e-02   3.9617217e-02   1.2046622e-01   9.4456583e-02   9.4943381e-02   1.0293964e-01   1.0021637e-02  -9.1270663e-03   6.7476572e-02   3.9905059e-03   1.4829467e-01  -1.2557135e-01  -7.5908449e-02   2.1523182e-01  -1.9782810e-02   1.3690713e-01   1.2873144e-01  -8.9143904e-02  -2.8143749e-02   5.0301862e-02  -9.1852507e-02   1.0101325e-02  -6.9899947e-03   9.6952253e-02  -1.2397866e-01  -6.1737739e-03   2.1229495e-01   2.9829906e-01   6.6561393e-02   1.1901567e-01   1.6279472e-01   2.6320306e-02   1.5556533e-01   1.2665621e-01   0.0000000e+00   1.1498469e-01   0.0000000e+00   1.0309282e-01  -7.9006512e-03   2.3941845e-02
   8.4946895e-03   0.0000000e+00   0.0000000e+00  -4.3545794e-02   7.5209583e-02   7.7412651e-02   1.6119259e-02   1.2536042e-01   6.1001282e-02   1.2931741e-01  -3.8709351e-02   2.7085858e-02   4.8008434e-01   0.0000000e+00   9.9950206e-02   4.8093096e-02  -2.0610966e-04  -1.0078535e-01   1.1068209e-01   1.7679268e-02   1.8311215e-01   1.6013024e-01   7.4176956e-02  -8.1447419e-02   2.4009194e-01   7.6041823e-02   1.6663009e-01   3.6953808e-02  -4.3558204e-02  -7.9313233e-02   3.0919634e-02   1.2408219e-01   2.4539163e-02  -8.7952240e-04   9.5838221e-02   1.4271555e-01   1.8992209e-02   1.5882956e-01   1.4604468e-01   6.0141673e-02   1.0460853e-01   1.7658807e-01  -4.8222505e-02  -1.8873093e-03  -1.2924222e-01  -1.1760805e-02   1.3744170e-01   1.4815401e-01   3.8487737e-02  -1.0192018e-02   9.5712410e-02   4.8044080e-02   8.8733787e-02   1.6208706e-01  -2.3734264e-02   1.7067078e-02   3.1542179e-01   1.1776181e-01   4.8812599e-02  -3.5847457e-02   5.1139480e-02   1.0397373e-01   7.6261164e-02  -4.2996872e-02  -7.5225023e-02  -8.9594586e-03  -1.1296060e-01   1.0534294e-02  -5.5258493e-02   1.5889747e-01   1.5489039e-02   1.4902728e-01  -4.3880483e-02  -5.0325147e-02   0.0000000e+00  -1.2809753e-01  -1.2469657e-01   8.5508098e-02   6.1209248e-02  -4.2573647e-03   5.7076740e-02   1.8668929e-01   1.1240530e-01  -2.9637116e-02   5.7498027e-03   4.3771836e-02  -5.4106399e-02   3.6743222e-02   1.6534680e-01  -4.9975322e-02  -8.8413837e-02   1.7571349e-01   5.5439684e-03   1.3873431e-01   6.2239308e-02  -1.0560669e-01  -3.7638434e-02   6.9379193e-02   1.3317659e-02   1.3700850e-02   6.4570723e-02   3.0834895e-02  -1.0079983e-01  -5.4106922e-02   3.9559553e-01   2.3222273e-01   1.6903879e-01   5.0611144e-02   1.7017295e-01   9.6291460e-03  -3.3103466e-02   1.4242119e-01   0.0000000e+00   1.0784328e-01   0.0000000e+00   1.3594073e-01   6.2500410e-02   2.8469233e-03
   1.0003777e-01   0.0000000e+00   0.0000000e+00   9.5175136e-02   1.4995204e-01   5.3011082e-02   2.2871492e-02   1.8110258e-01   8.7920775e-03   1.2935618e-01   2.7465889e-01   8.3758434e-02   1.3713054e-01   9.9950206e-02   0.0000000e+00   3.8019628e-01   1.7640364e-01   1.1491007e-01   2.0938972e-01   2.5756103e-01   1.5493319e-01   6.3825341e-02   1.0165240e-01   2.5795502e-02   9.1085663e-02   1.2385140e-01   1.2058201e-01   1.7834177e-01   4.1143466e-01   3.5916875e-01   2.4750870e-01   2.1727628e-01   2.5540414e-01   3.2863484e-01   3.4792172e-01   3.4435535e-01   3.2743758e-01   2.6750123e-01   1.9274765e-01   3.1710343e-01   1.6676194e-01   2.9237582e-01   1.2714857e-01   1.8356561e-01   1.0684660e-01   3.2505450e-01   2.2909546e-01   4.4377245e-01   1.8118623e-01  -2.2807462e-02   9.2421353e-02   2.7918234e-01   9.0917784e-02   2.1557978e-01   2.9768060e-01   4.2853419e-01   2.1166037e-01   8.9355380e-02   1.7415026e-01  -1.8903877e-02  -6.3611024e-02  -1.2532972e-02  -9.1680666e-03   9.7502675e-02   1.3145256e-01   2.1880126e-03   1.2722076e-01  -2.8509789e-02  -2.7837775e-02   1.2617793e-01   5.8901895e-03   1.0754835e-02  -3.9778287e-02  -1.0963707e-01   0.0000000e+00  -6.6198899e-02  -1.2572791e-01   1.4086773e-01   7.5376483e-02  -6.3594812e-02   2.9469337e-02   1.1906838e-01   1.6591686e-02  -2.1102858e-02   1.0402171e-01   8.1001306e-02   1.6800856e-01  -4.8558324e-02   2.0653798e-01  -6.7864300e-02   1.5725436e-02   1.8003874e-01   3.2017779e-02   1.2208199e-01   9.0506730e-02   6.3701641e-02   1.5755562e-01  -2.7932673e-03   1.4437491e-01   1.2431489e-01   1.2745986e-01   1.7860603e-01  -4.0226562e-02  -1.9343793e-02   1.7377883e-01   1.2768599e-01   4.3861128e-02   5.9620166e-02   4.7626455e-02   1.7973873e-01   4.4274607e-01   2.2588054e-01   0.0000000e+00   2.3405635e-01   0.0000000e+00   7.9284326e-02  -8.5657758e-02  -1.2394772e-01
   7.9355608e-02   0.0000000e+00   0.0000000e+00   1.3398442e-01   1.1175075e-01   1.2449515e-02   1.2731700e-01   8.9918331e-02   2.5823803e-02   2.0322113e-01   2.5141386e-01   1.3047446e-02   1.8701742e-01   4.8093096e-02   3.8019628e-01   0.0000000e+00   5.8949888e-02   5.0752432e-02   4.4653529e-02   1.8615667e-01   3.9706462e-02   4.0654571e-02   1.4809713e-02  -9.7618350e-03   1.4370319e-01   7.3552205e-02   1.7672455e-01   2.2666160e-01   1.7316050e-01   1.5138581e-01   1.3937018e-01   3.1918448e-01   2.4921959e-01   1.6450226e-01   2.6736379e-01   4.1949331e-01   3.5189440e-01   2.9715010e-01   3.3083824e-01   2.6937943e-01   2.7120629e-01   2.9175152e-01   8.4171252e-02   1.5116419e-01   1.0709227e-01   3.1296816e-01   2.7918063e-01   3.6155713e-01   1.7598745e-01   1.9863064e-02   1.4585439e-01   3.0094966e-01   2.7433072e-01   2.9959218e-01   5.5043849e-01   3.5550124e-01   2.4636178e-01   5.3923240e-02  -5.5955280e-02   1.0252496e-02  -7.1412721e-02   2.4657515e-03  -4.0455275e-02   1.3113314e-01   1.1011702e-01   2.1074549e-01   3.5349998e-02   4.3624288e-02  -4.3403657e-02   4.1713592e-02  -7.7545971e-02  -2.8598824e-02   7.3695098e-02  -6.1405197e-02   0.0000000e+00  -1.8032714e-01  -1.9301227e-01   1.0679711e-01   1.1509939e-01  -1.6587318e-01   1.2722901e-01   1.4219730e-01  -6.9766489e-02  -1.5604227e-01   5.2145208e-02   9.9589534e-02  -1.5186350e-02  -4.2430640e-02   1.8317890e-01  -1.5159456e-01  -2.7344679e-02   2.5011646e-01   4.7811957e-02   3.1667840e-01   2.4129580e-01   1.6536217e-01   1.9760897e-01   1.2247729e-01   1.3186117e-01   1.5635218e-01   1.1022424e-01   3.1563875e-01  -1.2200976e-01  -4.7881648e-02   1.8635363e-01   1.5634402e-01   6.3659478e-02   1.4088010e-01   2.1229902e-01   1.6089406e-01   2.1898896e-01   1.4763238e-01   0.0000000e+00   2.4191779e-01   0.0000000e+00   9.1317948e-02  -1.7998864e-01  -1.6363756e-01
   8.5284244e-02   0.0000000e+00   0.0000000e+00   6.9275129e-02   2.8912225e-01   1.7403968e-01   1.6543918e-01   6.6716391e-02  -1.0724997e-01   1.0351967e-02   1.1096319e-01   4.0690869e-03   1.8009727e-02  -2.0610966e-04   1.7640364e-01   5.8949888e-02   0.0000000e+00   4.6740727e-01   7.7675747e-02   4.3883826e-01   2.4785559e-01   7.0027975e-02   8.8138383e-02   6.3236799e-02   9.5281700e-02   1.3292033e-01   2.4923173e-01   2.3139736e-01   3.0426424e-01   3.6789542e-01   3.4026548e-01   1.4642714e-01   3.0473721e-01   3.4377130e-01   2.2282990e-01   2.0272667e-01   1.9824673e-01   2.7255546e-01   9.9712978e-02   3.0378262e-01   1.0500751e-01   1.8063954e-01   1.3875753e-01   1.6971618e-01   2.8793697e-01   1.5926463e-01   2.3344213e-01   2.5804935e-01  -2.6660385e-03   1.2933540e-01   1.3430093e-01   1.1673611e-01  -1.7487054e-03   6.2725465e-02   1.2736347e-01   1.7732555e-01   1.1872068e-01   1.0025032e-02   1.2960441e-01   1.0672428e-01  -5.1028859e-02   1.0601141e-02  -1.4965773e-01   1.6694379e-01  -6.4036953e-02   5.3901011e-02  -5.9720170e-02  -2.0813195e-02  -1.2490527e-01   1.0517971e-01   1.1354809e-01  -5.2165949e-02   7.2885959e-03  -3.1194102e-02   0.0000000e+00  -8.9356973e-02  -1.1137381e-01   1.3600322e-01   1.2032490e-01  -8.7529745e-02   1.2073121e-01   1.5299434e-01   3.8658267e-02   1.6076051e-01   2.3180858e-01   1.9076644e-01   1.9282867e-01   1.7908620e-02   1.7407974e-01  -9.5749145e-02   1.0636365e-01   1.1905935e-01   8.6974929e-03   4.0067626e-02   1.2430409e-01  -2.1883437e-02   7.8421175e-02   2.6990230e-02   1.0736808e-01   7.4447164e-02   8.2502159e-02   1.1996665e-01   1.2380781e-01   4.2444646e-02  -2.4458231e-03  -1.0887903e-01  -2.3752703e-02  -9.1348633e-02  -7.1069520e-02   1.6852809e-01   1.7621905e-01   2.8097427e-03   0.0000000e+00   1.0103373e-01   0.0000000e+00  -1.4727045e-02  -1.8850596e-01  -1.6532428e-01
  -5.6370682e-02   0.0000000e+00   0.0000000e+00   1.3856117e-01   2.4629751e-01   1.6147751e-01   2.6196574e-01   5.4521600e-02  -4.9537561e-02  -9.0681063e-03   9.0350444e-02   1.0170481e-02  -2.0964237e-02  -1.0078535e-01   1.1491007e-01   5.0752432e-02   4.6740727e-01   0.0000000e+00   5.1323881e-02   5.2028781e-01   1.6739542e-01   3.4517095e-03   1.3566859e-01   9.7136143e-02   4.5725351e-02  -2.6040568e-03   1.2018702e-01   1.7766273e-01   3.5411029e-01   4.9607783e-01   3.0193622e-01  -3.9240162e-02   1.5406720e-01   2.5227237e-01   6.8008039e-02  -4.0907468e-02   5.6341555e-03   7.1672632e-03  -5.4532339e-02   3.2374668e-01   2.0706734e-02   4.0115067e-02   4.2518582e-01   1.2864417e-01   1.7207260e-01   1.8103004e-01   5.3294457e-02   1.8411053e-01   1.6246853e-01   4.0885027e-01  -3.0604659e-02  -3.6154251e-02   5.4320414e-02  -4.0021706e-02   1.7985430e-01   2.8922364e-01  -4.0170275e-02  -2.8542867e-02   8.9829238e-02   1.2106558e-01  -1.1880125e-01  -9.4300346e-02  -3.5753435e-01   1.6006326e-01   7.8506921e-02  -3.3953272e-02   1.2542222e-01   1.7446124e-01   2.8084312e-01   5.9181276e-02   2.9027801e-01  -4.5709565e-02  -6.4026986e-02   2.0451406e-02   0.0000000e+00   2.7606773e-01   3.3228735e-01   6.7505514e-02   1.0166244e-01   6.1133918e-02   2.4790187e-02  -5.6479502e-02   2.0112020e-01   4.3738321e-01   2.6733653e-01   3.0776593e-01   4.9011152e-01   1.2699937e-01   9.6614832e-02   2.9743820e-01   3.8467943e-01  -9.9113691e-02  -2.7397695e-02  -9.8012608e-02   6.5535451e-02   1.2330860e-01   1.1961081e-01   3.1797735e-02   1.9250865e-01   1.1181560e-01   1.5807773e-02  -3.6802491e-02   2.2872104e-01  -3.4095982e-02  -1.9434669e-01  -7.1707203e-02  -3.0425405e-02  -6.1329216e-02  -1.6909357e-01   5.6873333e-02   1.4979533e-01   1.4534206e-01   0.0000000e+00   1.3429517e-01   0.0000000e+00   1.0509043e-02  -4.9631635e-03   1.1071970e-01
   2.8467840e-01   0.0000000e+00   0.0000000e+00  -2.4217127e-01   1.8415043e-01   1.4352865e-01   2.5216480e-02   1.3550128e-01  -1.1129815e-01   8.6164081e-02   1.9312051e-01   3.2288502e-02   1.1844759e-01   1.1068209e-01   2.0938972e-01   4.4653529e-02   7.7675747e-02   5.1323881e-02   0.0000000e+00   3.8448772e-02  -3.2540419e-02  -1.4930988e-02   4.4526307e-02  -1.2517378e-01   4.2092048e-02   5.4744910e-03   7.4027636e-02  -1.3909434e-01  -5.2234519e-02  -7.4075230e-02  -1.0471062e-01   1.8111890e-01   1.6454449e-01   9.8710142e-02   1.9111669e-01   1.8247007e-01   1.9816451e-01   1.9159438e-01   1.3779800e-01   2.4755046e-02   5.2858788e-04   9.1717770e-02   1.4153325e-01   9.0594595e-02   1.6278715e-02   1.2802119e-02   1.9491688e-01   1.6441722e-01  -9.3383284e-03  -1.9266508e-02  -4.1940819e-02   3.5358089e-01   1.2352518e-01   2.6786992e-01  -2.2937177e-02   5.1692172e-02   1.4491953e-01   4.7004968e-02   8.0581392e-01   2.4437779e-02   6.7008981e-02   7.4251183e-02   7.2581755e-02   5.1604162e-02   8.1735622e-03   1.2855827e-02   6.5271840e-02   6.7455849e-03   4.7409180e-02   9.0822341e-02   8.3777739e-02  -6.6223627e-02   2.1320392e-01   1.9542103e-02   0.0000000e+00   2.7379190e-02   1.8503608e-02   1.0519002e-01   1.1874534e-01  -3.1549148e-02   8.9108085e-02   1.7910554e-01   4.2549076e-02   3.8428806e-02   1.4371913e-01   1.8155287e-01   1.1295299e-01   4.7612255e-02   1.3824723e-01   2.9474598e-02   1.7001184e-03   1.9145695e-01  -1.0331251e-01   1.6530573e-01   1.3387874e-01  -4.0630754e-02   3.9040453e-02   1.8710530e-02   2.0046477e-01   2.3272757e-02   1.3336438e-01   2.6987930e-02   3.4686910e-02   9.9644636e-02   1.6904001e-01   2.2332291e-01   9.3366662e-02   5.9497553e-02   1.5573129e-01   3.3495026e-01   6.2032467e-02   1.6391675e-01   0.0000000e+00   2.7210157e-01   0.0000000e+00  -3.8217048e-02   2.8170213e-03  -6.5997417e-02
  -8.3801793e-02   0.0000000e+00   0.0000000e+00   1.5258898e-01   2.3216245e-01   4.9363581e-02   1.5032392e-01   1.5114015e-01  -1.3050960e-01   1.5821554e-01   1.3678776e-01  -4.4149715e-04   3.6205318e-01   1.7679268e-02   2.5756103e-01   1.8615667e-01   4.3883826e-01   5.2028781e-01   3.8448772e-02   0.0000000e+00   5.2740102e-01   2.3353995e-01   3.8151715e-01   1.5177370e-01   3.5807732e-01   2.9759252e-01   3.0877520e-01   3.4706552e-01   5.5001078e-01   5.9669321e-01   4.9781075e-01   1.2068428e-01   3.8173125e-01   4.5234491e-01   3.0320916e-01   2.1604277e-01   1.5554272e-01   1.6654797e-01   9.0019542e-02   4.3035577e-01   9.7801076e-02   2.1492580e-01   3.2491265e-01   9.1826190e-02   6.6951774e-02   2.7600254e-01   1.5410240e-01   4.2858658e-01   3.2797861e-01   2.8186843e-01   1.2816577e-01   7.8040954e-02   6.2926135e-02   1.2302875e-01   2.6229564e-01   4.4878606e-01   2.2940939e-01  -9.2855708e-03   4.0396189e-02   1.9662655e-01   3.9623992e-02  -2.1934592e-02  -1.6664112e-01   1.2879046e-01   4.6874082e-03   9.2804741e-02   1.0770326e-02   2.3234193e-02   6.9138139e-02   2.6464879e-01   1.5903085e-01  -8.4193743e-03  -6.4812700e-02  -5.7898663e-02   0.0000000e+00  -2.7828275e-02  -5.5600607e-02  -1.6904707e-02   8.8910841e-02  -7.2063853e-03   1.0447364e-01   7.6643421e-02   1.6429056e-01   3.6194415e-01   1.7162697e-01   1.1196100e-01   3.3777568e-01   4.0446515e-02   1.5150659e-01  -3.8001455e-02   1.4898443e-01   6.5901512e-02  -5.6951375e-02   1.0858857e-02   1.2385868e-01  -4.2306825e-02   1.8256812e-02  -9.7266887e-03   1.4565458e-02   6.1811946e-02  -2.9132551e-02   4.8472468e-02  -2.3089659e-02  -1.7472447e-02  -3.9282090e-02  -1.3634839e-02  -4.1056822e-02   3.9268933e-02  -2.2450634e-02   5.3203532e-02   2.8528896e-01   1.2078898e-01   0.0000000e+00   1.0814602e-01   0.0000000e+00   1.1094748e-02  -1.4453743e-01   7.3851316e-02
  -1.2377312e-01   0.0000000e+00   0.0000000e+00   6.0573489e-02   7.7024511e-02  -6.1100197e-02   4.1636264e-02  -1.3816797e-02  -1.7496477e-01   5.2444939e-02   5.1448934e-03   3.8836513e-02   1.8718245e-01   1.8311215e-01   1.5493319e-01   3.9706462e-02   2.4785559e-01   1.6739542e-01  -3.2540419e-02   5.2740102e-01   0.0000000e+00   3.0340335e-01   2.3626148e-01   6.8177290e-02   4.0034102e-01   1.7623447e-01   1.5617719e-01   1.9094258e-01   3.2775254e-01   3.6631676e-01   3.7124737e-01   3.5815161e-02   1.5276310e-01   3.2109599e-01   1.6944942e-01   1.2215277e-01   2.7859497e-02   1.3438872e-01   2.5325441e-02   2.8307310e-01   5.0548148e-02   1.2152138e-01   5.4731287e-02  -2.6633971e-02   9.1633136e-02   8.8637061e-02   5.5770645e-02   2.1921699e-01   1.1897901e-01   7.4990486e-02   3.3999972e-02   4.7058160e-04  -1.3014788e-02  -1.8137147e-02   7.9654757e-02   1.7428667e-01   1.9603413e-01  -5.9426132e-02  -4.0436365e-02   1.9401133e-01   9.0470296e-02   3.2008848e-02  -4.6191128e-02   1.0952641e-01  -9.7196653e-03   9.2534630e-02  -3.8952723e-02  -3.7902099e-02  -1.7632936e-02   1.0397102e-02   5.4301854e-02  -1.5641270e-02   2.1181020e-03   6.7162259e-02   0.0000000e+00  -4.3155470e-02  -1.4784115e-01  -1.2258577e-01  -8.2600903e-02  -4.5120717e-02   2.7773498e-02  -6.5256240e-02   4.3339035e-02   8.9336502e-02   2.6448839e-02  -4.2338937e-03   1.3363683e-01  -1.6613141e-02  -7.5814989e-02  -4.1532073e-02   3.6035469e-02  -5.2612835e-02  -1.0630393e-02  -4.0313208e-02  -4.5169343e-02  -9.8799169e-02  -3.4380164e-02  -5.2596556e-03  -8.3805827e-02   2.0246393e-02  -7.8783766e-02   1.6273036e-02  -6.8554450e-02   8.6389436e-02   6.0983975e-02  -1.0806315e-01  -8.7669771e-02  -1.5770003e-02  -7.5910416e-02  -3.4701144e-02   1.1568004e-01  -5.4188342e-02   0.0000000e+00  -5.0647207e-02   0.0000000e+00  -2.0695059e-02  -1.4599649e-01   2.0959424e-02
