   0.0000000e+00   0.0000000e+00   9.8173191e-02   4.6454059e-02  -7.3057131e-02   5.7408005e-02   1.6068184e-01   2.8495759e-02   1.3701188e-01   5.7423963e-02   1.5672118e-01  -2.4182517e-01  -6.4687224e-02   7.8788358e-03   4.8628451e-02  -6.4685839e-02  -6.6926490e-02  -1.2901316e-01   4.9504441e-02   1.6033914e-01  -7.3770852e-02  -1.5216547e-01  -2.2972104e-04  -9.2880229e-02  -1.5281757e-01   5.7535687e-02  -7.1233634e-02  -4.8492469e-02  -6.8293712e-03   1.1378676e-01  -5.4613288e-02  -7.0762075e-02   1.8755702e-01   6.1248256e-03  -1.1834241e-01   5.2947298e-02   4.9988368e-02  -3.2829497e-02   4.9203121e-02   1.7118344e-01   9.6953527e-04  -7.7734649e-02   1.5587498e-02  -1.4608901e-01   1.3724622e-02  -6.3339646e-02  -1.5862946e-01  -1.6376783e-01  -6.2138744e-02  -1.3526020e-02   4.5562094e-02   1.3422717e-01  -1.3444159e-01   2.4938051e-02   2.9691757e-02  -9.0339024e-02  -1.9701183e-01  -1.8523601e-01   3.8184681e-02   7.3658547e-02  -2.5255403e-01  -2.6949288e-01  -1.5252137e-01   8.0282425e-02  -8.0402119e-02   2.7545921e-02   1.2833974e-01   1.1211202e-01   3.8984709e-01  -5.8429105e-02   1.6000636e-01   1.1776953e-01   4.2073140e-02  -2.3887752e-02   5.2588494e-01   1.0082481e-01   5.1004634e-01   4.8402671e-02  -1.0898947e-02  -3.0400861e-02  -9.9455252e-02   4.4043677e-02  -1.2346522e-01  -8.6190066e-02  -8.2046390e-02  -5.6469574e-02   2.1166241e-01  -1.3101154e-01   4.0945311e-01   1.5754267e-01   7.0810749e-02   4.3751002e-02  -1.7802547e-02  -8.2789458e-03  -4.4414149e-02  -7.0277550e-02  -8.3263787e-02  -2.2149980e-02  -3.0521110e-02   7.7963174e-02  -1.2056337e-01  -1.2929236e-01   1.9661676e-01  -1.3331484e-01  -1.6028200e-01  -1.6429138e-01  -5.5536024e-02  -1.4368748e-01  -1.1166879e-01   1.4502810e-01   6.7146421e-02   1.2484317e-02   3.5110197e-02  -9.7328196e-02   4.0306893e-02   9.0393780e-02   2.6830144e-01   1.2558573e-01
   0.0000000e+00   0.0000000e+00   0.0000000e+00   0.0000000e+00   0.0000000e+00   0.0000000e+00   0.0000000e+00   0.0000000e+00   0.0000000e+00   0.0000000e+00   0.0000000e+00   0.0000000e+00   0.0000000e+00   0.0000000e+00   0.0000000e+00   0.0000000e+00   0.0000000e+00   0.0000000e+00   0.0000000e+00   0.0000000e+00   0.0000000e+00   0.0000000e+00   0.0000000e+00   0.0000000e+00   0.0000000e+00   0.0000000e+00   0.0000000e+00   0.0000000e+00   0.0000000e+00   0.0000000e+00   0.0000000e+00   0.0000000e+00   0.0000000e+00   0.0000000e+00   0.0000000e+00   0.0000000e+00   0.0000000e+00   0.0000000e+00   0.0000000e+00   0.0000000e+00   0.0000000e+00   0.0000000e+00   0.0000000e+00   0.0000000e+00   0.0000000e+00   0.0000000e+00   0.0000000e+00   0.0000000e+00   0.0000000e+00   0.0000000e+00   0.0000000e+00   0.0000000e+00   0.0000000e+00   0.0000000e+00   0.0000000e+00   0.0000000e+00   0.0000000e+00   0.0000000e+00   0.0000000e+00   0.0000000e+00   0.0000000e+00   0.0000000e+00   0.0000000e+00   0.0000000e+00   0.0000000e+00   0.0000000e+00   0.0000000e+00   0.0000000e+00   0.0000000e+00   0.0000000e+00   0.0000000e+00   0.0000000e+00   0.0000000e+00   0.0000000e+00   0.0000000e+00   0.0000000e+00   0.0000000e+00   0.0000000e+00   0.0000000e+00   0.0000000e+00   0.0000000e+00   0.0000000e+00   0.0000000e+00   0.0000000e+00   0.0000000e+00   0.0000000e+00   0.0000000e+00   0.0000000e+00   0.0000000e+00   0.0000000e+00   0.0000000e+00   0.0000000e+00   0.0000000e+00   0.0000000e+00   0.0000000e+00   0.0000000e+00   0.0000000e+00   0.0000000e+00   0.0000000e+00   0.0000000e+00   0.0000000e+00   0.0000000e+00   0.0000000e+00   0.0000000e+00   0.0000000e+00   0.0000000e+00   0.0000000e+00   0.0000000e+00   0.0000000e+00   0.0000000e+00   0.0000000e+00   0.0000000e+00   0.0000000e+00   0.0000000e+00   0.0000000e+00   0.0000000e+00   0.0000000e+00   0.0000000e+00
   9.8173191e-02   0.0000000e+00   0.0000000e+00   5.7441164e-02  -5.4010864e-02   1.7491012e-01   9.9228666e-02   1.7371148e-01   1.7768371e-01  -2.3579828e-01   2.3752695e-01  -2.6667389e-01  -7.9596137e-02  -6.4604723e-02   9.3437356e-02   6.1429793e-04   2.9149356e-02   3.4008485e-04   7.5427350e-03   4.1711734e-02  -1.0831337e-01   1.2135435e-03  -1.1351244e-01  -8.5833441e-02  -7.7194564e-02  -3.1904390e-02   6.0534895e-02  -1.2530658e-01   1.1475009e-01   3.7731471e-02  -8.9097439e-02  -1.2292754e-01   1.0076748e-01  -3.3103656e-03  -8.1524550e-02   8.1361903e-02   4.7152666e-03  -6.1324897e-02   4.7512075e-02   3.9956277e-02  -1.8690275e-02  -1.6473869e-02  -9.4526111e-02  -8.5163456e-02  -1.2568715e-01  -1.3281391e-01  -1.7599017e-01  -8.7433092e-02  -2.5458051e-02   2.0248178e-01   7.8124927e-02   1.9253358e-01  -4.2333755e-02  -3.8816453e-02   1.3038445e-01   1.8656042e-01  -1.1421394e-01  -7.2078619e-02   3.5025008e-02  -1.1543852e-01  -2.0062152e-01  -1.5758810e-01  -7.4840671e-02   2.4553629e-01   1.3643560e-02   3.0860819e-01   1.4155525e-02  -5.9730784e-02   8.3021528e-02  -1.5105884e-01  -6.0118682e-02  -1.1234245e-01   1.4816708e-01   2.3919396e-01   1.8694086e-01  -2.7469989e-02   7.4747019e-02   1.1142766e-02  -1.7438634e-01  -5.0254464e-02  -1.2917165e-01  -1.2820380e-01  -1.4344085e-01  -1.9128369e-01  -3.3437235e-02  -1.1827917e-01   9.2309407e-02  -1.9769143e-01   1.0018771e-01   2.9969493e-02  -1.1664593e-01  -2.6609275e-02  -8.2219004e-02  -9.9233899e-02  -1.5087112e-01  -1.7176949e-01  -1.9332051e-01  -1.9956951e-01  -2.5860054e-01  -4.0357265e-02   3.3859497e-02  -1.2969916e-01   3.1570638e-02  -1.3935182e-01  -6.1668209e-02  -4.6623259e-02  -8.6609808e-02   1.7510223e-02  -2.8399506e-03   1.6152587e-01   9.4166014e-02   3.3710859e-02   4.4754673e-02   1.4561930e-01  -8.3035708e-02   6.6852091e-02  -2.9588777e-02  -4.1410269e-02
   4.6454059e-02   0.0000000e+00   5.7441164e-02   0.0000000e+00   1.2603283e-01   8.9837597e-02   6.7204057e-02  -1.0182950e-01   1.1894690e-02   4.3438926e-02   2.0149526e-01  -6.2267242e-02   6.0916357e-02   1.5221368e-01   1.1778579e-01  -2.5516807e-03   1.7295508e-01   5.2424546e-02   1.7684082e-01  -1.6929690e-02   1.7403330e-01   6.6132223e-02   1.2026414e-01   9.7808496e-02   1.1423076e-01   6.6741275e-02   2.1190218e-02   1.2984991e-01  -7.0277070e-03   9.2431737e-02  -1.9166833e-02   5.8251983e-02   8.2489528e-02   1.0832323e-01  -7.4922162e-02   1.4341439e-01   9.4574511e-02   1.1005856e-01   8.4724807e-02   1.2449068e-01   5.1120747e-02   3.2091316e-02  -4.0447511e-02   2.3531762e-03   1.3963137e-01   2.7093594e-02   6.6752845e-02   4.0418233e-02   8.7908410e-02   9.1617322e-03   4.6785584e-02   4.8323246e-02   4.0549903e-03   5.3694488e-02   4.8781296e-02  -1.6318634e-02   5.7051062e-03  -7.5250626e-03   2.6466095e-01   1.8480428e-01  -1.4192611e-02  -2.4250301e-02   5.6354373e-03  -7.1073774e-03   1.5718193e-02   3.2749382e-02   3.3151084e-02   1.3023918e-01   1.4457013e-02  -6.4434626e-02   1.0545669e-01  -7.4883811e-02  -1.2504943e-02  -6.5246418e-03   4.7050041e-02  -3.0290114e-03  -1.1893759e-02   1.9143483e-02  -9.7509754e-03  -5.9524744e-02   6.2402955e-02   7.5879385e-02   1.0312543e-02   1.3532536e-02  -7.1645494e-02   7.0876268e-03   3.7649836e-02  -5.8994072e-02   5.4779769e-02   4.0425014e-02   2.0878901e-02  -5.1474422e-02   5.1036926e-02  -1.2441058e-02   3.6975283e-02   3.3521981e-02   8.9420490e-02   1.9253910e-01   5.6549189e-02   7.5131590e-02  -4.0092146e-03   2.4403399e-02   7.0574926e-02   2.5112287e-02  -7.5345435e-03   2.8604153e-03   1.8735614e-02  -2.7630438e-02  -4.3130852e-03  -5.1939119e-03   1.3927357e-02   8.6622339e-02   1.1664389e-01   3.9076219e-02   8.2917647e-03  -9.6924783e-02   8.4281270e-02   3.9699468e-02
  -7.3057131e-02   0.0000000e+00  -5.4010864e-02   1.2603283e-01   0.0000000e+00   3.9920007e-01   2.7867755e-01  -2.1462025e-01  -1.9993659e-01   5.4477735e-02   2.9670351e-02   8.3265364e-02   4.0267267e-01   4.7768941e-01   9.2129089e-02  -1.3813502e-01   5.1290621e-01   4.8750213e-01   9.0149941e-02   3.5408237e-01   2.5216539e-01   1.7267177e-01  -7.1642288e-03   9.3068551e-02   2.5234457e-01   1.0203775e-01   7.0997154e-01   2.6663804e-01   8.2486834e-02   1.2295067e-01   3.0201042e-01   2.2119662e-01   3.0235886e-02   9.8251400e-02   1.8429767e-01   1.2957085e-01   2.4672111e-01   1.0101237e-01   5.9491757e-02   9.0947957e-02   8.5095499e-02   1.0872746e-01   5.0916323e-01   2.5583209e-01   4.0468533e-01   2.1839267e-01   8.6873524e-01   8.8279015e-02   5.2211513e-02   5.1257515e-01   1.8753005e-01   2.9116291e-01   7.1173005e-02   4.4164784e-02  -4.3052985e-02  -4.0244810e-02   5.8206662e-01   2.7327615e-02   1.1632107e-01   2.0664842e-01   1.9722070e-01   2.2469564e-01  -1.4818370e-02   1.7197976e-01  -3.0061229e-02  -1.3432898e-01  -5.6935622e-02   2.8333962e-01   4.2815813e-02   2.2737527e-01   3.3423721e-02   1.0053918e-01   2.2272462e-01   1.1824921e-01  -1.6614906e-01  -8.7995048e-02  -2.0231608e-01   1.4879807e-01   3.9455161e-01  -8.3915755e-02   5.8074317e-01   4.4670000e-01   4.8448987e-01   4.1463726e-01   8.3243760e-02   3.3136801e-01   2.3473574e-01   1.3757774e-01   2.2721217e-02   1.1515040e-01   3.4913066e-01   2.1770790e-01   7.0778009e-03   1.0237314e-01   1.6722469e-01   4.1602699e-02   2.4125495e-01   1.3273836e-01   1.8000231e-01   4.5037403e-02   3.8526436e-01   2.2308177e-01   2.1913089e-01   2.3157112e-01   5.1364869e-02   3.4403071e-03  -4.0121990e-02   1.1249297e-03   7.6063954e-02   1.4479042e-02  -4.7014283e-02  -2.4953225e-02   2.8700639e-02   1.6520419e-01   2.2781874e-01  -1.8487598e-01  -3.2126491e-02  -1.1889332e-01
   5.7408005e-02   0.0000000e+00   1.7491012e-01   8.9837597e-02   3.9920007e-01   0.0000000e+00   2.1621299e-01   3.1133035e-02  -6.3298565e-02  -2.3571200e-03   8.6568367e-02  -8.8734813e-02   7.6924736e-02   2.5614167e-01   1.1939577e-01  -1.4279938e-01   2.3225409e-01   2.5104082e-01  -1.8601421e-02   1.7482721e-01   8.6721717e-02   1.2007058e-01  -1.9286418e-02   9.1693553e-02   4.1033220e-02  -2.3053488e-02   2.8138505e-01  -3.5385869e-03   7.5293355e-02   1.6125516e-01  -4.5176484e-02  -1.3677925e-01   1.5888698e-01   1.4659246e-01  -7.0851814e-02   8.9133176e-02   9.4909690e-02  -1.1430128e-01  -1.1791413e-02   1.0513016e-02  -7.5216343e-02  -8.7803005e-02   1.8963551e-01  -7.9658625e-03   1.6735552e-01  -6.5637483e-02   1.4292405e-01   2.2862814e-02   1.2340367e-01   2.4027998e-01   1.6539480e-01   2.3273844e-01  -3.3756400e-02   1.2121352e-01   5.3512678e-02   7.0911729e-02   1.2049263e-01   1.7594648e-01   4.6481354e-02   1.3729602e-01  -1.0653112e-01  -2.1612412e-02  -1.3339259e-01   1.9412501e-01   2.8122771e-02   1.5047023e-01  -4.3764857e-02   2.3405408e-01   2.5180100e-02  -1.4525341e-01  -4.5389649e-03   5.6339546e-02   1.3650645e-01   3.2683397e-03  -6.1308702e-02   8.7318529e-02  -3.3934306e-02   1.7987835e-02  -2.5513836e-03  -6.2144702e-02   1.4654840e-01   2.5293800e-01   2.3671932e-01   4.2054339e-02   1.3208685e-01  -1.6367666e-02   2.8626556e-01   2.8583153e-02   4.1694844e-02   2.2231190e-01   7.7291681e-02  -6.1101841e-02   9.0599668e-03   5.2302139e-02  -2.7891931e-02  -7.4591406e-02   1.0968028e-01  -6.6382516e-02   2.9523576e-02   6.3918842e-02   1.6490818e-01  -1.4681516e-02   2.6424897e-01   1.5301389e-02  -7.1560725e-03   1.9170613e-02   1.0594614e-01   7.9074247e-02   1.2778124e-01   1.4135075e-01  -1.1521429e-02   3.8674902e-02   2.0551966e-03   1.4894560e-01  -1.1443248e-01  -1.3645961e-03   7.3356315e-02   2.8488918e-03
   1.6068184e-01   0.0000000e+00   9.9228666e-02   6.7204057e-02   2.7867755e-01   2.1621299e-01   0.0000000e+00   1.3044171e-01  -8.5837496e-02   7.3653904e-02   2.8670396e-01  -2.0820065e-01   5.8229523e-02   2.2553043e-01   1.3899220e-01  -2.6197012e-02   2.3595857e-01   3.0444762e-01   9.9565481e-02   2.4873460e-01  -4.4867867e-02   7.4895030e-02  -1.3004784e-01  -2.0705486e-02  -5.9374303e-02  -4.1794464e-02   3.2503108e-01  -1.0799045e-01   2.5922658e-01   1.8023824e-01  -1.3634944e-03   4.8952258e-02   5.1430971e-01   9.5481483e-02   4.4699319e-02   8.8550024e-02   2.1746919e-01  -1.9983201e-01   2.5687267e-02   1.0477031e-01  -2.5031855e-02  -1.8782602e-02   4.9424813e-01  -3.7868691e-02   2.6804768e-01   9.8117395e-02   1.1883185e-01  -6.1449816e-02   1.0344417e-01   4.0511933e-01   2.5248550e-01   4.5441837e-01  -3.8257960e-02   1.0410099e-01   1.3178142e-01   7.0723855e-02   1.0016554e-01   1.2003926e-01   2.0514035e-01   9.9104547e-02  -2.3600562e-01  -1.8565818e-01  -2.1865239e-01   6.6457228e-01  -5.3036090e-02   3.8036628e-01   4.6215197e-02   4.6840886e-01   2.0149043e-01  -1.8222679e-01  -1.2352962e-01   1.5316381e-02   4.5870009e-01  -1.8592014e-02  -1.2158248e-01   1.3253671e-01  -3.0865693e-02  -8.2584428e-02  -5.2797195e-02  -9.2179987e-02   1.1870604e-01   2.3136697e-01   1.5747586e-01   7.1849393e-02   2.7731915e-01   7.0378157e-02   6.0769274e-01  -4.9262286e-02   1.0342633e-01   3.2435209e-01   4.0045188e-01  -2.1244522e-02  -5.5605394e-02   1.9448508e-01   7.8550215e-02  -6.5282317e-02  -1.1304226e-02  -1.5267121e-01  -2.7277194e-03   5.3692941e-02   2.6550579e-01   1.2804276e-01   2.6816751e-01  -1.7371297e-01  -1.2425586e-01   1.4750294e-02   3.7309019e-02   1.6648612e-01   1.7560022e-01   6.2986494e-01  -2.9188519e-02   1.4057635e-01   1.1963575e-01   2.3388026e-01   6.5238179e-02  -3.3554411e-02  -3.3824521e-02  -1.0506372e-01
   2.8495759e-02   0.0000000e+00   1.7371148e-01  -1.0182950e-01  -2.1462025e-01   3.1133035e-02   1.3044171e-01   0.0000000e+00   2.4532064e-01   2.3637395e-03   1.4527944e-01  -1.1823112e-01  -1.3055784e-01  -7.5882691e-02   1.5465873e-01   1.8047423e-01  -6.3053247e-02  -1.0053098e-01   7.4199798e-03  -1.2100730e-01  -1.3929298e-01  -1.5564980e-02  -1.2241672e-01  -1.4723042e-01  -1.1804958e-01  -7.4635397e-02  -3.3060117e-02  -1.0799490e-01   1.0209013e-01   2.1229596e-02  -9.9814526e-02  -7.7613176e-02   1.2226738e-01  -1.1760284e-01  -7.8346102e-02   2.4300302e-02  -2.2275862e-02  -3.2757437e-02   2.8122043e-02   9.4798682e-02   2.5441197e-02  -7.2648735e-02  -6.2899866e-02  -9.7263887e-02  -1.8919208e-01   8.5332933e-03  -1.6201152e-01   6.7981183e-02   1.8798302e-02   4.2859017e-02   7.8717400e-02   4.0642878e-02  -3.2146158e-02   2.1753463e-01   2.2406990e-01   1.9154461e-01  -1.6800769e-01   2.6183694e-02   1.0854473e-01  -1.7973447e-01  -2.7165710e-01  -2.1508592e-01  -1.4959972e-01   8.2058622e-02   7.3026797e-02   1.9695645e-01   3.6668024e-02  -1.1242199e-01  -3.6986934e-02  -1.8403017e-01  -1.0010261e-01  -5.9463670e-02   4.3791166e-02  -2.8666439e-02  -1.4431890e-02   2.6120518e-02   2.7326473e-02  -7.2500981e-02  -2.3913850e-01  -2.8505164e-02  -2.3942372e-01  -2.1795339e-01  -1.5464783e-01  -2.7449184e-01   5.0842085e-02  -1.4812391e-01  -9.8067737e-03  -1.6372042e-01   2.2477682e-02  -5.6983344e-02  -1.8070744e-01  -7.2410471e-02  -4.9516670e-02  -3.6696937e-02  -2.9644358e-02  -7.7960513e-02  -1.6090990e-01  -2.4880031e-01  -1.8151899e-01   8.6016710e-02  -7.6025507e-02  -1.0480086e-01  -1.0418723e-01  -2.1652800e-01  -6.4508771e-02  -5.7457359e-03   6.0448903e-02   8.9240331e-02  -2.1940776e-02   1.3923843e-01  -1.3964023e-02   4.9213359e-02   3.6559960e-02   9.5897256e-02  -6.7651278e-02   5.4555001e-01   2.2869877e-02  -2.2877519e-02
   1.3701188e-01   0.0000000e+00   1.7768371e-01   1.1894690e-02  -1.9993659e-01  -6.3298565e-02  -8.5837496e-02   2.4532064e-01   0.0000000e+00  -1.3014575e-01   1.8510305e-01  -1.2967893e-01   7.0561341e-03  -1.0125212e-01   7.9216337e-02   1.9311475e-01  -5.7145033e-02  -1.4176389e-01   1.8678020e-01  -1.1644379e-01  -1.3254423e-01  -3.0683504e-02   3.2357579e-02  -1.6032845e-01  -5.2724836e-02   5.3892259e-02  -1.7542374e-01  -6.5865834e-02  -1.4224615e-02  -2.6381540e-02  -3.1550720e-02  -5.9895555e-02   1.0196211e-02  -5.3943067e-02  -7.0195687e-02   1.2859077e-01  -1.0322778e-01   1.3971884e-01   1.3586725e-01   2.4152086e-01   1.8601159e-01   7.4980669e-02  -2.1245232e-01   4.1307603e-02  -2.4006793e-01   4.3334073e-02  -1.0939441e-01   2.5317640e-01   1.7887767e-01  -2.8594315e-02   1.5839284e-01  -1.1499386e-01   5.5231640e-02   1.8633247e-01   1.9814456e-01   1.6689652e-01  -1.6169222e-01  -1.4247763e-01   1.9728929e-01  -1.7891872e-01  -1.5455730e-01  -1.9363340e-01  -3.7203549e-02   1.5390503e-02   8.1940894e-02   1.8160591e-01   3.1570637e-01  -2.3896689e-01   1.1798371e-01   5.1422840e-02   7.5420124e-02  -5.9384232e-02  -1.5958563e-01   4.8002023e-02   1.4040673e-01  -1.3467464e-02   2.4925643e-01   2.2193156e-03  -1.0541731e-01  -1.0157550e-01  -2.5081205e-01  -3.0923732e-01  -2.1949584e-01  -2.4815712e-01  -3.1067704e-02  -1.2774615e-01  -1.6339478e-01  -2.0758889e-01   1.6989911e-01  -1.9630139e-01  -1.3901389e-01   8.7897968e-02   3.3730836e-02   6.5382526e-02   2.6771851e-02   5.6198067e-02  -3.4560510e-01   8.9637842e-02  -3.2556038e-02   1.6993341e-01  -2.4863034e-01  -1.5488374e-01  -1.9505478e-01  -1.4392222e-01   9.2795423e-02   9.2100427e-02   8.3544662e-02   7.8541698e-02  -1.0898840e-01   3.7980184e-03   3.5083394e-01   8.4012060e-02   4.7628211e-02   1.1573806e-01   4.7016385e-02   2.2225374e-01  -5.5651155e-03  -4.5221348e-02
   5.7423963e-02   0.0000000e+00  -2.3579828e-01   4.3438926e-02   5.4477735e-02  -2.3571200e-03   7.3653904e-02   2.3637395e-03  -1.3014575e-01   0.0000000e+00   1.5885994e-01   2.1754136e-01   1.7559405e-01   3.0876983e-01   1.3793785e-01  -9.3025483e-02  -4.0182574e-03   5.0867913e-02   3.8634570e-02  -1.1214751e-03   2.6004129e-01   1.7130457e-01   2.8357475e-01   2.4378612e-01   1.5315993e-01   1.0671922e-01   1.3206708e-01   3.0172515e-01   2.0001588e-01   3.0056744e-01  -2.0611944e-01   7.6261869e-02   2.1073398e-01   4.9171489e-02  -1.2744109e-01   3.3467152e-01   1.1224642e-01   8.7218675e-02   1.4690534e-01   2.2939594e-01   1.0733336e-01   6.7708981e-03   6.2124643e-02   1.2136069e-01   2.5042418e-01   2.6728470e-02   3.6453841e-02  -2.3460330e-03   3.9690727e-02   1.6281220e-02   1.3021901e-01   7.8031605e-02   3.7656257e-02   1.3412119e-01  -3.8126713e-02   1.0853945e-03  -3.8744877e-03   1.7208880e-01   2.6800720e-02   2.8447311e-01  -3.8526648e-02  -4.7801581e-02   3.4785326e-02  -6.2390391e-02   1.0619833e-01  -1.7627900e-02  -3.4232523e-04   1.8929333e-01  -5.9965606e-02  -2.0602769e-01   5.4508106e-02   2.0071631e-01  -7.8812678e-02  -4.7084396e-01  -1.1222965e-01   9.7500979e-02  -8.2743736e-02  -1.0902346e-01  -1.1908921e-01   2.7250475e-02   4.2508132e-02   1.6357337e-01   1.4795395e-01   1.0999080e-01   7.4313907e-02  -2.2404718e-01   9.3697861e-02   9.8435022e-02  -1.1736713e-01   1.8055057e-01   5.2584597e-03  -1.9447900e-01  -1.3260202e-01   4.5630242e-02   9.3706524e-02   1.7025531e-01   6.1574250e-02   8.1152325e-02   1.9743303e-01   3.5158916e-02  -5.0519456e-02  -1.7884674e-01   1.3618234e-01   5.1018471e-02  -6.5329741e-02   1.5142678e-02   2.8255737e-02  -2.0737693e-02   5.2199550e-02   4.1684836e-02  -3.5109628e-02   4.3872431e-02   9.2350614e-02  -8.4056993e-02  -1.1611905e-01   2.7657594e-02   1.1756184e-01   1.9660057e-01
   1.5672118e-01   0.0000000e+00   2.3752695e-01   2.0149526e-01   2.9670351e-02   8.6568367e-02   2.8670396e-01   1.4527944e-01   1.8510305e-01   1.5885994e-01   0.0000000e+00  -1.4250165e-01   1.3185158e-01   2.8797814e-01   3.4575053e-01   1.8570622e-01   1.0810136e-01   5.7591004e-02   2.7105491e-01  -8.1192323e-02   2.5680616e-01   1.7901018e-01   2.5290920e-01   2.9080102e-01   1.5945436e-01   1.5840149e-02   9.5902999e-02   1.6799010e-01   3.6990296e-01   5.2337738e-01  -2.4239805e-01   1.4125715e-01   4.7150636e-01   2.3500593e-01  -2.5957183e-02   5.8800966e-01   3.8891317e-01   2.6096034e-01   4.3649110e-01   5.8701076e-01   3.5090540e-01   2.4697312e-01   2.1299878e-02   1.5831061e-01   2.0505989e-01   2.1448810e-01  -2.4454381e-02   4.1324328e-02   2.0225594e-01   2.1574424e-01   3.0840813e-01   3.0167159e-01   8.0534074e-02   2.7114025e-01   2.6691195e-01   2.6175925e-01  -1.4942592e-01   1.0906045e-01   3.5181723e-01   1.0277523e-01  -1.5638434e-01  -1.8095280e-01  -2.0336129e-01   3.2044573e-01   8.5682740e-02   4.7381248e-01   1.6273392e-01   1.8305289e-01  -5.7231571e-02  -2.4343896e-01  -3.1116930e-02  -5.3146814e-02   1.7991097e-01  -1.0227049e-01   4.9313470e-02   1.0514733e-01   4.9373927e-03  -2.1497972e-01  -2.9375689e-01  -1.5724935e-01  -1.7222830e-01  -6.8434118e-02  -1.2712933e-01  -2.2282349e-01   1.2835223e-01  -2.0075506e-01   1.4051007e-01  -2.8512331e-01  -1.7454388e-02   6.5407648e-02  -2.2319491e-02  -1.5485366e-01   2.2520104e-02   2.2298119e-01   9.8698756e-02   1.5889388e-01  -1.1151322e-01   9.9971793e-02  -2.3766349e-02   9.9562753e-02  -1.2535440e-01  -3.8952740e-02  -5.6661913e-02  -5.3637717e-02  -5.2838840e-02   1.9423888e-01   1.2269133e-01   1.9915770e-01   9.9789181e-02   3.5108015e-01   2.2338119e-01   1.9433286e-01   1.5929931e-01   1.4676171e-01   2.6494497e-02   3.8179127e-02  -5.2916001e-02  -7.3176089e-02
  -2.4182517e-01   0.0000000e+00  -2.6667389e-01  -6.2267242e-02   8.3265364e-02  -8.8734813e-02  -2.0820065e-01  -1.1823112e-01  -1.2967893e-01   2.1754136e-01  -1.4250165e-01   0.0000000e+00   6.5773449e-02   1.8546716e-01  -3.3080172e-02   2.9005430e-02  -2.4535776e-02   6.9658123e-02   7.4844583e-02  -6.8945590e-02   1.7475991e-01   2.3208111e-02   1.4643794e-01   1.0289051e-01   2.3207058e-01   1.0517104e-01   9.0873953e-02   3.7766652e-01  -1.0979177e-01   3.0839321e-03   1.2529322e-01   2.7497868e-01  -2.6067423e-01   3.1733670e-02   3.1940634e-01   8.1851722e-02   2.7093447e-02   2.4616982e-01   1.2891092e-01   1.0091572e-02   2.8330721e-01   1.5050450e-01   8.6925396e-02   3.4300401e-01   1.7212265e-01   2.2767881e-01   2.3433457e-01   1.3097200e-01  -7.0281568e-03  -4.8819932e-02  -1.2228310e-01  -1.8476191e-01   2.0939983e-01  -3.1157025e-02  -7.9082569e-02  -6.7573907e-02   2.4823028e-01  -4.5633944e-02   3.5778837e-02   4.0462691e-02   4.1294711e-01   3.0501689e-01   2.4062744e-01  -2.2630428e-01   1.3657205e-01  -2.6653116e-01  -1.2168493e-01   4.5891095e-04  -1.1915795e-01   2.5540745e-01   5.1525020e-02   6.8677517e-02  -8.3467423e-02   6.0117588e-02  -1.1952677e-01   6.1213058e-04  -1.7702178e-01   2.5948825e-01   2.4203952e-01   6.4221870e-02   1.4480768e-01   4.0335673e-02   7.3471700e-02   2.7462120e-01  -1.2401222e-02   1.5430782e-01  -2.2950298e-01   1.3945202e-01  -9.3401024e-02  -1.5960325e-02   5.6338303e-02   6.1748646e-02   1.1105620e-01   2.1297220e-02   2.5558607e-01   2.4297122e-01   3.1073434e-01   3.3185803e-01   3.3095413e-01   1.7487672e-02   1.6238598e-01   2.1926353e-01  -6.9409967e-02   2.8331734e-01   7.5485761e-02   4.0012176e-02   1.8177846e-02  -3.4048397e-02  -6.3041581e-02  -2.5308410e-01  -2.0663849e-02  -4.0537453e-02  -5.8184129e-02  -6.3412167e-02  -7.2203200e-02  -7.7373674e-02  -3.0374085e-02   7.7030583e-02
  -6.4687224e-02   0.0000000e+00  -7.9596137e-02   6.0916357e-02   4.0267267e-01   7.6924736e-02   5.8229523e-02  -1.3055784e-01   7.0561341e-03   1.7559405e-01   1.3185158e-01   6.5773449e-02   0.0000000e+00   4.8549864e-01   1.8682486e-01   5.4847557e-03   2.6979522e-01   2.6910225e-01   2.7199194e-01   3.5442129e-01   5.8839496e-01   4.2607448e-01   3.5339221e-01   3.3814872e-01   5.2376681e-01   1.9523791e-01   5.5915787e-01   4.4744716e-01   2.6473309e-01   4.1096102e-01   2.9326163e-01   3.2016878e-01   3.8699660e-02   1.8337166e-01   2.6410211e-01   3.9440938e-01   2.5210264e-01   4.3767352e-01   4.1085065e-01   3.1170537e-01   2.6062592e-01   3.4267533e-01   1.8684088e-01   3.7921123e-01   5.0253047e-01   2.9398298e-01   4.0396859e-01   6.6519572e-02   1.2858186e-02   3.7412353e-01   2.4404627e-01   1.2984493e-01   1.5946827e-01  -3.0596126e-02   1.2094379e-02   1.0312995e-01   3.5916298e-01  -1.4895148e-02   2.8462269e-01   2.1598729e-01   3.6116855e-01   3.1541990e-01   8.1931590e-02   1.4315594e-01   7.4787614e-02  -1.8085815e-02   5.9480589e-03   1.4676755e-02   5.5025964e-02   2.8080702e-01   7.7022594e-02   6.4336155e-02  -7.3989289e-02  -2.7816864e-02  -1.0270866e-01  -1.6988792e-01  -2.4242414e-02   1.4820833e-01   2.2197963e-01  -2.0506021e-02   3.0718936e-01   4.1534409e-02   2.1283463e-01   3.3433520e-01   8.6294097e-02   1.7962182e-01   4.9587301e-02   7.6696416e-02   9.4937733e-02   2.5158123e-02   1.7261040e-01   1.6649772e-01  -1.1065723e-01   4.2140931e-03   1.8611417e-01   1.1989512e-01  -3.2828074e-03   1.2716456e-01   3.9625751e-02  -2.8172043e-02   1.3156417e-01  -6.3088783e-02  -9.8735665e-03   3.0761760e-01   1.1457907e-01   1.7157757e-01  -4.0797360e-03   1.1365444e-03   1.2095696e-01  -9.7922097e-03  -5.3297262e-02  -1.3784794e-01  -2.7884899e-02   1.1290772e-01   1.4779709e-01  -7.9026696e-02   1.6463281e-02  -2.8768069e-02
   7.8788358e-03   0.0000000e+00  -6.4604723e-02   1.5221368e-01   4.7768941e-01   2.5614167e-01   2.2553043e-01  -7.5882691e-02  -1.0125212e-01   3.0876983e-01   2.8797814e-01   1.8546716e-01   4.8549864e-01   0.0000000e+00   2.5540349e-01  -7.8936624e-02   3.4301637e-01   2.6023897e-01   2.0292200e-01   1.5268972e-01   4.0882033e-01   2.9413544e-01   4.2476349e-01   4.2419620e-01   3.5801189e-01   2.6383013e-01   4.9486121e-01   5.0267959e-01   1.6278352e-01   4.8301176e-01  -5.4707956e-03   2.3754006e-01   1.5363128e-01   2.4908312e-01   6.1650474e-02   5.4098213e-01   3.3367966e-01   2.4383049e-01   3.1506481e-01   3.6214510e-01   3.0061436e-01   1.4854508e-01   2.4595973e-01   2.2416825e-01   6.0750131e-01   1.3202524e-01   3.4010944e-01   3.6743447e-02   4.0727386e-02   2.4628359e-01   1.4107574e-01   1.3949653e-01   8.1110272e-03   1.3659058e-01  -2.8483218e-02   6.2761328e-02   3.2997156e-01   4.6306762e-02   2.5022108e-01   3.1364088e-01   1.0341997e-01   1.0989216e-01  -3.1294420e-02   8.3582811e-02   2.4768697e-02  -5.4676572e-06   1.0293025e-02   3.0517132e-01  -2.1468158e-02   3.5040655e-03   1.5705067e-01   1.0909131e-01  -4.0523301e-02  -1.9845132e-01  -1.8713076e-01  -6.3161909e-02  -2.3586595e-01   6.3276185e-02   1.0960775e-01  -3.7160433e-02   2.8387850e-01   2.9196642e-01   3.7304455e-01   2.5733831e-01   5.5909537e-02   3.3177726e-02   1.1102708e-01   4.4360158e-02  -8.5078668e-02   2.7009901e-01   1.5161452e-01  -2.2680254e-02  -5.7201531e-02   5.6129835e-02   1.2601847e-01   1.1062696e-01   9.4255496e-02   1.1780672e-01   1.5229546e-01   7.8763243e-03   1.7572397e-01  -4.9975769e-02   1.4096362e-01   1.5677115e-01  -5.3303078e-02   4.1650835e-02  -2.9357209e-02  -3.4521097e-02   4.5382182e-02   4.3313960e-02  -1.3789715e-01   2.3800005e-02   1.0221786e-01   1.2096035e-01  -4.5319138e-02  -4.4836505e-02   8.8550171e-02   1.0182834e-01
   4.8628451e-02   0.0000000e+00   9.3437356e-02   1.1778579e-01   9.2129089e-02   1.1939577e-01   1.3899220e-01   1.5465873e-01   7.9216337e-02   1.3793785e-01   3.4575053e-01  -3.3080172e-02   1.8682486e-01   2.5540349e-01   0.0000000e+00   2.1986342e-01   1.4079748e-03  -6.1745050e-02   2.0725033e-01  -5.1996978e-02   2.2716220e-01   1.6605465e-01   1.7701033e-01   1.4344998e-01   1.0893915e-01   5.0008312e-02   1.8793665e-01   2.2146430e-01   3.0151796e-01   4.0663972e-01  -1.4723405e-01   1.2379817e-01   2.3725094e-01   7.2162591e-02   1.5550006e-02   4.7911998e-01   2.2444465e-01   2.0353895e-01   3.4105626e-01   3.3302891e-01   2.3750971e-01   1.6390584e-01  -4.6731774e-03   2.0509226e-01   1.5872989e-01   1.5387289e-01   2.7645186e-02  -5.1807280e-02   2.9445954e-04   1.9333640e-01   1.4465766e-01   1.9438051e-01   6.4246031e-02   1.7826806e-01   2.5021400e-01   2.5139068e-01  -4.8114987e-02   4.0227238e-02   2.9948385e-01   9.0611892e-02  -1.0603606e-01  -8.0570908e-02  -3.4503447e-02   1.8549032e-01   1.3890583e-01   2.3172811e-01   3.8570004e-02   5.4080531e-02  -5.8401209e-02  -1.8881151e-01  -3.1945417e-02  -5.3812240e-02  -5.2958592e-02  -9.3295774e-02  -1.0846572e-01   1.6538774e-02  -1.1561390e-02  -9.1667518e-02  -1.3827283e-01  -2.2484136e-02  -5.4236357e-02  -8.2208772e-02  -7.0212340e-02  -1.4438683e-01  -3.1209468e-02  -1.9708178e-01   1.0246391e-01  -1.5861283e-01   1.0957939e-02   2.5109525e-02  -3.4898873e-02  -1.2154999e-01  -1.0073771e-01   1.9897495e-02   7.4663951e-02   1.6201260e-01  -9.8830573e-02   6.4240703e-02  -9.5000466e-03   3.8143033e-02  -7.7098912e-02  -1.6137894e-01  -1.0373527e-02  -2.3886973e-02  -4.7107513e-02   3.3329274e-02   2.5646649e-02   6.4344089e-02  -8.1163269e-03   1.2153954e-01   9.5352718e-02   4.2197099e-02   6.9433866e-02   8.2398520e-02  -2.8112868e-02   7.0185990e-02  -1.3939512e-02  -4.4754646e-02
  -6.4685839e-02   0.0000000e+00   6.1429793e-04  -2.5516807e-03  -1.3813502e-01  -1.4279938e-01  -2.6197012e-02   1.8047423e-01   1.9311475e-01  -9.3025483e-02   1.8570622e-01   2.9005430e-02   5.4847557e-03  -7.8936624e-02   2.1986342e-01   0.0000000e+00  -3.7502285e-02  -6.3948601e-02   2.1369266e-01  -1.6509117e-01   1.2616871e-02   2.1556120e-02   1.0604852e-01  -6.3811411e-02   1.1574626e-02   5.8132905e-02  -1.1159132e-01   3.8324327e-02   1.0730675e-01   3.4989349e-02  -8.7560484e-02   7.3734738e-02   8.4435134e-02   1.4748073e-01   5.7236169e-02   1.9302803e-01   1.3909984e-01   2.0286407e-01   2.0737464e-01   1.7319698e-01   1.4832624e-01   1.9843478e-01  -1.6415234e-01   9.4148920e-02  -9.2724211e-02   2.3103750e-01   2.0864796e-02   2.4212921e-01   1.1933934e-01  -6.6680993e-03   1.4310343e-01  -2.1571997e-02   5.8918301e-02   2.3774313e-01   4.5358275e-01   4.6804058e-01  -8.3832741e-02  -1.1549807e-03   2.0263051e-01  -1.0249735e-01   1.4201060e-02  -2.4487957e-02   8.7664099e-02   1.0205390e-01   1.0685490e-01   2.0189607e-01   1.1870436e-01  -1.2064282e-01  -1.5553121e-01  -1.3963346e-02  -5.2887163e-02  -1.5701537e-01  -5.2931187e-02   2.2554336e-02   4.5544689e-02   1.0643945e-01  -3.2857864e-03  -1.5512426e-01  -1.6278592e-01   3.3693115e-02  -2.0997043e-01  -2.3371087e-01  -2.0675783e-01  -1.8242951e-01   7.7180938e-02  -9.2954650e-02  -1.9603406e-01  -1.2382612e-01  -1.7404268e-02  -1.9536750e-01  -1.1232787e-01  -1.0276835e-02   8.8165275e-02   5.2716184e-02   1.2246521e-01   1.0378088e-01  -7.1867564e-02   5.9649721e-02  -1.2464066e-02   9.9284083e-02  -1.3029092e-01   4.1716631e-02  -2.8145489e-01   3.4862600e-02   1.1891612e-01   2.3034100e-01   1.5912525e-01   2.4042944e-01   1.0282083e-01   9.0098569e-03   9.1861456e-02  -2.8739430e-03  -3.7685741e-02   1.5429925e-01   9.2469569e-02   1.0795232e-01  -1.4039204e-01  -9.5601053e-02
  -6.6926490e-02   0.0000000e+00   2.9149356e-02   1.7295508e-01   5.1290621e-01   2.3225409e-01   2.3595857e-01  -6.3053247e-02  -5.7145033e-02  -4.0182574e-03   1.0810136e-01  -2.4535776e-02   2.6979522e-01   3.4301637e-01   1.4079748e-03  -3.7502285e-02   0.0000000e+00   4.6494825e-01   1.8041655e-01   1.7475406e-01   2.0842005e-01   2.0849792e-01   4.4405766e-02   1.3344885e-01   2.1161835e-01   1.9126725e-01   3.1804007e-01   1.7383401e-01   5.6553942e-02   1.1001082e-01   1.3121533e-01   2.3191836e-01   8.6037188e-02   1.6624140e-01   1.7228875e-01   1.7083373e-01   1.7925990e-01   9.0665708e-02   1.3541845e-01   8.2430411e-02   7.6235059e-02   1.1788344e-01   3.4006490e-01   2.0157902e-01   3.0941209e-01   1.8775541e-01   4.4919564e-01   2.3148244e-01   2.1328675e-01   3.1262511e-01   2.9011117e-01   1.4733268e-01   1.5531930e-01   1.5915076e-01   3.5440305e-02  -9.7337746e-03   3.7726483e-01   3.2237200e-02   2.3184373e-01   1.7577290e-01   1.2049416e-01   1.5970180e-01  -5.6781096e-03   2.5573695e-01   4.0830722e-02   1.7767451e-01  -1.2494084e-02   1.9479610e-01   7.4527564e-03   1.6754392e-01   1.0249757e-01   5.8369306e-02   1.8300022e-01   1.0056282e-01  -1.9210769e-01  -2.8831695e-02  -1.8082085e-01   1.6464095e-01   1.7701695e-01   1.9096573e-02   3.3885691e-01   2.6268760e-01   3.2221455e-01   2.6180421e-01   8.0919031e-02   2.3228086e-01   1.4300482e-01   4.7073864e-02   8.6654182e-03   9.5548874e-02   2.5495820e-01   1.2571847e-01   4.2595304e-02   1.5857647e-01   2.2343625e-01   5.6913586e-02   2.2014337e-01   1.1435690e-01   1.9163489e-01   4.8820922e-02   2.9607437e-01   2.3770066e-01   1.5678451e-01   1.1636014e-01   3.1024259e-02   9.6312609e-02  -1.1219475e-01   6.5599385e-02   5.2794574e-02   8.7682740e-02   4.0988812e-02  -1.3162176e-04   6.6152837e-02   8.3104729e-02   1.2194355e-01  -8.1325190e-02   1.9022178e-02  -6.6699246e-03
  -1.2901316e-01   0.0000000e+00   3.4008485e-04   5.2424546e-02   4.8750213e-01   2.5104082e-01   3.0444762e-01  -1.0053098e-01  -1.4176389e-01   5.0867913e-02   5.7591004e-02   6.9658123e-02   2.6910225e-01   2.6023897e-01  -6.1745050e-02  -6.3948601e-02   4.6494825e-01   0.0000000e+00   9.2881238e-02   2.8580536e-01   1.6740028e-01   2.6259067e-01  -6.9926320e-03   1.2786097e-01   2.1388881e-01   9.0154106e-02   3.9038552e-01   5.4824951e-02   1.2319299e-01   6.6127244e-02   1.8198014e-01   1.2483641e-01   1.5653954e-01   1.4314109e-01   1.7745181e-01   3.0712385e-02   7.4875613e-02  -6.1314331e-02  -6.4999750e-02  -7.2648779e-02  -2.5304989e-02   1.2994998e-01   5.1692238e-01   2.4922242e-01   3.3495999e-01   2.3492527e-01   4.6630844e-01   2.6894617e-01   2.7208642e-01   3.5762276e-01   2.3074034e-01   1.4574518e-01   1.8609196e-01   7.4976159e-02  -5.3505519e-02   1.9229210e-01   5.7091755e-01   2.6398741e-01   1.8947396e-01   2.2583776e-01   2.2677335e-01   2.4226250e-01   9.8064728e-02   2.6109485e-01   9.4702584e-02   1.1507110e-01   4.2056563e-03   3.4954357e-01   1.3509877e-01   2.4124256e-01   6.8591755e-02   4.1945568e-02   2.4152205e-01   2.4544377e-02  -2.1547996e-01   1.4721213e-01  -2.2883343e-01   8.9848896e-02   2.4884979e-01  -2.6021744e-02   4.8617945e-01   3.3316767e-01   4.1895435e-01   4.5056813e-01   2.3816906e-01   2.4895846e-01   2.4358334e-01   2.4716337e-01  -1.4071856e-01   2.0724101e-01   5.4620406e-01   3.1961544e-01   5.2072425e-02   1.8895975e-01   2.0879823e-01   4.5552812e-02   2.5428542e-01   1.5484083e-01   2.9571406e-01  -2.2733505e-05   3.7054607e-01   4.5644081e-01   1.9044550e-01   1.7911961e-01   1.8759142e-01   2.5925444e-01   3.7839932e-02   1.2184382e-01   2.4124338e-01   1.9742960e-01   4.3340871e-02   1.9654569e-02   1.2092133e-01   1.6230106e-01   1.2741649e-01  -1.9479979e-01  -3.8629530e-02  -1.2373993e-02
   4.9504441e-02   0.0000000e+00   7.5427350e-03   1.7684082e-01   9.0149941e-02  -1.8601421e-02   9.9565481e-02   7.4199798e-03   1.8678020e-01   3.8634570e-02   2.7105491e-01   7.4844583e-02   2.7199194e-01   2.0292200e-01   2.0725033e-01   2.1369266e-01   1.8041655e-01   9.2881238e-02   0.0000000e+00   2.0262936e-02   3.3734294e-01   1.9225121e-01   1.7360112e-01   1.0622648e-01   2.6567278e-01   1.7313545e-01   6.6266713e-02   1.3081521e-01   2.0187581e-01   2.2433847e-01   2.4124047e-02   2.2997153e-01   1.5402131e-01   9.1816380e-02   1.4205941e-01   4.0288238e-01   2.3422549e-01   3.9682638e-01   4.7004672e-01   4.4788542e-01   3.6944784e-01   4.0160338e-01  -5.2192109e-03   3.9465804e-01   1.0619676e-01   3.9973460e-01   2.3145329e-01   1.1200055e-01   3.3016666e-02   1.8809568e-01   1.7829437e-01   1.1603838e-01   2.0650404e-01   1.4092551e-01   2.0929505e-01   1.7413484e-01   9.6543624e-02  -1.0457265e-01   5.7304132e-01   9.0728722e-02   9.1320669e-02   9.0274540e-02   8.3975270e-02   1.8936836e-01   1.6076751e-01   1.9525120e-01   1.4358376e-01  -5.0277114e-02   1.7487066e-03   1.0736279e-01  -3.1485834e-02   3.8660461e-03  -4.6820508e-02   6.8252086e-04  -2.8441418e-02   3.7139914e-03   9.4145869e-02  -2.4785773e-02  -8.2061228e-02  -7.9199556e-02  -2.2232882e-02  -2.4144621e-01  -1.1752601e-01  -6.4306885e-02  -2.5244001e-02  -3.5121867e-02  -7.4100718e-02  -1.6344308e-01   1.5608984e-01  -1.5060197e-01   5.6915646e-02   1.1612681e-01  -1.6655400e-02   1.6718363e-01   4.8742334e-01   2.2077886e-01  -1.2818412e-01   2.8135057e-01   6.3501781e-02   1.3109214e-01  -1.5618896e-01   2.2977769e-02  -1.4217800e-01   1.3542281e-01   5.2266369e-02   1.6183618e-01   4.0078936e-02   1.5206355e-02  -1.4495487e-02   5.1752789e-02   2.5246307e-01   9.1637185e-02   8.4068220e-02   1.8027344e-01   1.0698583e-01  -2.4828119e-02  -5.7638200e-02  -5.1231213e-02
   1.6033914e-01   0.0000000e+00   4.1711734e-02  -1.6929690e-02   3.5408237e-01   1.7482721e-01   2.4873460e-01  -1.2100730e-01  -1.1644379e-01  -1.1214751e-03  -8.1192323e-02  -6.8945590e-02   3.5442129e-01   1.5268972e-01  -5.1996978e-02  -1.6509117e-01   1.7475406e-01   2.8580536e-01   2.0262936e-02   0.0000000e+00   1.8824024e-01   2.2050020e-01  -1.0167766e-01   3.6452153e-02   2.5885070e-01   1.7694637e-01   3.6723634e-01   4.7244631e-02   1.5697765e-01   2.4176673e-02   5.9871794e-01   6.3613526e-02   1.7532866e-01   7.4847858e-02   1.9158283e-01  -8.9089628e-02   1.0443474e-01  -3.4049669e-02  -7.3541738e-02  -5.5794051e-02  -8.7671809e-02  -7.4218207e-03   4.3488521e-01   8.8069770e-02   2.4312612e-01   6.1691263e-02   2.2440291e-01   1.0633065e-02  -6.3872180e-02   1.9032137e-01   1.1029372e-01   3.1465794e-01  -8.9602117e-04  -1.2073487e-02  -9.5451347e-02  -4.0228353e-02   3.7655453e-01   1.1461878e-01   4.6420478e-02   3.5550344e-01   3.5361252e-01   3.5943275e-01   7.6995126e-02   1.9189342e-01  -7.5991292e-02   1.9839968e-02   4.8234111e-03   2.5561860e-01   3.3527621e-01   3.8633365e-01   9.9314666e-02   6.4385633e-02   1.0325865e-01   1.5516663e-01   4.5430106e-02   6.3126208e-02   2.2837358e-01   1.9318511e-01   4.3139282e-01   3.4656962e-03   3.8242787e-01   3.1223267e-01   3.7362046e-01   4.8755863e-01   1.9533449e-01   3.8485643e-01   3.9634181e-01   1.9708638e-01   2.6682569e-01   3.0265553e-01   4.1456837e-01   3.5303557e-01  -2.2995672e-03  -1.6069158e-02   7.7883018e-02  -1.1572477e-02   4.1360516e-02  -3.6672421e-02   3.9141917e-02  -2.7854724e-02   1.2464704e-01   2.0540394e-01   2.8495958e-01   2.7156739e-01   5.2288168e-02   1.1806386e-01  -7.7789909e-02  -4.4444009e-02   2.7575790e-01   2.2570644e-01  -1.7858206e-01  -5.1433786e-02  -4.7651716e-02   9.4100163e-02   2.1849831e-01  -2.1318313e-01   3.2698042e-02   2.0575122e-02
  -7.3770852e-02   0.0000000e+00  -1.0831337e-01   1.7403330e-01   2.5216539e-01   8.6721717e-02  -4.4867867e-02  -1.3929298e-01  -1.3254423e-01   2.6004129e-01   2.5680616e-01   1.7475991e-01   5.8839496e-01   4.0882033e-01   2.2716220e-01   1.2616871e-02   2.0842005e-01   1.6740028e-01   3.3734294e-01   1.8824024e-01   0.0000000e+00   4.9416162e-01   4.4645608e-01   4.4925078e-01   7.2182806e-01   2.0094286e-01   2.9773535e-01   3.6126595e-01   2.6560447e-01   4.2681859e-01   7.2771646e-02   2.5626514e-01   9.1203311e-02   2.5334056e-01   1.9837230e-01   4.3933386e-01   2.9875793e-01   4.5980389e-01   4.2879686e-01   3.0101316e-01   2.9257109e-01   3.4602002e-01   3.4536984e-02   4.0674741e-01   3.7902593e-01   3.1533774e-01   2.3470994e-01   9.4274592e-02   4.6158595e-02   2.2703777e-01   1.7017779e-01   1.0476007e-01   2.5975739e-01   4.5989526e-02  -7.2197372e-03   1.4807026e-01   2.2173610e-01   1.3616860e-01   3.6335246e-01   4.3339417e-01   4.3696710e-01   4.2561021e-01   1.0340430e-01   5.6166811e-02   9.2958361e-02   2.6145929e-02  -4.3262805e-02   5.2242055e-02  -1.2661551e-01   1.1642544e-01  -3.9335083e-02   2.5799922e-02  -9.7285446e-02  -7.7508665e-02  -9.4572475e-02  -7.0290165e-02  -4.7217525e-02   7.8923145e-02   8.8952177e-02  -2.0983212e-02   2.0066565e-01  -1.4639208e-02   1.3177642e-01   1.7177768e-01   1.0870772e-02  -6.2935501e-02  -6.4241492e-02   4.1288324e-02   1.1448572e-02  -4.7918261e-02   3.2558009e-02   6.1252786e-02  -3.5101475e-02   4.5369190e-02   1.8808048e-01   2.2708636e-01   1.7814614e-02   2.6036279e-01   1.1865072e-01   1.4193624e-02  -7.7248806e-04  -5.3966734e-03  -5.9670481e-02   4.2660666e-01   7.8290481e-02   2.6189622e-01  -1.1977209e-03   2.2868382e-02   1.5398823e-01  -1.2598144e-02   2.1148904e-02  -1.1971561e-01   4.2485664e-02   6.4469273e-02   3.1089742e-02  -1.1515146e-01   2.1671576e-02   2.0544283e-02
