   0.0000000e+00   0.0000000e+00   0.0000000e+00  -1.7938988e-04   1.5694187e-02   2.5542051e-02   2.2714515e-01   2.5385774e-02  -7.2597619e-02   7.0480935e-02  -4.4633214e-02   2.7211234e-01  -1.4818224e-01  -7.0677529e-02   9.8668462e-02   6.0535624e-02   4.7902380e-02   8.0929745e-02   1.7127942e-01  -9.5231242e-02  -7.1739874e-02  -6.5192804e-02  -4.0487989e-02  -1.5790048e-01  -2.0103847e-03   2.2484070e-02   3.9139078e-02   3.1245669e-02  -1.5824094e-01  -5.7895866e-02  -6.2085253e-02  -9.9572685e-02  -4.2122799e-02   1.3679757e-02   2.1662777e-02   4.4711333e-03   1.6117676e-03   4.6042387e-02   1.7696179e-02   7.2995976e-03   4.4894896e-02   9.5462389e-03  -3.1875598e-03   5.6547408e-02  -9.3369247e-02  -8.6642755e-02   8.2962633e-02   9.5548606e-02   4.1782586e-02  -1.5220642e-01  -1.7024719e-02   6.5688049e-02  -4.6150433e-02   1.5018193e-01   1.4721143e-02   1.1133590e-01   3.2673022e-02  -1.0040494e-01   4.6674235e-03   3.7930184e-02   1.1428326e-02   4.4337794e-02   4.4182400e-02   4.1624846e-01   1.9116927e-03   1.6026719e-01  -1.5689384e-02   4.9425562e-02   1.1633126e-01   1.9321245e-02  -6.8763868e-02   0.0000000e+00   4.1278191e-01  -1.9767710e-02   4.3600424e-01   8.9358743e-02   1.3591776e-01   2.1864088e-01   1.0919618e-01   9.6970958e-02   8.6907220e-02   4.1530055e-03  -2.7182625e-02  -3.1605349e-02  -9.5259017e-03  -1.2913714e-01  -7.5206680e-02   3.7090281e-02   1.3321834e-01  -5.0197149e-03  -2.9804773e-02   8.0036006e-02  -1.0693411e-02   7.7467515e-02   7.9556179e-02   1.9673481e-01  -6.4661590e-02   1.9450758e-02   8.9649289e-02   7.2600642e-02   4.2622637e-02   1.5408312e-01   5.1237568e-02   7.8993226e-02   8.4680743e-02   1.1412790e-02   1.0650000e-01  -9.0236036e-02   7.3417555e-02   1.9378987e-03  -4.1679242e-02   0.0000000e+00   0.0000000e+00   0.0000000e+00   0.0000000e+00   1.3222442e-01   2.9395980e-02   5.0635363e-02
   0.0000000e+00   0.0000000e+00   0.0000000e+00   0.0000000e+00   0.0000000e+00   0.0000000e+00   0.0000000e+00   0.0000000e+00   0.0000000e+00   0.0000000e+00   0.0000000e+00   0.0000000e+00   0.0000000e+00   0.0000000e+00   0.0000000e+00   0.0000000e+00   0.0000000e+00   0.0000000e+00   0.0000000e+00   0.0000000e+00   0.0000000e+00   0.0000000e+00   0.0000000e+00   0.0000000e+00   0.0000000e+00   0.0000000e+00   0.0000000e+00   0.0000000e+00   0.0000000e+00   0.0000000e+00   0.0000000e+00   0.0000000e+00   0.0000000e+00   0.0000000e+00   0.0000000e+00   0.0000000e+00   0.0000000e+00   0.0000000e+00   0.0000000e+00   0.0000000e+00   0.0000000e+00   0.0000000e+00   0.0000000e+00   0.0000000e+00   0.0000000e+00   0.0000000e+00   0.0000000e+00   0.0000000e+00   0.0000000e+00   0.0000000e+00   0.0000000e+00   0.0000000e+00   0.0000000e+00   0.0000000e+00   0.0000000e+00   0.0000000e+00   0.0000000e+00   0.0000000e+00   0.0000000e+00   0.0000000e+00   0.0000000e+00   0.0000000e+00   0.0000000e+00   0.0000000e+00   0.0000000e+00   0.0000000e+00   0.0000000e+00   0.0000000e+00   0.0000000e+00   0.0000000e+00   0.0000000e+00   0.0000000e+00   0.0000000e+00   0.0000000e+00   0.0000000e+00   0.0000000e+00   0.0000000e+00   0.0000000e+00   0.0000000e+00   0.0000000e+00   0.0000000e+00   0.0000000e+00   0.0000000e+00   0.0000000e+00   0.0000000e+00   0.0000000e+00   0.0000000e+00   0.0000000e+00   0.0000000e+00   0.0000000e+00   0.0000000e+00   0.0000000e+00   0.0000000e+00   0.0000000e+00   0.0000000e+00   0.0000000e+00   0.0000000e+00   0.0000000e+00   0.0000000e+00   0.0000000e+00   0.0000000e+00   0.0000000e+00   0.0000000e+00   0.0000000e+00   0.0000000e+00   0.0000000e+00   0.0000000e+00   0.0000000e+00   0.0000000e+00   0.0000000e+00   0.0000000e+00   0.0000000e+00   0.0000000e+00   0.0000000e+00   0.0000000e+00   0.0000000e+00   0.0000000e+00   0.0000000e+00
   0.0000000e+00   0.0000000e+00   0.0000000e+00   0.0000000e+00   0.0000000e+00   0.0000000e+00   0.0000000e+00   0.0000000e+00   0.0000000e+00   0.0000000e+00   0.0000000e+00   0.0000000e+00   0.0000000e+00   0.0000000e+00   0.0000000e+00   0.0000000e+00   0.0000000e+00   0.0000000e+00   0.0000000e+00   0.0000000e+00   0.0000000e+00   0.0000000e+00   0.0000000e+00   0.0000000e+00   0.0000000e+00   0.0000000e+00   0.0000000e+00   0.0000000e+00   0.0000000e+00   0.0000000e+00   0.0000000e+00   0.0000000e+00   0.0000000e+00   0.0000000e+00   0.0000000e+00   0.0000000e+00   0.0000000e+00   0.0000000e+00   0.0000000e+00   0.0000000e+00   0.0000000e+00   0.0000000e+00   0.0000000e+00   0.0000000e+00   0.0000000e+00   0.0000000e+00   0.0000000e+00   0.0000000e+00   0.0000000e+00   0.0000000e+00   0.0000000e+00   0.0000000e+00   0.0000000e+00   0.0000000e+00   0.0000000e+00   0.0000000e+00   0.0000000e+00   0.0000000e+00   0.0000000e+00   0.0000000e+00   0.0000000e+00   0.0000000e+00   0.0000000e+00   0.0000000e+00   0.0000000e+00   0.0000000e+00   0.0000000e+00   0.0000000e+00   0.0000000e+00   0.0000000e+00   0.0000000e+00   0.0000000e+00   0.0000000e+00   0.0000000e+00   0.0000000e+00   0.0000000e+00   0.0000000e+00   0.0000000e+00   0.0000000e+00   0.0000000e+00   0.0000000e+00   0.0000000e+00   0.0000000e+00   0.0000000e+00   0.0000000e+00   0.0000000e+00   0.0000000e+00   0.0000000e+00   0.0000000e+00   0.0000000e+00   0.0000000e+00   0.0000000e+00   0.0000000e+00   0.0000000e+00   0.0000000e+00   0.0000000e+00   0.0000000e+00   0.0000000e+00   0.0000000e+00   0.0000000e+00   0.0000000e+00   0.0000000e+00   0.0000000e+00   0.0000000e+00   0.0000000e+00   0.0000000e+00   0.0000000e+00   0.0000000e+00   0.0000000e+00   0.0000000e+00   0.0000000e+00   0.0000000e+00   0.0000000e+00   0.0000000e+00   0.0000000e+00   0.0000000e+00   0.0000000e+00   0.0000000e+00
  -1.7938988e-04   0.0000000e+00   0.0000000e+00   0.0000000e+00   6.2455353e-03   1.1023844e-01   2.0978970e-01   8.1189081e-03  -4.7944924e-02   1.7791342e-01   1.1809461e-01   3.4012942e-03   1.6512221e-01   5.8108442e-02   1.2141269e-01   1.1256437e-01   1.0644584e-03  -2.4640716e-02   1.7755542e-01   2.7887882e-01   9.6601735e-02   2.6012611e-01   2.7543721e-01   2.1443908e-01   1.3114527e-01  -5.2353233e-02  -5.6717421e-03   1.6847509e-01   1.7538732e-01   2.0821706e-01  -4.4928969e-02   1.3730753e-01   1.5332562e-01   1.3087686e-01   9.1001803e-02  -7.9542252e-02  -1.5352680e-02   1.5681932e-01   1.9701404e-01   2.1627756e-01   1.9358388e-01   1.9412876e-01   1.4650508e-02   1.1635801e-01   2.4216113e-01   1.7809910e-01   3.6973095e-02   1.2799935e-01  -3.7829668e-02  -9.8596212e-02   8.4754189e-03   2.0101779e-01   2.0023921e-01   1.5743361e-01   1.1610934e-01  -1.3548263e-02   4.8573926e-02  -9.9880303e-02   1.9382580e-01   1.3296854e-01   7.9102728e-02   5.3113982e-02   4.6807045e-02   1.1777355e-01  -4.0410570e-02   5.4595013e-02  -8.7734397e-02   1.9486372e-02   4.2123088e-02  -1.0582474e-03   2.5297269e-01   0.0000000e+00   1.9237712e-02  -1.7752863e-02  -8.6403481e-02   4.0384495e-02   7.9887494e-02  -4.1089300e-02  -6.0208128e-02  -5.5954456e-02  -7.3858780e-02   4.0598284e-03  -5.6650903e-02  -4.8616271e-02  -4.2076641e-02   3.6640901e-02   7.3963087e-02  -8.6729832e-02  -1.2512063e-01   5.0445961e-02   8.8726246e-02  -3.7224371e-02  -7.8370282e-03  -2.2946847e-01   8.4610869e-02   6.6766341e-02  -3.3446982e-02   1.3073336e-01   6.0135715e-02   4.9463415e-02   2.0317193e-02  -4.9885070e-02  -1.5270008e-01  -1.3987474e-02   8.9068358e-02   4.4932203e-02   3.7534269e-02  -5.6014812e-03   2.2189817e-02  -1.2812134e-02   1.5374223e-02   0.0000000e+00   0.0000000e+00   0.0000000e+00   0.0000000e+00   3.1429759e-02  -1.0299924e-02  -1.7895556e-02
   1.5694187e-02   0.0000000e+00   0.0000000e+00   6.2455353e-03   0.0000000e+00   3.7340382e-01   3.2717912e-02   1.0047186e-01   3.9339847e-03   1.7749475e-01   7.4264022e-02  -8.8402933e-02   5.3819317e-02   9.5258789e-02   1.0615398e-01   2.2501666e-01   1.9599993e-01   2.4827702e-01   2.3034255e-01   4.6414349e-03   1.5164399e-01   7.4066561e-02  -1.4168950e-01  -1.0511231e-01   1.3737279e-01   3.0846698e-01   3.3031576e-01   1.3028872e-01  -3.3233855e-02  -1.3200996e-01   4.5612889e-02   2.4699436e-02   2.5773849e-02   3.3191734e-02   1.1249986e-01   2.4251083e-01   1.1633236e-01  -4.2633551e-02   1.1999732e-01   4.4682948e-02  -1.4028908e-01  -7.8643027e-03   2.5666285e-01   1.3011997e-01  -9.2175687e-02   1.3324061e-01   4.5864412e-01   2.4217094e-01   1.6975520e-01   3.3785226e-01  -1.0651761e-01   1.4607580e-01   4.2117551e-02   2.2027102e-01   2.5546921e-01   1.8646859e-01   3.0052565e-01   3.7213455e-02   2.2559408e-01  -4.8507576e-03   1.0327580e-01   2.1688769e-01   8.4653499e-02  -7.5992772e-03   4.4048736e-02   2.0856427e-01   1.2050282e-01   2.9686933e-01  -3.6623973e-02   3.9557634e-01  -5.8658618e-02   0.0000000e+00  -1.9091151e-02   1.8998866e-01   5.3132416e-02   2.0833850e-02   1.2725484e-01   2.2384360e-01   3.9033593e-01   1.7891966e-01   4.7151724e-01   8.1219229e-02   2.5168674e-01   3.3944313e-01   2.3581611e-01   1.8946191e-02   2.7619665e-02   2.4422801e-01   2.7905809e-01  -5.5593226e-02  -1.1481112e-02   3.2324369e-01  -1.2902360e-02   1.9125433e-01   1.8766736e-01  -2.3945280e-02   1.4293310e-01   1.1546765e-02   1.8389295e-01  -1.8331053e-03   1.6250324e-01   1.0419568e-01   3.4205590e-01   1.6201998e-01   1.5697581e-01  -1.2751268e-02   2.7175184e-02  -4.6312891e-02   1.5023012e-01  -1.7713411e-02   1.8497800e-01   0.0000000e+00   0.0000000e+00   0.0000000e+00   0.0000000e+00   1.4369595e-01   1.4453841e-01  -9.1802701e-02
   2.5542051e-02   0.0000000e+00   0.0000000e+00   1.1023844e-01   3.7340382e-01   0.0000000e+00   3.8064820e-02  -4.6446584e-02   3.7368624e-02   1.6266636e-01   7.9479486e-02   3.0358485e-02   7.0662380e-02   7.0021483e-02  -2.3216563e-02   1.5074818e-01  -1.1309621e-02   1.4792403e-01   3.8345788e-01   5.0682297e-02   4.5600679e-02   2.6165408e-02  -1.6244464e-03  -2.6509070e-02   4.1743160e-02   1.1945761e-01   1.5711982e-01   8.4925128e-02  -1.3265810e-02  -1.0212063e-01   6.9892947e-02  -6.5491020e-02  -2.1033578e-02  -7.5908784e-02  -3.0216578e-02   2.8294407e-02  -4.6800990e-03   3.4775783e-02   1.4256636e-01   4.1863333e-02  -5.8434167e-02   8.3310057e-03   1.0604994e-01   8.0271548e-02  -3.1310234e-02   7.1035931e-02   2.0616003e-01   2.0109009e-01   6.8822861e-02   2.9950101e-01   9.3631287e-02   1.5110641e-01   5.7453274e-02   1.7866486e-01   1.4135461e-01   4.5360173e-02   1.9996865e-01   1.0586222e-01   2.2297474e-01   1.1441940e-02   9.7002324e-02   1.2627086e-01   8.8011022e-02  -3.2296728e-02  -7.0357665e-02   1.9385107e-01   8.2017731e-03   5.6110126e-02   5.6519681e-02   1.6069627e-01   2.8098067e-02   0.0000000e+00  -1.2654187e-01   2.7859748e-01   3.2003823e-02  -3.9728005e-02   8.4366253e-02   7.7728382e-03   1.8448579e-01   1.3895454e-01   2.3415223e-01   1.2063460e-01   1.8555545e-01   1.7643883e-01   1.9143854e-01   1.0188748e-01   1.0594779e-01   2.6722532e-01   1.9252924e-01   4.4760586e-02   5.5702518e-02   1.0727270e-01  -4.0304838e-02   1.1491291e-01   1.1442439e-01  -2.0367576e-02   3.7653942e-03  -1.2828735e-02   8.4484706e-02  -3.0409567e-02   4.0016169e-03   1.0115329e-02   1.7621454e-01   1.0398194e-01   4.6642025e-02  -8.8135594e-03   6.2172804e-02   1.5987407e-02   5.6938978e-02   5.6836799e-02   3.8199923e-02   0.0000000e+00   0.0000000e+00   0.0000000e+00   0.0000000e+00   5.8082173e-02   1.0558818e-01  -7.2628166e-02
   2.2714515e-01   0.0000000e+00   0.0000000e+00   2.0978970e-01   3.2717912e-02   3.8064820e-02   0.0000000e+00   9.1262425e-02  -4.8707235e-02   8.0626256e-02   1.3363673e-01   6.4157873e-02   1.0113566e-01  -6.0500842e-02   2.6850350e-01   2.2592735e-01   9.0122105e-02   8.2979850e-03   1.9529903e-01   1.7517366e-01   1.1197386e-01  -7.9189122e-03   1.6548031e-01   1.8165313e-01   5.6477140e-02  -6.9340691e-03   4.8287662e-02   1.2681199e-01   1.7888341e-01   2.3589371e-01  -9.3841136e-03   1.4181605e-01   1.9631259e-01   2.4929911e-01   1.5760615e-01   1.7404452e-01   1.2514329e-01   2.3824236e-01   3.7932092e-01   3.0676654e-01   2.6742899e-01   1.3399838e-01   1.9463500e-01   2.9107432e-01   2.3267852e-01   1.8329289e-01   7.4297872e-02   3.8683204e-02   3.0045428e-03  -5.5300514e-02   2.1933750e-02   1.9133209e-01   1.6106681e-01   1.2197924e-01   1.7445033e-01   1.1446590e-01  -2.8310236e-02  -6.3789343e-02   1.2417144e-01   1.4033409e-01  -7.1203898e-02  -1.0334178e-01  -8.3609852e-02   1.5609003e-01  -3.6296412e-02   2.6241006e-01  -4.9785053e-02   5.6491131e-02   1.4041175e-01  -9.9200976e-02   4.2534952e-02   0.0000000e+00   3.1772569e-01  -4.0240382e-03   3.9886082e-02   6.7531670e-02   1.6992587e-02   2.0412160e-02  -1.3852026e-01   1.1722595e-02  -5.8051650e-02  -4.7455113e-02  -1.3400019e-01   2.3664959e-03  -1.1158644e-01   4.5540319e-02   1.1794629e-01  -7.3927972e-02   3.4112571e-02   1.0758305e-01   5.8679269e-02  -9.1499991e-02  -8.2823783e-02   6.1786599e-02   2.3707447e-01   1.3723424e-01  -4.0408207e-02   1.4793379e-01   1.7798085e-01   8.8563837e-02   1.0513277e-01   2.1977617e-02  -2.9852064e-02   1.8555940e-02  -8.0103807e-02   9.4754824e-03  -5.2198358e-02   3.1247965e-02  -3.2247259e-02   6.0768812e-02   9.0857217e-02   0.0000000e+00   0.0000000e+00   0.0000000e+00   0.0000000e+00   7.7103793e-02  -8.5750468e-02  -8.8436805e-02
   2.5385774e-02   0.0000000e+00   0.0000000e+00   8.1189081e-03   1.0047186e-01  -4.6446584e-02   9.1262425e-02   0.0000000e+00   4.0209079e-03   5.8105887e-02  -1.7846454e-01  -4.2561125e-02  -7.0987333e-02  -8.1140461e-03   4.3590623e-03  -4.8936048e-02   2.1627386e-01   6.8643237e-02   2.6838943e-02   4.6027077e-03   3.4230828e-02   2.5677698e-04   4.8068351e-02   2.3111131e-02  -1.6899534e-02   6.4112945e-02  -2.7203046e-04  -3.2004692e-02  -1.3276270e-01  -1.4789795e-02  -2.4552629e-02  -2.8674080e-02  -7.4900497e-02  -9.9089814e-03   5.4049127e-03   9.0174737e-02  -1.4455321e-02  -1.6004893e-02   3.9414634e-02   5.4608506e-02   4.2248530e-03   9.3564266e-02   5.3537024e-02   8.4091595e-02  -6.6233611e-02  -5.4004419e-02   9.0897861e-02   1.2392761e-01   7.9678475e-02   3.3556366e-03  -7.6967329e-02  -1.0727265e-01  -8.4473055e-02   7.7999849e-02  -1.0076100e-02   4.6590198e-02  -1.0631667e-01   6.6388845e-02   7.8036779e-03   6.4700715e-02   3.0012624e-02   4.6963786e-02  -8.2238169e-03   4.1692403e-02   5.2331835e-02   4.8236634e-02   1.2035376e-01   6.0968499e-02   6.3229452e-02   2.5128729e-02   1.3416350e-02   0.0000000e+00  -1.7933723e-02  -1.1200140e-02  -2.1742670e-02   1.0159869e-01  -1.4422809e-02   1.1387605e-01  -1.1310455e-02   8.5300367e-02   8.2322771e-02  -2.9157532e-02   9.5108740e-02   1.5522349e-02  -4.7421618e-02  -1.1404352e-01  -2.5251590e-02   5.5827577e-02   5.8211482e-02   3.2478939e-02   1.7016301e-02  -4.8075882e-02   6.6571331e-02   9.0099108e-02   1.1390846e-01   5.6063420e-02  -6.7452563e-02   1.6379411e-02   7.0435769e-02   5.1720093e-02  -3.5732308e-02   2.3025687e-02   3.2576547e-02   1.1676518e-02  -2.0310224e-02   5.6604982e-02  -3.3677880e-02  -5.1169781e-02   3.1683797e-02  -1.0581507e-01   2.8060783e-02   0.0000000e+00   0.0000000e+00   0.0000000e+00   0.0000000e+00   6.3704120e-01   6.7754207e-02  -2.4952387e-02
  -7.2597619e-02   0.0000000e+00   0.0000000e+00  -4.7944924e-02   3.9339847e-03   3.7368624e-02  -4.8707235e-02   4.0209079e-03   0.0000000e+00   1.0347349e-01  -2.3249084e-02   2.1186229e-01  -1.2320296e-01  -7.3824701e-02  -9.0713923e-02   3.3696648e-02  -2.6544171e-01  -1.0307578e-01   7.1039927e-02  -8.2630382e-02  -8.0180851e-02  -9.2892095e-02  -3.1598671e-02  -5.8323299e-02  -1.2606273e-01  -4.2273275e-03  -1.5456878e-01  -3.3330924e-02  -1.3627497e-01  -6.7337192e-02  -7.9390429e-03  -3.6759977e-03  -1.1296660e-02  -1.4231599e-02   1.1901698e-01  -3.1074880e-03  -6.1207290e-02   9.7817655e-02   5.6090518e-02   1.6981998e-01   3.7408286e-02   4.0249281e-02   8.5876460e-02   9.9119544e-02  -2.7305229e-03  -3.4110587e-02  -3.9264828e-02   1.0870954e-01   1.7045175e-01   9.1035596e-02   5.2146446e-02   1.3918657e-01   3.0305260e-02   2.1702414e-02   5.7433235e-02  -9.1409553e-02  -2.8999353e-02   4.5612241e-01   1.0843852e-01   1.1734240e-02  -1.1904512e-01  -2.2345101e-02  -4.4149774e-02  -4.3016418e-02   1.2078566e-01   1.7587513e-02   3.1139295e-01  -8.3013965e-02   1.8167239e-01   3.9174668e-02   1.0065531e-01   0.0000000e+00  -2.2772681e-01   2.4110017e-01  -9.1818227e-02   9.0140706e-03   2.9714630e-01   2.1564386e-02  -2.1261484e-02   1.0462714e-01  -7.1443307e-02   1.5321972e-01  -2.0760868e-02   3.2005662e-02   2.5854335e-02   1.3919194e-01   1.2466925e-01   2.2905543e-02   3.0748771e-03   2.1913337e-02   1.7807764e-01  -2.4366627e-02  -2.0525339e-02  -5.0345787e-03   8.0590210e-02  -1.1494377e-01   1.9498651e-01   1.4349121e-01   5.6733554e-02   1.4699395e-01  -1.0509757e-02   5.3094166e-02   1.2907995e-01   3.1709376e-02  -6.7173095e-02   9.3560614e-02   9.8234052e-02   3.7052757e-01  -6.3048186e-02   1.8960833e-01   2.1129609e-01   0.0000000e+00   0.0000000e+00   0.0000000e+00   0.0000000e+00   6.9214900e-02   1.2309861e-01   3.0213494e-02
   7.0480935e-02   0.0000000e+00   0.0000000e+00   1.7791342e-01   1.7749475e-01   1.6266636e-01   8.0626256e-02   5.8105887e-02   1.0347349e-01   0.0000000e+00   1.4224958e-01  -7.4996839e-03   1.0547123e-01   7.7678123e-02   6.0677713e-02   2.9339308e-01  -7.7075047e-02   8.0954402e-02   3.2188915e-01   2.0804419e-01   1.0847208e-01   1.4218817e-01   1.8533000e-01   1.1627607e-01   1.3544431e-01   2.3088107e-01   9.6709861e-02   4.9970371e-02   8.5386739e-02  -4.2033683e-02   1.2533459e-01   4.4215516e-02   6.5829199e-03  -9.4991133e-02   7.6819017e-02   7.1757118e-02  -3.1721841e-02   1.3416274e-01   1.4091643e-01   2.0539464e-01   7.7781149e-02   6.9144645e-02   5.3305028e-02   9.2476723e-02   1.6310899e-01   8.5587810e-02   1.3897414e-01   1.3198029e-01   5.9381344e-02   5.6268902e-02   2.4981740e-02   1.7341499e-01   1.3112024e-01   2.3532093e-01   1.7225782e-01   4.9228555e-02   1.1531455e-01   5.4583876e-02   1.3365402e-01   1.5364516e-01   1.4846776e-01   1.4290396e-01   1.4839377e-01  -2.1937495e-02  -1.3020396e-01   2.1912740e-01  -7.4212544e-02   1.5238666e-01  -2.7032495e-02   1.0508443e-01   2.8715851e-02   0.0000000e+00  -1.6989591e-01   3.0627464e-01  -1.9895982e-01  -2.0395265e-03  -1.7703636e-02   1.1554514e-01   6.8777162e-02   1.7678359e-01   1.4437329e-01   1.3564359e-01   1.8468366e-01   1.6587992e-01   1.7456984e-01   2.2087618e-01   1.1788128e-01   2.1881587e-01   5.6641696e-02   3.1443500e-02  -5.7685775e-02   4.4103940e-02  -4.2043268e-02  -5.1195266e-03   1.6386535e-01  -6.0956150e-02  -6.4508883e-02  -6.3285453e-02   6.3022589e-03  -4.6214282e-02   6.3825151e-02   4.5245198e-02   1.4662631e-01   1.9736517e-01   7.0107128e-02   1.2859613e-01   1.0060671e-01  -3.3598687e-02   1.2173989e-01   7.1187084e-02   1.6499909e-02   0.0000000e+00   0.0000000e+00   0.0000000e+00   0.0000000e+00   1.1575423e-01   6.3038672e-02   3.8749081e-02
  -4.4633214e-02   0.0000000e+00   0.0000000e+00   1.1809461e-01   7.4264022e-02   7.9479486e-02   1.3363673e-01  -1.7846454e-01  -2.3249084e-02   1.4224958e-01   0.0000000e+00  -6.1282520e-02   2.4579920e-01   8.5975008e-02  -3.6681441e-04   1.0758149e-01   8.3202384e-02   9.4935904e-02   1.7801749e-01   1.0069701e-01   1.8636228e-01   1.4408586e-01   5.3517181e-02   1.1850837e-01   1.8354783e-01  -5.1408076e-03   2.2929497e-01   2.1467141e-01   2.4353637e-01   1.8296815e-01   1.8688317e-02   2.1198714e-01   2.8790479e-01   9.4378002e-02   9.4418026e-02   1.1687992e-01   1.4413148e-01   2.1914622e-01   2.4338392e-01   1.3284148e-01   1.9508988e-01   1.2771734e-02   4.8197404e-02   1.1491809e-01   2.6180072e-01   2.4451627e-01   1.6020736e-01   5.2601251e-02  -7.7033722e-02   4.0478735e-02   4.8142811e-02   3.4345600e-01   1.2261327e-01  -3.6635669e-03   6.7930266e-02   9.7521618e-02   1.9049566e-01  -1.5850264e-01   1.7841203e-01  -3.0059813e-03  -7.2321466e-02   8.1311823e-02  -4.1840230e-02  -1.7738655e-01  -1.3694111e-01   5.9918301e-02  -2.4457105e-01   5.5602627e-02  -1.7928217e-01   5.2097823e-02  -1.3102337e-01   0.0000000e+00  -5.6535449e-02   1.2437030e-01   1.0699960e-01  -2.0130066e-01  -1.2625287e-01  -5.0095540e-02  -1.6930441e-02  -1.5347282e-01  -2.1850972e-02   3.2614245e-02  -5.9659852e-02   1.1526850e-01   1.3952289e-01   1.7034123e-01   5.4864428e-02  -1.3484796e-01  -2.6880609e-02  -4.8404715e-02  -2.2822856e-02   6.6745889e-02  -5.9773381e-02  -1.0469007e-01  -9.7270269e-02  -8.2562955e-02   2.8861844e-02  -7.5809632e-03   2.4921741e-02  -3.3935982e-02   1.2904729e-01  -6.7241909e-02   7.7021857e-02   3.4956839e-02  -1.1091955e-02  -5.3335940e-02  -1.8672004e-02  -1.5311522e-01  -2.1657703e-02   7.0680082e-02  -7.3347597e-02   0.0000000e+00   0.0000000e+00   0.0000000e+00   0.0000000e+00  -2.4294660e-01  -1.8163615e-01  -1.3191096e-01
   2.7211234e-01   0.0000000e+00   0.0000000e+00   3.4012942e-03  -8.8402933e-02   3.0358485e-02   6.4157873e-02  -4.2561125e-02   2.1186229e-01  -7.4996839e-03  -6.1282520e-02   0.0000000e+00  -1.7860470e-01  -9.8243959e-02  -1.1637492e-01  -9.1183241e-02  -9.8532751e-02  -2.4198077e-02   4.1217156e-02   2.3065307e-02  -9.3500797e-02  -8.6529421e-02   2.7900116e-02  -4.0676770e-02  -2.9986558e-02  -4.1977225e-02  -5.4032671e-02   1.0339492e-01  -1.3520365e-01   6.6555580e-02   6.0028959e-02  -6.9908062e-02  -1.2399316e-02   3.7828272e-03   1.8740248e-01  -9.9881214e-02  -1.0988017e-01   8.5714526e-02   5.5522156e-03   1.1035502e-01   1.5032160e-01   4.8386977e-02  -7.5451299e-03   4.1415121e-02   1.4424138e-02  -1.4812324e-01  -9.4357579e-02   3.0661794e-02   1.1146298e-02  -1.8104995e-02   7.5009133e-02   7.3918014e-03   8.9191887e-02   6.6938305e-02  -1.1250324e-02  -4.2879143e-03  -3.5802101e-02   8.5934623e-02  -1.6157475e-02   7.8075846e-02   2.7130371e-03   2.5456934e-02  -4.0330094e-02   2.2612020e-01  -8.4813322e-03   1.0894094e-01   6.8978617e-02  -5.3491070e-02   1.6496497e-01  -5.4386628e-02   1.1338573e-01   0.0000000e+00   1.8118087e-01   7.6032714e-02   2.4262408e-01   5.8001115e-02   2.3048834e-01   6.2846534e-02  -5.1087584e-02   8.1105809e-02  -3.1634121e-02   1.2949118e-01  -4.3250212e-02   1.0544991e-01  -4.7577240e-03   3.8680683e-02  -1.5348470e-02   1.1137363e-02  -4.4320269e-02   9.1679217e-02   1.2631128e-01  -5.4515133e-02   1.4381525e-01  -6.0939631e-03   4.5115632e-02   2.0265469e-01   1.5113203e-02   1.2131024e-01  -1.2666901e-02   1.6595100e-01  -1.4220422e-03   7.5187910e-02   3.0703851e-03   1.5784834e-01  -9.0767410e-02  -3.6908696e-02  -4.2845802e-02   6.6190507e-02  -1.3405203e-01   1.4077931e-03  -1.1088720e-02   0.0000000e+00   0.0000000e+00   0.0000000e+00   0.0000000e+00   3.6647109e-02   7.4519821e-02   1.1975643e-02
  -1.4818224e-01   0.0000000e+00   0.0000000e+00   1.6512221e-01   5.3819317e-02   7.0662380e-02   1.0113566e-01  -7.0987333e-02  -1.2320296e-01   1.0547123e-01   2.4579920e-01  -1.7860470e-01   0.0000000e+00   1.2413250e-01   2.2492666e-01   1.9420859e-01  -8.0672768e-04   1.5268153e-01   2.7472301e-02   5.1491103e-01   4.9149452e-01   4.0015875e-01   1.2606286e-01   3.2314850e-01   3.4649653e-01   1.2360104e-01   2.0885551e-01  -2.0910007e-02   5.4077604e-01   3.7272300e-01   4.5798248e-01   1.5354102e-01   3.5815192e-01   3.2925490e-01   1.2468725e-01   8.2684145e-02   5.2583523e-02   1.2273894e-01   2.3923912e-01   2.6002852e-01   3.4425221e-02   1.4898638e-01   2.3416664e-01   8.2671520e-02   5.4920295e-01   3.5098242e-01   9.5054632e-02   1.1251971e-01   2.0809634e-01   1.6442092e-01   2.3147969e-01   3.0262553e-01   8.1169652e-02   7.7113052e-02   1.5538716e-01   3.7831463e-01   1.7402519e-01  -4.1210005e-02   1.0564274e-01   2.4124483e-01   9.8017281e-02   1.8768546e-02   2.4547443e-03   1.9519655e-02   3.3114234e-02   2.1446836e-01  -9.8860983e-02   8.6010060e-02  -6.9874645e-02   1.7424006e-01   4.8140152e-03   0.0000000e+00  -4.1623486e-02   2.9052858e-02  -1.0537830e-01  -7.2661022e-02  -1.9305516e-01  -1.8397020e-01  -2.5880369e-02  -1.2231932e-02  -5.2171873e-02  -9.4472297e-03  -2.0192880e-02   2.7795962e-01   5.1546581e-02   2.3235407e-01   1.2832001e-01  -6.8912889e-02  -1.0640857e-01   1.8662422e-01  -1.3437855e-01   3.2943489e-02  -1.2351071e-01  -6.5824898e-04  -3.1067955e-02  -1.0651731e-02   1.1924680e-01  -1.4781013e-01  -1.3858420e-01  -6.7301103e-02   1.2311701e-01  -1.9732212e-01  -1.0181405e-02  -7.0756253e-02   3.5508996e-02   9.9737884e-02  -1.0747783e-01  -1.0960283e-01   3.3913851e-02  -3.5459529e-02   2.4526441e-01   0.0000000e+00   0.0000000e+00   0.0000000e+00   0.0000000e+00  -1.4384538e-01  -9.4583228e-02  -2.0801525e-01
  -7.0677529e-02   0.0000000e+00   0.0000000e+00   5.8108442e-02   9.5258789e-02   7.0021483e-02  -6.0500842e-02  -8.1140461e-03  -7.3824701e-02   7.7678123e-02   8.5975008e-02  -9.8243959e-02   1.2413250e-01   0.0000000e+00  -9.0050872e-02   1.0020447e-01   4.9033111e-02   1.4580169e-01   5.0696687e-04   1.1355500e-01   2.5445824e-01   4.9049840e-01   4.5304141e-01   2.2953036e-01   4.4825600e-01   3.0969992e-01   2.2417214e-01   2.8459593e-01  -1.4530768e-01   4.6697584e-02  -4.4241551e-02   2.3401191e-01   2.2546694e-02  -1.7987903e-01   1.2142227e-01   2.2000067e-01   4.2534229e-02   8.7431553e-02   1.4062643e-01   1.1054854e-01   1.1526211e-01   1.7309162e-01  -4.6823296e-02  -9.5289919e-02   1.6909353e-03  -8.2230489e-02   1.5346561e-01  -9.6989213e-03   1.0688414e-02   6.7326523e-02  -1.0230598e-01   1.0961566e-01  -6.5783978e-02   2.0429288e-01   5.8373097e-02   5.3374508e-02   2.6210779e-01  -5.9534507e-02   6.1707289e-02   8.9787752e-02   3.9113677e-01   5.3141817e-01   5.5144820e-01  -1.5092982e-01  -5.4225246e-02   1.3884955e-01  -1.6656330e-01   3.4003689e-01  -2.2032932e-01   3.9061940e-01   2.0527325e-01   0.0000000e+00  -1.1183912e-01   1.2498218e-01   3.7889169e-02   6.7335529e-03  -1.2601596e-01   9.7628085e-02   5.2249121e-01  -1.1770299e-02   3.0504698e-01   3.6718282e-01   4.7902634e-01   6.9747378e-02   2.7961611e-01  -1.2785582e-01  -1.9192741e-01   1.8804996e-01  -9.9996013e-03  -4.8462596e-02  -2.0635856e-01   4.4615554e-01   3.7727998e-02   1.2519480e-01  -3.6502876e-02  -1.5954292e-01  -1.4172288e-01  -1.1214725e-01  -3.1384908e-02  -8.8615269e-02   9.2578754e-02   5.7577829e-02   7.0615435e-02   3.7665526e-02   3.1024087e-01   1.5995623e-01   8.7213272e-02  -1.5415749e-01   2.6554695e-01  -2.6495619e-02  -1.6872490e-01   0.0000000e+00   0.0000000e+00   0.0000000e+00   0.0000000e+00   4.2977019e-03   1.2322050e-01   4.3902647e-01
   9.8668462e-02   0.0000000e+00   0.0000000e+00   1.2141269e-01   1.0615398e-01  -2.3216563e-02   2.6850350e-01   4.3590623e-03  -9.0713923e-02   6.0677713e-02  -3.6681441e-04  -1.1637492e-01   2.2492666e-01  -9.0050872e-02   0.0000000e+00   4.9915458e-01  -1.3008321e-01   1.4631912e-02   1.2733681e-01   5.6692367e-02   8.4462148e-02   3.6561094e-02   1.5873141e-02   1.1758438e-02   6.2690385e-02   5.6972310e-02   2.1549273e-02  -1.1925148e-03   2.5838643e-01   1.0722744e-01   9.1595766e-02   7.1579598e-02   1.3200358e-01   3.0602448e-01   4.0821097e-04   1.7158349e-01   1.5322732e-01   3.4169694e-03   1.9129583e-01   1.1480605e-01   7.9337424e-02   1.5181914e-01   1.7439874e-01   1.9785292e-01   1.9862604e-01   3.5599567e-01   6.8492547e-02   9.2090296e-02   9.7826204e-02  -1.7650314e-02   3.3004638e-02   1.7762945e-01   1.3810042e-01   1.2261392e-01   3.9521120e-01   3.3428170e-01   3.9360530e-02  -5.0551363e-02   3.1423942e-03   2.8797985e-02  -6.1966022e-02  -1.1530911e-01  -2.1718625e-02   2.0201688e-01  -3.2543246e-02   8.6457183e-02  -1.1235411e-01   3.1128639e-02  -2.6416954e-02   7.8720025e-02  -5.0575748e-02   0.0000000e+00   1.5532576e-01  -1.1619791e-02   1.6470294e-02   2.0290280e-02  -5.3797549e-02  -5.0631582e-03  -2.6523154e-02  -1.2538528e-02  -4.0457658e-02  -1.3906290e-01  -1.4010553e-01   3.0318451e-02  -3.0990256e-02   4.4859264e-02   7.5634542e-02  -7.5048143e-02  -5.0921812e-03  -3.2702705e-02  -1.2885752e-01  -4.6249850e-02  -4.6786540e-02   4.0125257e-02   1.2884538e-01   1.7782206e-01   1.0145311e-01  -2.9399399e-02   6.8586931e-02   2.1093640e-03   1.5674158e-01  -2.9877504e-02  -1.8012082e-02   2.4516701e-02   3.7686627e-02   7.1497172e-02   3.5282607e-02  -5.1474243e-03   3.3989652e-02  -3.5489092e-02   1.7230840e-01   0.0000000e+00   0.0000000e+00   0.0000000e+00   0.0000000e+00  -3.4824347e-02  -6.9471748e-02  -1.2631282e-01
   6.0535624e-02   0.0000000e+00   0.0000000e+00   1.1256437e-01   2.2501666e-01   1.5074818e-01   2.2592735e-01  -4.8936048e-02   3.3696648e-02   2.9339308e-01   1.0758149e-01  -9.1183241e-02   1.9420859e-01   1.0020447e-01   4.9915458e-01   0.0000000e+00  -1.8238914e-01   1.1820432e-01   2.6804846e-01   5.9019818e-02   1.3352257e-01   1.3981448e-01   7.3156566e-02   7.6354752e-02   2.2558854e-01   2.1686685e-01   1.1293722e-01   1.1720511e-01   1.6172441e-01   7.7222538e-02   1.5070020e-01   1.2798543e-01   2.7507471e-01   1.3488888e-01   5.7663671e-02   2.1629584e-01   3.3778561e-01   7.3695405e-02   2.7289173e-01   2.0141488e-01   1.5610621e-01   1.3420049e-01   2.4088158e-01   1.2684664e-01   1.2508719e-01   2.7774637e-01   2.4365671e-01   2.1305992e-01   2.1674076e-01   2.1386047e-01   7.8622141e-03   3.4308641e-01   1.3285595e-01   3.8648175e-01   6.5053712e-01   3.2192026e-01   1.9845802e-01   7.9950461e-02   1.9386283e-01   1.4000606e-01   4.7306109e-02   6.6925121e-02   1.0032157e-01   7.7698234e-02  -2.8381640e-02   3.5424300e-01  -5.1309352e-02   1.8292032e-01  -1.3808155e-01   1.5401059e-01  -5.7278298e-02   0.0000000e+00   2.6983310e-02   1.8221550e-01  -6.4396889e-02  -1.1198755e-02  -7.4369168e-02   1.4570102e-03   1.5722584e-01   7.3548974e-02   1.1118807e-01  -1.7728043e-02   4.4215715e-02   9.1207200e-02   2.9360266e-01   1.4374109e-02  -1.0223590e-01   6.9009490e-02  -5.2226300e-02  -8.6988941e-02  -1.8361560e-01   1.4174852e-01  -1.0884783e-01   9.2925071e-02   1.7201053e-01   1.0745550e-02   1.0946709e-01  -4.4353614e-02   5.4761197e-02  -2.1088523e-02   1.8470660e-01   3.8165774e-02   1.5288204e-01   1.9238682e-01   1.9795894e-01   1.3553531e-01   6.1638545e-02   1.2363988e-01   2.4475784e-01   1.4216699e-01   1.7758656e-01   0.0000000e+00   0.0000000e+00   0.0000000e+00   0.0000000e+00   8.3934285e-03  -6.2943726e-02  -1.4488932e-02
   4.7902380e-02   0.0000000e+00   0.0000000e+00   1.0644584e-03   1.9599993e-01  -1.1309621e-02   9.0122105e-02   2.1627386e-01  -2.6544171e-01  -7.7075047e-02   8.3202384e-02  -9.8532751e-02  -8.0672768e-04   4.9033111e-02  -1.3008321e-01  -1.8238914e-01   0.0000000e+00   3.4134882e-01  -8.2549614e-02   1.1260833e-01   1.2190123e-01  -9.7003748e-03  -7.9882030e-02   2.8254521e-02   1.5286288e-02   1.0390921e-01   1.4272461e-01   7.6398678e-02   4.8006337e-02   7.4224077e-02   4.3111533e-02  -4.0454244e-02  -1.1330139e-02   5.4059054e-02   4.4425884e-02  -2.7961345e-03   5.3665659e-02  -2.9922315e-02  -9.5711604e-02   4.6610472e-03  -3.3094764e-02  -1.5598700e-01   4.0044765e-02  -3.0111830e-02  -9.5340349e-02  -9.7284696e-02   1.9714910e-01   3.3248430e-02   7.5168835e-02   7.8430360e-02   1.5060109e-02  -6.1716488e-02  -1.3935217e-01   2.8339145e-02  -7.3126718e-02   1.0326034e-01  -3.5829107e-03  -2.1431820e-01   8.1295422e-02  -1.3589104e-02   7.4846970e-02   7.5354710e-02   1.8446247e-02  -2.6906859e-02   3.7710180e-02   8.7336364e-02   4.9240706e-02   1.5605456e-01   1.4117230e-01   6.5456007e-02  -3.5394427e-02   0.0000000e+00   1.5479652e-02  -1.2576912e-01   1.7439767e-01   1.6844152e-01   1.0728676e-02   5.9821742e-02   4.9696881e-02   4.4585536e-02   1.2132021e-01   4.1997336e-02   1.4479719e-01   8.4431572e-02  -5.9065889e-02  -1.7852111e-01   2.4520088e-02   5.5611517e-02   1.8688265e-01   1.7862678e-01   8.9186687e-02   9.9822006e-02   8.8168679e-02   3.5816989e-02   1.5293467e-02   6.4340918e-02  -7.2799193e-02   1.7412785e-02   2.1223347e-02   1.2602356e-04  -2.6263910e-02  -3.6086957e-02   5.7541509e-02  -6.1159526e-02  -9.0757060e-03  -2.2500126e-02  -9.2071195e-02  -1.3786422e-01  -1.9594553e-02  -1.0072573e-01  -4.8690746e-02   0.0000000e+00   0.0000000e+00   0.0000000e+00   0.0000000e+00   1.2712579e-01   6.4002764e-02  -9.7984045e-03
   8.0929745e-02   0.0000000e+00   0.0000000e+00  -2.4640716e-02   2.4827702e-01   1.4792403e-01   8.2979850e-03   6.8643237e-02  -1.0307578e-01   8.0954402e-02   9.4935904e-02  -2.4198077e-02   1.5268153e-01   1.4580169e-01   1.4631912e-02   1.1820432e-01   3.4134882e-01   0.0000000e+00   1.4344904e-01   1.0632898e-01   1.8092624e-01   1.2412347e-01  -5.7324011e-02  -9.9623389e-02   1.6790418e-01   2.6659535e-01   4.0895444e-01   3.6996437e-03   1.2069831e-02  -1.8447451e-04   2.6925372e-01  -5.8566336e-02   7.7394331e-02   4.3897370e-02   1.3658501e-01   1.8225082e-01   1.2903384e-01  -2.7605049e-03   7.8147200e-02   7.1587424e-02  -1.6192865e-01  -3.1904836e-02   2.6225939e-01   3.3373043e-02  -3.1517320e-02   9.3497702e-02   3.7020099e-01   2.3223049e-01   3.4051650e-01   2.9949221e-01   2.1781522e-01   1.9630675e-01  -4.2483903e-02   1.4723627e-01   9.7548721e-02   3.0074786e-01   3.4939657e-01   3.7062696e-02   1.8044117e-01   1.4899898e-02   9.8464249e-02   2.2666516e-01   8.7475072e-02   1.1418831e-01  -7.1229753e-03   2.6874340e-01   1.3582765e-02   2.5441706e-01  -3.9687740e-02   3.9785248e-01  -1.2324113e-01   0.0000000e+00   6.3782603e-02   1.5154800e-01   1.8114917e-01  -3.1921930e-02  -7.3753833e-03   9.9621474e-02   3.1442077e-01   2.2546481e-02   2.6673154e-01   9.5903674e-02   2.1023263e-01   3.9614691e-01   3.0429184e-01   7.7758873e-02  -3.8901698e-02   9.5268826e-02   1.3852865e-01   9.6120095e-03  -8.7373852e-02   3.3852770e-01  -6.2569713e-02   1.8631126e-01   7.0508176e-03  -6.7549729e-02   1.2165013e-01  -1.2465323e-01   2.2946476e-02  -7.9082574e-02   1.2532278e-01   6.7634068e-03   3.0631738e-01   3.1487369e-02   1.7684967e-01   4.1224111e-02   1.7880507e-02  -1.1196467e-01   1.4516054e-01  -6.0534729e-02   1.2823076e-01   0.0000000e+00   0.0000000e+00   0.0000000e+00   0.0000000e+00   3.1350493e-02   6.4066059e-02   2.9509372e-04
   1.7127942e-01   0.0000000e+00   0.0000000e+00   1.7755542e-01   2.3034255e-01   3.8345788e-01   1.9529903e-01   2.6838943e-02   7.1039927e-02   3.2188915e-01   1.7801749e-01   4.1217156e-02   2.7472301e-02   5.0696687e-04   1.2733681e-01   2.6804846e-01  -8.2549614e-02   1.4344904e-01   0.0000000e+00  -3.3412647e-03   8.7823526e-02   5.8726532e-02   6.6482013e-02  -2.3100652e-02   8.1140774e-02   1.4574863e-01   1.5014044e-01   9.3117320e-02   2.1895206e-02  -6.6496437e-02   9.9448853e-02   3.8945112e-02   1.0618994e-02  -6.7825278e-02   1.3417426e-01   2.1311494e-01   8.9840085e-02   1.2659632e-01   3.0905875e-01   1.3634625e-01   2.0506123e-02   1.3723369e-01   1.9471999e-01   3.3931004e-01   5.0765672e-02   2.2557737e-01   2.3068325e-01   3.6496571e-01   4.1157293e-02   1.5454481e-01   8.1352190e-02   1.9888353e-01   1.9628951e-01   3.0843006e-01   1.2716502e-01   9.4652556e-02   2.2840698e-01   1.3096738e-01   3.4278624e-01   7.5927578e-02   6.7317765e-02   1.8021240e-01   8.0282392e-02   2.6942593e-02  -2.6654570e-02   1.4015837e-01  -2.8450739e-02   7.9848895e-02   1.1090807e-03   1.1338349e-01  -3.5622934e-02   0.0000000e+00  -2.2362404e-02   3.0184396e-01  -1.9922282e-02  -1.0003410e-02   1.2704066e-01   1.2083335e-01   1.1666725e-01   1.6544734e-01   1.5833747e-01   1.8689879e-02   5.0019083e-02   1.6006824e-01   2.0437158e-01   1.5582167e-01   2.2004404e-02   1.5588989e-01  -5.6873709e-05  -5.0209517e-02   4.6988751e-02   1.0849095e-01  -2.3139443e-02   1.6357091e-01   3.3672586e-01   5.9810891e-02   1.1411528e-01   1.9710757e-01   2.6370625e-01   8.2580412e-02   2.1067875e-01   2.1791620e-01   2.7264557e-01   2.1715743e-01   1.2827834e-01   2.7979481e-02   8.9185742e-02   6.9632036e-02   2.0179660e-01   5.6402718e-02   1.0109851e-01   0.0000000e+00   0.0000000e+00   0.0000000e+00   0.0000000e+00   1.0460137e-01   2.7355039e-02  -1.0916293e-02
  -9.5231242e-02   0.0000000e+00   0.0000000e+00   2.7887882e-01   4.6414349e-03   5.0682297e-02   1.7517366e-01   4.6027077e-03  -8.2630382e-02   2.0804419e-01   1.0069701e-01   2.3065307e-02   5.1491103e-01   1.1355500e-01   5.6692367e-02   5.9019818e-02   1.1260833e-01   1.0632898e-01  -3.3412647e-03   0.0000000e+00   1.2763584e-01   3.3595137e-01   3.1619076e-01   3.2492974e-01   1.0307602e-01  -3.7370417e-02  -2.9917504e-03  -9.2961197e-02   2.5802162e-01   3.3824108e-01   2.8322819e-01  -4.6058328e-02   4.4228230e-02   1.0343192e-01   1.2842835e-01  -2.4029783e-01  -3.4051351e-01   7.8318008e-02   4.8197830e-02   3.0173525e-01   1.0377211e-01   7.2877296e-02   1.3835970e-01   3.0788213e-02   4.9122988e-01   7.7458379e-02  -5.8200334e-02   9.2699066e-02   1.9218660e-01  -3.6180260e-02   2.5398506e-01   2.1040246e-02   1.1557123e-01   8.0792741e-02   5.4280582e-02   1.7479449e-01   1.2532340e-02  -7.4142396e-02   6.6611144e-02   2.4565112e-01   2.5151182e-01   5.4650413e-02  -3.1048603e-02   1.1684112e-01  -6.6771352e-02   9.3422155e-02   2.4884046e-02   1.3008093e-01   2.8127439e-01   2.2383444e-02   2.7930780e-01   0.0000000e+00  -9.2120798e-02  -1.7250548e-02  -7.1711424e-02   9.3704874e-02   6.5396230e-02  -1.7233527e-01  -2.0186974e-01   7.8589066e-02  -8.4624509e-02   5.1926857e-02   5.3144101e-02   2.4522486e-01  -1.2531632e-01   2.9598901e-01   3.4027883e-01   4.8678224e-02   4.1400625e-02   5.6477323e-01   1.3035961e-01  -1.6960900e-01  -6.7295859e-02  -4.2890296e-02  -3.8130278e-02   7.3178505e-02   4.1570753e-02  -7.8998431e-02  -1.1655505e-01  -3.3177491e-02  -7.7680760e-03  -2.7583499e-01  -7.3139683e-02  -1.1310132e-01  -5.7664936e-02   6.2440685e-02  -1.7170053e-01  -1.7873040e-02  -4.8349846e-02  -1.0899651e-01   8.4060495e-02   0.0000000e+00   0.0000000e+00   0.0000000e+00   0.0000000e+00  -3.6897736e-03   1.8421765e-01   1.0551017e-02
  -7.1739874e-02   0.0000000e+00   0.0000000e+00   9.6601735e-02   1.5164399e-01   4.5600679e-02   1.1197386e-01   3.4230828e-02  -8.0180851e-02   1.0847208e-01   1.8636228e-01  -9.3500797e-02   4.9149452e-01   2.5445824e-01   8.4462148e-02   1.3352257e-01   1.2190123e-01   1.8092624e-01   8.7823526e-02   1.2763584e-01   0.0000000e+00   3.2043572e-01   1.4756701e-01   2.5191727e-01   4.4387986e-01   2.9010011e-01   3.2115509e-01   2.5171419e-01   2.4273682e-01   1.2298180e-01   2.1555542e-01   2.6678450e-01   2.7746932e-01   2.8106250e-01   2.6291444e-01   2.4756803e-01   2.3409035e-01   2.0567506e-01   2.9547309e-01   1.9560567e-01   1.0915731e-01   1.9685506e-01   2.2851680e-01   1.7284945e-01   3.2483371e-01   2.2475972e-01   2.4120946e-01   1.3171386e-01   1.7990997e-01   1.9552513e-01   9.4165152e-03   3.1546199e-01   4.5967779e-02   1.1140213e-01   1.7524416e-01   2.4657694e-01   2.2669854e-01  -3.9772298e-02   1.4029614e-01   1.6909995e-01   1.0684116e-01   1.8339715e-01   1.5205481e-01  -8.5493505e-02   8.2203091e-02   1.6530204e-01  -7.6273693e-02   2.2173967e-01  -1.7869612e-01   2.5378225e-01  -1.6651331e-02   0.0000000e+00   4.7751099e-02   3.4902169e-02  -4.5301730e-02  -5.8038840e-03  -1.1816931e-01   3.0513487e-02   1.7883451e-01   4.0407753e-02   1.2858140e-01   1.2393120e-01   1.8409405e-01   2.3366846e-01   1.8285468e-01   4.0937875e-02  -9.8686750e-02   4.8448541e-02  -5.3490377e-02   7.9333032e-03  -1.0769031e-01   2.2774028e-01  -1.4811871e-02   7.1193808e-02   1.1780702e-01   7.1688402e-03   1.2554032e-01  -5.1517197e-03  -5.4395209e-03  -9.9656688e-03   1.9654286e-01   3.8132472e-02   1.2541996e-01   1.1442999e-01   1.7396166e-01   7.1339681e-02   1.5474030e-02  -2.2860772e-02   1.6068972e-01  -3.5825265e-03   1.2382987e-01   0.0000000e+00   0.0000000e+00   0.0000000e+00   0.0000000e+00  -2.5864969e-02  -5.7348988e-02  -6.7389892e-02
