   0.0000000e+00   8.0558860e-02  -1.9448233e-02   5.6795794e-02  -3.1793778e-02   8.3524487e-02   2.2196406e-01   3.3267858e-01   1.3465472e-01   1.8123639e-02   9.8187961e-02   1.2960802e-01  -1.5656294e-02   1.0311921e-01  -3.3416553e-02  -7.0710583e-03   2.2191314e-03   4.2560542e-02   6.2032287e-02   3.5691737e-02  -3.2562381e-02   1.6324095e-02   8.5600420e-02   4.5141055e-02   1.2212489e-02   1.9924117e-01   3.4620908e-03   8.1630955e-02  -8.5814443e-02   3.6372930e-02  -7.0948096e-03   1.6546510e-02  -7.3674401e-02  -3.4507705e-02   2.2903691e-02   4.5705549e-03   3.4561238e-03   2.3906466e-01   1.3224509e-01   2.0990081e-01   1.1470185e-01  -2.0438827e-02   3.2650964e-02   1.6903095e-01   2.4091875e-01   2.7249460e-02  -2.1504479e-02  -2.5614433e-02  -4.0920486e-03  -1.7600372e-02   7.2139953e-02  -3.9831478e-02   1.4677795e-01   1.6411820e-01  -5.8507484e-02   1.4372877e-02  -2.7131018e-02  -1.2339565e-01   8.0264463e-02   8.6885957e-02   4.6896813e-02   3.1009092e-02  -3.2794338e-02  -1.1474472e-02  -4.2528260e-02  -3.6502123e-02   8.6178448e-02   6.7253039e-02   1.4127393e-01   6.5030460e-02   9.7946647e-02   1.9607084e-01   1.5296607e-01   1.6837589e-01   2.9648440e-01   9.8801107e-02   1.7108840e-01   2.0883514e-01   1.0828940e-01   9.2738024e-02   1.2091413e-01   7.8873483e-02   3.0809323e-02   6.0593399e-02  -5.3478968e-02   2.0527103e-01   1.7566542e-01   1.4879011e-01   1.5113655e-01   1.2676764e-01   1.0042521e-01   3.1956344e-02   1.3595574e-01   1.1230049e-02   8.5625580e-02   1.2323901e-01   1.6979493e-01   1.3623716e-01   2.0272864e-01   1.5539257e-01  -1.2503174e-02   1.0396073e-01   3.0817332e-01   1.1515764e-02   1.9745044e-02  -5.5040055e-02  -3.1874577e-02  -9.7579452e-02  -2.3410237e-02  -6.8958418e-03   8.7117600e-02   3.7919257e-02   5.5316745e-02  -4.0057148e-02  -9.7055305e-02   2.5522741e-01   1.9185592e-01   1.4103094e-01
   8.0558860e-02   0.0000000e+00  -1.4489295e-01  -3.0778993e-02  -1.1820410e-01   1.0773507e-01  -4.5894585e-03   1.4917894e-01   4.7813291e-02  -1.0652698e-01  -6.0303694e-02   1.0921953e-01  -4.9195102e-02   3.6852418e-02  -1.7095324e-01  -8.3792837e-02  -7.5954730e-02  -2.4707600e-02   4.5902269e-02  -7.4485803e-02  -1.1570781e-01  -9.6297220e-02  -4.5096869e-02  -2.5445097e-02  -5.2912969e-02  -5.6617563e-02  -1.1085440e-01  -6.0361871e-02  -1.6386083e-01  -2.9945800e-02  -5.3093434e-03  -1.2106281e-01  -1.3934114e-01  -3.6914501e-02  -1.2638204e-01  -1.9327767e-01  -1.5661846e-01  -1.6199590e-01  -1.0033890e-01  -7.9163891e-02  -7.5927602e-02  -2.0374583e-01  -9.6460924e-02  -4.3644226e-03  -2.8691181e-02  -1.2610226e-01  -1.2882976e-01  -2.5585028e-01  -9.2343119e-02   6.2425601e-03  -6.6710550e-02  -5.8452456e-02   1.1219988e-02  -1.1990943e-01  -1.4297450e-01  -9.0248682e-02  -1.8980138e-01  -5.9087491e-02   2.3628220e-02   2.7003812e-02  -4.2877373e-02  -6.4396124e-02  -9.6490307e-02  -8.2742188e-02  -2.9634685e-02  -1.8589062e-01   7.6249678e-02   2.3852141e-02   1.7578112e-01  -8.6339847e-02   1.0809210e-01   1.1978988e-01   1.7084440e-01  -8.7351587e-02   1.2560303e-01   7.0762047e-04   1.4198946e-01  -1.5131374e-03   1.8524814e-02   2.0032808e-01   5.4241432e-02   3.0329374e-02   4.6125863e-02   7.0575567e-02  -1.0297726e-01   2.0075107e-02   1.6482105e-01   1.3205379e-01   8.8825142e-02   1.2148838e-01   4.8442330e-02  -1.0997443e-01   2.0761115e-02   5.0324916e-02  -3.4925504e-02   2.4658413e-02  -5.3347652e-02  -4.0008554e-02  -2.3440022e-02   5.8146156e-02  -1.1020079e-01   3.3444408e-02   7.9801935e-02  -4.2583983e-02  -4.4916226e-02  -1.0686068e-01  -1.6796078e-02  -1.3404049e-01  -3.6954951e-02  -1.2474387e-01  -7.8084224e-02  -8.3929830e-02  -1.0530231e-01  -1.0315135e-01  -1.8834796e-01   1.0718439e-02   1.2680301e-01   2.3646137e-01
  -1.9448233e-02  -1.4489295e-01   0.0000000e+00   5.5685266e-02   1.5741890e-01  -7.6801957e-02  -1.1029491e-02  -5.0280051e-02   3.3649684e-03   3.4053230e-01   1.8225102e-01  -6.9664833e-02   1.4005245e-01  -1.7627205e-02   1.7307736e-01   2.7356903e-01   2.2602722e-01   1.6960401e-01   1.2219493e-01   5.7667100e-02   1.3754709e-01   1.1688153e-01   8.9156560e-02   7.5825472e-02   4.4209465e-02  -1.5204579e-02   6.3053845e-02   9.1936716e-02   1.8812132e-01   1.2129452e-01  -2.5964879e-02   9.3905091e-02   9.8748959e-02   1.0201578e-01   4.3777771e-02   3.0485115e-01   1.1149346e-01   1.2646169e-01   6.2719462e-02   1.8920240e-01   2.1632351e-01   1.1276587e-01   1.7807460e-01   9.3684665e-02   5.9732758e-02   1.9627918e-01   1.3526478e-01   2.3783620e-01   5.9759745e-02   3.8460191e-02   1.1219455e-01   2.3124585e-01   1.1005932e-01   1.1573265e-01   1.7875674e-01   1.5240074e-01   1.0303217e-01   6.3153499e-02   2.3186995e-01  -5.7320030e-02  -4.0942307e-02  -3.5809221e-02  -2.6109447e-02   1.0799339e-01   5.8731470e-02   2.0890289e-01  -5.0846178e-02   2.9818053e-02  -6.6208034e-02   1.0330692e-01  -9.7332054e-02  -1.4024609e-01  -2.2734795e-01   2.8825899e-01  -3.1026511e-02   2.0455156e-02  -1.3945277e-01  -4.7407192e-02  -7.2436588e-02  -1.4915474e-01  -8.4120805e-02   6.4130580e-02  -6.3048540e-02  -4.3880514e-02   1.2055030e-01  -2.8971621e-02  -6.9295838e-02  -1.9805907e-01   2.0697169e-02   6.9434093e-03  -7.2996637e-02   1.2271016e-02  -7.6552524e-02   3.9949558e-02   5.7635923e-02  -1.7011479e-02  -7.0863246e-03   7.9722870e-02  -4.2420162e-02  -5.3961093e-02   1.4869368e-01  -4.5542534e-02  -1.2664520e-01   4.7992073e-02  -4.7095251e-02   3.2880541e-02   5.2216305e-03   1.1720387e-01   1.6231734e-01   2.2780797e-01   4.0065511e-02   1.9327577e-01   1.2273416e-01   1.7992619e-01   3.5982843e-02  -1.3570295e-01  -5.2256547e-02  -1.5006391e-01
   5.6795794e-02  -3.0778993e-02   5.5685266e-02   0.0000000e+00   7.5684020e-02  -4.9584395e-02  -2.6156399e-03   4.5156763e-02   4.5083833e-02   9.1112643e-02   6.9211059e-02  -1.2626608e-02   1.0469574e-01   7.1509994e-03   7.1568604e-02   6.5254361e-02   1.1002769e-01   8.6143046e-02   1.7774249e-01   4.1164155e-02   1.0751098e-01   2.8096846e-03   1.0313727e-01   7.9493369e-02   4.2703855e-02   3.4900465e-02  -5.2655514e-02  -1.1507686e-02   2.0942713e-02   9.8366950e-02  -3.0201260e-03  -4.7246320e-02   9.1181707e-03   4.7037333e-02   2.4422911e-02  -5.5272924e-03   3.6479578e-02   8.7738845e-02   1.8265904e-02   1.3899540e-01   6.7112114e-02   2.8164245e-02  -2.1308444e-02   2.4950795e-02   1.0912766e-01   6.4557014e-02   1.5802732e-01   8.3719736e-02  -5.1730274e-03  -4.7048928e-02   7.8198350e-02   3.7422690e-02  -1.6641160e-02   2.8916085e-02  -5.5667600e-02  -7.9895941e-03  -2.8109582e-02   2.6312289e-02   1.2193642e-01   6.6069529e-02   4.0768576e-02   1.6032025e-02   1.3980742e-03   1.2314326e-02   4.6484581e-02   2.7509289e-02   3.0045978e-02   1.1792118e-01   1.3046183e-02   6.5284854e-02   9.1908963e-02   5.7544359e-02   9.6151010e-03  -4.7658915e-02  -3.4235456e-02   9.1096618e-02  -4.5662530e-03  -2.5326262e-02   1.7627786e-02   7.4935289e-02  -2.4235923e-03   1.1938155e-01   1.7485676e-02   7.2515541e-02  -2.1547320e-02   5.4382379e-02   9.2856174e-02   3.7108364e-02   7.5576835e-03   1.0176549e-01  -1.2492544e-02  -9.8647334e-03   1.0100209e-01  -1.4051416e-02   2.5568231e-02   8.2776144e-02   7.4701958e-02   8.1773980e-02   2.0081143e-02   2.4014939e-02  -5.8355223e-02   9.0795348e-02   5.9132574e-02  -9.0072559e-02  -1.2790988e-02   7.5204479e-02   8.9113521e-02   2.4034518e-02   3.8275257e-02   1.0406992e-01   1.6340557e-02   1.8052761e-02   6.8979649e-02   1.4969417e-02   6.0359738e-02  -1.1811117e-02   3.3585554e-02   8.3439420e-02
  -3.1793778e-02  -1.1820410e-01   1.5741890e-01   7.5684020e-02   0.0000000e+00   2.2551181e-01  -1.1898172e-02  -1.1077788e-01  -4.7302500e-02   2.7395246e-01   1.8845232e-02   4.7500866e-02   8.3756941e-02   3.2372884e-02   1.2306841e-01   3.6027178e-02   2.1604880e-01   2.4258313e-01   1.1021527e-01   2.3088290e-01   1.6173561e-01   1.7157444e-01  -1.7515174e-02   7.4120486e-02   2.2091505e-01   4.2121110e-02   3.8542177e-01   2.8942939e-01   4.8305350e-02   7.0944074e-02   1.8128579e-01   1.6330090e-01   4.6868224e-02   1.8272688e-01  -1.4274424e-02   1.6845850e-01   1.8356662e-01   9.0500868e-02   8.9514046e-02   1.3159588e-01   1.2193724e-01   1.5795438e-01   1.1850723e-01   7.5040744e-02   9.7848962e-02   1.2050693e-01   4.8631498e-01   1.7854589e-01   1.8539361e-01   2.2782980e-01   2.7992810e-01   1.5376335e-01   4.2934691e-02   1.5624708e-01   3.1481228e-01   1.2661122e-01   2.9615362e-01   2.0095330e-01   1.9297094e-02   2.2163578e-01   2.0028176e-01   1.5148873e-01   9.5502950e-03   4.9938525e-02  -1.2338053e-01   2.7443087e-01  -6.7581458e-02   3.1531920e-02  -1.6493532e-01   2.4283263e-01  -3.6162882e-02   5.8151574e-02  -1.2299398e-01   6.9810450e-02  -8.7812585e-02  -4.3766547e-02   4.0792409e-02   1.7604264e-02   1.1705371e-01  -4.8468439e-02   2.1995145e-01   2.5927514e-01   1.8570361e-01   2.2977357e-01   2.8986838e-01   2.1351837e-02  -4.5127689e-02   3.9782255e-03   6.4543287e-02  -1.5407292e-01  -9.6501272e-02   2.2909724e-01  -2.7740140e-02  -5.0804473e-02   1.5341491e-01  -1.3662423e-02   6.1061781e-04   1.1410690e-02  -1.3511906e-01  -8.3572778e-03   2.5690258e-01  -5.8276220e-02  -1.9913587e-01   2.3550404e-01   8.1489777e-02   2.0531676e-01   7.6955492e-02   1.8167795e-01   1.8394098e-01   1.1455947e-01  -3.9428621e-02   1.2951405e-01   1.1333842e-01   2.0650662e-01   7.6013409e-02  -4.6593528e-02  -7.2217381e-02  -1.6818390e-01
   8.3524487e-02   1.0773507e-01  -7.6801957e-02  -4.9584395e-02   2.2551181e-01   0.0000000e+00   7.1973082e-02   8.6689827e-02   9.1619082e-03   2.1341501e-03  -3.3509257e-02   1.0164382e-01  -1.8516692e-02  -3.0868145e-03  -4.3448392e-02  -1.7639550e-01   9.5293991e-02   1.6043837e-01  -1.2136623e-02   9.7412644e-02   3.0169271e-02  -9.0604153e-02   5.5737091e-02  -2.4588310e-02  -9.7419422e-03   1.4923334e-03   2.2216119e-03   8.6045048e-02  -3.8816266e-02   3.2120460e-02   7.7225837e-02  -9.8211248e-03  -7.3773336e-02  -3.9368179e-03  -2.1944744e-02  -1.2319683e-01  -4.9866703e-02   8.5899299e-04   2.4836321e-02   3.9573984e-02   5.6708992e-02   2.2551360e-03  -2.5197502e-02   1.6646087e-02   2.9411840e-02  -3.6479842e-02   4.1126044e-02  -8.6804096e-02   5.2562960e-02   9.0810879e-03   1.0643487e-01   1.7487066e-02   1.0638449e-02  -9.1027771e-02   3.9057285e-02  -4.3854841e-02  -2.0764858e-02  -1.7995269e-02  -4.9495538e-02   4.2055732e-02   1.0956015e-02  -9.3088969e-02  -2.8219505e-02  -8.5520441e-03  -7.3181701e-03  -1.1011120e-01  -1.3837190e-02  -2.6730152e-02   1.1540213e-02   5.4366143e-02   1.0057199e-01   1.5580775e-01   3.4428527e-02  -8.6837095e-02   4.3501579e-04   1.0445959e-02   9.9309614e-02   4.4798595e-02   9.6990790e-02   8.0320022e-02   1.1193433e-01   7.7822347e-02   5.0588948e-02   1.5579242e-01   4.8566893e-03   2.9582870e-02   6.8250324e-02   1.3573001e-01   1.3451537e-01   2.0637187e-02   7.9542515e-02  -2.4095991e-02   4.4350647e-02   5.5549117e-03   3.4623870e-02  -7.9591601e-03  -4.3479004e-02  -1.2625848e-02  -2.6389965e-02   3.0094214e-02  -6.5265916e-02  -5.2751661e-02  -6.7407434e-02  -1.1173861e-01  -1.3288542e-01   3.2439214e-02  -3.6899125e-02   3.2357474e-03  -9.8276324e-02   1.9155403e-02  -2.2775183e-03  -1.4714412e-02   2.2755183e-02  -1.6327696e-01  -1.0566200e-01   8.7806866e-02   1.8669645e-02   2.4864945e-02
   2.2196406e-01  -4.5894585e-03  -1.1029491e-02  -2.6156399e-03  -1.1898172e-02   7.1973082e-02   0.0000000e+00   1.2729883e-01   1.1050897e-01   1.2549240e-01   1.6333875e-01   1.2541758e-01  -1.9038617e-02   2.5443016e-02   2.9212736e-02  -2.9747678e-02   3.1413785e-02   1.0898116e-01   1.6858865e-01   2.4681704e-02   1.5780837e-02   4.8383928e-02   6.9598336e-02   6.2091764e-02   4.2920745e-02   1.7841230e-01   1.0304391e-01   9.9272706e-02   7.7721783e-03   2.4116886e-02  -8.3754462e-02   1.7747931e-01   1.4812188e-01   4.9386542e-04   5.6810904e-02   9.1844773e-02   1.1659672e-01   2.4676095e-01   2.7230363e-01   1.2719923e-01   1.7039406e-01   9.8943669e-02   1.6348585e-01   2.4123395e-01   4.4107940e-02   1.6154278e-01   8.9467309e-03   1.3156603e-02   1.1380800e-01   8.4356032e-02   1.3688796e-01  -6.1370522e-03   1.2366647e-01   1.4995091e-01   3.8418675e-02   7.1759833e-02   1.5641646e-01  -2.5384838e-02   1.1151904e-01   5.5609620e-02   2.6744169e-02   5.4581103e-02   7.0562795e-02   1.5927796e-01  -2.1443649e-02   1.8045390e-01   8.5141159e-02   9.9042461e-02   6.7815943e-02   1.1461568e-01  -1.0591653e-01  -9.0630012e-03   3.2563414e-01  -1.4336398e-01   2.5439396e-01   5.3752203e-02   6.4322844e-02   1.4923831e-01   1.7374147e-01  -5.8831496e-02   7.8915942e-02   1.1941931e-02   5.8540311e-03   3.0214062e-02   8.6411024e-02   7.3887568e-02   1.4384315e-01  -1.4578873e-02   1.5635032e-01   2.1220608e-02   1.2291502e-01   1.4169297e-01   1.5479792e-01   3.9511191e-02   2.7126366e-01   1.7019262e-01   1.6726482e-01   2.0286070e-01   1.6214962e-01   1.6812646e-01   4.6349857e-02   1.2787365e-01   1.3736812e-01   6.5827916e-02   9.9898482e-02  -2.3568322e-02   9.1080491e-02   1.3984541e-01   1.3864493e-01   1.7246798e-01   8.5617728e-02   6.5850902e-02   5.7568773e-02   7.8368041e-02   1.8503057e-03   1.6364796e-01   7.7156129e-02  -6.0872648e-03
   3.3267858e-01   1.4917894e-01  -5.0280051e-02   4.5156763e-02  -1.1077788e-01   8.6689827e-02   1.2729883e-01   0.0000000e+00   2.7930793e-01  -1.5659563e-01  -2.4386463e-02   9.6018891e-02  -1.0701382e-01  -6.2728589e-02  -9.1288091e-02  -7.9220085e-02  -8.9449395e-02  -6.9546276e-02   7.6034946e-02  -7.7368437e-02  -2.0230115e-01  -6.1203226e-02   1.3583478e-03  -3.0154597e-03  -1.4091978e-01   9.4734124e-02  -2.0005453e-01  -8.0185617e-03  -2.0321750e-01  -1.1398759e-01  -8.2966693e-02  -5.0799806e-02  -1.6929011e-01  -2.0663967e-01  -2.9451986e-02  -1.0732060e-01  -1.9686119e-01   1.5982270e-03   7.4452667e-03   3.1907752e-03  -3.9892157e-02  -3.7213793e-02  -7.5073027e-03   1.2824590e-01   1.1135686e-01  -8.7042394e-02  -7.3718936e-02  -1.5341335e-01  -6.7239572e-02  -6.1196587e-02   4.8166552e-02  -2.0089973e-01   1.0458405e-01   1.3297213e-01  -2.0843702e-01  -4.9429405e-02  -1.9995913e-01  -2.3064190e-01   6.1159889e-02  -9.1824172e-02  -1.7135839e-02  -5.4375093e-03   6.9785099e-03   7.0005675e-02   7.9664412e-02  -5.1091201e-02   2.8358668e-01   2.2991377e-01   3.6369754e-01  -1.9220900e-02   2.0257091e-01   2.8809737e-01   3.3890467e-01   1.4379432e-02   2.3630913e-01   2.4185941e-01   2.6586143e-01   2.7032636e-01   1.4639137e-01   2.3822803e-01   8.4008604e-02   1.1940573e-01   3.4881761e-02   1.6743222e-02  -9.2873623e-02   1.9876700e-01   3.1010128e-01   3.0766956e-01   2.6148106e-01   2.5492844e-01   1.1412197e-01  -6.8525742e-02   1.7959528e-01   1.9498102e-02   7.6174514e-02   1.4127704e-01   1.8628844e-01   1.5486913e-01   3.0732690e-01   1.7462496e-01  -4.9096752e-02   1.7853062e-01   3.7850695e-01  -8.3652353e-02   1.3264155e-02  -3.8865683e-02   2.5958861e-02  -2.4132389e-01  -4.2683444e-02   7.6709677e-03   1.8686383e-01   1.0492971e-02   6.6827601e-02  -1.3412786e-01  -9.2955817e-02   4.2583325e-01   4.4613285e-01   2.6433348e-01
   1.3465472e-01   4.7813291e-02   3.3649684e-03   4.5083833e-02  -4.7302500e-02   9.1619082e-03   1.1050897e-01   2.7930793e-01   0.0000000e+00  -6.4242393e-02  -1.8314478e-02   1.8096671e-02  -1.0546801e-01  -6.5881044e-02  -8.8207963e-02   7.6442933e-02   4.5178194e-02  -1.9802973e-02   1.5360913e-01  -6.1357882e-02  -7.2926353e-02   3.1505856e-02  -3.5440497e-02   8.4102784e-03  -7.6425920e-02   1.5720682e-02  -1.2912325e-01   2.0090679e-02  -5.0260098e-02  -3.5914894e-02  -9.4920653e-02   8.8683340e-03   2.7458479e-02  -7.9400756e-03   1.8618216e-01   7.7519370e-02  -7.5047009e-02   7.1829821e-02   1.6514988e-01   8.7581423e-02   7.9248622e-02   7.0049810e-02   1.1970250e-01   2.2854538e-01   3.0526172e-02  -1.0660320e-02   1.2097388e-03  -3.1003125e-02   7.9615983e-02  -1.5228559e-02  -8.2485514e-02  -9.7814570e-02   1.9143326e-01   9.4595444e-02   3.3313562e-02   2.7537897e-04  -9.2440606e-02  -9.6048306e-02   1.0497263e-01  -4.1170522e-02  -4.3225542e-02   4.7454872e-02  -6.3966349e-03   1.1280464e-01   1.6164606e-01   5.2747442e-04   2.5526360e-01   2.0362367e-01   3.3027793e-01  -7.7471833e-02   1.3340075e-01   5.4707558e-02   7.6737654e-02  -6.7259268e-03  -3.3250839e-02   3.9760112e-01   7.9266186e-02   1.4441296e-01   1.2475476e-01   1.4013554e-01   6.0347131e-02   4.7779362e-02  -1.7881576e-02   1.1016735e-02  -9.1836618e-02   1.4897228e-01   1.9230009e-01   1.3918371e-01   1.4574052e-01   2.3604802e-01   2.6803882e-01   2.7779814e-02   1.4883096e-01   1.8786521e-02   6.8556304e-02   1.8085393e-01   1.9938797e-01   2.7027672e-01   2.9465731e-01   2.1422999e-01   2.0496240e-02   1.9054213e-01   2.7669044e-01   3.9890687e-02   8.3094986e-03   1.1448899e-01   1.4943672e-01  -1.1438917e-02   5.5533797e-02   1.1242415e-01   3.7495679e-01   5.3896248e-02   1.3263516e-01   2.5676768e-02   2.7043178e-02   1.5334032e-01   2.1422288e-01   1.7722537e-01
   1.8123639e-02  -1.0652698e-01   3.4053230e-01   9.1112643e-02   2.7395246e-01   2.1341501e-03   1.2549240e-01  -1.5659563e-01  -6.4242393e-02   0.0000000e+00   4.0821926e-01   2.7305179e-01   3.1187173e-01   1.6992237e-01   2.0171305e-01   1.5659358e-01   2.5456773e-01   2.8734337e-01   2.1435558e-01   1.7057397e-01   4.7492094e-01   4.3925648e-01   1.5613249e-01   1.9018549e-01   3.5719016e-01   5.2257158e-02   3.5989527e-01   2.8471724e-01   3.2340039e-01   2.6142231e-01   6.2740927e-02   2.5949796e-01   1.7299873e-01   2.4067091e-01   3.1618936e-02   3.6908654e-01   4.7398449e-01   4.6697179e-01   3.6486031e-01   4.6177778e-01   4.9604808e-01   3.0057175e-01   2.5433065e-01   1.1010147e-01   8.7247102e-02   3.5342557e-01   2.5273874e-01   3.6279430e-01   1.7201751e-01   2.8500170e-01   2.5272410e-01   3.8935041e-01   9.6361164e-02   1.6048354e-01   1.8558896e-01   2.6127742e-01   4.1277138e-01   8.2144925e-02   2.9388762e-01   1.7323592e-01   9.1311496e-02   9.5142212e-02   4.4369115e-04   1.0379523e-01  -1.0770936e-01   1.8978691e-01  -7.5311099e-02  -7.6959329e-03  -1.8446073e-01   1.9310177e-01  -2.2395636e-01  -7.5749274e-02  -8.4220227e-02   1.8000550e-01   4.5537851e-02  -7.8865752e-02  -1.4585875e-01   3.2296131e-03  -3.8493344e-02  -1.9986248e-01   2.1183899e-02   1.6784721e-01   1.0571064e-01  -3.2538016e-02   3.0429210e-01   6.5063312e-02  -6.9338043e-02  -1.6644561e-01   1.1408756e-01  -1.0485691e-01  -9.7648289e-02   1.5645962e-01  -1.5478940e-01   6.2831443e-02   1.3171680e-01  -1.4904464e-02  -6.4590992e-02   4.5537906e-02  -8.3671255e-02  -5.5700692e-02   2.5880149e-01  -8.8460387e-02  -1.0474096e-01   1.5812000e-01   9.3325738e-02   3.2614553e-02   3.9225079e-02   2.1277198e-01   2.4804267e-01   2.2949927e-01   1.4878395e-02   2.1400174e-01   1.2591721e-01   2.5825516e-01   1.4239575e-01  -7.8316500e-02  -1.8569509e-01  -2.5554376e-01
   9.8187961e-02  -6.0303694e-02   1.8225102e-01   6.9211059e-02   1.8845232e-02  -3.3509257e-02   1.6333875e-01  -2.4386463e-02  -1.8314478e-02   4.0821926e-01   0.0000000e+00   2.1670868e-01   3.3662069e-01   7.6080607e-02   2.4667533e-01   1.5281205e-01   1.7171814e-01   7.1115418e-02   1.0670645e-01   2.3088631e-01   3.5746729e-01   2.3700249e-01   2.9399644e-01   3.5506697e-01   1.7028140e-01   2.8644775e-02   4.7029885e-02   1.3348409e-01   2.5734985e-01   2.1734522e-01   8.0536889e-03   8.0973810e-02   1.3061654e-01   2.2717978e-01   2.9132733e-02   2.8575638e-01   4.3934482e-01   4.3473299e-01   1.6805348e-01   5.8376062e-01   3.8696210e-01   2.4023684e-01   1.8424907e-01   2.1509702e-01   9.3530654e-02   3.2203603e-01   1.4698009e-01   2.3986824e-01   1.6822378e-01   4.5944367e-02   1.9423249e-01   8.9938924e-02   1.4731642e-01   1.5244166e-01   7.5895220e-02   2.2787669e-01   3.2097634e-02   9.5739192e-02   1.5747234e-01   6.7496839e-02  -1.0333109e-01  -9.0295938e-02  -1.0087195e-01   1.6758224e-01   5.4023561e-02   4.8801768e-02   4.6663925e-03   3.2921725e-02   5.2580358e-02  -1.7960855e-02  -8.3413437e-02  -5.8554831e-02   4.1381018e-02  -4.2000767e-03   8.6308347e-02   1.6507808e-02  -7.4334422e-02   1.0982357e-02  -1.6085204e-01  -1.7674081e-01  -1.4970099e-01  -4.6688678e-02  -6.8737263e-02  -1.2727762e-01   9.3038672e-02   6.0198720e-02   6.9210672e-02  -1.7895224e-01   1.0809111e-01   2.2806738e-02   9.4079068e-02  -9.4339950e-02  -1.0581697e-01   4.4727972e-02   1.5981861e-01   6.9725546e-02  -2.2951011e-02   1.0424586e-01   4.7351255e-03   8.5864405e-02   1.0747529e-02  -6.5849777e-02  -2.9480527e-02  -2.3871948e-02  -2.9153029e-02   5.6053680e-02  -8.4723228e-02   5.8730560e-02   8.7841081e-02   1.1676797e-01   1.3584792e-01   6.7939187e-02   6.6154204e-02   5.1768763e-02   4.1376611e-02  -7.7089331e-03  -7.7580132e-02  -3.8347346e-02
   1.2960802e-01   1.0921953e-01  -6.9664833e-02  -1.2626608e-02   4.7500866e-02   1.0164382e-01   1.2541758e-01   9.6018891e-02   1.8096671e-02   2.7305179e-01   2.1670868e-01   0.0000000e+00   1.0183513e-01   3.0392582e-02   1.0190398e-01   2.5413887e-03   7.8381704e-02   1.9087273e-01   3.3961498e-02   2.9073709e-01   1.2932076e-01   1.1856266e-01   1.2900770e-01   1.8291356e-01   1.4858686e-01   1.5816377e-02   1.5451210e-01   9.7342878e-02   7.8599309e-02   1.9803893e-01   3.8237832e-01  -7.9427909e-02  -7.5554604e-02   1.0516620e-01  -1.8587506e-01  -1.0446006e-01  -6.6302353e-02   1.8419701e-01   1.1630562e-01   3.4427703e-01   1.4912484e-01   1.0456404e-01   9.2636655e-03   6.2193782e-02   6.4815067e-02   4.7569383e-02   5.6995396e-02   9.1321362e-02   1.3424584e-01   1.9835852e-01   3.1156025e-01  -7.0731966e-04   1.1404260e-01   1.0875023e-01  -5.5775668e-02   1.3548584e-01   4.5675127e-02   1.0386368e-01   1.0338868e-01   3.3583190e-01   2.8943524e-01   8.9136926e-02  -2.2227931e-01   1.5517810e-01  -9.7063815e-02  -2.7368935e-04   2.0460037e-01   1.8177056e-01   1.8444365e-01   1.8541914e-01   2.1560338e-01   2.0857296e-01   1.4446202e-01  -1.7583562e-02   1.5808424e-01   7.0348626e-02   4.5230089e-01   1.1766332e-01   3.4890708e-02   9.6991201e-02   1.3694026e-01   1.5571687e-01   2.1860075e-01   3.4046682e-01   1.8720580e-01   3.6621804e-01   3.3978610e-01   8.9658660e-02   2.8914660e-01   3.5823322e-01   2.0296148e-01   8.7838303e-03  -1.0211913e-01   1.9478348e-02   9.7687410e-02   7.1084434e-02  -5.4439746e-02  -7.9603040e-02   7.6132822e-02   7.6824082e-02   8.6285345e-03  -6.4276242e-03   4.2193579e-02   6.9105663e-02  -9.2527740e-02   1.7247746e-01  -1.9952851e-02  -1.3831034e-01   4.0549645e-02  -3.5287427e-02   1.8101266e-01   2.8615695e-02   9.4960082e-02  -4.1890854e-03   6.9659886e-02   5.8500707e-02   1.4388150e-01   1.6185506e-01
  -1.5656294e-02  -4.9195102e-02   1.4005245e-01   1.0469574e-01   8.3756941e-02  -1.8516692e-02  -1.9038617e-02  -1.0701382e-01  -1.0546801e-01   3.1187173e-01   3.3662069e-01   1.0183513e-01   0.0000000e+00   7.8109957e-02   2.7545187e-01   1.2509405e-01   2.7792401e-01   1.8464442e-01   7.9094161e-02   4.6382644e-01   4.8882470e-01   2.2246755e-01   3.1961986e-01   3.5922193e-01   1.6156166e-01   8.0550027e-02   1.1320839e-01   1.1262789e-01   3.7025374e-01   5.4648091e-01   2.7113579e-01   4.7251265e-03   1.4477423e-01   4.9807192e-01   3.1429699e-02   1.6559120e-01   3.2373712e-01   2.6644348e-01   2.1102237e-02   4.5674255e-01   2.8342382e-01   1.8732789e-01   1.4066341e-01   5.8404912e-02   1.6704086e-01   2.9332913e-01   2.8360275e-01   2.9501903e-01   1.0613725e-01   8.9716884e-03   3.5207636e-01   2.9852185e-01  -4.6077199e-02   8.7431168e-02   1.4420178e-01   1.6659884e-01   1.8279066e-01   3.5460681e-01   1.5351594e-01   1.4154253e-01  -4.0920624e-02  -1.2841292e-01  -1.5434263e-01   1.8082669e-01   1.6740509e-01   1.7153010e-01  -1.7240657e-01  -9.5382067e-02  -1.3258224e-02   2.0431011e-01   8.9272939e-02  -1.1973413e-01  -1.8666477e-01  -2.8757557e-02  -5.4901875e-02  -7.8334490e-02  -1.4103217e-02  -1.9905712e-01  -1.8758061e-01  -7.6862468e-02  -1.4877908e-01   2.2340436e-02  -3.2510838e-02   6.6624732e-02   1.0779478e-01   3.6043472e-02   1.2616971e-01  -2.0741861e-01   2.9888494e-02   9.0159845e-03   1.7293132e-01  -4.9674579e-02  -1.3044617e-01   7.6362975e-02   4.5706372e-02   2.0996933e-02  -1.5479339e-01   3.7354093e-02  -5.5247884e-02  -5.6866762e-02  -3.4973427e-02  -1.2945264e-01  -1.5010852e-01  -2.3987656e-02  -9.1942811e-02   2.2886791e-01  -7.5312946e-02   1.1036128e-02   1.1483441e-01   1.6510464e-01   7.0254450e-02   9.4489530e-02   1.2565846e-01   5.4521032e-02   6.5492606e-02  -1.5862757e-01  -1.0047409e-01   4.4772077e-02
   1.0311921e-01   3.6852418e-02  -1.7627205e-02   7.1509994e-03   3.2372884e-02  -3.0868145e-03   2.5443016e-02  -6.2728589e-02  -6.5881044e-02   1.6992237e-01   7.6080607e-02   3.0392582e-02   7.8109957e-02   0.0000000e+00  -3.2896234e-02  -2.6080528e-03  -2.9183626e-02   7.7088394e-03   3.3349327e-02   1.9786069e-01   7.5718791e-02   3.2880973e-01   3.5351100e-01   1.3449270e-01   3.2285731e-01   1.8442030e-01   2.9092390e-01   5.8289841e-01  -2.0264936e-03  -5.6668549e-02  -7.7899527e-02   1.6297673e-01  -5.4430458e-02  -1.4333740e-01   4.9906009e-02   1.8456709e-01   1.1234936e-01   2.0284832e-01   2.5378806e-01   9.0157105e-02   1.8582642e-01   1.1012936e-03   7.2335865e-02   1.4191758e-01   1.2698781e-01   6.1961384e-02  -1.0115410e-01   2.9919225e-02  -9.7492867e-03   1.8876281e-01   1.8095519e-02   9.5649841e-03   1.0262595e-01   1.5092598e-01   3.2754878e-02   1.0230015e-01   2.4174466e-01  -1.4074622e-01   5.0543174e-02   4.2794401e-02   1.5874783e-01   2.5030187e-01   2.8510320e-01  -1.2086010e-01  -2.0788715e-01  -5.9676623e-02  -8.2677846e-02   3.3895053e-02  -1.4683443e-01   1.7269324e-01  -8.3697841e-02   1.5938052e-01   8.8342171e-02   2.3089168e-02   1.2411066e-01  -6.7559851e-02  -5.1451053e-02   9.1139978e-02   1.9358020e-01  -1.7906882e-01   2.2174272e-01   3.8880299e-01   3.7638969e-01  -6.9067696e-02   1.3270162e-01   5.3385550e-03  -1.6630033e-01   2.1755990e-02  -7.3691196e-02  -9.4620783e-02  -7.8818572e-02   2.5230529e-01   1.2232693e-01   6.0748301e-02   8.8275672e-02   2.9947062e-02   1.5645731e-01   2.4229554e-02   2.8055805e-02   7.7853133e-03   2.0552099e-01   6.0896159e-02   1.8399280e-01   9.4722171e-02   3.3755251e-01  -3.3843153e-02   1.1132477e-01  -7.1093166e-03   2.2635612e-01   1.3077520e-01  -9.2651714e-02   8.1362627e-03  -3.2827493e-03   5.9404370e-02  -5.8448759e-02   1.4077860e-01  -1.0258368e-01  -1.1559147e-01
  -3.3416553e-02  -1.7095324e-01   1.7307736e-01   7.1568604e-02   1.2306841e-01  -4.3448392e-02   2.9212736e-02  -9.1288091e-02  -8.8207963e-02   2.0171305e-01   2.4667533e-01   1.0190398e-01   2.7545187e-01  -3.2896234e-02   0.0000000e+00   3.0652729e-01   2.1880639e-01   1.6798027e-01   9.2972147e-02   2.2814926e-01   3.0613540e-01   1.8389896e-01   9.3039609e-02   1.8103699e-01   9.2683532e-02   2.8927372e-03   1.1879563e-01   8.0013695e-02   3.6857630e-01   3.3537216e-01   1.8165737e-01   6.0005573e-02   1.7232096e-01   2.7677304e-01  -2.4231186e-03   2.0309194e-01   2.8849290e-01   1.7757208e-01   6.1800005e-02   2.2163543e-01   1.8068883e-01   2.5974628e-01   1.8457632e-01   7.5682241e-02   1.0358219e-01   2.6942675e-01   2.2025343e-01   3.6583710e-01   2.1503403e-01   1.0844352e-01   2.0291310e-01   1.3007800e-01   3.2268657e-02   9.4479143e-02   2.0780600e-01   3.1285766e-01   2.1176389e-01   2.8578459e-01   1.8459906e-01   1.6590950e-01   5.3565306e-02  -2.1316260e-02  -6.9750378e-02   2.3497209e-01   5.8405187e-02   1.6177746e-01  -8.6877490e-03   6.1079400e-02  -6.7707600e-02   1.5112669e-01  -8.7777963e-02  -9.4458716e-02  -1.7065077e-01  -3.0593432e-02  -1.4599204e-01  -5.6853549e-03  -7.9299913e-03  -4.4781427e-02  -6.5797056e-02  -4.6409574e-02  -4.7983789e-02   9.5751374e-03  -5.6074359e-03   6.3102653e-02   1.7929349e-01  -4.6634115e-03  -1.8346921e-02  -1.1266824e-01   1.8487743e-02   1.9457274e-02   9.7598301e-02  -1.5952867e-02  -1.0348913e-01   1.1513158e-02   9.7307086e-02   8.9909350e-02  -1.0402577e-01   6.0630259e-02  -1.4480316e-02  -4.7704269e-02   7.3770799e-02  -1.0442126e-01  -1.3521389e-01   4.9108710e-02  -3.9380764e-02   2.2819478e-01  -2.6729043e-03   1.0138364e-01   8.7003361e-02   7.9280607e-02   1.1972293e-01   8.9235705e-02   1.5280473e-01   1.3269687e-01   2.9525823e-01  -4.6205013e-02  -2.7689140e-02  -6.8026457e-02
  -7.0710583e-03  -8.3792837e-02   2.7356903e-01   6.5254361e-02   3.6027178e-02  -1.7639550e-01  -2.9747678e-02  -7.9220085e-02   7.6442933e-02   1.5659358e-01   1.5281205e-01   2.5413887e-03   1.2509405e-01  -2.6080528e-03   3.0652729e-01   0.0000000e+00   1.4757332e-01   1.0723556e-01   2.5671374e-01   3.7958235e-02   1.6280740e-01   1.6286975e-01   4.1081178e-02   9.2809770e-02   6.7139378e-02   1.7258214e-03   8.9207143e-02   7.3883422e-02   2.7838327e-01   1.2837106e-01   9.9207286e-03   1.5060069e-01   3.1187753e-01   2.1342285e-01   1.6358032e-01   4.4756877e-01   3.0655414e-01   2.1409939e-01   1.2690779e-01   1.6168935e-01   1.9845271e-01   2.8590937e-01   2.6618412e-01   2.1864542e-01   1.6355778e-01   2.6865384e-01   1.6543050e-01   3.8055411e-01   1.6762048e-01   6.5152307e-02   6.7395651e-03   2.2397808e-01   1.7148269e-01   1.8752080e-01   4.0199018e-01   3.3528427e-01   1.0355851e-01   1.5380733e-01   2.8361443e-01  -2.8618474e-02  -4.7559242e-02  -5.8329394e-02  -5.0498121e-02   1.8604851e-01   8.8572700e-02   1.7878282e-01   4.0089654e-02   2.2762851e-01  -4.3254054e-03   7.9925642e-02  -7.1830849e-02  -9.1195141e-02  -1.5425380e-01   1.8605227e-01  -1.3419714e-01   1.8240040e-01  -8.5249590e-02   5.3771083e-02  -3.6681165e-02  -1.5243514e-01  -9.5955483e-02  -1.0614002e-02  -9.7307037e-02  -1.1390639e-01   1.2173059e-01  -3.6290730e-02  -1.4739789e-01  -2.3059220e-01  -1.3198901e-01   2.3019779e-02   6.6197705e-02   8.0166372e-02  -2.5779031e-02   2.3881937e-03   4.9941954e-02   8.1489262e-02   1.0827621e-01   2.2125077e-01   3.8567621e-02   6.7806127e-02   1.7942364e-01   5.2058491e-02   1.1532474e-01   5.2464529e-02   7.5475706e-02   1.8574708e-01   8.1693392e-02   2.1848916e-01   2.0066364e-01   1.3616024e-01   1.4169217e-01   1.0235005e-01   8.8644416e-02   2.7618072e-01   1.9599084e-01  -8.6583963e-02  -5.0992380e-02  -1.1270135e-01
   2.2191314e-03  -7.5954730e-02   2.2602722e-01   1.1002769e-01   2.1604880e-01   9.5293991e-02   3.1413785e-02  -8.9449395e-02   4.5178194e-02   2.5456773e-01   1.7171814e-01   7.8381704e-02   2.7792401e-01  -2.9183626e-02   2.1880639e-01   1.4757332e-01   0.0000000e+00   4.3176903e-01   1.4667936e-01   2.6680677e-01   3.2233395e-01   1.7942405e-01   9.8116507e-02   2.1922380e-01   1.0605614e-01   3.4674451e-02   1.4138999e-01   8.4810549e-02   2.6760483e-01   3.3026605e-01   2.3994844e-01   2.3878226e-02   5.5056641e-02   2.5141415e-01  -1.1350044e-02   1.4348666e-01   1.7713514e-01   2.1533688e-01   1.9411174e-02   2.9052376e-01   2.3086437e-01   1.2942307e-01   1.7098795e-01   4.1831545e-02   1.0741055e-01   1.9485753e-01   3.4907512e-01   3.0852229e-01   1.4971366e-01   2.0562683e-02   3.6792220e-01   2.1484315e-01   3.1107469e-02   4.3397844e-02   1.9613006e-01   2.0487513e-01   1.6095794e-01   1.9272224e-01   2.1089629e-01   1.5953908e-01   6.7657509e-02  -7.0476728e-02  -1.4522294e-01   9.1637652e-02   1.0024549e-01   1.5775896e-01  -1.5912848e-01  -4.7593080e-02  -7.6047423e-02   2.1428573e-01   7.2234232e-02  -1.9509297e-02  -2.0171369e-01  -4.6405553e-02  -1.9075067e-01  -4.9182268e-02   8.5074302e-02  -8.5139397e-02  -6.0636418e-02  -4.5117377e-02  -3.1032600e-03   9.4829524e-02  -2.5489563e-02   2.2695948e-01   1.2900148e-01   7.1006962e-02   8.1043429e-02  -9.2967869e-02   6.4339451e-02   3.1258368e-02   6.9156512e-02  -1.7595545e-02  -1.5283416e-01  -8.1054506e-02   8.8405910e-02  -2.3284260e-02  -7.9050801e-02   5.9939526e-02  -6.9125203e-02  -3.1643220e-02  -9.6733335e-03  -1.6380144e-01  -1.7386206e-02   1.3606916e-02  -1.5630060e-01   1.1342119e-01  -8.4935277e-02   4.0023575e-02   6.1403248e-02   1.0417809e-01   8.4070290e-03   8.5858463e-02   1.0639283e-01   6.8757874e-02   6.4863433e-02  -5.7416866e-02   1.4902965e-02  -7.8698230e-02
   4.2560542e-02  -2.4707600e-02   1.6960401e-01   8.6143046e-02   2.4258313e-01   1.6043837e-01   1.0898116e-01  -6.9546276e-02  -1.9802973e-02   2.8734337e-01   7.1115418e-02   1.9087273e-01   1.8464442e-01   7.7088394e-03   1.6798027e-01   1.0723556e-01   4.3176903e-01   0.0000000e+00   9.7944675e-02   1.9493325e-01   2.4470189e-01   2.2819482e-01   4.8233800e-04  -4.7633755e-03   2.2355940e-01   1.2919182e-01   3.7403090e-01   1.0007245e-01   2.0572693e-01   2.8929285e-01   3.8545934e-01   1.2628264e-01   1.9040201e-01   2.3958615e-01   6.0999714e-02   1.6631711e-01   1.9959074e-01   1.6222782e-01   1.3794303e-01   1.8791004e-01   1.7003417e-01   2.5513069e-01   2.5866260e-01   6.3178254e-02   2.3915048e-01   2.6975783e-01   2.6916091e-01   3.5013967e-01   3.9657965e-01   2.7575621e-01   4.3396109e-01   3.1448245e-01  -3.1344061e-02   8.6470173e-02   1.9290561e-01   2.5053327e-01   3.6981404e-01   2.7871346e-01   2.0644689e-01   2.2792499e-01   2.4648868e-01   9.7361968e-02  -5.3909368e-02   1.9756478e-01   5.1675806e-02   2.9878182e-01  -6.5601601e-02  -2.0469586e-02  -1.6469609e-01   4.8193229e-01   1.2914376e-01   8.5233396e-04  -1.1524524e-01   7.1081714e-02  -6.1100138e-02  -3.6169547e-03   1.3980668e-01  -2.7205251e-02   1.3521518e-01  -5.5121104e-02   2.0128335e-01   1.2308372e-01   1.6577129e-01   3.7408156e-01   2.8011437e-01   1.4794505e-01   6.4172008e-03  -2.5782616e-02  -6.0375301e-03   7.9994159e-03  -7.2869406e-03   2.2610101e-01  -1.6360382e-01  -9.1862550e-02   5.8554823e-02  -3.7168134e-02  -4.1499232e-03   8.8707751e-03  -7.7331374e-02  -4.7591004e-02   1.6548252e-01  -1.0750701e-01   1.4714283e-02   1.5822169e-01  -6.4236640e-02   1.9786359e-01  -1.8468689e-02   1.8305038e-01   1.5742305e-01   1.0813206e-01  -2.8158980e-02   4.4763416e-02   5.0869197e-02   1.9669663e-01   1.3146209e-01   1.0520622e-02   1.8815462e-02  -1.0266727e-01
   6.2032287e-02   4.5902269e-02   1.2219493e-01   1.7774249e-01   1.1021527e-01  -1.2136623e-02   1.6858865e-01   7.6034946e-02   1.5360913e-01   2.1435558e-01   1.0670645e-01   3.3961498e-02   7.9094161e-02   3.3349327e-02   9.2972147e-02   2.5671374e-01   1.4667936e-01   9.7944675e-02   0.0000000e+00   8.2185754e-02   1.3262047e-01   2.1644434e-01   9.4392957e-02   9.4484571e-02   1.9327420e-01   9.2041787e-02   1.1739393e-01   1.5823382e-01   7.5960863e-02   6.3352943e-02  -4.0635222e-02   1.3983833e-01   1.3052116e-01   1.1965346e-01   6.9049235e-02   2.8877748e-01   1.9905410e-01   2.4315194e-01   1.9479489e-01   2.4055458e-01   2.3171405e-01   2.1765406e-01   2.3713247e-01   2.5491407e-01   8.8372436e-02   2.5475556e-01   1.4502932e-01   1.4140210e-01   4.1726281e-02   9.9002221e-02   1.2282177e-01   1.3686465e-01   2.0990055e-01   1.6585253e-01   1.3873397e-01   1.4142856e-01   1.4730779e-01  -3.3069957e-04   3.5522454e-01   4.8820405e-02   5.4466975e-02   7.4923169e-02   9.1476749e-03   1.0618299e-01  -1.3413749e-02   1.5481651e-01   4.6367262e-02   1.8005679e-01   3.4774475e-02   1.1781552e-01  -2.8184316e-02   1.5328923e-03   2.1515254e-02   6.8579576e-02  -1.0402826e-01   1.4377047e-01  -9.2542308e-03   6.6556171e-02   1.2031452e-01  -3.5471822e-02   4.4174596e-02   7.5871738e-02   3.9015616e-02   6.7809325e-03   1.1844375e-01   5.4296560e-02   4.7783878e-02  -4.9564062e-03   3.4528638e-02   7.1958337e-02   1.8624354e-02   1.6094309e-01   4.1617226e-02   1.3927865e-01   3.3654038e-01   1.7419056e-01   2.1820129e-01   3.0052683e-01   1.7139329e-01   1.9093255e-01   1.2158213e-01   1.4772892e-01   1.1531473e-01   9.8953451e-02   1.0608497e-01   6.5331676e-02   9.8394490e-02   5.1018386e-02   1.9397451e-01   1.5153729e-01   1.4267711e-01   1.0571323e-01   1.6329326e-01   8.5937420e-02   5.7074907e-02   4.6331330e-02   5.0912874e-02  -6.9899976e-02
   3.5691737e-02  -7.4485803e-02   5.7667100e-02   4.1164155e-02   2.3088290e-01   9.7412644e-02   2.4681704e-02  -7.7368437e-02  -6.1357882e-02   1.7057397e-01   2.3088631e-01   2.9073709e-01   4.6382644e-01   1.9786069e-01   2.2814926e-01   3.7958235e-02   2.6680677e-01   1.9493325e-01   8.2185754e-02   0.0000000e+00   3.7161328e-01   3.1284924e-01   3.9053663e-01   4.4371177e-01   2.9588139e-01   8.2033090e-02   2.7932535e-01   2.6040683e-01   2.0192153e-01   2.9896194e-01   3.5931473e-01  -7.6780338e-02  -1.2387349e-02   2.7995499e-01  -1.3234471e-01   1.4556329e-01   2.1606516e-01   2.5491010e-01   1.8405367e-02   4.5292627e-01   2.5278446e-01   1.1347240e-01   8.8358241e-02   2.1349105e-01   1.8059141e-01   2.4710351e-01   2.7352358e-01   1.8078652e-01   1.9062755e-01   1.3732672e-01   3.5526360e-01   1.0798501e-01   7.4825580e-02   1.4878783e-01   1.8192716e-01   2.5919724e-01   1.9518928e-01   2.6799963e-01   1.9864342e-02   3.0483183e-01   2.1807688e-01   1.0045239e-02  -2.5104477e-01   9.6711379e-02   2.8621532e-02   1.1125626e-01  -2.3377630e-01  -7.1009644e-02   2.2834198e-02   2.4654920e-01   1.5482966e-01   5.5543188e-03  -9.8215288e-02  -5.3693238e-02  -6.2039418e-02  -1.3961469e-01   2.5102038e-01  -6.0480952e-04  -4.5151003e-02  -1.0056557e-01   1.2141834e-01   1.3032951e-01   2.3565264e-01   3.6538619e-01   2.4965678e-01   1.3402811e-01   1.7514942e-01  -6.2101543e-02   1.2771819e-01  -6.7875965e-03   1.3488515e-01   7.8969689e-02  -1.9970041e-01   2.2551022e-02   4.6355082e-02   5.2390920e-02  -1.2464334e-01  -1.6968570e-02  -1.1974660e-01  -4.4272742e-02   2.3402149e-02  -2.4517546e-01  -1.0214410e-01   9.5245430e-02  -1.4862170e-01   1.7242830e-01  -1.5678406e-01  -1.4247936e-01   3.3992845e-02   5.7495457e-02  -2.8391170e-02   8.8784907e-02   6.9429057e-02   5.8632621e-03   6.3554042e-02  -8.4628003e-02  -4.4467795e-02   7.0198305e-02
  -3.2562381e-02  -1.1570781e-01   1.3754709e-01   1.0751098e-01   1.6173561e-01   3.0169271e-02   1.5780837e-02  -2.0230115e-01  -7.2926353e-02   4.7492094e-01   3.5746729e-01   1.2932076e-01   4.8882470e-01   7.5718791e-02   3.0613540e-01   1.6280740e-01   3.2233395e-01   2.4470189e-01   1.3262047e-01   3.7161328e-01   0.0000000e+00   4.9572976e-01   2.9142818e-01   3.4905875e-01   3.5965832e-01   4.7682590e-02   1.8088806e-01   1.2158744e-01   3.9103246e-01   2.9182924e-01   8.4742183e-02   1.2451046e-01   1.9060670e-01   3.6319140e-01   1.3985125e-01   3.0982571e-01   5.7679661e-01   3.3653328e-01   1.1541862e-01   4.4894866e-01   3.1758304e-01   2.9597137e-01   2.3487708e-01   1.5879013e-01   1.4925459e-01   4.4046583e-01   3.0313185e-01   4.4178464e-01   2.3810600e-01   7.4153829e-02   2.2672188e-01   1.7804364e-01   7.6366664e-02   1.3204037e-01   2.2182446e-01   2.3714836e-01   3.1332726e-01   1.5981057e-01   1.5306855e-01   2.0505101e-01   8.1326418e-02  -7.8392034e-03  -5.8031755e-02   1.0144302e-01   8.6363410e-02   1.1542060e-01  -8.5138283e-02  -8.3698748e-02  -1.1013184e-01   1.2080569e-01  -9.5185810e-02  -1.3154921e-01  -1.8992147e-01  -2.1167769e-02  -1.5822830e-01  -4.0185981e-02  -1.7145416e-01  -5.9517977e-02  -1.2715226e-01  -1.1367659e-01  -7.7394941e-02  -1.0196041e-02   5.1187754e-02   1.2218557e-02   1.4038383e-01  -6.6095708e-02  -1.0956753e-01  -1.4809261e-01  -9.4036102e-02  -3.7219014e-02  -5.9920737e-04   2.5221951e-03  -9.4479361e-02  -3.4944389e-02   7.8265797e-02   7.2527813e-02  -7.3883397e-02   1.2089983e-01  -4.2556698e-02  -1.4261722e-02   6.9925092e-02  -1.4089173e-01  -8.5126020e-02   6.0371374e-02  -3.1192514e-02   1.4313649e-01  -2.5165292e-02   1.2095247e-01   1.0311222e-01   8.4706919e-02   5.2488924e-02   1.1735927e-01   9.2733575e-02   1.1561590e-01   8.8049399e-02  -7.8190737e-02  -8.1371635e-02  -1.1716981e-01
