   0.0000000e+00   2.4006202e-01   0.0000000e+00  -4.0923611e-02   4.9976133e-02   3.7765250e-02   1.3276794e-01   2.9509011e-02   4.1661128e-02   1.8543485e-01   8.2514555e-02   6.7967630e-02   5.6752092e-02   2.2957117e-02   9.2184404e-02   1.0059632e-01  -1.5570997e-02   4.7062152e-03   5.2202921e-02  -4.6953172e-02   2.4138497e-02  -7.6477698e-02  -6.2132232e-02  -9.4302445e-02  -9.0998313e-03  -5.3622052e-02  -3.3613789e-03   6.5482013e-02   1.3682521e-01   1.1788969e-01   2.0042476e-02  -3.2424989e-03  -7.6329757e-03   1.8562481e-01   1.4344525e-01   1.7805060e-01   1.6473924e-01   1.5729379e-01   2.0435149e-01   1.0150255e-01   1.6568528e-01   8.0429406e-02   9.0599236e-02   2.2581011e-01   1.3846451e-01   7.5868005e-02   4.6007391e-02   8.3457336e-02   2.1423263e-02   4.2326461e-02   1.6189000e-02   1.8204834e-01   1.3315080e-01   4.8362333e-02   2.1529911e-01   7.1361303e-02   5.7332549e-02   1.1217069e-01   1.2452349e-01   2.6525542e-02  -1.0791010e-01  -1.0868470e-01  -6.3003537e-02   2.3644735e-01   8.1622209e-02   1.0590489e-01  -1.4398435e-02   1.0877261e-01   1.4079686e-01   5.0838745e-02   6.6443636e-02   9.4658661e-02   2.0147281e-01  -5.9142245e-02   4.8859834e-01  -2.4956220e-03   3.0017329e-01   1.0948791e-01   6.5495112e-02  -3.1931122e-02  -4.6112473e-02   7.9141384e-02  -1.2033252e-01  -6.9680515e-02   1.4904048e-02   1.0907917e-02   8.0374651e-02  -3.2848868e-02   1.0799191e-01   1.2568975e-01   3.5412504e-03   8.9991158e-02  -1.6375582e-02   2.6700631e-02   4.8286984e-02   1.9794397e-01   1.9551486e-01   1.2758115e-01   4.6024065e-02   1.3844985e-01   1.9812560e-01   6.9279847e-02   1.3307006e-01   7.3164469e-03   4.6848526e-02  -1.3102845e-02   2.6030441e-02   4.8670697e-02  -6.5280024e-03   2.1906693e-01   6.0475519e-02   0.0000000e+00   5.2780857e-02   9.4231776e-02  -1.4867610e-02   1.0150865e-01   2.0162290e-02  -3.5500469e-02
   2.4006202e-01   0.0000000e+00   0.0000000e+00  -1.1974762e-01   8.9571378e-03   6.1208521e-02   1.8138379e-01   2.9649656e-02   8.6800602e-02   3.1131514e-02   9.2585035e-02   1.3462122e-02   8.4649381e-02  -2.4143281e-02   1.1006870e-02   1.1936580e-01  -5.0342913e-02   9.2444531e-02   9.0609737e-02  -1.1593314e-03  -5.9689993e-02  -7.8899731e-02  -6.2703256e-02  -1.2285555e-01  -8.4341611e-02  -1.1852013e-02  -1.1064792e-01   1.0158359e-01   8.2414178e-02   1.2626171e-01   1.5100332e-01   1.2676733e-01   8.1987302e-02   1.2061983e-01   1.6332853e-02   2.3216520e-02   6.3903414e-02   3.4508250e-02   5.5723954e-02   3.4337357e-02   1.3118234e-01   4.4169282e-02   1.0431692e-01   7.4385575e-02   1.8668735e-01   1.8679626e-02  -4.6566903e-02  -7.4051491e-02   6.2074493e-02   7.8728811e-02   1.3269004e-01   4.5364405e-02   1.0227150e-01   4.7790826e-02   5.2363901e-02   1.9552849e-02  -6.3169117e-02   1.8831303e-01   1.1849755e-01  -1.2042377e-02  -7.7887055e-02  -1.2233963e-01   2.8016259e-03   1.4340255e-01   7.2158777e-02   5.4250947e-02   5.2973104e-02   1.7709711e-01   1.6090641e-01  -1.4087962e-02   2.4233057e-02   1.7651446e-01   2.3225528e-01   1.0212016e-01   1.1623130e-01   7.0883927e-02   2.9327081e-01   1.0758921e-01  -4.8346071e-02   1.4103785e-01  -2.4507132e-02   5.2384436e-02  -5.0636314e-02   2.5940477e-02  -4.9548780e-02   1.8349264e-01   2.0457812e-01  -1.1044250e-02   1.6269752e-01   1.9684410e-01   1.0764324e-01  -1.0987258e-01   5.5489970e-02   1.2500560e-01   9.3466176e-02   1.5086823e-01   1.2863981e-01   4.9303859e-02   4.4084800e-02   1.2061293e-01   1.0778552e-01   5.0053643e-02   1.1309632e-01  -1.0011770e-01  -4.3758574e-02   4.5282499e-02   3.4936681e-03  -3.8773200e-02  -1.9205161e-02   1.4867653e-01   4.5038217e-02   0.0000000e+00   1.1247632e-01  -4.0357686e-02  -2.0270643e-03   7.7900528e-02   1.7776289e-01   7.3469782e-02
   0.0000000e+00   0.0000000e+00   0.0000000e+00   0.0000000e+00   0.0000000e+00   0.0000000e+00   0.0000000e+00   0.0000000e+00   0.0000000e+00   0.0000000e+00   0.0000000e+00   0.0000000e+00   0.0000000e+00   0.0000000e+00   0.0000000e+00   0.0000000e+00   0.0000000e+00   0.0000000e+00   0.0000000e+00   0.0000000e+00   0.0000000e+00   0.0000000e+00   0.0000000e+00   0.0000000e+00   0.0000000e+00   0.0000000e+00   0.0000000e+00   0.0000000e+00   0.0000000e+00   0.0000000e+00   0.0000000e+00   0.0000000e+00   0.0000000e+00   0.0000000e+00   0.0000000e+00   0.0000000e+00   0.0000000e+00   0.0000000e+00   0.0000000e+00   0.0000000e+00   0.0000000e+00   0.0000000e+00   0.0000000e+00   0.0000000e+00   0.0000000e+00   0.0000000e+00   0.0000000e+00   0.0000000e+00   0.0000000e+00   0.0000000e+00   0.0000000e+00   0.0000000e+00   0.0000000e+00   0.0000000e+00   0.0000000e+00   0.0000000e+00   0.0000000e+00   0.0000000e+00   0.0000000e+00   0.0000000e+00   0.0000000e+00   0.0000000e+00   0.0000000e+00   0.0000000e+00   0.0000000e+00   0.0000000e+00   0.0000000e+00   0.0000000e+00   0.0000000e+00   0.0000000e+00   0.0000000e+00   0.0000000e+00   0.0000000e+00   0.0000000e+00   0.0000000e+00   0.0000000e+00   0.0000000e+00   0.0000000e+00   0.0000000e+00   0.0000000e+00   0.0000000e+00   0.0000000e+00   0.0000000e+00   0.0000000e+00   0.0000000e+00   0.0000000e+00   0.0000000e+00   0.0000000e+00   0.0000000e+00   0.0000000e+00   0.0000000e+00   0.0000000e+00   0.0000000e+00   0.0000000e+00   0.0000000e+00   0.0000000e+00   0.0000000e+00   0.0000000e+00   0.0000000e+00   0.0000000e+00   0.0000000e+00   0.0000000e+00   0.0000000e+00   0.0000000e+00   0.0000000e+00   0.0000000e+00   0.0000000e+00   0.0000000e+00   0.0000000e+00   0.0000000e+00   0.0000000e+00   0.0000000e+00   0.0000000e+00   0.0000000e+00   0.0000000e+00   0.0000000e+00   0.0000000e+00   0.0000000e+00
  -4.0923611e-02  -1.1974762e-01   0.0000000e+00   0.0000000e+00   9.0960039e-02   2.5769912e-02   5.7040200e-02   2.8019852e-02   1.4320759e-01  -2.0255751e-02  -3.4590633e-02  -1.0247095e-01  -1.1080117e-02  -9.2373694e-03  -2.7163488e-02  -5.2075372e-02   2.4630057e-01  -3.2299627e-02   1.9016497e-02   8.8997169e-02   2.2083031e-02   1.6364847e-01   1.0908251e-01   6.7120164e-02   6.1737439e-03  -1.8109087e-02   9.0812102e-02   9.6155163e-03  -3.1375122e-02  -2.7903222e-02   2.6660389e-02  -2.3456127e-02  -9.2510626e-02  -4.2662322e-02   7.9383260e-02  -3.4557263e-02   5.7969590e-03  -6.8396042e-02  -1.1550725e-01   8.1361507e-02  -2.4821536e-02  -7.6579807e-02  -2.6205770e-02   3.8784314e-02   7.5903077e-02  -3.5366291e-02   1.0143404e-01   7.3255558e-02  -4.9787199e-02  -6.1198310e-02   2.4943557e-02  -1.6138502e-01   1.6927498e-02   1.5520450e-01  -5.6273102e-02   6.6050382e-02  -5.6007961e-02   7.9742080e-03   7.5842839e-02   3.2027748e-02   3.2780589e-02  -5.0013859e-03   9.3863003e-02  -3.7705494e-02   4.1747045e-02  -9.2964558e-02   2.6667212e-02   1.3065570e-01   1.2357864e-02  -1.1913234e-02   6.6391754e-02  -4.2940305e-02  -4.0249399e-02  -1.1177733e-01   2.8952534e-02   2.8030656e-01   4.4972190e-03  -4.7118969e-02  -5.6625270e-02  -1.5474560e-02  -1.6801001e-02  -4.3719763e-03   4.5264206e-02  -5.8862603e-02  -4.0110287e-02  -1.0241407e-01   7.4077964e-02  -1.4558154e-03  -1.5795178e-01   7.1226605e-02   1.0034950e-01  -1.9637866e-03   1.0321772e-01  -1.2799771e-01   3.4254215e-02  -7.9893619e-03  -1.8119017e-02   1.0571266e-01   6.7766839e-02   2.0004175e-02  -4.8848623e-02  -2.7654057e-02   3.1768271e-02  -1.0245844e-03  -1.3520278e-01   1.1193807e-02  -6.8149196e-02   7.9900260e-02  -1.9442425e-02  -3.8137661e-02   5.5663907e-02   0.0000000e+00  -2.7936206e-02  -7.6219711e-02  -5.6845366e-03   8.5527688e-02   6.5317259e-02   1.0262829e-01
   4.9976133e-02   8.9571378e-03   0.0000000e+00   9.0960039e-02   0.0000000e+00  -1.7371558e-02   3.8622180e-02  -4.4981226e-02  -1.3193505e-01   9.9888461e-02   9.8570347e-02   1.4651481e-02   1.6832704e-01  -3.0680610e-02   5.1656833e-02   1.5501116e-01   2.8571212e-01   2.2219207e-01   1.0399528e-01   2.0021804e-01   1.5761732e-01   2.1011710e-01  -6.5742558e-02   3.0063130e-02   2.9465789e-01   1.9111463e-01   4.8283057e-01   1.1323622e-01   1.3463705e-01   1.0509263e-01   6.7036614e-02  -2.3842699e-02   2.3627270e-01   4.4361485e-02   1.8891343e-02   2.6584237e-02   1.7734846e-01   1.3291356e-01   1.0368640e-01   1.2017650e-01   1.7183663e-01   1.4551139e-01   2.7679750e-01   1.0938193e-01   7.4673171e-02   1.9476204e-01   4.9277736e-01   1.8459584e-01   6.6374618e-02   3.9185642e-01   2.5969405e-01   1.3783982e-01   8.2841177e-04   1.4420161e-01   9.9437003e-02   9.4317245e-02   3.8222478e-01   5.9696549e-02   4.7676399e-02   1.3809520e-01   1.3408672e-01   1.4923297e-01  -1.4674673e-01   1.2987202e-01  -2.5680828e-02   1.2636691e-01   1.5441518e-03   5.6447878e-02  -1.6930720e-01   2.8457131e-01   3.4926656e-02  -9.7252107e-02   9.4562113e-02   2.2360130e-01   5.7550037e-02  -3.9890370e-02  -6.0525094e-02   1.9641124e-01   3.5813838e-01  -4.1446901e-03   3.2512871e-01   3.6739544e-01   2.8344367e-01   2.8384328e-01   2.7282537e-01   1.1843165e-01   5.0845661e-02   8.6681740e-02   2.1095452e-01   4.1167124e-02  -1.0679168e-02   3.3451018e-01  -8.0283395e-02   1.2641718e-02   4.1989026e-02   3.4664592e-02   4.2570690e-02   4.9383329e-02  -9.9155526e-02  -9.1826335e-02   1.2864260e-02  -1.1343550e-02  -1.1228910e-02   1.4842178e-01   1.5685053e-01   6.7210348e-02  -8.7836208e-02   2.1585302e-01   2.6776180e-02  -1.4573260e-01   2.4321523e-02   0.0000000e+00   6.3655565e-02  -9.6734917e-03   1.3268176e-01   4.5333913e-02  -5.4359455e-02   5.5616196e-02
   3.7765250e-02   6.1208521e-02   0.0000000e+00   2.5769912e-02  -1.7371558e-02   0.0000000e+00  -9.6460704e-03   8.8719768e-02   2.3093915e-02   1.3363797e-02   4.3231707e-02   1.1635142e-01   1.6668708e-02   2.3257950e-01   7.9675609e-02   3.2290075e-02  -2.0963792e-02   9.1572334e-02   5.4894202e-02   4.5192489e-03   2.9408831e-02   5.0314506e-02   2.3696911e-02  -2.5148298e-02   8.5819839e-02   7.1578464e-02  -5.7827398e-03   3.8418708e-02  -7.9105825e-02  -1.0021414e-01  -9.5879366e-02   3.4149272e-02   5.0193459e-02  -4.1375622e-02  -5.6034653e-02   1.1306843e-01   7.1054461e-02   8.9162797e-02   9.9884043e-02   2.6266583e-03   1.1034927e-01   4.4229660e-02  -6.5896445e-02   1.1678422e-02  -4.4450116e-02   8.6663653e-02   2.9793496e-02   5.1385148e-02  -4.3807364e-02   8.1487000e-02   1.4410448e-02  -4.1748590e-02   7.8580660e-02   5.2593058e-02   8.2901592e-02  -1.0590847e-02   8.6727008e-02   7.1167843e-02   9.6478164e-02   6.0969581e-02   6.2029014e-02   1.1919065e-01   1.8003905e-01  -3.9006812e-02   8.9106648e-03  -1.3961783e-02   3.4099166e-02   4.9010357e-02   1.1265524e-02  -3.3618416e-02   5.2432632e-02   1.9637879e-01   6.1803098e-02  -6.2935961e-03   3.9827401e-02  -9.3193332e-03   5.8318877e-02   1.1881146e-01   8.9221370e-02   7.5558740e-02   4.9072732e-02   5.0018650e-02   8.8593813e-02  -2.7098403e-02   8.3625973e-02  -3.7961190e-02   5.8380982e-03   1.3264815e-01   1.6818326e-01  -3.4316657e-02  -1.2971622e-01   1.7169882e-01   9.0369688e-02   6.3310707e-02   8.8030044e-02   4.5612694e-02   1.0783368e-01   5.8561890e-02   4.2389328e-02   1.0038233e-01   8.3938753e-02   1.1745818e-01   3.0700384e-02   1.0464741e-01   2.4969594e-01   5.6959472e-02   5.0709842e-02   7.9910269e-02   1.9440141e-01   1.1315286e-01  -8.5005150e-02   0.0000000e+00   3.3400647e-02   5.0866348e-02   7.8117394e-02   1.0820439e-01   3.0903583e-02  -2.9694459e-02
   1.3276794e-01   1.8138379e-01   0.0000000e+00   5.7040200e-02   3.8622180e-02  -9.6460704e-03   0.0000000e+00   3.1204636e-02  -1.1944975e-01   1.3278173e-01   4.7203823e-01  -5.0219022e-02   2.8052033e-01  -1.4913918e-01   6.1374354e-02   1.8555051e-01   1.6422793e-01   1.2166596e-01   1.6821657e-01   2.8703178e-01   2.3952120e-01   1.1298744e-01   1.2070824e-01   1.8539501e-01   1.8185335e-01  -1.7618787e-02   1.1187785e-01   3.1801357e-01   2.2468344e-01   3.4051792e-01   7.2083712e-02   1.4413395e-01   2.6839941e-01   2.9395410e-01   3.8187321e-01   3.0343932e-01   3.7575084e-01   2.3502044e-01   2.3445536e-01   5.8286935e-01   2.8937915e-01   2.8976420e-01   2.3338911e-01   2.3210997e-01   4.1138005e-01   8.7147369e-02   8.4000049e-02   1.5983365e-01   1.8369906e-01   1.7303083e-01   1.4716127e-01   1.3602850e-01   1.5374284e-01   3.6296177e-01   9.5983777e-02   2.8980592e-01   3.2713338e-02  -2.8502818e-02   1.8699382e-01  -9.2909169e-02  -1.3005096e-01  -1.7772011e-01  -5.5426673e-02   2.9567399e-01   4.7813079e-02   3.9640604e-01   1.1055769e-01   1.9334254e-01   8.6421760e-02   4.2104676e-02   1.2955496e-02  -2.0670168e-02   2.6794086e-01   2.2107970e-01   3.8579046e-03   1.0918023e-01   9.8679380e-03   5.7132860e-02  -7.1965872e-02   1.9927349e-03  -1.1870499e-02   3.3163228e-02   1.5703655e-02   9.2132062e-02   1.5378051e-01   1.6800074e-01   1.7622572e-01  -4.9729664e-02   1.2079699e-01   1.0457690e-01   1.4393599e-01  -5.7938809e-02   2.2477119e-02   2.0348338e-01   1.9585706e-01   1.2522329e-01   3.5638289e-02   2.6402142e-02   3.3858013e-02  -1.9112728e-02   2.0133669e-01  -3.2664732e-02   1.0685635e-01  -1.2440330e-01  -6.2814890e-02   1.1510743e-01   1.2594775e-02   6.2332682e-02   1.0075102e-01   1.9935041e-01   3.5314601e-01   0.0000000e+00  -4.2403553e-02  -6.0948465e-02   1.0156091e-03   8.4875889e-02   3.5405422e-02  -2.6142958e-02
   2.9509011e-02   2.9649656e-02   0.0000000e+00   2.8019852e-02  -4.4981226e-02   8.8719768e-02   3.1204636e-02   0.0000000e+00   2.4037058e-01  -4.0955731e-02   6.5855417e-03  -3.2407117e-02   6.1693266e-02   1.5659972e-01  -9.5793066e-02  -8.7964426e-02  -6.2690668e-02  -8.6356741e-02   8.6803552e-03  -1.3376694e-01  -1.0115770e-01   1.0514178e-01   3.7544891e-02  -9.7613643e-02  -6.2602472e-02  -2.8012528e-02  -8.9115760e-02   1.5483866e-01  -1.4498968e-01  -1.6236881e-01  -5.1170330e-02   1.2590560e-01  -7.9234719e-02  -1.5969375e-01  -9.3612216e-02  -1.9342331e-02  -1.3232250e-01  -1.0770859e-01   1.7510917e-02   2.5783873e-02   2.7178564e-02  -6.3821711e-02  -1.7976508e-01   2.1810576e-03   9.2504784e-02  -6.6138477e-02  -5.9816576e-02  -3.6399338e-02   1.0144575e-01  -3.2709712e-02  -4.6739501e-02  -1.5672782e-02   4.5388106e-02  -7.2760583e-02  -8.5357401e-02  -8.6823554e-02  -1.0080032e-01   1.2552990e-01  -2.5159645e-02  -1.2358875e-02  -3.2440132e-02   6.9346020e-02   1.7835911e-01  -5.2784938e-02   1.1083277e-01  -1.5936221e-02   1.6097603e-01   1.3966725e-01   1.7137753e-01  -1.9760695e-01  -9.9885056e-03   1.7613938e-01   2.7815514e-02   1.8940249e-02   2.1109035e-02   2.1606950e-01   1.1999602e-01   5.7594624e-02  -3.4052219e-02   1.8922352e-01  -8.2759773e-02   3.3362037e-02   6.3201485e-03  -1.6378128e-01  -1.1182508e-01  -1.1454553e-01  -4.1730024e-02   7.6203276e-02   8.3686248e-03   1.0239306e-01  -6.8658619e-02  -1.3059724e-02   1.6471180e-01   4.6187643e-02   1.1056746e-01   4.1201884e-02   4.9790804e-02   5.3964643e-02   8.6978704e-02   1.7683884e-01   9.6095347e-02   1.5226619e-01   3.0471746e-02  -3.2592661e-03   5.4995867e-02   3.4040926e-02   4.8114824e-02  -3.9014433e-03   6.0860076e-02  -3.4842264e-02  -8.2591828e-02   0.0000000e+00  -1.0375700e-01  -9.2949146e-02  -1.1859472e-01   4.5142921e-01   1.2177298e-01   1.4320603e-01
   4.1661128e-02   8.6800602e-02   0.0000000e+00   1.4320759e-01  -1.3193505e-01   2.3093915e-02  -1.1944975e-01   2.4037058e-01   0.0000000e+00  -1.0109078e-02  -1.1386392e-01   4.4393097e-02  -9.1802817e-02   1.9995779e-01   8.4124532e-02  -3.6607884e-02  -2.2636121e-02  -2.3972992e-02   9.3936047e-03  -9.2531252e-02  -1.2050572e-01  -3.4096973e-03   6.1958558e-02  -1.0832659e-01  -1.6838440e-01  -1.1226215e-01  -2.0150547e-01   3.9341179e-02  -9.8417207e-02  -5.9996462e-02  -2.0570025e-02  -4.9157647e-02  -2.0850095e-01  -1.9406234e-01  -1.7048440e-01  -6.5353080e-02  -1.9258406e-01  -1.0911760e-01  -1.1882988e-01  -1.0825813e-01   2.8226403e-02  -4.4118890e-02  -2.1800804e-01  -2.6056839e-02   1.2365560e-02  -1.2881145e-01  -1.4389566e-01   3.9498452e-03   6.4108894e-02  -1.4032369e-01  -1.0448096e-01  -1.0598296e-01   7.2266007e-02  -8.7139868e-02  -8.4410165e-02  -1.1067467e-01  -1.5959398e-01   1.5270848e-01  -4.9079266e-03  -7.1702507e-02  -8.0685610e-02  -4.1839330e-02   2.5200256e-01  -1.3647055e-01   1.6588185e-01  -1.2109996e-01   4.8367952e-02   1.8248205e-02   2.8152108e-01  -1.7807903e-01   1.4423126e-02   1.6633446e-02  -3.0142382e-02  -9.1798835e-02  -4.5441537e-02   5.4746738e-02   1.7478501e-01  -6.0077950e-02  -1.2452386e-01   1.6584391e-01  -1.5771982e-01  -5.1415745e-03  -7.1493250e-02  -1.6358599e-01  -2.7822370e-01  -8.8046670e-02   9.5586407e-02   8.0763958e-04  -7.7224925e-02   6.4053717e-02  -3.9147315e-02  -1.3769215e-01   2.9574928e-01  -2.5914737e-02   1.1178979e-01   1.9876484e-02  -6.4087226e-02   4.6475678e-02   1.2605561e-01   1.9498085e-01   3.1027841e-03   3.8132213e-02  -2.1085803e-02  -1.2099678e-01  -2.2671374e-02  -2.9892388e-03   1.6344467e-01   9.2398836e-02   4.2374023e-02   1.6008504e-01   8.4737674e-02   0.0000000e+00   1.1177029e-01   5.6096246e-03  -7.8050149e-02   2.5391083e-01   1.8241121e-01  -1.8386041e-02
   1.8543485e-01   3.1131514e-02   0.0000000e+00  -2.0255751e-02   9.9888461e-02   1.3363797e-02   1.3278173e-01  -4.0955731e-02  -1.0109078e-02   0.0000000e+00   1.4152080e-01   2.0373911e-01  -1.2485914e-02  -5.6581097e-02   1.2820494e-01   1.2415979e-01  -1.7205298e-02   3.3045154e-02   8.1756604e-02   4.9729119e-02   5.6164349e-02   8.7895621e-02  -3.1929685e-02   9.1847727e-03   5.3575245e-02   2.3310053e-02   1.1681403e-01   1.4362186e-01   8.5069277e-02   1.0797365e-01   1.9601946e-02  -2.7664213e-02   8.4366299e-03   7.8429128e-02   7.4579728e-02   1.3796461e-01   1.4938319e-01  -9.1867128e-03   1.2306745e-01   6.9490092e-02   3.2528540e-02   3.1227633e-02   4.0891049e-02   9.1387184e-02   8.0059775e-02   5.5532593e-02   2.1249940e-01   1.7923710e-01   1.7797364e-01   1.9153450e-01   2.4612922e-02   4.3263501e-02   4.1009603e-02   7.8891016e-02   1.5226436e-01   1.3526228e-01   9.2435940e-02   3.0985508e-02   1.4449010e-01  -2.3694130e-02   3.9548412e-02   2.5849211e-02  -4.4226266e-02   1.5881946e-01  -6.2364316e-02   1.6220109e-01  -3.6652679e-02  -4.1428819e-02   3.7907253e-02   5.3787292e-02  -1.7814374e-01  -9.9094759e-02   1.0647943e-01   1.2673719e-01   1.4426875e-01  -7.1191740e-02  -3.0015054e-02   5.9875320e-02   7.9506762e-02  -6.0074821e-02   6.1465921e-02   6.5155538e-02   1.7941965e-02   6.2771471e-02   9.2583018e-02  -9.6515748e-02  -5.1660532e-02  -1.5195691e-02   1.0299666e-01   5.5144044e-03  -1.2527167e-01   1.0442023e-01   2.3734820e-02   8.3685337e-02  -2.4387136e-02   6.4478845e-02   1.0604667e-01  -2.3801024e-02  -7.4963068e-02  -6.1960023e-02   8.1018424e-02   2.1549937e-02   4.3542478e-02   4.9433341e-02   4.0214498e-02   5.1398300e-02   6.9078166e-03   1.5433382e-01   6.5744811e-02  -1.4195391e-01   1.0343722e-01   0.0000000e+00  -3.3285397e-02   1.8492597e-02   8.0113223e-02   2.2807357e-02  -7.2295815e-02  -1.0725885e-01
   8.2514555e-02   9.2585035e-02   0.0000000e+00  -3.4590633e-02   9.8570347e-02   4.3231707e-02   4.7203823e-01   6.5855417e-03  -1.1386392e-01   1.4152080e-01   0.0000000e+00  -1.2110803e-01   1.9102502e-01  -1.5219748e-01  -4.2289698e-03   1.3984222e-01   1.5846361e-01   9.8420568e-02   1.3296920e-01   2.4588523e-01   2.4451013e-01   1.7743201e-01   8.8640969e-02   1.9285766e-01   1.3604337e-01   1.8495373e-02   1.4583518e-01   2.4230474e-01   2.2103503e-01   2.5520015e-01   1.1002371e-02   2.4467344e-01   3.2017918e-01   3.7891376e-01   4.2322011e-01   3.6350120e-01   4.6039174e-01   3.2672227e-01   3.2214193e-01   4.9747164e-01   2.2466654e-01   2.0733173e-01   1.6525223e-01   2.4496630e-01   2.8855670e-01   1.7769346e-01   2.0041759e-01   1.2346141e-01   1.3608505e-01   1.8278000e-01   4.3005965e-02   1.7348174e-01   2.1035241e-01   3.0632482e-01   1.6710565e-01   2.5907980e-01   1.2239852e-01  -3.4470865e-02   1.9199886e-01  -1.9341131e-02  -8.1537319e-02  -7.5292705e-02  -5.3976343e-02   2.6591350e-01   8.6908173e-02   4.2788757e-01   7.4915536e-02   3.5202702e-02  -8.5710883e-03   8.9476536e-02  -4.9984927e-02  -1.2017018e-01   1.6857021e-01   2.1087325e-01  -4.8903386e-02  -4.8997951e-02  -5.3641498e-02   4.8580998e-02  -2.4827524e-02  -8.2337318e-02  -4.7471769e-02   1.0700799e-02  -7.3362324e-02   5.5792159e-02   2.9428486e-01   7.4311321e-02   2.4986658e-02  -7.3389347e-02   7.2582797e-02  -6.4542982e-02  -1.8590383e-02   2.8011629e-02   3.5887780e-02   6.4893715e-02   1.2371876e-01   9.3301493e-02   1.4063679e-01   5.2269422e-02  -1.5132483e-02  -1.9003579e-02   2.7179433e-01   7.0273289e-02   4.9274510e-03  -5.9542274e-02  -1.0869275e-02   8.1688064e-02  -1.8972060e-02   9.1977428e-02   1.1284543e-01   1.1617530e-01   2.5217778e-01   0.0000000e+00  -1.2941536e-01  -3.9755338e-02  -3.8551041e-02  -2.3402110e-02  -1.2044214e-01  -1.3663764e-01
   6.7967630e-02   1.3462122e-02   0.0000000e+00  -1.0247095e-01   1.4651481e-02   1.1635142e-01  -5.0219022e-02  -3.2407117e-02   4.4393097e-02   2.0373911e-01  -1.2110803e-01   0.0000000e+00  -4.7967097e-02   1.2954719e-01   2.1663953e-02   8.3602654e-03  -1.7605050e-01   6.8248810e-02   1.0048921e-03  -1.3127499e-01  -6.9898968e-02  -8.4504861e-02  -2.8297945e-02  -3.2804417e-02   2.0649476e-02   1.7428902e-01  -4.9858031e-02   2.4317864e-02  -8.2061444e-03  -1.5185049e-02  -7.8896303e-02   2.5264920e-02   2.6880726e-02  -7.0058663e-02  -1.5233951e-01   3.2685815e-02  -9.8080155e-03   1.3710444e-01   5.6084992e-02  -8.7102631e-02   5.6393526e-02  -1.4570872e-02  -7.0979759e-02   3.6967869e-02  -1.4051075e-01   8.4471956e-02   2.8971809e-03   3.9485023e-02  -9.6318121e-02   1.1776180e-01  -4.6810606e-02   6.5108761e-02   5.5540048e-02  -6.9314893e-02   1.4664553e-02  -3.7982705e-02  -2.8828301e-02   1.7909636e-01  -3.5744462e-02   6.5831080e-02   1.8372122e-01   1.0985509e-01   1.6605399e-01  -6.3042312e-02   7.4316152e-03  -1.4414008e-01   3.2743907e-02   1.6019922e-02   5.0546763e-02  -8.5598822e-03   4.2434203e-02   9.2063323e-02   2.6657131e-01   1.3373178e-01   1.2987870e-01  -2.4635341e-02  -4.5835224e-03   2.2074747e-01   1.6444866e-01  -2.5733080e-02   6.1426173e-02   1.3343603e-01   7.3902132e-02   1.1002195e-02   1.5679851e-02  -8.0804177e-02  -4.8537250e-03   6.0052478e-02   2.0726988e-01  -7.9951623e-02  -1.4018123e-01   1.5760839e-01   1.0379963e-01   1.0860852e-01   8.4759013e-03   2.7027332e-02  -1.7159182e-02   6.4958898e-02   1.2073801e-01   5.0945730e-02  -4.2176781e-02   1.7289003e-01   6.7907906e-02   1.5666357e-01   1.3488887e-01   8.2309047e-02   7.6900724e-02   9.3378953e-02   3.6531540e-03   2.2111740e-02   2.8369064e-02   0.0000000e+00   8.1264523e-02   1.0974264e-01   1.1663273e-01   2.2218585e-02  -2.6758647e-02   6.1190097e-02
   5.6752092e-02   8.4649381e-02   0.0000000e+00  -1.1080117e-02   1.6832704e-01   1.6668708e-02   2.8052033e-01   6.1693266e-02  -9.1802817e-02  -1.2485914e-02   1.9102502e-01  -4.7967097e-02   0.0000000e+00   1.2156468e-02   1.0347755e-01   9.7883886e-02   1.1798254e-01   1.5408435e-01   8.2397458e-02   4.1071114e-01   3.4757744e-01   1.4765486e-01   1.5900772e-01   1.8288384e-01   1.8316829e-01   5.8868424e-02   2.0764332e-01   9.9678218e-02   2.2835220e-01   3.0658147e-01   2.6659124e-01   8.1102589e-02   1.7994383e-01   1.7574630e-01   2.0059706e-01   4.4848789e-02   1.1874580e-01   1.2957978e-01   5.5920082e-02   2.4570648e-01   8.3293016e-02   1.8177866e-01   2.6347852e-01   8.0999466e-02   3.7865956e-01   8.5943896e-02   1.3492619e-01   9.4874343e-02   1.4364797e-01   1.1105146e-01   4.0685048e-01   2.5083446e-02   4.1143071e-02   2.1798524e-01   5.5679344e-02   3.3198536e-01   1.8242955e-01   4.1152439e-02   4.3548610e-02   1.0319183e-01  -2.0822062e-02  -3.8451589e-02  -4.8505452e-02   2.5791256e-01   2.1838483e-02   1.3622852e-01   3.1761495e-01   4.4202299e-02   4.3974659e-02   1.6823826e-01   1.3728439e-01   6.0360827e-02   1.0737492e-01   9.8034239e-02   2.4040970e-02   1.6723838e-01   4.3379587e-02  -3.9078519e-02  -6.3782009e-02   1.2217909e-01   7.3307049e-02   1.4413000e-01   1.0272163e-01   1.8879892e-01   8.5951005e-02   3.0500581e-01   1.5700080e-01   1.7944941e-02   3.6971319e-02   1.7778646e-01   9.0439361e-02  -5.6375222e-02  -3.7014959e-02   9.6909995e-02   4.0829881e-02   9.5308608e-02   6.1123089e-03  -5.3116265e-02  -4.6842653e-02   3.8675852e-03   1.8479990e-03  -6.8146561e-02  -6.5756361e-02  -4.2257111e-02   1.0811480e-01   4.4056001e-01   5.7761441e-02   2.7010123e-03   1.8424214e-01   4.6772462e-02   2.2091654e-01   0.0000000e+00   9.5103741e-02   5.3117916e-02   8.5175997e-02   2.7762246e-02   1.4518190e-02   2.3262508e-01
   2.2957117e-02  -2.4143281e-02   0.0000000e+00  -9.2373694e-03  -3.0680610e-02   2.3257950e-01  -1.4913918e-01   1.5659972e-01   1.9995779e-01  -5.6581097e-02  -1.5219748e-01   1.2954719e-01   1.2156468e-02   0.0000000e+00   3.7649787e-02  -4.3551193e-03   1.2194847e-03   7.6402666e-02  -2.6941962e-02   1.6157549e-01   1.9490771e-02   2.7687609e-01   2.8924258e-01  -6.9757803e-02   1.2689317e-01   5.2549428e-03   9.8152667e-02   1.4395642e-01  -1.5863990e-01  -1.3261825e-01  -1.5206136e-01  -5.1115990e-02  -1.3170897e-01  -2.3651952e-01  -2.2834933e-01  -1.0803489e-01  -1.6721656e-01  -1.1267863e-01  -3.5612703e-02  -1.2503166e-01   3.9841005e-02  -5.6810513e-02  -2.4778237e-01  -7.6897472e-02  -1.1913632e-01  -8.4158024e-02  -7.8696859e-03   7.7219552e-02  -6.4667422e-03  -1.5191497e-02   2.0611275e-02   5.2540186e-03  -6.0703209e-02   5.1404775e-03   4.9848127e-02  -1.1451786e-01   2.0451227e-01   8.2201049e-02  -3.3412355e-02  -1.0503938e-03   9.2394272e-02   2.5429228e-01   2.4156223e-01  -1.9978593e-01   3.7149425e-02  -1.5014423e-01   6.1705198e-02   6.6658944e-02  -6.8196454e-03  -6.5205192e-02   1.8197702e-01   2.6259718e-01  -4.4594542e-02  -3.7898472e-02  -1.8622203e-02   1.3642711e-02   3.9088458e-03   5.3851454e-02   1.5812118e-01   3.2513678e-01   1.6801895e-01   3.1702913e-01   3.8215795e-01  -2.3299963e-02  -3.3610025e-02  -8.2264082e-02  -6.3332597e-02   3.7384371e-01   9.6100427e-02  -4.2292198e-02  -1.7772795e-01   1.3047832e-01   1.2173423e-01  -3.5285790e-02  -1.6708191e-02  -8.0613652e-02   2.3768756e-02  -4.1714285e-02  -8.8675380e-03   5.6095899e-02   2.8032515e-02   1.7995108e-02  -3.9650139e-02  -3.3984700e-02   2.4225828e-01   3.3966101e-02   3.3952274e-02   3.1891967e-02   2.1085954e-01   6.8073984e-03  -1.6165804e-01   0.0000000e+00   2.3166812e-02   1.0587671e-02   2.0075625e-02   3.3318730e-01   1.1234202e-01   6.0572307e-02
   9.2184404e-02   1.1006870e-02   0.0000000e+00  -2.7163488e-02   5.1656833e-02   7.9675609e-02   6.1374354e-02  -9.5793066e-02   8.4124532e-02   1.2820494e-01  -4.2289698e-03   2.1663953e-02   1.0347755e-01   3.7649787e-02   0.0000000e+00   4.7173793e-01  -3.5078634e-02   3.9082779e-02   1.5981554e-01   1.7814342e-01   2.1503822e-01   6.8580604e-02   1.2483300e-01   1.0939078e-01   1.6902296e-01   1.9950013e-02   9.5730275e-02   8.5302272e-02   2.3310715e-01   2.1510866e-01   1.1045920e-01   3.8918084e-03   7.4201415e-02   1.3143648e-01   1.5404495e-01   1.7344093e-01   2.1895761e-01   1.8532598e-01   1.1746882e-01   4.6993210e-02   1.4686225e-01   1.5013634e-01   1.4888006e-01   1.9778947e-01   8.7273714e-02   1.2799991e-01   1.1434417e-01   3.0896458e-01   9.3195996e-02  -1.2631807e-03   1.2279737e-01   6.1042404e-02   1.3422084e-01   2.1944050e-01   3.9413620e-01   2.2139163e-01   1.8917640e-01   1.2439352e-01   1.2320466e-01  -3.6046415e-02  -1.6295259e-02  -9.5881226e-03  -3.4968879e-02   1.6171544e-01   1.2281745e-01   1.9204448e-01   6.0723679e-02  -1.7944583e-01  -2.9051840e-02   9.4771359e-02   1.3955425e-01  -4.8392190e-02  -8.9217303e-02  -8.2994420e-02   2.4659271e-02  -1.4757393e-01   6.0765795e-02  -2.7785775e-02  -4.6875521e-02  -6.1670254e-02   3.3949471e-02   1.3417570e-01   1.9393902e-03   1.3404761e-02   6.3000765e-02   1.7668427e-01   3.4191066e-02  -8.2457030e-02   7.2025306e-02  -5.7221045e-02  -7.1122966e-02   4.2918098e-02  -6.8595898e-02  -5.8279448e-03   6.1822805e-03   1.0145404e-01   1.4450398e-01  -5.9552835e-03   3.1769743e-02   8.7434050e-02   1.6925481e-01  -4.0689268e-03   9.7807113e-03   3.9815249e-02   1.2865160e-01   2.2538381e-01   1.5967005e-01   1.3998763e-01   2.0996344e-01   1.0045585e-01   1.8837527e-01   0.0000000e+00   3.2691957e-01   3.0401252e-01   2.4063522e-01  -4.4506779e-02  -1.3250297e-01  -1.5673564e-01
   1.0059632e-01   1.1936580e-01   0.0000000e+00  -5.2075372e-02   1.5501116e-01   3.2290075e-02   1.8555051e-01  -8.7964426e-02  -3.6607884e-02   1.2415979e-01   1.3984222e-01   8.3602654e-03   9.7883886e-02  -4.3551193e-03   4.7173793e-01   0.0000000e+00  -5.4887515e-03   1.7378570e-01   2.8057151e-01   1.3465775e-01   1.4653830e-01   5.9854415e-02  -5.7298535e-02   2.8302950e-02   1.3888739e-01   1.7076600e-02   1.1621544e-01   7.9025583e-02   2.5987641e-01   2.1051641e-01   1.1816668e-01   1.2594722e-01   2.2722639e-01   2.4868156e-01   1.7405890e-01   3.7466541e-01   4.3808685e-01   2.5276452e-01   3.3244453e-01   8.2588703e-02   2.1263278e-01   1.5984575e-01   1.7859078e-01   1.8565114e-01   1.2795288e-01   2.5226026e-01   1.5653278e-01   1.8204999e-01   1.4011534e-01   1.6900608e-01   4.3346757e-02   2.5965097e-01   1.9122260e-01   2.3166655e-01   5.9831256e-01   2.3708566e-01   3.2990299e-01   7.8912258e-02   3.5355935e-01  -5.9792956e-02  -6.4386725e-02   2.0168895e-03  -4.8180244e-02   2.9116887e-01   7.6113157e-02   3.7221343e-01   1.8576926e-02  -4.1313365e-02  -4.3859209e-02   8.9519660e-02   3.5473936e-02  -1.1738576e-01  -7.9088914e-02   8.6206583e-02  -3.4039952e-02  -2.0879558e-01   1.8567875e-02   4.8495026e-03   8.8005478e-02  -4.8276828e-02   3.6343016e-02   1.0847866e-01  -8.1591517e-02   5.3987752e-02   2.3737711e-01   1.6856973e-01   1.0287199e-01  -3.3633384e-02   2.3705557e-01  -5.5134344e-02  -1.2005294e-01   1.6620387e-01  -8.1665657e-02   1.1429379e-01   1.0437311e-01   1.4131513e-01   1.2288851e-01   5.8465552e-02   3.7211446e-02   5.7660128e-02   2.2602091e-01   7.2905860e-02  -3.0914622e-02   2.4969176e-02   1.9698920e-01   1.0356668e-01   1.1976426e-01   2.6117151e-01   2.0893822e-01   2.9231415e-01   3.0888452e-01   0.0000000e+00   2.3090996e-01   2.6899744e-01   1.4545375e-01  -1.2672517e-02  -1.0941208e-01  -2.2540270e-01
  -1.5570997e-02  -5.0342913e-02   0.0000000e+00   2.4630057e-01   2.8571212e-01  -2.0963792e-02   1.6422793e-01  -6.2690668e-02  -2.2636121e-02  -1.7205298e-02   1.5846361e-01  -1.7605050e-01   1.1798254e-01   1.2194847e-03  -3.5078634e-02  -5.4887515e-03   0.0000000e+00   3.3636036e-01   6.7096539e-02   3.3261426e-01   1.4378557e-01   1.9894970e-01   7.6634711e-02   5.1543833e-02   1.4918001e-01   1.2499028e-01   2.8429254e-01   8.3816656e-02   6.0005759e-02   4.6841954e-02   8.0564709e-02  -2.5496054e-02   1.9293905e-01  -2.5994626e-02   1.1545938e-01   7.8572086e-03   3.9780089e-02   1.8294364e-03  -3.6959269e-02   1.3665143e-01   8.0012741e-02   4.7601822e-02   2.0075945e-01   5.5656022e-02   2.0259484e-01   1.3088902e-01   2.0127994e-01   2.5328830e-01   5.2586447e-02   1.8453115e-01   2.1163889e-01   4.6549042e-02  -5.1727375e-03   2.4680606e-01  -9.1348716e-02   4.9475018e-02   1.4638564e-01  -3.3245341e-03   1.1395162e-01   2.6996382e-02   1.1011495e-01   9.4848013e-02  -9.6419700e-02   8.2651630e-02  -9.8776857e-03   5.8777676e-02   5.7629294e-02   1.8814746e-01  -8.6882246e-02   2.3161046e-01   9.1606925e-02  -2.2846543e-02   7.0528825e-02   3.5832100e-02  -6.4484952e-02   8.6455406e-02  -1.0929509e-01   7.4992057e-02   1.6666318e-01   7.1824321e-02   2.7719578e-01   2.1860408e-01   2.4213458e-01   2.9037459e-01   2.1123709e-01   1.5376775e-01   9.3699256e-02   1.6354094e-01   1.2452676e-01   4.5912847e-02   6.3982183e-02   1.6904202e-01  -2.7559386e-02   9.0375697e-02   2.7549662e-02  -8.9656864e-02  -2.7266569e-02  -7.9581214e-02  -1.4523533e-01  -1.7172652e-01   1.2434683e-01  -8.5818358e-02   4.7124712e-02   3.5169056e-02   4.7703659e-02   2.2522357e-02  -9.6788990e-02   9.2728841e-02  -1.5100536e-03  -7.6374211e-02   1.5877794e-02   0.0000000e+00  -2.4942367e-03  -9.7443487e-02  -1.6552901e-04   3.7295625e-02   9.2599522e-02   1.1418258e-01
   4.7062152e-03   9.2444531e-02   0.0000000e+00  -3.2299627e-02   2.2219207e-01   9.1572334e-02   1.2166596e-01  -8.6356741e-02  -2.3972992e-02   3.3045154e-02   9.8420568e-02   6.8248810e-02   1.5408435e-01   7.6402666e-02   3.9082779e-02   1.7378570e-01   3.3636036e-01   0.0000000e+00   1.6927817e-01   3.5234227e-01   1.3054996e-01   1.9591696e-01  -4.4258854e-02  -6.9115898e-02   2.1379039e-01   2.1743195e-01   2.9061895e-01   9.7125866e-02   1.6663769e-01   8.1564469e-02   2.5196862e-01   3.7505878e-02   2.4551409e-01  -3.9636243e-02  -1.6824063e-02   1.5462081e-02   7.6692167e-02   1.1066980e-01  -2.8184579e-02   2.0860398e-02   1.4430278e-01   1.4732232e-01   2.8110588e-01   1.2876358e-01   1.0690848e-01   2.8314375e-01   2.3545150e-01   2.3796258e-01   8.8956281e-02   3.3958612e-01   2.8799180e-01   6.3591934e-02   5.9952720e-02   1.3258949e-01   1.0005044e-02   4.5815666e-02   2.7225145e-01   9.7639483e-02   1.5241614e-01   1.5742314e-01   2.2486059e-01   1.9271660e-01  -1.1164389e-01   1.3923263e-01  -2.8072924e-02   1.2075119e-01   7.6339285e-02   2.1720225e-01  -2.2374867e-02   3.7807724e-01   1.0617682e-01  -7.3340889e-02   1.6868131e-01   1.2333006e-01   3.5418946e-02  -9.4709636e-03   3.3468300e-02   1.7492779e-01   2.9078859e-01   1.4441755e-01   4.0904338e-01   2.5899900e-01   3.3105637e-01   4.8997686e-01   2.3606942e-01   2.5079122e-01   2.4345656e-01   2.3089812e-01   3.3147194e-01   1.2601640e-01   1.0741927e-01   2.6644398e-01   1.2975966e-02   2.1588404e-01   8.7459972e-02   2.4576843e-02   3.8051260e-02  -6.5023759e-03  -3.7557306e-02  -2.2950290e-02   8.2368225e-02  -3.5653870e-02   2.2252867e-01   1.5121710e-01   1.7832398e-01   6.1678582e-02  -3.9986690e-02   1.2040266e-01   3.6128547e-03  -3.2184219e-02   7.1112709e-02   0.0000000e+00   1.1451702e-01   3.2806832e-02   4.0028683e-02   1.5772045e-02   1.5076609e-01   8.6610300e-02
   5.2202921e-02   9.0609737e-02   0.0000000e+00   1.9016497e-02   1.0399528e-01   5.4894202e-02   1.6821657e-01   8.6803552e-03   9.3936047e-03   8.1756604e-02   1.3296920e-01   1.0048921e-03   8.2397458e-02  -2.6941962e-02   1.5981554e-01   2.8057151e-01   6.7096539e-02   1.6927817e-01   0.0000000e+00  -1.2031356e-02   4.5673756e-02   1.0712734e-03   1.6161900e-02  -7.9243248e-03   2.8858011e-02   1.0887818e-01  -4.8464861e-02   1.1747070e-01   6.9238221e-02   4.6115987e-02  -4.3098859e-02   1.1033029e-01   4.6644947e-02   1.4482833e-02   1.6195321e-02   2.8209281e-01   1.8476218e-01   1.9971941e-01   2.3429681e-01   1.7593617e-01   2.2216066e-01   1.6367387e-01   1.6560065e-01   1.9733945e-01   1.4779256e-01   2.1430938e-01   8.9642483e-02   1.1898576e-01   1.2322541e-01   1.3164731e-01   6.6093610e-02   1.0634222e-01   2.8990644e-01   9.7527644e-02   1.8669932e-01   7.2281893e-02   8.1040664e-02   7.8499351e-02   4.0311759e-01   2.5446821e-03   2.7215402e-02   5.3427098e-02   5.5903785e-02   2.4453085e-01   3.4010733e-02   2.5595011e-01   9.7296975e-02   1.3246353e-01   1.1112086e-01   1.6075350e-03   1.2622977e-02  -5.1785608e-02  -2.9800575e-02   3.1545397e-02  -2.0278586e-02   4.1885980e-02   8.1785024e-02   1.1954833e-01   8.8887228e-02  -6.1616377e-02   2.0098600e-02  -4.5680999e-02  -4.3419821e-02   1.8760264e-02   1.4257630e-01   3.9987843e-02   6.2528572e-02   1.0708411e-01   2.4197416e-01   2.8057147e-02  -9.5279925e-03   1.3598884e-01   4.9583669e-02   2.3160332e-01   4.1746702e-01   2.9496809e-01   2.1931523e-01   3.1755505e-01   1.5268031e-01   2.0910749e-01   1.7608231e-01   1.7609742e-01   9.4126993e-02   1.3217926e-01   1.8905210e-01   1.9109875e-01   6.8422116e-02   1.8926694e-01   1.2480193e-01   2.0907196e-01   2.2583838e-01   0.0000000e+00  -5.8921117e-03  -5.5694473e-02  -6.0175781e-02   4.8334147e-02  -3.3424657e-03  -1.7047584e-02
  -4.6953172e-02  -1.1593314e-03   0.0000000e+00   8.8997169e-02   2.0021804e-01   4.5192489e-03   2.8703178e-01  -1.3376694e-01  -9.2531252e-02   4.9729119e-02   2.4588523e-01  -1.3127499e-01   4.1071114e-01   1.6157549e-01   1.7814342e-01   1.3465775e-01   3.3261426e-01   3.5234227e-01  -1.2031356e-02   0.0000000e+00   6.4599734e-01   4.9009420e-01   4.6999102e-01   3.6027225e-01   4.8665004e-01   9.8253065e-02   5.9201170e-01   2.5180149e-01   3.3170496e-01   4.1567623e-01   2.3774187e-01   4.3160451e-02   2.3362156e-01   2.1027521e-01   3.6195156e-01  -1.8529594e-02   1.7418941e-01   1.3037248e-01  -3.7472636e-02   2.8941496e-01   1.3156834e-01   2.2007988e-01   3.2512718e-01   6.5440212e-02   2.9932561e-01   1.0312575e-01   2.8159803e-01   3.6174995e-01   1.1062247e-01   1.7606718e-01   3.2715173e-01   3.3545712e-02  -1.7820581e-02   3.9884711e-01   1.2218956e-01   3.3420878e-01   3.2881739e-01  -5.2877972e-02  -5.1340828e-02   7.6725257e-02   1.6723859e-01   8.9455985e-02  -1.4569576e-01   1.1376706e-01  -7.0632253e-02   1.2697642e-01   1.6479565e-02   6.0658312e-03  -2.0062168e-01   3.5413379e-01   1.7228394e-01  -1.2061840e-01   8.2541953e-02   1.3959434e-01  -4.0139512e-02  -8.0100967e-03  -1.2004627e-01  -5.2413748e-02   2.1372786e-03   1.2490379e-01   2.7322204e-01   3.5837069e-01   4.5086462e-01   4.7969234e-01   1.8963501e-01   3.9752305e-01   1.0914546e-01   9.7924598e-02   2.4692250e-02   6.0651681e-02   1.0607510e-01   3.6451806e-02  -2.3839843e-02  -7.1893621e-02  -3.7679893e-02  -6.1244957e-02   4.2494531e-02  -1.2506373e-01  -1.3514733e-01  -1.3714833e-01   9.0626375e-02  -2.1590326e-01   3.3703792e-02  -2.1840195e-02  -3.3427333e-02   2.3352753e-01  -8.1546778e-02   2.6262685e-03   7.5189474e-02  -1.8869059e-01   7.3305294e-02   0.0000000e+00   6.4346936e-02   5.5243359e-02   1.0254204e-01  -6.6676623e-02   2.3365648e-02   9.0692975e-02
   2.4138497e-02  -5.9689993e-02   0.0000000e+00   2.2083031e-02   1.5761732e-01   2.9408831e-02   2.3952120e-01  -1.0115770e-01  -1.2050572e-01   5.6164349e-02   2.4451013e-01  -6.9898968e-02   3.4757744e-01   1.9490771e-02   2.1503822e-01   1.4653830e-01   1.4378557e-01   1.3054996e-01   4.5673756e-02   6.4599734e-01   0.0000000e+00   3.7184654e-01   3.9588618e-01   4.6880918e-01   5.3521540e-01   8.1857596e-02   3.6841031e-01   1.6530297e-01   2.2801012e-01   4.0938604e-01   8.4802833e-02   5.4654123e-04   1.0069488e-01   2.4093828e-01   4.6721103e-01   1.0729372e-01   2.8882325e-01   2.7611538e-01   1.3951589e-01   3.1115329e-01   8.8853988e-02   2.5461287e-01   2.5709283e-01   1.0318616e-01   2.3251635e-01   1.4320083e-01   2.1546220e-01   3.2048726e-01   5.6527676e-02   2.2771852e-02   1.4908534e-01   8.0418932e-02   5.9978156e-02   3.2833029e-01   2.8056251e-01   4.2250371e-01   3.0521307e-01  -8.8859998e-02  -8.9068741e-03   1.2694729e-01   1.0163020e-01   4.2249139e-02  -1.3040349e-01   1.3832204e-01  -1.4059900e-02   1.1620484e-01  -2.8040242e-02  -8.3729155e-02  -1.5101380e-01   1.9049293e-01   9.9149768e-02  -1.7563511e-01  -4.8483819e-03   1.5667104e-02  -3.6474011e-03  -8.6376097e-02  -1.4817651e-01  -1.0249113e-01  -7.6016593e-02  -7.7920093e-02   8.4077167e-02   1.5015865e-01   1.8221406e-01   1.7633087e-01   1.2671360e-01   2.3073928e-01  -3.8947160e-02  -4.2126989e-02  -6.3461514e-02  -4.0182253e-02  -2.8518118e-02   3.4012208e-02  -8.1256588e-02  -7.4518518e-02  -8.8104626e-02   1.9337460e-02   4.6362971e-02  -7.1684589e-02  -1.0723353e-01  -2.3243206e-02   1.5359620e-01  -1.1379405e-01  -9.1374478e-03   8.4538981e-02   5.2314798e-02   1.6294231e-01  -3.2633186e-02   3.1929383e-03   1.5684172e-01  -5.6001730e-02   1.3585236e-01   0.0000000e+00   3.0625349e-02   6.6409144e-02   8.4416248e-02  -8.2452448e-02  -1.3734057e-01  -3.0359575e-02
