   0.0000000e+00   7.0507193e-02   0.0000000e+00   1.3959443e-01  -7.9985530e-02  -1.8629024e-02   3.7784030e-01   1.8706551e-01   1.4290789e-01   3.6058813e-01   4.1749325e-01   1.1495536e-01   3.9417705e-02   1.0591183e-01   2.3057138e-01   1.5538945e-01  -7.7614312e-02  -6.1725445e-02   2.0130487e-01   2.8931158e-02   1.2670094e-01   1.3771544e-01   2.1403807e-01   1.5933163e-01   9.4077794e-02  -6.7152827e-02  -1.7679089e-01   1.3999821e-01  -1.0347311e-01  -5.5474936e-02  -1.2183277e-01  -3.4226824e-02  -9.3141789e-02   5.6364520e-02  -1.0554477e-01   2.2433657e-01   2.7754379e-01  -5.8175914e-02  -7.2548066e-02   2.6952596e-01   8.8556364e-02   1.1457823e-02  -1.0976726e-01  -8.9500949e-02   2.8310683e-03   9.9395810e-02  -3.8483419e-02   1.0394740e-01  -5.5936324e-02  -7.9363677e-02  -9.9190422e-02   5.9482371e-02  -1.7140067e-01   3.2742304e-01   1.7277871e-01   9.9210423e-02  -2.0744532e-01   8.0351434e-02   9.0773708e-02  -8.2263862e-02  -2.2301272e-01  -2.2192097e-01   2.6966362e-02   7.6663003e-03  -8.6228732e-02   2.7851465e-02  -9.6458168e-02   2.0823313e-01  -5.9327879e-02  -3.2267351e-01   2.8846108e-02  -2.9145899e-02   3.7129673e-01   2.1507134e-01   1.5940404e-01   5.8054656e-02   3.1024543e-02   7.9983710e-02  -3.1190788e-01  -1.5902401e-02  -1.4689259e-01   7.4152108e-04  -3.2050549e-02  -2.1344221e-01  -7.8269149e-02  -1.9221321e-01   2.0118484e-02  -2.4303122e-02  -8.9235048e-02  -4.1763815e-03  -1.0804773e-01  -2.5985308e-01  -8.2801946e-02  -7.9871724e-02  -1.4430222e-01  -9.5531795e-02  -2.6129384e-01  -1.8617481e-01  -1.2621988e-01  -1.6279346e-01  -1.4149708e-01  -7.3056738e-02  -8.0624499e-02  -1.3603879e-01  -6.6898289e-02  -3.6372792e-02   1.5815989e-01   1.6057142e-01  -1.9070639e-02   3.9062031e-02   6.6985007e-03   1.0404274e-01   1.5177147e-01   1.7195594e-01   1.2287629e-01  -5.0816632e-02  -9.7605657e-02   1.0428698e-01
   7.0507193e-02   0.0000000e+00   0.0000000e+00   9.3555377e-03  -1.7981153e-01   6.3504270e-02   8.1238591e-02   1.0511385e-01   2.9387777e-02  -1.3337393e-01   3.2021188e-02   4.6219310e-02   1.3406970e-02   2.7970927e-02   1.2268969e-01  -2.5254133e-02  -1.4141483e-01  -8.6624061e-03  -5.6194646e-02   2.6568430e-02  -1.8214739e-02  -1.3983182e-01   1.4982921e-01   1.1007956e-01  -1.2133371e-01  -1.5635417e-01  -1.6789704e-01  -4.7798586e-02  -4.4078349e-02  -3.7118201e-02  -2.1101430e-02  -8.9802383e-02  -1.8904579e-01   6.0669517e-03  -7.4066087e-02  -6.0437679e-02   4.1724280e-02  -1.6988238e-01  -1.4717826e-01   5.8827873e-02  -1.1409899e-01  -4.5368201e-02  -6.5597987e-02  -1.2660518e-01   1.4884849e-02  -6.6493161e-02  -1.5168503e-01   2.6743836e-02   7.1823010e-03  -9.8134360e-02   6.0943114e-02  -6.1019213e-02  -9.3357214e-02  -1.0071619e-01  -2.6494228e-02  -2.3184790e-01  -1.9768705e-01   3.3050986e-02  -5.3099709e-03   1.2070832e-02  -5.8582655e-02  -2.0240005e-01  -5.2319263e-02  -2.4248189e-02   5.2629542e-02  -1.1903052e-01   3.3974056e-02   9.5908217e-02   1.4369738e-01  -1.7761855e-01   1.4985897e-01   1.2947887e-01   5.1091527e-02  -2.6496010e-04  -1.3392054e-02   2.0386143e-01   7.6207393e-02   1.7591076e-02  -1.8537060e-01   1.8458513e-01   3.5765787e-02   8.1660881e-02   3.8800637e-02   1.2014655e-01  -8.3231347e-02  -1.5282172e-01   1.6755884e-01   4.5562388e-02  -1.7700894e-02   1.0327442e-01   7.0461670e-02  -2.2620712e-01  -1.9230753e-01  -3.5269317e-02  -7.3131659e-02   2.0834899e-02  -4.2228096e-02  -1.0509966e-01  -6.8019191e-03  -1.5345865e-01  -1.4740978e-01  -8.3221980e-02   1.0269133e-01  -8.6716914e-02  -1.5212128e-01   1.5144529e-02   2.4368682e-02  -1.0144082e-03  -6.7432671e-02  -3.9361349e-02   8.2285219e-02  -9.5701568e-02  -7.4213643e-02  -2.2925840e-01  -3.0618313e-01  -5.2662475e-04   6.9433591e-02   1.9145971e-01
   0.0000000e+00   0.0000000e+00   0.0000000e+00   0.0000000e+00   0.0000000e+00   0.0000000e+00   0.0000000e+00   0.0000000e+00   0.0000000e+00   0.0000000e+00   0.0000000e+00   0.0000000e+00   0.0000000e+00   0.0000000e+00   0.0000000e+00   0.0000000e+00   0.0000000e+00   0.0000000e+00   0.0000000e+00   0.0000000e+00   0.0000000e+00   0.0000000e+00   0.0000000e+00   0.0000000e+00   0.0000000e+00   0.0000000e+00   0.0000000e+00   0.0000000e+00   0.0000000e+00   0.0000000e+00   0.0000000e+00   0.0000000e+00   0.0000000e+00   0.0000000e+00   0.0000000e+00   0.0000000e+00   0.0000000e+00   0.0000000e+00   0.0000000e+00   0.0000000e+00   0.0000000e+00   0.0000000e+00   0.0000000e+00   0.0000000e+00   0.0000000e+00   0.0000000e+00   0.0000000e+00   0.0000000e+00   0.0000000e+00   0.0000000e+00   0.0000000e+00   0.0000000e+00   0.0000000e+00   0.0000000e+00   0.0000000e+00   0.0000000e+00   0.0000000e+00   0.0000000e+00   0.0000000e+00   0.0000000e+00   0.0000000e+00   0.0000000e+00   0.0000000e+00   0.0000000e+00   0.0000000e+00   0.0000000e+00   0.0000000e+00   0.0000000e+00   0.0000000e+00   0.0000000e+00   0.0000000e+00   0.0000000e+00   0.0000000e+00   0.0000000e+00   0.0000000e+00   0.0000000e+00   0.0000000e+00   0.0000000e+00   0.0000000e+00   0.0000000e+00   0.0000000e+00   0.0000000e+00   0.0000000e+00   0.0000000e+00   0.0000000e+00   0.0000000e+00   0.0000000e+00   0.0000000e+00   0.0000000e+00   0.0000000e+00   0.0000000e+00   0.0000000e+00   0.0000000e+00   0.0000000e+00   0.0000000e+00   0.0000000e+00   0.0000000e+00   0.0000000e+00   0.0000000e+00   0.0000000e+00   0.0000000e+00   0.0000000e+00   0.0000000e+00   0.0000000e+00   0.0000000e+00   0.0000000e+00   0.0000000e+00   0.0000000e+00   0.0000000e+00   0.0000000e+00   0.0000000e+00   0.0000000e+00   0.0000000e+00   0.0000000e+00   0.0000000e+00   0.0000000e+00   0.0000000e+00   0.0000000e+00
   1.3959443e-01   9.3555377e-03   0.0000000e+00   0.0000000e+00  -7.4034269e-03  -5.9371860e-02   2.0215271e-01   2.3280386e-02   1.8835448e-02   5.8520355e-02   2.5582860e-01   1.4199937e-02   2.0254734e-01   7.5460971e-02   2.7222647e-01   1.5956503e-01   7.9121885e-03   9.7810445e-02   1.2671283e-01   1.6454025e-01   1.5958541e-01   5.5541341e-02   2.6121681e-01   1.9063564e-01   1.2152870e-01   8.0609755e-02   3.7390723e-02   1.2908436e-01   1.4402575e-02   1.2867744e-01   1.0582491e-01   3.3553493e-02  -2.8704128e-02   9.5754065e-02   4.6624946e-02   1.4117674e-01   2.0067113e-01   8.3253998e-02  -4.3212867e-02   2.0196605e-01   2.1059457e-01   1.2477967e-01   1.0338262e-01   1.5667853e-01   5.6667225e-02   2.0990954e-01   3.8510054e-02   2.0735726e-01   3.7518149e-02  -7.6727380e-03  -6.0627798e-02  -1.6194375e-02   1.0284131e-01   2.0043977e-01   1.4645607e-01   1.3351412e-01   1.2742459e-02   2.5057991e-02   1.3963177e-01   4.4933366e-02  -1.6328083e-02  -1.2154835e-01   5.2369624e-02   7.9338755e-02   3.1525389e-02  -2.0570319e-02  -6.8822073e-02   4.5456706e-02   7.7753820e-02  -4.4102975e-02   4.1382815e-02  -6.8171216e-02   5.7346847e-02  -5.0791583e-03  -6.8127714e-02  -3.0556785e-02  -4.0546751e-02   5.7518307e-03  -4.9951943e-02  -3.1831065e-03  -4.0950495e-02   3.4098005e-02  -6.4559593e-03   9.1957856e-03  -2.7791021e-02  -6.0624505e-02   4.9400722e-02  -2.7430069e-02  -4.7444925e-02   7.7650821e-02   5.7685618e-02  -2.2827931e-02  -5.0284459e-02  -4.4163386e-02   8.0492661e-02   1.1516391e-02  -3.3142145e-02   5.3575974e-02   5.6005266e-02   3.0190073e-02  -5.0876594e-02  -7.5069954e-02   1.1634282e-02  -6.4040017e-03   2.6150214e-02  -1.6172579e-03   6.3768348e-02  -2.5816210e-02   4.4508272e-02  -1.2462637e-02   7.5725105e-02   6.7774174e-02   1.4493032e-01   6.2617760e-02   4.8746589e-02  -1.3516361e-02  -1.0859711e-01   4.4064637e-02
  -7.9985530e-02  -1.7981153e-01   0.0000000e+00  -7.4034269e-03   0.0000000e+00   1.9747716e-01   8.2930378e-02  -6.0041511e-02  -1.1020438e-01  -4.4511281e-02   7.5861812e-02  -7.5771200e-02   5.5548557e-02   1.0614073e-02  -4.4326548e-03   1.8990982e-02   2.0056108e-01   2.1145148e-01   9.7683391e-02   1.7982045e-01  -7.5380585e-03   6.6932379e-02  -1.5163526e-01  -1.3777639e-01   1.8004135e-01  -8.3454497e-02   3.5282757e-01   1.1971609e-01   4.0340929e-02   5.6563802e-02   2.1471676e-01   4.6242195e-02   1.0898583e-01   3.0295233e-02   4.0859442e-04   5.4588856e-02   8.6157962e-02   1.2764016e-02   1.2447029e-02   6.6164644e-02   3.7636805e-02   3.2556095e-02   1.1530857e-01   2.4725562e-02  -8.4933519e-02   2.8805510e-02   5.5315733e-01   6.1115599e-02   9.2368735e-02   2.0025574e-01   1.0370058e-01  -4.1716186e-02   1.6212976e-02   1.3044769e-01  -7.6490705e-03   7.3878882e-02   2.1301659e-01  -8.3617317e-02  -1.9584981e-02   3.1710721e-03   5.3735133e-02   1.4144129e-01  -2.8336206e-02   8.2685377e-02  -6.1661178e-02   3.1541720e-01  -2.6186899e-02   1.5434083e-01  -1.1307844e-03   2.0202407e-01  -1.6834037e-01   2.9166226e-01  -1.8257249e-02   8.8777610e-02  -1.0929693e-01  -2.0535764e-01  -1.5963900e-01  -2.3643317e-02   1.9004313e-01  -1.9426016e-01   2.7848319e-01   1.7773011e-01   2.7747093e-01   1.2987669e-01   8.5946380e-02   1.3640528e-01   7.3776527e-02  -1.7409103e-03   2.8225633e-01  -8.5690078e-02   1.3378286e-01   1.1940803e-01   2.1882679e-01  -5.1605521e-02   1.0168316e-01  -1.1046695e-02  -1.3671746e-01  -4.3693577e-02  -1.1592675e-01  -6.4778284e-02   3.4122043e-02  -9.7106595e-02  -8.5206545e-02  -3.5467779e-02  -5.4486727e-02  -5.2375750e-02  -9.9070307e-02  -2.2322495e-01  -1.5732601e-01  -1.3549856e-01  -9.9943556e-02   1.9563758e-02   7.0772644e-04   1.0731136e-01   1.3025494e-01   1.8817620e-02  -7.0669822e-02  -5.2557088e-02
  -1.8629024e-02   6.3504270e-02   0.0000000e+00  -5.9371860e-02   1.9747716e-01   0.0000000e+00   1.2114293e-01   1.5953807e-01   3.2475224e-04  -4.8745308e-03   6.1458982e-02   1.0486356e-02   8.2490072e-02   5.3661238e-03   9.9330946e-02   2.6550028e-02   1.8133778e-01   1.0558333e-01  -3.9624761e-03   3.3521988e-01  -7.1413860e-03   2.7857097e-02   4.4968469e-02  -4.9989988e-02   8.6542809e-02  -3.6671859e-02   2.0825569e-01  -5.2584528e-04   8.6696394e-02   8.0579893e-03   1.4492871e-01  -1.6656193e-01  -1.3570272e-01   1.4502123e-02  -1.3477289e-01   5.4077192e-03   1.1090488e-01  -9.4773423e-02  -1.0930352e-01   6.7490361e-02  -4.8100851e-02  -4.1175099e-02   2.9789948e-02  -4.2857780e-02  -4.1752562e-02  -3.3407103e-03   1.2601852e-01   5.4947527e-02   2.8648260e-02   2.1488381e-01   1.3445138e-01  -1.1173191e-01   3.0253953e-02   3.9406718e-02  -5.0059967e-02   8.7449966e-02  -4.4422444e-03   9.8491805e-02   1.9143751e-02   6.2097291e-02  -2.7756503e-02  -2.8766480e-02  -1.1797149e-01   6.9899933e-02   3.5465126e-02   1.5494942e-01   5.0754978e-02   2.3929098e-01   2.2420353e-01   1.0139646e-01  -4.4578959e-02   1.8490400e-01   6.3911425e-02   1.4745193e-01  -1.9982084e-02  -2.0259393e-02  -1.7719280e-02   9.1286807e-02   9.0161192e-02   5.8282081e-02   3.9191997e-01   2.2802338e-01   2.3542160e-01   2.8718100e-01  -1.1023077e-01   7.4431912e-02   3.0679581e-01   1.0453264e-01   3.4043870e-01   8.4663540e-03   1.5062621e-01  -3.0757348e-02  -5.3057203e-02  -3.5937591e-02   4.8780913e-02   6.6655805e-02  -8.0595687e-02  -1.8608129e-01  -1.2091701e-01  -1.6096659e-01  -7.4356670e-02  -1.2140031e-01  -2.8786344e-02   4.3976892e-02  -1.2959240e-01   2.1951390e-02   1.7301319e-02   4.9903595e-02  -6.9536523e-02   2.7845710e-02   1.1155721e-02   1.8367878e-03   4.4772948e-02  -3.4790099e-02   6.3113906e-02   1.1102993e-01   2.7894429e-02   1.9248269e-01
   3.7784030e-01   8.1238591e-02   0.0000000e+00   2.0215271e-01   8.2930378e-02   1.2114293e-01   0.0000000e+00   1.0577964e-01  -2.0399970e-02   8.8718275e-02   5.5641709e-01  -1.0116337e-01   2.8208817e-01   7.4819789e-02   3.7211466e-01   3.7218063e-01   7.1545083e-02   2.3336100e-01   3.5141130e-01   2.8360684e-01   1.5835947e-01   7.2715339e-02   2.3823488e-01   1.2654682e-01   2.4626431e-01  -9.3863480e-02   8.8344319e-02   1.8570283e-01   8.1738672e-02   2.0676234e-01   4.1828790e-02  -4.3139632e-02  -5.1093509e-02   1.9114984e-01  -7.5024903e-02   3.8665055e-01   4.8688013e-01   3.7398783e-02  -5.4435360e-02   3.5329706e-01   9.4913076e-02   1.5488648e-01   6.0314858e-02   5.6959822e-02   5.2962264e-02   2.4753662e-01   1.7380664e-01   2.0803964e-01   4.8903532e-02   8.5705437e-02   7.6529810e-03   4.9966378e-02  -4.6710423e-03   3.7507686e-01   2.5176199e-01   1.6666869e-01  -1.1221580e-01   4.4263399e-02   3.2049764e-01  -6.5692019e-02  -2.2228122e-01  -2.7142278e-01  -4.8045367e-03   2.0028721e-01   1.1525654e-02   2.8830314e-01  -9.7265365e-04   2.6971817e-01   1.6147398e-01  -1.0545183e-01   4.3711454e-02   4.4960488e-02   1.0933763e-01   4.7132018e-02   1.0097782e-01   3.4422318e-02  -3.9850824e-02   1.3737055e-01  -2.8181900e-01  -1.4690729e-02  -2.8914552e-02   1.6079856e-01   8.4230825e-02   1.1195645e-02  -1.2402637e-01  -3.7756358e-02   2.1057372e-01  -9.0775942e-02   6.1741628e-02   1.5196398e-01   8.3990557e-02  -2.6204023e-01  -5.1517616e-02  -1.2717819e-01   1.1659556e-01   3.9985443e-02  -2.2304606e-01  -4.7837206e-02  -8.2987175e-02  -2.8550274e-02  -2.3985057e-01  -1.2885988e-01  -7.7158196e-02  -1.7397891e-01  -7.3347159e-02  -2.5848471e-02   7.2403215e-02   5.7385048e-02  -1.1689241e-01   7.3125887e-02   4.6452607e-02   6.1207091e-02   8.7478709e-02   1.0485215e-01   6.3795041e-02  -9.4655792e-03  -5.0317241e-02   5.2264770e-02
   1.8706551e-01   1.0511385e-01   0.0000000e+00   2.3280386e-02  -6.0041511e-02   1.5953807e-01   1.0577964e-01   0.0000000e+00   1.9744407e-01   8.3046057e-02   4.5408261e-02   9.1524059e-02  -5.6641980e-02   1.5979067e-01  -1.7741720e-02   1.7151917e-02   4.1939216e-02  -3.5794387e-02  -2.3434000e-02   3.7555767e-02  -4.0541255e-02  -2.6325424e-02   9.3908052e-02   3.4764594e-03  -9.0417546e-02  -2.3726549e-02  -9.2415928e-02   5.5759004e-02  -6.0433614e-02  -1.2401713e-01  -1.6332491e-02  -8.2707629e-02  -1.2756952e-01  -1.4597329e-01  -1.0884046e-01  -9.7802284e-02  -6.4162790e-02  -6.7463535e-02  -8.5694685e-02   6.0844516e-02   1.5737407e-02  -1.1318018e-01  -6.0715133e-02  -7.8887755e-02   2.2499516e-02  -1.3866867e-01  -6.1214766e-02   6.5995167e-02  -5.0601044e-02  -4.0795307e-02  -8.2083882e-02  -7.7995300e-02  -5.0913561e-02   1.1701830e-02  -4.1012509e-03   3.9815171e-02  -9.7476911e-02   9.0669127e-02  -8.6248841e-02  -1.5824712e-02   1.4318945e-03  -6.4869533e-02  -2.4847785e-02  -1.1266798e-01  -1.4299741e-02  -9.9918679e-03   1.2307026e-01   2.0648711e-01   2.1117768e-01  -8.6798828e-02   1.4681871e-01   1.3937344e-01   8.5409556e-02   8.1726406e-02   8.1504765e-02   3.5914558e-01   2.2171854e-01   1.6772300e-01   2.8963160e-02   3.2081512e-01   1.1906848e-01   9.2920981e-02   6.5960101e-02   1.7326208e-01  -1.6071042e-02   1.5787973e-02   1.7522693e-01   2.4028888e-01   1.8359898e-01   1.1840378e-01   8.9741631e-02   8.6246262e-03  -3.1943145e-02   5.9443115e-02  -2.5190715e-03   5.8480037e-03  -8.8710231e-02  -5.5630155e-02   3.4924187e-02  -5.7343872e-03  -8.6637552e-03   4.0460321e-03   7.9669702e-02  -3.3107821e-03  -4.1193644e-02  -4.8576206e-02   3.9556357e-02   6.4176224e-02  -4.9284000e-02  -7.8428684e-02   3.5214739e-02   6.5796547e-02   7.1265575e-02  -2.1442798e-02  -2.0044846e-02   4.1832635e-01   2.8459617e-01   1.3810741e-01
   1.4290789e-01   2.9387777e-02   0.0000000e+00   1.8835448e-02  -1.1020438e-01   3.2475224e-04  -2.0399970e-02   1.9744407e-01   0.0000000e+00   3.0701940e-02   7.0151960e-02  -5.5399239e-02  -1.2139488e-01  -8.9189291e-02  -2.7871542e-02   9.2527585e-02  -5.9057897e-02  -4.0242490e-02  -3.2654958e-02  -4.5233787e-02   1.5067409e-03  -4.0825419e-02   6.1253413e-02   4.3910860e-02  -1.0025321e-01   1.2922321e-02  -1.7741043e-01   1.4528832e-03  -6.8104097e-02  -1.5449080e-01  -1.3366949e-01  -2.3160249e-02  -2.7764225e-02  -1.0152991e-01   7.9320548e-03  -2.4480719e-02  -8.5151631e-02   1.4241765e-01  -1.0303339e-01   1.4210121e-01   2.2840845e-01  -8.0525958e-02  -7.5564178e-02   6.1354886e-02   2.4439129e-02  -4.1145102e-02  -5.1237896e-02   5.1419201e-02   9.2310352e-02  -3.5159922e-02  -2.2335285e-02  -8.3790765e-02  -4.0683553e-02   8.6957744e-02   1.7053751e-02   1.0096218e-01  -3.2238610e-02   1.2871457e-01  -1.7327728e-01  -4.5752695e-02   2.8643084e-02  -4.6050977e-02  -3.8702189e-02  -2.0388425e-02   1.0509094e-01  -1.1641697e-01   2.1394913e-01  -5.4445029e-02  -4.5805610e-02   6.2306246e-02  -1.6281840e-01  -1.5053972e-02   7.2047776e-02  -7.6423677e-02  -4.4125607e-02   5.5694383e-02   1.2952219e-01  -1.5271803e-02  -1.0482685e-01  -2.4895312e-03  -2.0343449e-01  -2.2861507e-01  -1.1451698e-01  -1.8178377e-01  -5.8971350e-02  -2.3660760e-02   4.9883430e-02  -1.0037783e-01  -4.3114259e-02  -4.3190073e-02   1.0679668e-01  -5.2640088e-04  -4.6596059e-02   2.5003467e-02   1.8855561e-02   2.7538167e-02   5.1714071e-02   9.5601356e-02   1.6062292e-01   3.9672824e-02  -6.2920976e-02   1.0682376e-01   6.9421153e-02   7.7888034e-02   8.3707608e-02   1.4940699e-03   1.0080739e-01   1.4648756e-01   6.5606074e-02   1.0744232e-01   3.2159905e-01   5.8170414e-02   4.8415346e-02  -4.1004197e-02  -4.5340220e-02  -3.4235997e-02   8.9715151e-02   1.0916126e-01
   3.6058813e-01  -1.3337393e-01   0.0000000e+00   5.8520355e-02  -4.4511281e-02  -4.8745308e-03   8.8718275e-02   8.3046057e-02   3.0701940e-02   0.0000000e+00   2.5014241e-01   4.3917936e-01   1.3978874e-01   5.5292047e-02   1.5747295e-01   2.6802268e-01   4.5642896e-02  -4.4682501e-02   5.5486121e-02   1.8469110e-01   3.0367378e-01   3.2821632e-01   1.5765339e-01   1.1567836e-01   3.5742564e-01   8.1049452e-02   1.8213579e-01   3.1005758e-01   1.4382627e-01   1.6118155e-01   4.6892526e-02   7.1198035e-02   6.4720167e-02   9.4930035e-02   5.8133905e-02   3.4941931e-01   3.4463641e-01   8.5099523e-02   3.7002001e-02   1.5907807e-01   1.4872758e-01   1.1217661e-01   5.1442834e-02   3.9338254e-02  -3.6763514e-02   3.2948054e-01   4.4714964e-02  -4.8640249e-03   1.0983630e-01   1.3382742e-01   1.0202303e-03   9.5631017e-02   2.1973014e-02   1.1196090e-01   2.5582035e-01   1.4514654e-01   3.3634360e-02   6.3928974e-02   6.5921820e-02   3.7273512e-02  -7.5982856e-02  -3.2533853e-02   1.3096613e-01   4.0121072e-02   9.6124279e-03  -2.7996343e-02  -1.3347279e-01   1.1052495e-01  -1.3150378e-01  -1.1561180e-02  -6.0874866e-02  -7.6766455e-02   2.0136137e-02   1.7036597e-02   1.3266156e-01  -1.5858861e-01  -1.7741176e-01  -8.3908187e-02  -5.4335096e-02  -9.4962339e-02  -6.5961671e-02   8.0893133e-02   7.7759802e-02  -8.0716423e-02  -9.3310583e-02  -1.7180896e-01  -1.1042394e-01  -5.0984052e-02  -1.7025716e-01  -1.5815112e-03  -1.0748418e-01  -6.7621239e-02  -3.5871711e-02  -6.3719553e-02  -2.3337650e-01   3.3283664e-02  -2.6851079e-01  -6.8432901e-02  -1.7659201e-01  -3.5779061e-02  -1.1185231e-01  -1.0067298e-01  -2.4049782e-01  -1.6158367e-02  -5.4241602e-02  -9.4491773e-02   1.0761065e-03   8.7788821e-02  -6.8649208e-02   6.3175905e-03  -2.2988887e-01   6.6628712e-02   7.6689925e-02   1.7014441e-01   5.3665919e-02   3.4428520e-02  -1.2564507e-01   8.7456851e-03
   4.1749325e-01   3.2021188e-02   0.0000000e+00   2.5582860e-01   7.5861812e-02   6.1458982e-02   5.5641709e-01   4.5408261e-02   7.0151960e-02   2.5014241e-01   0.0000000e+00  -6.6043382e-02   2.9770039e-01   2.6295687e-02   3.2514157e-01   3.8378356e-01   1.1290809e-01   2.2355937e-01   3.6232495e-01   3.2169523e-01   3.7492595e-01   2.1105038e-01   2.8426847e-01   2.4574678e-01   3.4897080e-01  -4.2235958e-02   1.3919798e-01   3.7542048e-01   8.9411616e-02   2.1014477e-01   1.1079927e-01   7.7537904e-02   1.2518733e-02   2.1672579e-01   7.6213748e-02   4.7359035e-01   5.3857978e-01   1.7893319e-01  -1.5184137e-02   4.7042536e-01   3.2837523e-01   2.0936328e-01   1.7549846e-01   1.0284501e-01   5.2236804e-02   3.8391184e-01   2.1050455e-01   2.5021134e-01   1.3213405e-01   1.6790769e-01   4.4505209e-02   1.3988122e-01   3.0913683e-02   3.4246348e-01   3.2052801e-01   1.0888859e-01  -3.0240814e-02   8.2312414e-02   2.5835518e-01  -2.2221357e-02  -1.3184272e-01  -2.0488088e-01   5.4762909e-02   2.0418995e-01  -3.2731131e-02   2.3505287e-01  -8.8402426e-02   1.1284303e-01  -1.8481336e-02  -8.9735133e-02  -8.2845118e-02   7.6026448e-03   2.3337731e-01   1.8769514e-01   1.0588316e-02  -1.5396994e-01  -1.9840543e-01  -7.5932224e-02  -2.1706845e-01  -1.2684840e-01  -4.6980336e-02   1.6201237e-01   7.7808573e-02  -6.4474360e-02  -7.1520944e-02   3.3878501e-02   1.8165132e-01  -1.4747172e-01  -3.5372225e-02   4.6020248e-02   5.5415825e-03  -1.9177649e-01  -1.0142471e-01  -1.5203797e-01   6.8630586e-02   2.5249211e-02  -2.1584715e-01  -3.4805069e-02  -1.2330436e-01  -7.8660870e-02  -1.9326806e-01  -2.1557976e-01  -9.1173814e-02  -1.0909017e-01  -4.5515055e-02  -3.3692515e-02   1.2148722e-01   6.0322533e-02  -7.6037621e-02   1.0374067e-01  -1.1222938e-03  -7.2848430e-03  -2.3249737e-02   4.2069181e-02   4.0585522e-02  -7.1844727e-02  -1.8830511e-01   4.7730071e-02
   1.1495536e-01   4.6219310e-02   0.0000000e+00   1.4199937e-02  -7.5771200e-02   1.0486356e-02  -1.0116337e-01   9.1524059e-02  -5.5399239e-02   4.3917936e-01  -6.6043382e-02   0.0000000e+00  -6.7994028e-02  -5.7426582e-02   2.0900317e-02  -1.0570553e-01   6.6678185e-03  -5.8209059e-02  -2.3141378e-01   7.5870524e-02   3.0186954e-02  -3.0969844e-02   7.8459657e-02   2.5843358e-02   1.2150913e-02   1.5165853e-03  -3.8710643e-02   1.4542033e-01   1.0985607e-01   6.0422850e-02   1.0098707e-01   1.1341780e-01  -8.3633008e-02   2.5066465e-02   8.7618764e-02   3.4823472e-02   5.5923699e-02  -3.9544598e-02  -7.3795104e-02   1.3512595e-02  -5.8799894e-02  -7.1627880e-02   2.1666920e-03  -4.8672206e-02   9.5745641e-02   7.6381204e-03  -1.4497974e-01  -6.3325422e-02  -2.0536135e-02  -1.4392427e-01  -5.9905582e-02  -7.1831307e-02   5.0307957e-02  -1.2007219e-01  -5.9952114e-02  -2.3703007e-02  -5.1241354e-02   6.4742883e-02   2.5632281e-02   5.2669582e-02   3.2158447e-02  -3.0560082e-02  -8.8167727e-03  -1.5811549e-01   1.1388821e-01  -2.5818993e-01  -4.6189243e-02   1.6961330e-01   3.6332294e-02  -8.9982227e-02   8.8560427e-02  -9.3025239e-03   8.8078890e-02  -1.1684616e-02   2.5759432e-01   7.2724106e-03   7.1211112e-02   8.2852695e-02  -3.2826166e-02   7.1939262e-02   1.0870032e-01   1.9301195e-01   9.0424387e-02   4.2480742e-02  -6.0434589e-02  -8.5636326e-02   9.2011244e-02   1.4010248e-02  -1.1772245e-02   1.0064794e-01   1.9236087e-01  -1.3143467e-01   2.8000693e-02  -6.8198016e-02  -3.0940909e-01   6.1207059e-02  -2.8786899e-02  -1.4131475e-02  -2.7478353e-02   1.9333358e-02   6.2998429e-02  -2.9370842e-02   1.6541606e-01  -6.2718713e-03  -1.2586735e-01  -5.8137420e-02   2.7705442e-03  -6.0906225e-02  -9.7874157e-02  -1.2293895e-01  -1.3992673e-01   4.8244606e-02   2.8047547e-02  -7.8530657e-02  -1.1465138e-01   2.3479115e-02  -4.6568455e-02   8.0765091e-02
   3.9417705e-02   1.3406970e-02   0.0000000e+00   2.0254734e-01   5.5548557e-02   8.2490072e-02   2.8208817e-01  -5.6641980e-02  -1.2139488e-01   1.3978874e-01   2.9770039e-01  -6.7994028e-02   0.0000000e+00   1.0187680e-01   5.3364935e-01   2.5637364e-01   1.9564151e-01   1.8961452e-01   2.3958212e-01   5.6457003e-01   3.4658527e-01   2.3165127e-01   1.8442664e-01   9.9690413e-02   3.1050243e-01   4.2618971e-02   3.1761313e-01   1.4019957e-01   3.8868589e-01   4.7523154e-01   2.8168849e-01  -1.0941832e-02   6.1855430e-02   4.6152815e-01   1.4227540e-01   2.8633654e-01   2.8522166e-01   1.0652670e-01   3.3760650e-03   2.0763890e-01   1.5894815e-01   2.7010125e-01   2.8527557e-01   1.2968753e-01   2.4640452e-02   3.9919048e-01   2.7224708e-01   3.2925021e-01   1.8590953e-01   2.3409292e-01   1.8096286e-01   1.2153214e-01   3.4084040e-02   2.0101478e-01   2.2156746e-01   1.3699979e-01   8.3342835e-02   4.7539858e-02   3.1978665e-01   6.4624385e-02  -4.8511246e-04  -4.2954442e-02   5.9989547e-02   4.5382240e-01   1.0768893e-01   2.3157997e-01   9.5059868e-02   4.3551339e-02   2.1258999e-01   2.4448653e-01   2.1925902e-02   4.7623299e-02  -1.4670793e-02   7.4418090e-02  -9.6652755e-02  -1.1592612e-01  -2.4708781e-01  -9.1745395e-02  -4.1838357e-02  -4.1421297e-02   1.1104903e-01   1.7009174e-01   1.1009215e-01   3.0306131e-01  -1.3402859e-02   1.1179264e-01   2.0402829e-01  -3.2212969e-02  -1.1841103e-03   1.3846242e-01   4.1370957e-02  -6.4425718e-02  -4.8753932e-02  -1.1629270e-01   1.2345165e-01  -3.3079814e-02  -1.0628581e-01  -2.3297787e-02  -5.1848715e-02   7.7877685e-03  -1.3754374e-01  -1.4658502e-01  -1.7234798e-01  -2.3239529e-02   1.1108712e-01   2.0597957e-01   5.0048577e-02   4.1861577e-02   1.3552074e-02   8.3092234e-02   8.4158538e-02   4.2507154e-02   1.0079926e-01   1.9056885e-01   1.3940701e-01   2.5606870e-03  -7.4635570e-02   1.4188933e-01
   1.0591183e-01   2.7970927e-02   0.0000000e+00   7.5460971e-02   1.0614073e-02   5.3661238e-03   7.4819789e-02   1.5979067e-01  -8.9189291e-02   5.5292047e-02   2.6295687e-02  -5.7426582e-02   1.0187680e-01   0.0000000e+00   7.0581092e-02  -2.3645180e-02  -3.7800862e-02  -8.8624302e-02   1.9052369e-02   2.7788464e-02   9.2502896e-02   5.0621533e-02   2.4189632e-01   1.1629569e-01   2.2104440e-02   1.8373863e-01  -1.0161857e-02   4.7291849e-01  -1.0828428e-01  -1.2951350e-01  -3.8715084e-03   5.9699790e-02  -2.0191125e-01  -6.6315192e-02  -1.0360397e-01   8.2929429e-02   1.4846467e-01  -5.4786767e-02  -5.0133183e-02   1.0234251e-01   9.5590528e-02  -3.7914603e-04  -1.3179633e-01   1.1280289e-02   3.4070323e-01  -5.4269483e-02   1.3199243e-01   6.0494329e-02  -1.7405895e-01  -1.2360609e-01  -1.5782365e-02  -1.5103983e-01  -8.2020532e-02   1.1416917e-01  -1.4346918e-02  -1.6389198e-02  -2.9167220e-02  -1.0155483e-01  -1.1137452e-02  -9.1608968e-02  -5.5880763e-02  -7.7308374e-02   5.0352270e-01  -7.9619524e-02  -1.5321841e-01   5.1528692e-03  -4.9831411e-02  -3.8176961e-02  -6.3339321e-02  -1.1100201e-01   3.2422635e-01   1.6375480e-01   3.2866194e-02   1.2388143e-01   3.2586712e-02   5.2948735e-02  -6.7457622e-02   4.6567549e-02   4.8787683e-02   1.4855272e-01   9.4957628e-02   1.2787178e-01   1.0869420e-01   8.5780825e-02  -1.3111673e-04  -1.5417615e-01  -9.1839224e-02   1.7719379e-01  -2.6596523e-02  -1.3277930e-01  -1.6340893e-01   1.8377342e-01  -6.6832848e-02   1.8308203e-02  -3.3976123e-03  -1.3714409e-01  -1.3051748e-01  -2.1896407e-01  -1.6320292e-01  -1.2105047e-01   1.8188339e-02  -1.6034319e-02  -1.8790016e-01  -1.4692370e-01  -8.2376193e-02  -1.4229715e-01   5.5631484e-03  -7.5824955e-02  -1.1758982e-01  -1.2290866e-01  -1.7849640e-01  -6.3900179e-02   9.6622720e-02   3.2104649e-02   4.9135379e-02   3.5243728e-01   9.3139694e-02   2.5683275e-02
   2.3057138e-01   1.2268969e-01   0.0000000e+00   2.7222647e-01  -4.4326548e-03   9.9330946e-02   3.7211466e-01  -1.7741720e-02  -2.7871542e-02   1.5747295e-01   3.2514157e-01   2.0900317e-02   5.3364935e-01   7.0581092e-02   0.0000000e+00   3.1435839e-01   1.4892205e-01   1.5557205e-01   2.0930444e-01   3.0328995e-01   2.9078734e-01   2.0005345e-01   1.8109190e-01   8.6179742e-02   2.1645674e-01  -4.4194661e-02   1.4189178e-01   1.0890693e-01   2.6066150e-01   2.4984817e-01   1.0938377e-01  -1.7650693e-02  -1.3986860e-02   3.3429590e-01   1.0142121e-01   3.4709504e-01   3.6784519e-01   8.4881839e-02  -7.6075158e-02   2.8726237e-01   1.5255292e-01   2.4970504e-01   1.2497289e-01   1.1771911e-01  -5.5157530e-03   4.3262373e-01   1.6755065e-01   3.7665902e-01   1.1280443e-01   2.0233959e-01   4.5172819e-02   1.0241367e-01   5.3226173e-02   3.0702078e-01   2.2718759e-01   2.4857179e-01  -4.7402732e-03   1.4418043e-01   3.3462621e-01  -6.0871256e-02  -1.6672116e-01  -2.0095330e-01   9.3867382e-02   3.2090770e-01   1.2147877e-01   1.8251823e-01   9.7266495e-02   8.1553929e-02   1.0889232e-01   5.1256682e-02   8.1295447e-02  -6.0777850e-03   1.3739497e-01   1.2685865e-01  -1.0710263e-01  -8.7170488e-02  -1.3543693e-01  -4.6470043e-02  -1.5830795e-01  -5.9954396e-02   2.8020345e-03   1.4318532e-01   1.8066155e-02   6.1310854e-02  -3.2715916e-02  -7.7253249e-02   9.8345990e-02  -5.1990954e-02  -3.6354523e-02  -1.3735647e-02   1.6796592e-03  -1.2913731e-01  -2.1943002e-01  -1.4546353e-01   1.1309978e-01   4.9118811e-02  -4.7046283e-03  -8.4528544e-02  -7.9167684e-02  -1.5154139e-01  -1.7430441e-01  -1.5931676e-01  -2.0541075e-02  -3.4656908e-02   1.7023143e-03   1.9116032e-01   6.9843646e-02   1.3647789e-01  -1.2273575e-02   1.5847465e-01   1.5330008e-01   5.2248825e-03   2.0410132e-01   1.5522206e-01   1.4861633e-01   2.4477864e-02  -1.7482048e-01   9.6466907e-02
   1.5538945e-01  -2.5254133e-02   0.0000000e+00   1.5956503e-01   1.8990982e-02   2.6550028e-02   3.7218063e-01   1.7151917e-02   9.2527585e-02   2.6802268e-01   3.8378356e-01  -1.0570553e-01   2.5637364e-01  -2.3645180e-02   3.1435839e-01   0.0000000e+00   2.2311227e-02   1.7729212e-01   2.4232623e-01   2.2498124e-01   4.1453286e-01   4.5508620e-01   1.3022631e-01   3.0672891e-02   4.6172448e-01  -5.4190530e-03   2.8168855e-01   1.9915275e-01   2.6082909e-01   2.3807556e-01   6.9382968e-02   1.4814545e-01   1.9945637e-01   1.2162852e-01   1.1896623e-01   4.9792124e-01   4.7119694e-01   1.7641692e-01   7.5305484e-02   2.3297989e-01   1.7222243e-01   3.1108846e-01   7.8935219e-02   1.9638583e-01  -1.1965942e-01   4.7834169e-01   2.3098965e-01   1.6534206e-01   2.2495216e-01   3.3171859e-01   1.7983877e-01   2.7383441e-01   1.7227198e-01   3.5040086e-01   6.1458679e-01   3.6614803e-01   1.6030802e-01   1.3234006e-01   2.7156772e-01  -1.1886045e-01  -1.3795177e-01  -5.2225361e-02   5.2369883e-02   2.4126945e-01   1.2957401e-01   2.3170397e-01   9.2314106e-04   3.8568947e-02  -4.3626222e-02   1.0751623e-01  -2.0911101e-01  -5.2860155e-02  -2.1048897e-01  -1.8286143e-01  -4.1151615e-02  -1.8705609e-01  -1.9251319e-01   2.5699779e-02  -1.0757975e-01  -2.3622728e-01  -1.9663900e-01   2.3599623e-03  -5.0044948e-03  -1.5221059e-01   6.4878247e-02  -1.3100793e-02  -4.6622445e-02  -1.8383177e-01  -1.2971145e-01  -7.1808872e-02  -1.1622563e-01  -1.3549581e-02  -6.2500869e-02  -2.7926636e-02   1.2073365e-01   1.2303515e-01  -4.3125099e-02   2.3557507e-02  -1.4279696e-01   5.6381377e-02  -1.1273894e-01  -1.0262486e-01  -2.0318837e-01  -6.6999658e-02   1.4762209e-01   8.3001886e-02   6.5024188e-02   2.5650346e-01   1.8117358e-01   3.6893131e-01  -7.7310356e-03   8.9833647e-02   3.7082810e-02   2.6857360e-01   4.9790044e-02   3.9778832e-03  -1.6590832e-01  -1.0390817e-01
  -7.7614312e-02  -1.4141483e-01   0.0000000e+00   7.9121885e-03   2.0056108e-01   1.8133778e-01   7.1545083e-02   4.1939216e-02  -5.9057897e-02   4.5642896e-02   1.1290809e-01   6.6678185e-03   1.9564151e-01  -3.7800862e-02   1.4892205e-01   2.2311227e-02   0.0000000e+00   2.4455500e-01   7.6637314e-02   3.2940015e-01   1.9368341e-01   1.1038152e-01  -2.0466367e-03  -5.1543613e-02   1.7334466e-01  -5.7851278e-03   2.2494559e-01   1.7697815e-02   1.9793337e-01   1.3848525e-01   2.9802928e-01  -2.3223499e-02   8.8613163e-02   2.5012670e-01   1.0346796e-01   6.9251027e-02   9.0961955e-02   1.0084881e-01   3.1178673e-02   1.0061343e-01   6.7772917e-02   9.9575267e-02   2.4163248e-01   1.1609802e-01  -2.3055197e-02   1.5184634e-01   2.1551825e-01   2.2750717e-01   1.3761044e-01   2.4640565e-01   1.6291326e-01   1.3219389e-02   1.5305864e-01   5.1181042e-02   2.1077157e-02   8.3992013e-02   1.0208716e-01  -2.4082875e-02   1.6958666e-01   1.8516549e-01   1.2036782e-01   8.0657178e-02  -3.6849059e-02   1.7355826e-01  -3.3000832e-03   1.5261530e-01   9.4071676e-03   1.0402511e-01   6.1225334e-02   2.0476208e-01  -4.6033307e-02   1.2974124e-01   7.4476628e-02   1.4955463e-01  -6.4785600e-02  -8.6026124e-02  -1.0789797e-01   4.0489500e-02   1.2528663e-01  -4.9102044e-02   1.8925796e-01   1.1953773e-01   1.3757005e-01   2.6420937e-01   5.0627962e-02   2.4426821e-01   1.8230671e-01   4.2188867e-02   2.0224949e-01  -4.0459113e-02   1.3266560e-01   4.0086087e-02  -1.3936343e-02   1.0115375e-02   1.6964911e-01   1.3076047e-01  -1.0252926e-01   9.2170509e-02   5.5780161e-02  -4.0341777e-02  -1.9671604e-02  -1.0180089e-01  -2.1338311e-02   1.2208113e-01  -5.5112635e-02   6.3713407e-02   5.3371415e-02   4.4018741e-02  -4.7510405e-02   3.8491489e-02   4.4734739e-02  -2.7412258e-02   4.0498493e-02  -1.8284262e-02   5.9255979e-02   7.0874554e-02  -1.1216898e-02   2.8500079e-02
  -6.1725445e-02  -8.6624061e-03   0.0000000e+00   9.7810445e-02   2.1145148e-01   1.0558333e-01   2.3336100e-01  -3.5794387e-02  -4.0242490e-02  -4.4682501e-02   2.2355937e-01  -5.8209059e-02   1.8961452e-01  -8.8624302e-02   1.5557205e-01   1.7729212e-01   2.4455500e-01   0.0000000e+00   1.1462117e-01   2.9193992e-01   1.0340527e-01   5.0653716e-03  -8.6570525e-02  -9.4644927e-02   1.5269761e-01  -8.8442654e-03   2.0386373e-01  -2.0722090e-02   2.1185332e-01   2.5991999e-01   2.3525061e-01   9.8844400e-02   1.1305950e-01   1.9234315e-01   1.9908538e-01   1.2904499e-01   1.0778377e-01   5.3275748e-02   9.1080927e-02   1.6508835e-01   2.8624071e-02   1.5014216e-01   2.0939669e-01   1.2152376e-01  -4.0274545e-02   1.7745947e-01   1.7364005e-01   1.6149264e-01   2.9769537e-01   2.3142235e-01   2.2278849e-01   8.9717487e-02   1.7009777e-01   7.9597145e-02   1.5615206e-01   1.9791470e-01   2.2009628e-01   5.1427062e-02   2.3393931e-01  -3.4553820e-02   6.2554176e-02   2.4658369e-02  -5.2260396e-02   2.9524611e-01   2.3719186e-01   2.9218017e-01   3.2420416e-02   7.4469444e-02   1.6291709e-01   2.9313963e-01  -1.4302931e-01   8.1589416e-02  -3.2798708e-02   5.5325029e-03  -8.5341196e-02  -7.5345695e-02  -4.2547194e-02  -1.8098390e-03   1.3287903e-01  -8.9996342e-02   1.9453988e-01   1.1600058e-01   1.0410843e-01   1.2657003e-01   1.3747918e-01   2.4484407e-01   2.7175740e-01  -7.0736082e-03   1.2985223e-01   1.2499835e-02   1.3710754e-01   3.7162875e-02   4.1823816e-02  -2.7918945e-03   2.2423449e-01   1.2460158e-01   2.4927245e-02   8.3918871e-02   4.3169844e-02   8.5369583e-02  -1.6352203e-02  -2.1115661e-01   2.2285192e-02  -3.1391837e-02   5.4485757e-03   5.6492336e-02  -7.3963876e-02  -4.7152215e-02  -4.2748641e-02   1.0937517e-01   1.3233918e-01   6.2226278e-02   4.0022589e-02   1.4961665e-01   9.8967455e-02   4.0074123e-03  -1.5657376e-02  -3.9366956e-02
   2.0130487e-01  -5.6194646e-02   0.0000000e+00   1.2671283e-01   9.7683391e-02  -3.9624761e-03   3.5141130e-01  -2.3434000e-02  -3.2654958e-02   5.5486121e-02   3.6232495e-01  -2.3141378e-01   2.3958212e-01   1.9052369e-02   2.0930444e-01   2.4232623e-01   7.6637314e-02   1.1462117e-01   0.0000000e+00   1.2409493e-01   2.3483885e-01   1.5937504e-01   3.6256441e-02   5.6780355e-02   2.0640470e-01   4.8570099e-02   1.7701691e-01   7.9974635e-02   8.2736175e-02   1.7307292e-01   8.4451494e-02   1.8660213e-02   1.4914538e-01   2.0639293e-01   7.2713719e-02   3.1328899e-01   2.2562315e-01   1.3808513e-01   1.2814327e-01   1.6290630e-01   1.9874531e-01   2.6040393e-01   2.3957641e-01   2.0850089e-01  -8.8458978e-02   2.6150103e-01   2.6341288e-01   1.1172761e-01   1.1050730e-01   1.9333592e-01   7.5371877e-02   2.2471695e-01   9.5077984e-02   2.9144228e-01   2.9017531e-01   1.2665970e-01   9.9133005e-02  -1.6136683e-02   3.5131818e-01   9.2292344e-03  -3.7227763e-02  -6.2873847e-03   3.9863817e-02   2.7648065e-01  -7.7785700e-02   3.4258944e-01  -1.3015951e-02   1.2449214e-01   7.3980891e-03   9.0683140e-02  -5.6088018e-02  -4.4187019e-02   6.0119941e-02   1.0891802e-01  -5.3955422e-03  -1.0412284e-01  -9.7354556e-02   4.6182410e-02   1.0482181e-03  -1.3860850e-01  -1.0663490e-02   1.2397769e-02   5.1920488e-02  -6.1434096e-02   7.3398262e-02   9.1002160e-03   2.7032363e-02  -7.1278984e-02   7.4256124e-02  -5.3285139e-03  -8.6474444e-02   8.0211979e-03  -1.4071819e-02   3.0523020e-02   2.9778780e-01   9.4437359e-02  -1.4780358e-01   9.6067511e-02   2.7268420e-02   3.3688876e-02  -7.7756488e-02  -1.0794229e-01  -1.7120360e-01   2.5447074e-02   1.2155622e-01   1.2784411e-01   1.3763739e-01   9.7522809e-02   3.4091228e-02   1.5492541e-01   5.1421487e-02   1.1962190e-01   9.1021135e-02   1.6170462e-01   1.7629828e-01   4.2936923e-03  -1.1746861e-01  -1.4959247e-01
   2.8931158e-02   2.6568430e-02   0.0000000e+00   1.6454025e-01   1.7982045e-01   3.3521988e-01   2.8360684e-01   3.7555767e-02  -4.5233787e-02   1.8469110e-01   3.2169523e-01   7.5870524e-02   5.6457003e-01   2.7788464e-02   3.0328995e-01   2.2498124e-01   3.2940015e-01   2.9193992e-01   1.2409493e-01   0.0000000e+00   4.5955765e-01   2.4830259e-01   2.6796084e-01   1.8970573e-01   4.3725154e-01   7.7124556e-02   3.9109477e-01   2.7559274e-01   3.2660265e-01   3.4205507e-01   3.6660320e-01   2.0701050e-02  -6.4450380e-02   3.1594436e-01   8.3124394e-02   3.6093608e-01   4.0178652e-01   1.2362479e-01   1.5579196e-02   3.0743521e-01   2.2892502e-01   2.3067024e-01   2.5514868e-01   1.8459361e-01   6.2888032e-02   3.9460825e-01   2.8807344e-01   2.2523632e-01   1.7850400e-01   2.7454587e-01   1.5929877e-01   1.5306268e-02   6.7237646e-02   1.2519238e-01   1.8856389e-01   1.4181118e-01   7.9219499e-02   4.2694043e-02   2.4114894e-01   1.9828710e-01   1.2833425e-01  -9.6601018e-03  -2.9737490e-02   2.3829679e-01   2.9167846e-02   1.3844557e-01  -9.9631768e-02   1.1802357e-01   1.5219974e-01   2.9747484e-01  -3.7199425e-02   4.0440971e-02  -1.6056635e-02   4.4181570e-02  -6.7575085e-02  -2.6749141e-01  -1.2695506e-01  -4.5633092e-02  -6.3139112e-02  -1.3743718e-01   2.0451997e-01   2.5806416e-01   3.9401585e-01   3.5163533e-01  -1.1870097e-01   1.2930439e-01   2.7439546e-01  -6.0943599e-02   6.0766414e-02   4.8676707e-02   2.3534789e-01  -1.1626576e-01  -4.3084853e-02  -1.4381881e-01   4.9027063e-02   6.8687843e-03  -1.4925816e-01  -6.1545317e-02  -1.1266010e-01  -6.5598817e-02  -8.4433229e-02  -2.0932128e-01  -6.7664243e-02   5.0718960e-02  -1.1024050e-01   4.5763982e-02   4.6398939e-02  -2.0941073e-03  -1.6588700e-01   9.0949281e-03  -6.5771262e-02   3.6561263e-02  -3.5354409e-02   9.0993865e-02   8.7723172e-02  -5.3437430e-02  -9.9791583e-02   2.3750990e-01
   1.2670094e-01  -1.8214739e-02   0.0000000e+00   1.5958541e-01  -7.5380585e-03  -7.1413860e-03   1.5835947e-01  -4.0541255e-02   1.5067409e-03   3.0367378e-01   3.7492595e-01   3.0186954e-02   3.4658527e-01   9.2502896e-02   2.9078734e-01   4.1453286e-01   1.9368341e-01   1.0340527e-01   2.3483885e-01   4.5955765e-01   0.0000000e+00   4.8849529e-01   2.3270593e-01   1.8299749e-01   5.9639498e-01   1.2786600e-01   3.0546986e-01   2.7155316e-01   2.3203113e-01   2.2337667e-01   1.4111682e-01   2.6185395e-01   1.8328553e-01   2.3737339e-01   3.2926132e-01   5.4180869e-01   4.1533959e-01   4.1390070e-01   1.7941023e-01   3.2024045e-01   3.3620137e-01   4.5844974e-01   2.4763172e-01   3.2506483e-01  -5.6026583e-02   6.2710188e-01   2.3761482e-01   2.6509236e-01   2.6185551e-01   3.4493397e-01   1.1956902e-01   2.5769406e-01   1.5822517e-01   1.9339472e-01   3.2807907e-01   1.9325293e-01   1.5512815e-01  -1.1653543e-02   2.9178743e-01   9.2648209e-02   9.4635405e-02   2.8005492e-02   2.0963321e-01   2.6889448e-01  -3.2471051e-02   1.1684733e-01  -1.4617318e-01  -1.5421970e-01  -1.4816926e-01   1.4920096e-01  -1.4454031e-01  -1.4907001e-01  -3.1361413e-02  -4.0400013e-02  -1.1411701e-01  -3.1074180e-01  -2.2256051e-01  -3.2909001e-02  -4.1883130e-02  -3.1876152e-01  -1.0189419e-01  -7.0250177e-05   8.0101933e-02  -1.6313121e-01   1.9326557e-02  -4.5309449e-03  -1.2973731e-01  -1.1424548e-01  -1.9262013e-01  -2.0126129e-01  -9.1271407e-02   7.1381243e-03  -8.2515600e-02  -5.5963365e-02   1.3571270e-01   5.1171418e-02  -1.4623237e-01   6.5822588e-02  -5.8896460e-02  -2.2206378e-02  -8.6541989e-02  -9.1647011e-02  -1.7918555e-01   7.5838511e-02   5.0042108e-02   5.7433259e-02   5.9842592e-02   1.4907543e-01  -7.6419254e-03   1.9975750e-01  -6.8545396e-02   6.0554931e-02   2.3397864e-02   1.8371979e-01   9.4920147e-02  -5.9086529e-02  -2.9102810e-01  -1.1030658e-01
