   0.0000000e+00   2.2983090e-01   0.0000000e+00   5.6579920e-02  -6.3976573e-02   5.2143975e-02   5.4548971e-01   7.2864307e-02   9.8369521e-02   1.8231795e-02   1.4365807e-01  -2.9952697e-02   3.0209347e-02   7.2917220e-02  -7.8920724e-02  -1.4133437e-02  -1.8662399e-01  -1.6059323e-01   8.7579872e-02  -2.4765564e-01  -1.2399020e-01  -3.8290819e-02   3.5058898e-02   7.1455465e-02  -1.4653412e-01  -1.6842205e-04  -1.7226630e-01  -1.8263354e-01  -8.4758275e-02  -5.0875604e-02   9.3126512e-02  -1.2408239e-01  -9.6084032e-02  -1.3200638e-02  -1.8227556e-01  -9.9904724e-02   2.9131393e-02   4.0509670e-02  -7.0649383e-02   2.7173967e-02   1.2376075e-01  -1.3141230e-01  -2.9960124e-03  -5.5478035e-02   3.4047391e-02  -1.2722978e-01  -7.7304139e-03  -4.7726728e-02   1.2384174e-02   6.0393499e-03   0.0000000e+00   5.8049160e-02   2.1442327e-02   1.4077230e-01  -4.9012742e-02   1.5218023e-02  -9.8697986e-02  -9.0447739e-02   8.7451170e-02  -1.3703771e-01  -1.6465128e-01  -1.4315618e-01  -1.1093032e-01   5.1483043e-02  -6.7712295e-04   6.4597170e-02   1.0482828e-01   2.2766983e-01   2.2513641e-01  -3.1863338e-02  -4.6548855e-02   1.6161403e-01   3.1616091e-01   1.3305715e-01   2.3789934e-01   3.4711826e-01   4.2285472e-01   6.6095712e-02  -8.2899583e-02   1.3439603e-01  -2.9572230e-02   1.8120861e-02  -2.0222682e-02  -3.2745678e-02  -1.6152181e-02   2.5174502e-02   2.1113639e-01   6.0819216e-02  -2.8766670e-02   1.9553572e-01   5.3344222e-02  -1.4687325e-01  -7.5615615e-02   1.2843080e-02  -4.6138978e-02   7.4137454e-02  -1.8129232e-01  -4.5827556e-02   1.1409477e-01   2.4872011e-02  -5.0992019e-02  -1.7810635e-01  -6.6059403e-02  -9.0929378e-02   1.0793417e-01  -6.0310008e-02   1.6814324e-01  -7.0724184e-02   1.4865821e-01   9.9695967e-02   9.1961416e-02   2.2128645e-01   1.6359651e-01   9.9286519e-02   0.0000000e+00   2.0572918e-03   1.1242961e-01   1.3915814e-01
   2.2983090e-01   0.0000000e+00   0.0000000e+00   1.0961651e-01  -7.8284416e-02   4.5049452e-02   1.5727529e-01   9.9589682e-03   2.0019845e-01  -1.2153083e-01  -2.6349009e-02  -6.8680871e-02   1.5490649e-01   9.5893885e-02  -3.0345119e-02  -3.9222893e-02  -6.5041388e-02  -4.8732159e-02  -4.1122895e-03  -5.2143930e-02  -8.3989147e-02  -2.0470511e-02   6.9287701e-02   6.1577778e-02  -1.5501792e-01   3.7231973e-02  -8.4348481e-02  -2.0049548e-01  -9.4810896e-02   1.7580893e-02   1.5229802e-01  -8.3683729e-02  -4.3431873e-02  -5.8777417e-02  -1.2076816e-01  -1.2109625e-01  -3.0583716e-02   4.4372713e-02  -1.4147983e-01   2.2691845e-02   9.0621296e-02  -7.3449426e-02  -3.5328108e-02  -7.3852786e-02   2.3498364e-03   7.4610212e-03  -7.8643655e-02  -7.1289072e-02   6.4691522e-03  -3.1083122e-02   0.0000000e+00   3.5403687e-03   1.9596914e-02  -5.1726753e-02  -4.9525998e-02   4.6819829e-02  -3.4654859e-02  -7.3227912e-02   3.0565806e-02  -6.5331085e-02  -3.0896022e-02  -1.3964132e-01   1.8166922e-02   6.8695734e-02  -8.8362457e-02  -2.8047296e-02   2.2574740e-02   7.2378673e-02   1.5873301e-01   1.1073937e-01  -1.6555664e-02   8.3344985e-02   9.2027443e-03  -9.8153479e-03   2.2210272e-02   2.1878714e-01   3.4991547e-01   8.4032850e-02  -1.3133231e-01   4.3062442e-02  -6.4385419e-02  -3.1027056e-02   2.4301566e-02  -8.5792883e-02   4.6682593e-02  -5.8789375e-03   1.4438479e-01  -2.8935765e-03  -8.3499467e-02   8.7635707e-02  -8.4831631e-02  -8.2218664e-02  -3.5074763e-02   1.0888140e-02  -6.5414396e-02   9.8456085e-02  -1.4009125e-01  -2.1511317e-02  -2.1808714e-03   9.0529659e-02  -1.1091333e-01  -1.4720585e-01  -1.3851637e-01  -4.7943308e-02   2.5823820e-02  -5.2235532e-02   4.9900946e-02  -1.3577097e-01   6.3531997e-02   1.2326099e-02   8.7622409e-02  -5.2110702e-03   6.8340849e-02  -3.4317442e-02   0.0000000e+00  -2.0432071e-02   8.0962623e-02   9.4550348e-02
   0.0000000e+00   0.0000000e+00   0.0000000e+00   0.0000000e+00   0.0000000e+00   0.0000000e+00   0.0000000e+00   0.0000000e+00   0.0000000e+00   0.0000000e+00   0.0000000e+00   0.0000000e+00   0.0000000e+00   0.0000000e+00   0.0000000e+00   0.0000000e+00   0.0000000e+00   0.0000000e+00   0.0000000e+00   0.0000000e+00   0.0000000e+00   0.0000000e+00   0.0000000e+00   0.0000000e+00   0.0000000e+00   0.0000000e+00   0.0000000e+00   0.0000000e+00   0.0000000e+00   0.0000000e+00   0.0000000e+00   0.0000000e+00   0.0000000e+00   0.0000000e+00   0.0000000e+00   0.0000000e+00   0.0000000e+00   0.0000000e+00   0.0000000e+00   0.0000000e+00   0.0000000e+00   0.0000000e+00   0.0000000e+00   0.0000000e+00   0.0000000e+00   0.0000000e+00   0.0000000e+00   0.0000000e+00   0.0000000e+00   0.0000000e+00   0.0000000e+00   0.0000000e+00   0.0000000e+00   0.0000000e+00   0.0000000e+00   0.0000000e+00   0.0000000e+00   0.0000000e+00   0.0000000e+00   0.0000000e+00   0.0000000e+00   0.0000000e+00   0.0000000e+00   0.0000000e+00   0.0000000e+00   0.0000000e+00   0.0000000e+00   0.0000000e+00   0.0000000e+00   0.0000000e+00   0.0000000e+00   0.0000000e+00   0.0000000e+00   0.0000000e+00   0.0000000e+00   0.0000000e+00   0.0000000e+00   0.0000000e+00   0.0000000e+00   0.0000000e+00   0.0000000e+00   0.0000000e+00   0.0000000e+00   0.0000000e+00   0.0000000e+00   0.0000000e+00   0.0000000e+00   0.0000000e+00   0.0000000e+00   0.0000000e+00   0.0000000e+00   0.0000000e+00   0.0000000e+00   0.0000000e+00   0.0000000e+00   0.0000000e+00   0.0000000e+00   0.0000000e+00   0.0000000e+00   0.0000000e+00   0.0000000e+00   0.0000000e+00   0.0000000e+00   0.0000000e+00   0.0000000e+00   0.0000000e+00   0.0000000e+00   0.0000000e+00   0.0000000e+00   0.0000000e+00   0.0000000e+00   0.0000000e+00   0.0000000e+00   0.0000000e+00   0.0000000e+00   0.0000000e+00   0.0000000e+00   0.0000000e+00
   5.6579920e-02   1.0961651e-01   0.0000000e+00   0.0000000e+00  -1.1920770e-01  -2.1698468e-03   4.3076978e-02   6.4102407e-02   1.9423671e-01   1.1830837e-01   1.5430824e-01  -8.7213335e-02  -3.4059584e-02   1.4412531e-01   1.2659357e-01   1.5522135e-01  -4.5847190e-02   9.5175809e-03   1.6704750e-01   8.9176703e-02   1.0408673e-01   3.2615597e-02   2.6358824e-01   2.4889403e-01   2.3370103e-02   8.2231564e-02  -3.5423358e-02   8.6998112e-03   1.0544773e-01   2.4773748e-01   2.5362142e-02  -1.2376589e-01   1.6003195e-01   7.7208707e-02  -2.4037927e-02   4.0746999e-02   1.6189501e-03   2.1132160e-01  -7.0872895e-02   2.8823074e-01   3.1020254e-01   2.9089546e-02  -4.6745238e-02   5.6049457e-02   9.8100358e-02   2.1845234e-01   5.1417225e-02   4.8256356e-02   1.7079989e-01  -2.5980278e-02   0.0000000e+00   3.5680400e-02   6.5634719e-02   6.0458072e-02   4.6699186e-02   2.2344044e-01  -7.0504226e-02   1.1435130e-01   1.4192123e-01  -2.9084121e-02  -6.2571815e-02  -1.6525274e-01   3.0418856e-03   2.5345654e-02   2.6994845e-02   2.1962367e-02   4.0526921e-03   1.4758790e-02   1.7524133e-01  -4.1435835e-02  -1.1493543e-02  -6.6378827e-03  -1.3435802e-02  -5.5323500e-02  -2.3837102e-02   8.9344581e-02   9.7536268e-02   4.4936294e-02  -1.2676108e-01  -1.1101265e-01  -7.4012843e-02  -4.1026545e-02   1.7427234e-01  -8.7292285e-02  -5.6234644e-02   2.7513152e-03   6.5768741e-03  -9.3872200e-02  -5.4106765e-02   4.1985815e-02  -3.7379293e-02  -1.5593944e-01   3.5589716e-02  -2.1869228e-03  -1.9068120e-01   4.7412127e-02  -9.0605003e-02  -2.7697965e-02  -4.5477084e-02   2.5259585e-01  -1.2410953e-01  -8.9874251e-02  -1.1530925e-01  -2.6281865e-04   3.1045499e-03   1.5974817e-01   1.5300314e-01  -2.2808701e-02  -1.1433279e-01   3.7332245e-02   1.7936206e-01   1.1465271e-01   1.1504908e-01   1.3811666e-01   0.0000000e+00  -1.4178072e-02  -3.5659377e-02   7.3437760e-02
  -6.3976573e-02  -7.8284416e-02   0.0000000e+00  -1.1920770e-01   0.0000000e+00   4.6617732e-01  -1.0944398e-01  -5.0773954e-02  -2.6461975e-01   1.8223978e-01   6.3945634e-02   2.2252332e-01  -4.3654421e-02  -6.9031893e-02   1.0670258e-01   2.0061456e-01   4.9506864e-01   5.0158702e-01   3.8653884e-02   4.4562854e-01   5.6456759e-02   1.2089883e-01  -3.9180956e-02  -8.1154924e-02   3.1129301e-01   1.7417217e-01   7.6433806e-01   4.1078993e-01   2.3183103e-01   6.4580103e-02   2.1915195e-01   2.1846168e-01   4.9878662e-02  -4.0395962e-02   1.0140639e-01   1.4117592e-01  -1.1368552e-02   4.5779949e-02   2.9123618e-01  -1.0754397e-02   3.4558856e-03   1.6572710e-01   3.4512064e-01   9.6291143e-02  -2.2023117e-01   1.5712428e-01   2.1283373e-01   1.4003695e-01   7.3930159e-02   5.5099046e-01   0.0000000e+00   3.2979310e-01   1.2898195e-01  -1.1276733e-02   2.3287888e-01   1.4091368e-01   3.7037774e-01   1.8557223e-01   2.9128545e-03   3.6013517e-01   1.5448727e-01   3.0569456e-01  -6.8137864e-03   4.1408602e-02   1.5382419e-01   3.1980808e-01  -7.4534196e-02   7.7177516e-02  -1.8587750e-01   3.3930717e-01   1.7399623e-01   7.7293864e-02   7.3400946e-02   2.5743116e-02   2.8672568e-02  -1.4170772e-01  -1.6408649e-01   1.4976870e-01   4.7318607e-01   1.6452461e-01   6.4035987e-01   3.1244912e-01   1.9600431e-01   3.8588648e-01   4.9056152e-01   1.7116997e-01  -1.1342830e-01   2.8200527e-01   4.8289374e-01  -6.4308874e-02   9.7197493e-02   3.6586913e-01  -2.6079251e-02   9.2971868e-02   2.3156375e-01   6.8378331e-02   2.1859217e-01   7.7225634e-02  -1.1856635e-02  -1.5256142e-02   4.0557259e-01   2.0289122e-01   1.6659681e-01   2.2451170e-01   2.8192164e-02   1.0337236e-01  -7.0648701e-02   2.4978274e-01  -8.1892931e-03   1.3556141e-01  -1.5983925e-01   2.9884602e-02  -2.4449053e-02   5.8054404e-02   0.0000000e+00  -3.0412926e-02   1.5574836e-01   5.8433932e-02
   5.2143975e-02   4.5049452e-02   0.0000000e+00  -2.1698468e-03   4.6617732e-01   0.0000000e+00  -8.2081584e-02   3.1449408e-02  -1.1553992e-01  -8.2266249e-02  -9.1801318e-02   1.7902907e-01   1.5857084e-01   3.3405735e-02  -6.9236538e-02   1.5702336e-01   2.4130785e-01   2.8420708e-01   7.2359022e-02   2.9311762e-01  -1.4614142e-01   1.4321203e-01  -4.2218846e-02  -1.0327457e-01   2.8813664e-01   2.7094612e-01   5.2442371e-01   1.4243419e-01  -4.5959979e-03  -1.0508496e-01   3.4066498e-01   1.9086479e-01  -9.2518722e-03  -1.4551511e-01   2.4460218e-02   1.5001381e-02  -3.4831458e-02   3.6633189e-02   2.8677625e-01  -8.4850171e-02   1.6535267e-03   9.8500040e-02   1.6403964e-01   9.4139071e-02  -2.2809215e-01   6.8901317e-02  -4.1658746e-02   4.5384309e-02  -1.3520350e-01   2.3606629e-01   0.0000000e+00   1.1794266e-01   1.7616972e-01  -4.6135574e-02   1.1629265e-01  -1.9538769e-02   3.2278832e-01   3.3318640e-02   3.5444714e-02   2.7822186e-01   1.9442876e-01   3.4509610e-01   1.0852474e-01  -1.2383266e-01   3.2956697e-02   8.2727542e-02   4.4919702e-02   8.9152316e-02  -3.9215445e-02   4.4598547e-01   1.6770837e-01   1.7641768e-01   1.2700976e-01   7.0370167e-02   1.2520464e-01  -4.2276892e-02   1.1469130e-01   3.4913309e-01   4.3584223e-01   1.7872760e-01   4.0113158e-01   4.2187854e-01   1.0149975e-01   1.8666150e-01   4.0946863e-01   1.0091220e-01  -8.2179662e-02   3.0078695e-01   1.7487289e-01  -2.1068940e-02  -6.5234276e-02   4.6106196e-01   1.1140169e-01   1.0826466e-01   2.0876157e-01   7.0309514e-02   1.6198514e-01   9.9338118e-02   3.0145369e-02   7.9165262e-02   4.2084747e-01   2.4741147e-01   2.4249298e-01   1.7981298e-01   2.0523401e-01   8.4923293e-03   6.5303605e-02   2.6286261e-01  -2.2407180e-02   1.6661907e-01  -2.2102162e-01   1.1968219e-01   6.3853712e-02   1.5809159e-01   0.0000000e+00   1.4576270e-01   3.2688761e-01   1.9251135e-02
   5.4548971e-01   1.5727529e-01   0.0000000e+00   4.3076978e-02  -1.0944398e-01  -8.2081584e-02   0.0000000e+00   1.0497208e-02   9.1966420e-02   1.3331544e-01   1.3482002e-01  -9.8315232e-02   2.3699394e-02   9.2276575e-02   6.7434274e-02  -5.2275581e-02  -1.5995683e-01  -1.5658204e-01  -2.0306618e-02  -1.2989957e-01   1.1141604e-02  -4.7464804e-02   1.2830234e-01   1.1518696e-01  -2.1416608e-01  -4.4157175e-02  -1.9910274e-01  -8.0114768e-02   3.1839934e-02   1.1408529e-01   1.8134627e-02  -1.1878163e-01   8.3566571e-02   1.4103959e-01  -1.2486012e-01   5.6727762e-02   1.6557009e-01   9.7984178e-02  -1.2883156e-01   1.6036941e-01   2.1433501e-01  -1.4016809e-02  -3.0904417e-02   4.1881096e-02   1.3393933e-01   6.0370760e-02   1.1785119e-01  -9.1751365e-03   7.7718714e-02   3.4051010e-02   0.0000000e+00   1.5224526e-01  -7.4177792e-02   8.4924591e-02  -1.2450102e-01   3.4767718e-02  -2.2681195e-01   3.8255046e-02   9.8088676e-02  -1.4636069e-01  -3.0335701e-01  -3.4773630e-01  -1.5051982e-01   2.5040622e-01  -1.5435747e-02   2.4699244e-01   5.3095549e-02   1.6320126e-01   1.0232416e-01  -9.0956440e-02  -9.4709302e-02   5.0034470e-02   1.9399961e-01   3.2659017e-02   4.5184359e-02   2.0610213e-01   3.4067265e-01   1.0773302e-01  -1.5419549e-01   6.8414822e-02  -3.5863807e-02  -9.7222256e-02   2.4448274e-02  -1.5975979e-02  -5.7301975e-02   2.3705979e-02   2.7296941e-01  -2.2257856e-02   1.5493588e-01   1.0603310e-01   1.2650920e-01  -2.4856387e-01  -4.7078210e-02  -9.0149692e-03  -2.0681700e-02   6.5443455e-02  -2.3654928e-01  -7.3136774e-02   1.2135407e-02   1.1983170e-02  -2.0614195e-01  -3.4232975e-01  -1.5669656e-01  -1.8321863e-01  -3.2175384e-02   1.1871066e-03   9.9823113e-02  -1.7875840e-01   1.8871150e-01   1.2500097e-01   3.1898030e-01   1.2845224e-01   8.5267211e-02   1.0611102e-03   0.0000000e+00  -4.7129755e-02  -5.3868971e-02   1.4078701e-02
   7.2864307e-02   9.9589682e-03   0.0000000e+00   6.4102407e-02  -5.0773954e-02   3.1449408e-02   1.0497208e-02   0.0000000e+00   7.0671069e-02   1.7639941e-02  -1.4482488e-02  -1.2373053e-02  -1.0066553e-02   1.6546754e-02   6.9278184e-02  -1.6804280e-02  -4.7953160e-02  -8.1084440e-02  -1.4180808e-02  -5.0987711e-02   1.0231651e-01   1.2494599e-01   4.7567507e-02  -4.0522359e-02   4.2669964e-02  -7.4543049e-02  -6.3931385e-02  -2.1191745e-03  -3.3250792e-02   4.9593970e-02   8.3774984e-02   3.4703157e-02  -5.0645803e-02   1.2717315e-02   3.8956489e-02  -1.0572369e-03   4.5340303e-02   5.4543828e-02  -4.9191956e-02   2.1257575e-02  -4.4598529e-03   9.1873206e-03  -3.8929196e-02  -1.3075860e-02   5.0222731e-02   4.4604422e-02   5.4190883e-02  -6.8167454e-03  -3.3197491e-02  -1.1742180e-01   0.0000000e+00  -4.1310916e-02   1.0567650e-02   4.3142371e-02   6.9784957e-02  -3.9404434e-02  -6.7728205e-02   3.9527059e-02  -3.4262594e-02  -3.5258768e-02   6.3018480e-02  -4.3498667e-02  -1.4406929e-01  -7.5196029e-02   5.7409707e-03  -6.7292928e-02   2.5652467e-02   1.4656895e-02   1.0264234e-01   8.3843412e-03   4.6870382e-02   4.4464100e-03   8.7417710e-03  -1.9517504e-02   5.4909716e-04   1.0833233e-01   2.1653132e-01   9.7095477e-02  -6.3742389e-03   1.0596198e-01  -6.1412164e-02   1.0291054e-01   4.9749662e-02   7.2242075e-02   2.3328769e-02   5.2194733e-02   8.1473824e-02   4.6375437e-02  -4.7082968e-02   1.6425467e-01   7.1905838e-02  -9.4986587e-02   1.2731555e-01  -1.2957674e-02   4.4323015e-03  -1.0350611e-02   1.2905022e-02   4.6775206e-02   7.1889456e-02   4.6816059e-02   4.3271071e-02  -4.8239058e-02  -4.5723077e-02  -6.7624433e-02  -2.3535199e-03  -2.2578946e-02  -5.8728402e-03  -9.1983142e-02  -4.3056734e-02  -1.1515641e-01  -5.6172988e-02   8.5507193e-02   8.3046099e-02   5.8345905e-02   0.0000000e+00   2.8364037e-01   2.6559649e-01   1.3867309e-01
   9.8369521e-02   2.0019845e-01   0.0000000e+00   1.9423671e-01  -2.6461975e-01  -1.1553992e-01   9.1966420e-02   7.0671069e-02   0.0000000e+00  -2.4012922e-01  -1.7617488e-01  -1.4069802e-01   5.9501986e-02   1.7089779e-02  -2.1889233e-01  -1.6727322e-01  -3.2412138e-01  -2.2216840e-01   3.5953812e-02  -3.4711149e-01  -2.1233799e-01  -1.9967567e-01  -2.0526549e-02  -9.3183478e-03  -2.7012865e-01  -5.5187725e-02  -3.1784126e-01  -2.9547392e-01  -2.0363049e-01  -1.6815410e-01   2.0245197e-03   6.9975563e-03  -4.8983536e-02   3.0471292e-02   1.1573580e-01  -1.0794342e-01  -1.3824141e-01  -1.8555143e-02  -1.1916940e-01  -2.7766104e-02  -1.9715577e-02  -1.2565639e-01  -1.0285739e-01   5.8586294e-03   1.3241669e-01  -8.6149467e-02  -2.2724464e-01  -8.8296242e-02  -1.3801407e-01  -1.7048953e-01   0.0000000e+00  -1.8734157e-01   9.7730019e-02  -9.1273624e-02  -1.9812488e-01  -2.8044297e-01  -6.5424147e-02  -2.0662358e-01   9.5992598e-02  -1.9894626e-01  -5.4600922e-02  -1.4031856e-01   3.2157047e-02  -5.9211562e-02   4.1392617e-02  -2.4821248e-01   7.4182903e-02   1.6871452e-02   3.3023706e-01  -1.4526318e-01   9.2047769e-02  -1.2617117e-01  -2.9612250e-02   5.2611508e-02  -4.3976661e-02   2.2379933e-01   2.8330524e-01   9.7842824e-02  -9.6719449e-02  -1.6815859e-03  -3.0986483e-01  -8.5502196e-02  -2.6589549e-01  -1.6903791e-01  -1.6077542e-01  -4.5452535e-02   2.9169552e-01  -1.5704933e-01  -2.3808092e-01   2.4843203e-01   6.7003508e-03  -1.4351901e-02   1.6958015e-01   6.8192333e-02  -2.5783537e-02   1.2614608e-01  -6.5783703e-03   1.2866752e-01   1.9740529e-01   2.1960675e-01  -3.0649375e-01   2.4600421e-02   1.3655415e-01  -7.2606965e-02   1.1962588e-01  -5.9688896e-03   9.1653940e-02  -4.4953409e-02   1.3845620e-01  -3.5571519e-02   7.2061382e-02   3.8374748e-02   1.0919308e-01  -2.0782905e-02   0.0000000e+00   6.9921272e-02   4.5107752e-02  -9.2690867e-02
   1.8231795e-02  -1.2153083e-01   0.0000000e+00   1.1830837e-01   1.8223978e-01  -8.2266249e-02   1.3331544e-01   1.7639941e-02  -2.4012922e-01   0.0000000e+00   5.1164451e-01   1.0835228e-01  -1.9918372e-01   8.0943253e-02   5.3186850e-01   2.7066211e-01   3.0839265e-01   3.1228177e-01   2.2406955e-01   3.7502981e-01   5.8859568e-01   3.1610814e-01   2.1745825e-01   2.5872836e-01   2.1730574e-01  -5.6737751e-02   2.9789695e-01   6.3642000e-01   5.1661315e-01   5.4313815e-01  -7.7539330e-02   2.2091750e-02   3.7018058e-01   4.1459919e-01   1.6902167e-01   5.7606468e-01   4.2339173e-01   3.3068574e-01   9.6285994e-02   5.0633903e-01   3.6560820e-01   4.2221106e-01   1.9790675e-01   2.9211935e-01   1.2499869e-01   4.4644847e-01   5.8435076e-01   2.4314293e-01   4.2186370e-01   2.3786958e-01   0.0000000e+00   3.5618015e-01   1.7841921e-02   7.3068324e-02   3.6884829e-01   4.0272742e-01  -6.1400204e-02   4.5918247e-01   2.5495882e-01   6.4356570e-02  -2.3293158e-02  -1.5994698e-01  -1.8402345e-01   1.8226477e-01   5.4748729e-02   3.8347452e-01  -3.3100027e-02   3.2637577e-02  -1.8552518e-01  -8.4387723e-02  -1.1838409e-01  -1.5112992e-01   6.8614274e-02  -1.2539564e-02  -1.0827558e-02  -1.0709558e-01  -2.1113484e-01  -1.1568619e-01  -1.6010492e-02  -1.7031503e-01   2.5411029e-01   6.8205931e-03   4.3069255e-01   1.2035718e-01   1.5507409e-01   1.1758861e-01  -4.3931097e-02   1.0573990e-02   4.2490778e-01  -4.0775224e-02   1.7706348e-01  -1.6656578e-01   1.4310715e-02  -4.7814649e-02   3.0689057e-02  -4.1865909e-02  -2.4797868e-02   1.5344603e-02  -1.3452495e-01  -5.6301339e-02   6.9332611e-02  -1.8310857e-01  -2.0680231e-01  -9.3355902e-02  -1.7445962e-01   2.6402060e-01   1.6221954e-02  -3.6114655e-02  -6.7989024e-02   3.8135100e-02   2.1084773e-01   1.0542453e-03  -6.4402162e-02   1.6751213e-01   0.0000000e+00   9.6257028e-03  -1.4802664e-01   9.5029416e-02
   1.4365807e-01  -2.6349009e-02   0.0000000e+00   1.5430824e-01   6.3945634e-02  -9.1801318e-02   1.3482002e-01  -1.4482488e-02  -1.7617488e-01   5.1164451e-01   0.0000000e+00   5.5668940e-02  -6.8443570e-02   1.1413528e-01   3.6782581e-01   1.9635086e-01   9.4620412e-02   1.1718001e-01   1.6422266e-01   1.7935272e-01   4.5987555e-01   1.7923837e-01   2.6476599e-01   2.6758803e-01   1.6704802e-01  -2.3066930e-03   3.1669682e-02   1.9706121e-01   2.7096291e-01   3.3240863e-01  -7.8560708e-02   1.2599408e-02   2.7973765e-01   3.2063289e-01   4.6186844e-02   2.8731460e-01   2.6284368e-01   3.5549807e-01   5.3879493e-02   5.3827932e-01   4.3120787e-01   2.0380827e-01   9.1637209e-02   1.2379909e-01   1.4877830e-01   2.6163997e-01   3.3549978e-01   2.2792388e-01   3.0744183e-01   9.2198222e-02   0.0000000e+00   1.9251423e-01   8.0393519e-03   2.0930041e-01   1.4467116e-01   4.3606623e-01  -9.1883515e-02   3.5523517e-01   2.7752493e-01   1.7559511e-02  -6.8277131e-02  -1.4217240e-01  -8.0186010e-02   1.7316074e-01   5.7033164e-02   2.7455853e-01   1.0968671e-01   3.4213606e-02  -2.2228547e-02  -8.9995906e-02  -6.4759610e-02  -7.8147041e-02   1.2267520e-01  -8.8889404e-03   1.7167097e-01  -1.4801970e-02  -1.3209206e-01  -1.6342434e-01  -1.2123050e-01  -1.0595503e-01  -1.1793698e-02  -2.4292665e-02   4.1800155e-01  -3.8025663e-02  -9.4508253e-03   7.2953454e-03  -7.4296073e-02  -5.5156716e-02   3.5931575e-02  -6.5197834e-02   3.2506365e-02  -1.8412817e-01  -1.7579980e-02  -3.8846206e-02  -5.3461401e-02  -6.2611027e-02  -1.2453462e-01  -2.7505695e-02  -8.4717676e-02  -5.3132204e-02  -1.8528347e-02  -1.8265358e-01  -2.3116254e-01  -1.1711022e-01  -9.1523605e-02   1.4198058e-01   1.5239429e-02   1.0225549e-02  -1.2143826e-02   1.4505536e-01   2.6609381e-01  -9.0601363e-03   1.4147844e-02   1.2635233e-01   0.0000000e+00  -5.3977120e-02  -1.2769481e-01   1.3578447e-01
  -2.9952697e-02  -6.8680871e-02   0.0000000e+00  -8.7213335e-02   2.2252332e-01   1.7902907e-01  -9.8315232e-02  -1.2373053e-02  -1.4069802e-01   1.0835228e-01   5.5668940e-02   0.0000000e+00  -1.5996495e-01  -8.8823480e-02  -3.3288514e-02   7.2234673e-02   2.0615983e-01   2.9740859e-01  -4.9333543e-02   1.0523035e-01  -5.4401623e-02   3.8242377e-02  -1.6377762e-02  -2.2637111e-03   2.5499117e-01   1.3587428e-01   2.2790289e-01   1.8194240e-01   1.3725197e-02  -6.9360521e-02   1.1110899e-01   9.0037372e-02  -1.0211486e-01  -1.3250185e-01  -1.2837794e-02  -1.5309170e-02  -1.7039990e-01  -2.2543279e-02   1.6637097e-01  -6.8547057e-02   4.2670621e-03   3.8241759e-02   1.2068682e-01   4.2188635e-02   3.6545183e-02   2.7733229e-02  -4.8224962e-02  -4.7664462e-03  -1.4174512e-01   2.5144249e-01   0.0000000e+00   6.2865577e-02   1.5983329e-01  -1.2432750e-01   1.1046506e-01  -3.3421503e-02   1.9019078e-01   3.6330935e-02  -7.2110129e-02   3.6561884e-01   2.0099431e-01   3.3199499e-01  -7.2326698e-02  -7.2129391e-02   2.3674243e-02   1.3638784e-01  -1.4489186e-01   8.2140911e-02  -2.6154064e-01   7.1548004e-02   1.0208686e-01   4.7865948e-02   1.7591426e-01   3.0963423e-01   8.9581608e-02  -9.1646639e-02  -8.7224781e-02   1.5993399e-02   2.7915334e-01   1.5271775e-01   2.9258573e-01   2.4326281e-01   4.8151755e-02   3.0803902e-01   2.5341768e-01   2.7252268e-01   9.9653365e-03   3.5536802e-01   2.1934164e-01  -4.0072932e-02   2.5588310e-01   1.5920856e-01   4.7404404e-03   2.3380912e-02   1.7510881e-01   7.2432463e-02   3.3693266e-01   4.1134504e-03   4.3688575e-02   2.4614155e-02   4.9278284e-01   1.2960046e-01   3.2015240e-01   2.3101211e-01  -1.9778142e-03  -6.3771873e-02  -7.8332141e-02   2.1696324e-01  -7.1731753e-02   1.0013571e-01  -1.3041059e-01   3.4612106e-02  -1.1771413e-02   7.5293446e-02   0.0000000e+00  -2.3086979e-02   1.9087931e-01   1.0098973e-01
   3.0209347e-02   1.5490649e-01   0.0000000e+00  -3.4059584e-02  -4.3654421e-02   1.5857084e-01   2.3699394e-02  -1.0066553e-02   5.9501986e-02  -1.9918372e-01  -6.8443570e-02  -1.5996495e-01   0.0000000e+00   3.9623655e-01  -4.3758527e-02   6.2729630e-02  -6.6936330e-02  -3.2910681e-02   4.9036839e-03   6.4078937e-02  -6.9708950e-02   1.1489989e-01   6.3853498e-02   3.5526267e-02   7.6589035e-02   1.8790459e-01  -1.8934290e-02  -1.1556527e-01  -9.0438582e-02  -1.3016117e-01   8.0955866e-02   1.2983521e-01   6.8506943e-02   4.1420703e-02   9.9314387e-02   3.9140477e-02   1.2362998e-01   9.1908875e-02   1.7359876e-01  -8.2927598e-03   3.1903172e-02   8.0800658e-02  -2.5777422e-04   8.6828972e-02  -6.8636681e-02  -2.7340195e-02  -6.3655693e-02  -1.0602054e-02   2.1554019e-02  -1.9677532e-01   0.0000000e+00  -7.5257263e-02   2.8301684e-02   8.8191593e-02  -1.9373164e-02   3.5099895e-02   1.1741479e-01   4.2250198e-02   8.0189597e-02  -2.5163276e-02   1.2238802e-01   7.1566787e-02   3.6766878e-01   8.0338639e-05   7.9488141e-02  -4.6912242e-02   3.5152048e-01  -7.5905736e-02   3.3766202e-01   2.1991849e-01   1.4178943e-01   3.4588501e-01  -1.0066844e-01  -9.9763465e-02  -3.0621578e-02   3.2502516e-02   1.9526430e-01   6.7897775e-02  -3.8320863e-02   1.6394942e-01  -2.3249495e-01  -2.1840467e-02   7.8095780e-02  -1.1617028e-01  -1.4203498e-01  -1.1374213e-01  -1.1753204e-02  -1.0415536e-01  -2.0412127e-01  -1.4797444e-02  -1.7059639e-01   1.9053230e-01   1.3569452e-01   5.0922748e-02   5.2068595e-02   6.7102161e-02  -6.5610602e-02   1.3621080e-01   6.2925343e-02   1.0659904e-01  -1.7537573e-02   5.7323839e-02   2.9091707e-02   2.6090600e-02   2.9271360e-01  -2.6999981e-02   1.2329717e-01   1.0759914e-01   3.0241513e-01   2.0392917e-01   2.3051276e-02   5.2632786e-02   1.5582419e-01   4.7766439e-02   0.0000000e+00   7.1913962e-02   2.4200633e-01   2.3676824e-03
   7.2917220e-02   9.5893885e-02   0.0000000e+00   1.4412531e-01  -6.9031893e-02   3.3405735e-02   9.2276575e-02   1.6546754e-02   1.7089779e-02   8.0943253e-02   1.1413528e-01  -8.8823480e-02   3.9623655e-01   0.0000000e+00   1.3909925e-01   2.1103252e-01   1.9568419e-02   1.6356132e-02   1.0839555e-01   1.9485980e-01   1.8504113e-01   2.4507059e-01   3.5567655e-01   1.7441954e-01   8.2520410e-02   1.0021891e-01   3.9562900e-02  -1.5612358e-02   1.0759628e-01   1.5134826e-01   2.4247525e-02  -3.8101734e-04   1.7858491e-01   1.5058039e-01   5.0390211e-02   1.5383985e-01   2.2713228e-01   1.9364396e-01   2.2158634e-02   1.7875162e-01   2.3613716e-01   1.0692529e-01   1.5505755e-02   1.0552084e-01   9.7060243e-02   2.2275872e-01   7.5720869e-02   5.1700569e-02   9.9601597e-02  -6.5286726e-02   0.0000000e+00   7.7114342e-02  -5.6564464e-02   1.0956197e-01   1.0850114e-01   2.5842518e-01   1.7209541e-02   1.8908203e-01   1.3562103e-01  -7.8061477e-02   6.4275905e-02  -1.0160051e-01   1.1510372e-01   1.1896401e-01   3.0554815e-03   1.5011462e-01   1.9379571e-01   1.7777664e-02   1.9088000e-01   6.3211943e-02   4.9122213e-02   2.5685671e-01  -1.2433090e-01  -1.6730115e-01  -1.2505645e-02   1.5428889e-01   1.0175850e-01  -8.5143099e-03  -1.6737944e-01   1.4036464e-02  -9.3544990e-02  -6.9262222e-02   3.8554291e-01  -3.1616941e-02  -8.6848813e-02  -3.7117702e-03   6.2633099e-02  -9.5412301e-02  -2.1495249e-02   2.8116776e-02  -3.1153640e-02  -5.7420487e-02   1.2424731e-01  -4.8266003e-02  -7.1254568e-02   4.0628616e-02  -1.4905021e-01   1.2279611e-01  -9.9336213e-02   3.6438954e-02  -4.0026640e-02  -1.0650347e-01  -9.6241261e-02  -8.5339409e-02   6.6442144e-02   4.1181650e-02   6.6098103e-02  -7.5333718e-02   6.7640376e-02   1.1276385e-01   1.9075136e-01   2.6485248e-02   6.9391309e-02   5.1727840e-02   0.0000000e+00  -2.5303210e-02   8.8271496e-02   9.5027113e-02
  -7.8920724e-02  -3.0345119e-02   0.0000000e+00   1.2659357e-01   1.0670258e-01  -6.9236538e-02   6.7434274e-02   6.9278184e-02  -2.1889233e-01   5.3186850e-01   3.6782581e-01  -3.3288514e-02  -4.3758527e-02   1.3909925e-01   0.0000000e+00   3.9062409e-01   2.7272606e-01   2.5598469e-01   1.4025036e-01   4.1252242e-01   5.2877204e-01   2.6933462e-01   1.8440924e-01   1.6292271e-01   2.1801613e-01  -9.8787604e-02   2.4406272e-01   3.6495526e-01   4.4423117e-01   4.7973912e-01  -1.1774679e-01   9.8179321e-02   4.2882203e-01   4.5136850e-01   1.7762207e-01   4.6875582e-01   3.6157446e-01   3.0212113e-01   1.2240864e-01   4.0631639e-01   2.3532611e-01   3.9524583e-01   9.3985348e-02   2.4714863e-01   8.5076168e-02   3.3255309e-01   4.3695408e-01   3.9238698e-01   5.1265234e-01   1.0361438e-01   0.0000000e+00   2.9807871e-01  -9.0944758e-02   2.2136674e-01   4.2605170e-01   6.1493330e-01  -1.3668225e-02   5.0620728e-01   2.3843042e-01   2.4246283e-02  -7.6781552e-02  -1.9368653e-01  -1.3778081e-01   2.8085252e-01   6.5521729e-02   3.1057255e-01   5.3706523e-02  -8.5623199e-02  -1.5694555e-01   1.4175561e-02  -1.7793366e-01  -8.0441847e-02  -3.6000369e-02  -1.0874482e-01  -1.3919000e-01  -1.4484536e-01  -2.7901549e-01  -1.2814762e-01  -2.9478784e-02  -1.8681536e-01   1.3335254e-01  -1.0096206e-01   4.0720399e-01   7.0936674e-02   6.6897718e-02  -7.8935827e-02  -1.6368041e-01  -9.1574621e-02   2.1771073e-01  -1.3264663e-01  -2.7531777e-02  -7.9324276e-02  -1.2567470e-02  -5.7111438e-02   7.0637495e-02  -7.1342791e-02  -9.5706143e-02  -1.0385156e-02  -1.4284659e-01  -2.7794474e-02  -4.4776896e-02  -1.5186545e-01  -2.5962952e-01  -1.6253376e-01  -1.5163551e-02   4.3542989e-01   6.6689315e-02   3.1981974e-02   9.0710038e-02   1.2137064e-01   3.3683043e-01  -1.2770665e-02  -5.2552648e-02   1.1890881e-01   0.0000000e+00  -1.7244228e-02  -1.5851053e-01   5.7528006e-02
  -1.4133437e-02  -3.9222893e-02   0.0000000e+00   1.5522135e-01   2.0061456e-01   1.5702336e-01  -5.2275581e-02  -1.6804280e-02  -1.6727322e-01   2.7066211e-01   1.9635086e-01   7.2234673e-02   6.2729630e-02   2.1103252e-01   3.9062409e-01   0.0000000e+00   2.3625049e-01   2.7468414e-01   2.4645533e-01   3.8510133e-01   2.2050964e-01   2.1922186e-01   8.3580911e-02   7.1473374e-02   2.8339811e-01   8.7016078e-02   3.8114252e-01   2.7935475e-01   4.2917443e-01   2.8518499e-01   9.7791267e-02   1.5312497e-01   3.9941097e-01   2.2635110e-01   1.6667331e-01   2.9444218e-01   1.8548005e-01   1.5653268e-01   2.1169697e-01   1.9188846e-01   1.4000167e-01   1.9991792e-01   2.4146879e-01   1.7199546e-01  -3.8428321e-02   2.6234411e-01   2.2727543e-01   3.3456192e-01   2.2389004e-01   1.7108443e-01   0.0000000e+00   4.0383016e-01   5.7097719e-02   1.6467320e-01   5.5996414e-01   4.6635917e-01   2.4978376e-01   3.1928048e-01   2.4086598e-01   1.9095240e-01   1.7959555e-02   1.7413792e-02   5.6865844e-03   2.0238732e-01   2.1510448e-01   3.0750431e-01   1.4558642e-01  -3.8620042e-03   1.3341367e-02   2.2505972e-01  -4.9750823e-02   8.6140572e-02  -3.5845428e-02  -1.1711233e-01  -4.7029671e-02  -1.0391074e-01  -1.3940470e-01  -5.5923161e-02   1.3599616e-01  -7.4233709e-02   1.7001716e-01   5.7619088e-02   3.3401430e-01   1.4734047e-01   1.7521110e-01   1.3126646e-02  -1.2781162e-01   2.9351346e-02   1.8414061e-01  -1.5089095e-01  -1.1707519e-02   1.4160293e-01   2.1205337e-02   1.7016439e-02   1.5747460e-01  -2.1761432e-03   8.8376192e-03   8.1287371e-02  -5.7665996e-02   7.5801867e-02   6.1253920e-02   4.8816020e-02  -1.0122059e-01   7.8930941e-02   1.8614103e-01   2.7865919e-01   7.0297928e-02   2.7268679e-01  -5.6265213e-02   3.7181573e-01   1.7903231e-01  -3.0333230e-02  -1.9633288e-02   1.5506311e-01   0.0000000e+00  -1.1588076e-02   2.7786449e-02   6.2735854e-02
  -1.8662399e-01  -6.5041388e-02   0.0000000e+00  -4.5847190e-02   4.9506864e-01   2.4130785e-01  -1.5995683e-01  -4.7953160e-02  -3.2412138e-01   3.0839265e-01   9.4620412e-02   2.0615983e-01  -6.6936330e-02   1.9568419e-02   2.7272606e-01   2.3625049e-01   0.0000000e+00   6.6884171e-01   5.6575774e-02   7.0968312e-01   2.3188692e-01   1.5511631e-01   4.1366351e-02  -4.6639717e-02   2.9765736e-01   1.6615066e-01   6.7251680e-01   4.8491754e-01   4.2716772e-01   2.0463795e-01   1.0613451e-01   2.8873613e-01   2.1104178e-01   1.2648266e-01   2.4241193e-01   3.2886402e-01   1.3016712e-01   1.6992608e-01   3.0466418e-01   1.5178559e-01   9.0188907e-02   4.0971903e-01   3.0135035e-01   2.5991633e-01  -1.7153898e-01   3.5643510e-01   2.6059980e-01   2.7978339e-01   2.1667921e-01   3.7944416e-01   0.0000000e+00   3.5658072e-01   9.1756454e-02   1.3558198e-02   4.4282876e-01   2.4817389e-01   3.0077388e-01   3.5051680e-01   5.5293620e-02   2.5702635e-01   3.0025968e-02   9.8031268e-02   1.5284800e-03   8.1889311e-02   1.1618929e-01   2.2131834e-01  -5.4541298e-02  -1.1843885e-01  -2.3603021e-01   2.5829796e-01   8.7753346e-02  -2.3631748e-02  -1.0260267e-02  -7.1959492e-02  -7.3199477e-02  -3.0840029e-01  -2.5688190e-01   4.1019428e-02   3.4413641e-01  -1.4227756e-02   4.7465992e-01   8.3681877e-02   2.0533333e-01   3.0810330e-01   3.3303107e-01   6.2891606e-02  -1.9697537e-01   1.2088116e-01   3.9756465e-01  -2.6409925e-01   7.5316774e-02   3.1077896e-01  -1.5992927e-02   6.2834503e-03   1.9554161e-01   3.8107809e-02   1.6041061e-01   9.9974692e-02  -5.5956753e-02   1.2161235e-02   2.5279377e-01   1.4347785e-01   7.5176145e-02   5.6292845e-02  -2.4414165e-02   2.2349451e-01  -2.5415687e-02   2.1497999e-01  -7.8888354e-02   6.7247807e-02  -7.2200035e-02  -5.2507075e-02  -4.1360527e-02   1.6264209e-01   0.0000000e+00  -1.1132962e-02   6.3105246e-04  -2.0352290e-02
  -1.6059323e-01  -4.8732159e-02   0.0000000e+00   9.5175809e-03   5.0158702e-01   2.8420708e-01  -1.5658204e-01  -8.1084440e-02  -2.2216840e-01   3.1228177e-01   1.1718001e-01   2.9740859e-01  -3.2910681e-02   1.6356132e-02   2.5598469e-01   2.7468414e-01   6.6884171e-01   0.0000000e+00   1.4306038e-01   6.7275520e-01   1.9568822e-01   1.6682190e-01  -4.1103074e-02  -2.4468644e-02   3.3943624e-01   1.1292719e-01   7.4418973e-01   4.3899634e-01   4.1892244e-01   2.9655302e-01   2.3218437e-01   2.8026073e-01   2.8892126e-01   1.4839571e-01   2.7791129e-01   2.7674071e-01   1.0290337e-01   6.8193703e-02   2.3819446e-01   7.9670632e-02   4.4964889e-02   3.4153096e-01   3.6145893e-01   2.1379100e-01  -1.2537317e-01   3.1437116e-01   1.9431472e-01   3.0903809e-01   2.3366757e-01   4.7078515e-01   0.0000000e+00   4.1855110e-01   1.1247845e-01   8.2298900e-03   3.5395094e-01   2.2907731e-01   4.5813827e-01   3.5230923e-01   1.7510446e-01   3.5873735e-01   9.0255248e-02   1.4469906e-01  -6.3619919e-02   2.3106423e-01   2.3903355e-01   3.0209613e-01   9.2059184e-02  -4.3101875e-02  -1.2353169e-01   3.9170518e-01   9.1785113e-02  -4.5480158e-03   1.7657961e-02  -1.6474286e-02  -6.9683014e-03  -1.0865274e-01  -1.5556491e-01   6.5253823e-02   4.0902992e-01   4.9955529e-02   4.8773646e-01   1.6812829e-01   2.0171791e-01   3.5177296e-01   3.8494246e-01   1.2564707e-01  -7.2858245e-02   1.5656506e-01   4.4776691e-01  -1.1928726e-01   8.7629409e-02   4.1402282e-01   5.9838307e-02   6.0348617e-02   2.5631333e-01   9.7483865e-03   1.3575771e-01   5.3451414e-02  -1.7611673e-02   5.6398163e-02   2.1253746e-01   1.9662077e-01   5.4998515e-02   1.0901825e-01   9.0734846e-02   2.8805982e-01   7.1988376e-03   3.4312671e-01   8.1306281e-03   2.3173288e-01   4.0292144e-02   4.9844864e-02   2.5099868e-02   2.1599923e-01   0.0000000e+00   2.2443924e-02   6.7625404e-02   4.6690565e-02
   8.7579872e-02  -4.1122895e-03   0.0000000e+00   1.6704750e-01   3.8653884e-02   7.2359022e-02  -2.0306618e-02  -1.4180808e-02   3.5953812e-02   2.2406955e-01   1.6422266e-01  -4.9333543e-02   4.9036839e-03   1.0839555e-01   1.4025036e-01   2.4645533e-01   5.6575774e-02   1.4306038e-01   0.0000000e+00   1.4106942e-01   1.7219364e-01   6.4628514e-02   3.7116038e-02   9.5522501e-02   7.7262437e-02   7.6300433e-02   1.0701367e-01   1.3323457e-01   1.1773457e-01   1.3679099e-01   7.1866257e-03   1.9783355e-01   3.1341047e-01   1.9876966e-01   2.2052397e-01   2.7741211e-01   1.5580711e-01   2.2087509e-01   1.5626805e-01   2.1447490e-01   1.9493194e-01   2.9722933e-01   1.5164417e-01   3.2271860e-01   5.7740513e-02   3.0976502e-01   1.3371787e-01   8.5450316e-02   5.9584618e-02   1.3378476e-02   0.0000000e+00   1.9739437e-01   2.1192992e-01   9.5466503e-02   2.2538768e-01   1.3053381e-01   9.4088113e-02   1.0817836e-01   6.2326657e-01  -9.3343852e-03  -6.8996488e-02  -1.2496611e-01  -3.4165894e-02   1.2237219e-01   2.7446186e-02   1.6615924e-01   7.8004828e-02  -8.9831190e-03   5.2918637e-02   6.4391181e-02  -5.9248928e-02  -4.8604418e-02  -1.3475886e-01  -9.6138542e-02  -6.8548946e-03  -6.8601293e-03   1.6067854e-02  -2.8914466e-02  -4.3441662e-02  -1.1947884e-01  -1.0812787e-02  -6.6283987e-02   9.0056623e-02  -5.9316429e-02   4.5802555e-02  -5.9943250e-02  -3.8418024e-02  -1.1301800e-01   8.2152642e-02  -8.1502224e-02   4.0544423e-02   1.0285580e-01   1.0298402e-02   2.1835545e-02   2.1426406e-01   1.0230760e-01  -4.8290452e-02   2.1237579e-01   2.2853650e-02   1.0794389e-01  -6.0281141e-02  -3.8675288e-02  -3.1503102e-02   4.9526031e-02   9.1570528e-02   1.6066953e-01   5.7806217e-02   8.9364044e-02  -5.0166865e-02   1.9959987e-01   1.5145174e-01   9.3520994e-03   6.8106902e-03   2.2365753e-01   0.0000000e+00  -6.5702427e-03   1.3891987e-02  -9.1351515e-02
  -2.4765564e-01  -5.2143930e-02   0.0000000e+00   8.9176703e-02   4.4562854e-01   2.9311762e-01  -1.2989957e-01  -5.0987711e-02  -3.4711149e-01   3.7502981e-01   1.7935272e-01   1.0523035e-01   6.4078937e-02   1.9485980e-01   4.1252242e-01   3.8510133e-01   7.0968312e-01   6.7275520e-01   1.4106942e-01   0.0000000e+00   3.7988880e-01   2.6856229e-01   1.2008468e-01   1.7908140e-02   3.5134643e-01   2.2457911e-01   7.8654368e-01   5.0642601e-01   6.0628381e-01   4.6230565e-01   2.1175069e-01   2.3450715e-01   3.8801936e-01   2.7739844e-01   2.7968699e-01   3.9341130e-01   3.0074523e-01   1.9510095e-01   2.5710675e-01   2.1550980e-01   1.1018213e-01   4.7615469e-01   3.7378501e-01   2.5590975e-01   2.2890279e-02   4.6707314e-01   3.0208152e-01   3.5601101e-01   3.4713530e-01   3.3323214e-01   0.0000000e+00   4.5966928e-01   2.5109494e-02   7.0980960e-02   3.9201710e-01   5.2522281e-01   3.4962031e-01   6.3555712e-01   1.6743386e-01   2.7701996e-01   7.1552187e-02   2.8672828e-02   8.6209330e-03   2.7527696e-01   2.2127380e-01   3.5303840e-01   1.3832837e-01  -4.9065735e-02  -1.1819786e-01   5.0823321e-01   4.3872420e-02   1.4824725e-02  -1.2428200e-01  -1.5077178e-01  -6.8136762e-02  -1.5904816e-01  -2.7133737e-01   3.3331030e-02   2.4227138e-01   3.9179835e-02   5.2007558e-01   1.2375898e-01   4.3632248e-01   3.8354562e-01   2.8175821e-01   1.5215190e-01  -1.1867480e-01   6.9732454e-02   3.9746285e-01  -2.2934578e-01  -1.9043999e-02   2.6788619e-01  -4.1992379e-02   3.7689377e-02   1.4961654e-01  -6.3504451e-03   4.1178687e-02   7.3672702e-02  -1.4774383e-01   1.7878403e-02   2.1201884e-01   7.6276243e-02  -3.9430391e-03   4.9754211e-02   2.7751977e-02   4.6141011e-01  -3.2080636e-03   2.5000440e-01  -5.2056957e-02   2.2759329e-01   1.7273949e-01  -5.1041623e-02  -5.2118998e-02   1.4165374e-01   0.0000000e+00  -7.0790259e-02  -1.3459587e-02   1.0514303e-01
  -1.2399020e-01  -8.3989147e-02   0.0000000e+00   1.0408673e-01   5.6456759e-02  -1.4614142e-01   1.1141604e-02   1.0231651e-01  -2.1233799e-01   5.8859568e-01   4.5987555e-01  -5.4401623e-02  -6.9708950e-02   1.8504113e-01   5.2877204e-01   2.2050964e-01   2.3188692e-01   1.9568822e-01   1.7219364e-01   3.7988880e-01   0.0000000e+00   5.0111942e-01   3.5619510e-01   3.0303839e-01   3.2592832e-01  -3.7423685e-02   1.5052016e-01   3.9128160e-01   3.3376399e-01   5.2799630e-01  -1.5155389e-01  -1.3895650e-02   3.0492642e-01   4.6644289e-01   1.6379950e-01   6.1826683e-01   4.7850363e-01   4.5942909e-01   1.5877012e-01   6.4507103e-01   3.8019603e-01   4.5003612e-01  -6.9403873e-03   3.0479764e-01   1.1981216e-01   4.8278401e-01   4.3281726e-01   3.2169016e-01   4.2047129e-01   5.7731754e-02   0.0000000e+00   1.5269627e-01  -2.2248409e-02   2.0086532e-01   2.8379019e-01   4.4622051e-01  -7.3527892e-02   6.0930353e-01   2.1704991e-01   2.9486157e-02  -6.5364615e-03  -1.7959560e-01  -9.5832558e-02   5.5250827e-02  -4.1188550e-02   2.3382242e-01  -1.0412246e-02  -4.3751918e-02  -1.3427631e-01  -1.4297334e-01  -1.1928277e-01  -1.3257929e-01  -1.9025236e-01  -2.2725198e-01  -9.3688927e-02  -1.1769611e-01  -2.6562604e-01  -1.4041425e-01  -1.2426265e-01  -2.0382431e-01   8.5339565e-02  -7.1004100e-02   5.8090912e-01   2.5820744e-02   1.2289297e-02  -8.4008447e-02  -1.4128437e-01  -4.9760464e-02   8.2031646e-02  -8.9243253e-02   3.2823987e-02  -2.1699722e-01   4.5442833e-02  -9.4057159e-02   1.4346739e-02  -6.0378262e-02  -1.2470984e-01   4.4783059e-02  -1.4251428e-01  -8.6183593e-02  -7.4891018e-02  -2.9991262e-01  -2.9568606e-01  -1.1186562e-01  -1.6787871e-01   2.8757308e-01   5.5349693e-02  -6.0490705e-02  -9.3085650e-03  -5.2197128e-02   2.3540473e-01  -6.1914658e-02  -1.4123692e-01   2.0245924e-03   0.0000000e+00   3.6565097e-02  -1.1179703e-01   1.5222412e-01
