   0.0000000e+00   0.0000000e+00   2.5933214e-01   1.0829025e-02   1.8648112e-01   0.0000000e+00   2.6956781e-01   7.2204757e-02   5.7203218e-03  -2.8282265e-03   2.0863443e-01  -1.0253924e-01  -1.1813893e-02   3.3005583e-02  -1.5236104e-02   1.7976114e-02   8.7080932e-02   4.6114853e-02  -8.9450751e-02   9.3624309e-02  -5.2736617e-02   3.2617693e-02   1.2853172e-01   1.0605776e-01  -1.2041835e-02   1.0834886e-01   4.8750797e-02   8.2597932e-02  -8.0172900e-02  -5.6340761e-03   3.3732146e-02   7.0046249e-02   2.1931851e-01   2.1011102e-02   5.3823109e-02   5.4236855e-02  -1.0731468e-01   8.8363634e-02  -4.1474819e-02   1.0343098e-01   5.3816251e-02  -2.7862489e-02   7.4325030e-02   1.2589383e-01   6.1239523e-03   3.5178610e-02   4.1964006e-02  -1.0326836e-01  -1.1423197e-01   6.5902202e-02   0.0000000e+00  -8.4079451e-02   1.4759933e-01  -9.0397406e-02  -1.1244273e-01   1.0509295e-02  -4.1045994e-02  -4.2245704e-02  -5.6305044e-02   8.6479877e-02  -6.3385658e-02  -4.6899989e-02   1.4223808e-02   1.6707726e-02  -3.9018894e-02  -9.5898943e-02   5.9926226e-03   9.2921901e-02   9.3180448e-02   2.7994384e-02  -2.3833046e-02   2.1806442e-01   5.6770494e-02   9.4121995e-02   4.2616848e-01   5.0411044e-02   1.2607037e-01   1.9528344e-01   7.0659205e-02   1.7417981e-02   1.3050676e-01  -4.1483308e-03   8.7115557e-02   9.8871254e-02   6.1468211e-02   1.0239449e-01   1.2555692e-01   1.6291493e-02   2.0073097e-01   9.7014435e-02   5.0088506e-02  -4.8894227e-02   5.1461502e-02   1.6258178e-01  -2.4107134e-02   2.0081061e-02  -8.9478023e-02   6.7263050e-02   6.0506814e-02   8.6935911e-02  -5.7062295e-02  -3.3755531e-02   9.1406750e-02   9.4707950e-02  -1.0298732e-01  -1.3720533e-01  -2.0232399e-02  -7.7054862e-02  -7.3536070e-02  -3.4512041e-02  -7.5929240e-03  -5.8313561e-02   0.0000000e+00   7.8195211e-03   0.0000000e+00   6.7227537e-02   3.3870807e-02   1.4341138e-01
   0.0000000e+00   0.0000000e+00   0.0000000e+00   0.0000000e+00   0.0000000e+00   0.0000000e+00   0.0000000e+00   0.0000000e+00   0.0000000e+00   0.0000000e+00   0.0000000e+00   0.0000000e+00   0.0000000e+00   0.0000000e+00   0.0000000e+00   0.0000000e+00   0.0000000e+00   0.0000000e+00   0.0000000e+00   0.0000000e+00   0.0000000e+00   0.0000000e+00   0.0000000e+00   0.0000000e+00   0.0000000e+00   0.0000000e+00   0.0000000e+00   0.0000000e+00   0.0000000e+00   0.0000000e+00   0.0000000e+00   0.0000000e+00   0.0000000e+00   0.0000000e+00   0.0000000e+00   0.0000000e+00   0.0000000e+00   0.0000000e+00   0.0000000e+00   0.0000000e+00   0.0000000e+00   0.0000000e+00   0.0000000e+00   0.0000000e+00   0.0000000e+00   0.0000000e+00   0.0000000e+00   0.0000000e+00   0.0000000e+00   0.0000000e+00   0.0000000e+00   0.0000000e+00   0.0000000e+00   0.0000000e+00   0.0000000e+00   0.0000000e+00   0.0000000e+00   0.0000000e+00   0.0000000e+00   0.0000000e+00   0.0000000e+00   0.0000000e+00   0.0000000e+00   0.0000000e+00   0.0000000e+00   0.0000000e+00   0.0000000e+00   0.0000000e+00   0.0000000e+00   0.0000000e+00   0.0000000e+00   0.0000000e+00   0.0000000e+00   0.0000000e+00   0.0000000e+00   0.0000000e+00   0.0000000e+00   0.0000000e+00   0.0000000e+00   0.0000000e+00   0.0000000e+00   0.0000000e+00   0.0000000e+00   0.0000000e+00   0.0000000e+00   0.0000000e+00   0.0000000e+00   0.0000000e+00   0.0000000e+00   0.0000000e+00   0.0000000e+00   0.0000000e+00   0.0000000e+00   0.0000000e+00   0.0000000e+00   0.0000000e+00   0.0000000e+00   0.0000000e+00   0.0000000e+00   0.0000000e+00   0.0000000e+00   0.0000000e+00   0.0000000e+00   0.0000000e+00   0.0000000e+00   0.0000000e+00   0.0000000e+00   0.0000000e+00   0.0000000e+00   0.0000000e+00   0.0000000e+00   0.0000000e+00   0.0000000e+00   0.0000000e+00   0.0000000e+00   0.0000000e+00   0.0000000e+00   0.0000000e+00
   2.5933214e-01   0.0000000e+00   0.0000000e+00   1.0696488e-01   3.2548975e-01   0.0000000e+00   2.3421579e-01   2.4904852e-02   8.8573943e-02   1.3797647e-01   2.7900608e-01   1.3459426e-01   1.0035622e-01   6.4026548e-02   1.2454271e-01   1.6173479e-01   1.6752049e-01   1.9082051e-01  -1.5714315e-02   2.2229871e-01   8.6553511e-02   1.7880069e-01   1.7097345e-01   1.1954099e-01   1.4384625e-01   1.4675280e-01   1.2783886e-01   2.5723436e-01  -1.0580832e-01  -1.6903950e-02   1.2666965e-01   1.2094661e-01   2.5333156e-01   4.9166745e-02   1.1350527e-01   1.9230576e-01   3.9809778e-02   6.8089977e-02   3.8693676e-02   1.3987188e-01   1.9166600e-02   5.5415188e-02   1.7688259e-02   7.2553717e-02  -8.6784565e-02   4.4429547e-02   2.1211350e-01   7.3744532e-02   4.1643701e-02   2.6587809e-01   0.0000000e+00  -3.0489152e-02   1.2012090e-02   7.2715963e-02  -1.3242790e-02   6.5524462e-02   8.7102869e-02  -1.9038979e-02  -1.5311386e-01   2.0312071e-01   2.2331127e-02   1.5481764e-02   2.8988451e-02  -5.4772714e-04  -4.2879484e-02   5.7791968e-02  -2.2839025e-02   1.8838577e-01  -2.2527066e-02   7.9821392e-02   2.5805509e-02   1.1389951e-01   1.0660301e-01   9.6077004e-02   2.7409226e-01  -4.8012256e-03   3.5421514e-02   4.1408630e-03   1.5630498e-01   5.8059503e-02   2.0909340e-01   7.9432387e-02   3.0142714e-01   1.4598794e-01   1.8207045e-01   2.4496519e-02   1.0786914e-01   7.9110862e-02   2.6166471e-01   1.2231294e-01  -7.1864819e-02  -5.7811676e-03   7.1380937e-02   2.0741001e-01  -3.7608730e-02  -3.2127919e-02  -8.2985196e-02  -2.2749657e-02   6.3149417e-02   9.2479648e-02  -9.2288261e-02   1.6159069e-02  -1.0554470e-01   8.0586161e-02  -9.6314957e-02  -2.7072128e-02  -2.9761532e-02   8.3415747e-03   7.8531705e-02  -1.5722504e-02  -1.5597633e-03   9.2707349e-02   0.0000000e+00   1.2414518e-01   0.0000000e+00  -2.8213314e-02   4.3125946e-02   2.3051066e-02
   1.0829025e-02   0.0000000e+00   1.0696488e-01   0.0000000e+00   2.0125709e-02   0.0000000e+00   1.2935164e-01   3.1322566e-02   1.0957270e-01   2.6973331e-01   8.7242358e-02   1.5723576e-01   1.8766049e-01   2.2420949e-01   2.0041715e-01   2.8057262e-01   1.0476383e-01   1.0587089e-01   1.9889876e-01   2.9576027e-01   1.8714247e-01   2.8119576e-01   3.9632696e-01   2.6452521e-01   1.0989497e-01   6.9078616e-02   3.5295661e-02   2.2896536e-01   4.7321878e-02   1.1455050e-01   2.2830141e-02   2.3098024e-01   1.7358368e-01   8.1668854e-02   2.2196043e-01   2.4667498e-01   3.7146493e-02   2.0366290e-01   8.1314902e-02   1.7848755e-01   2.0220139e-01   1.4711576e-01   4.7914700e-02   1.6893638e-02  -7.0457845e-02   1.3625091e-01   1.0897857e-01   2.0082870e-01  -2.9941313e-02   1.1012236e-01   0.0000000e+00  -6.7820463e-02   4.7487541e-02   1.6315863e-01   1.0009726e-01   1.8324011e-01   1.7612136e-01   5.3594452e-02   7.5468033e-02   6.3750515e-02   4.1443243e-02  -4.7000869e-02   1.3494707e-01  -7.3159447e-02  -5.4506351e-03  -3.8830517e-02   4.6486331e-02   1.1298790e-01  -3.3286359e-02  -6.6707036e-02   7.2105710e-02   8.7948969e-02   1.2421177e-02  -1.5741776e-01  -7.6183062e-02   1.3923604e-01   3.9619045e-02  -3.2673116e-03  -2.3539666e-02   2.6823809e-02   3.5585658e-02   1.3855668e-01   2.7963849e-01   4.3110555e-02   1.7645638e-02   6.7326767e-02   1.3751795e-01   2.9076909e-02   1.5178859e-01   1.9600063e-01   4.9185049e-02  -1.2089961e-01  -2.0866985e-02   8.8935799e-02   1.6369639e-01   1.3391639e-01  -2.5611214e-02   7.9090359e-02   2.9704415e-02   4.0844206e-02  -1.0334587e-02   2.1674944e-03  -4.5478930e-02  -2.8994926e-02   3.1095032e-02  -9.4223590e-02   1.5072126e-01   4.2021046e-03   4.1440765e-02  -1.8942964e-02  -4.0380931e-02   1.5697612e-01   0.0000000e+00   1.4221680e-01   0.0000000e+00   8.4500481e-02  -1.1806165e-02   1.0653945e-01
   1.8648112e-01   0.0000000e+00   3.2548975e-01   2.0125709e-02   0.0000000e+00   0.0000000e+00   1.4033000e-01   4.3929991e-03   8.6899472e-02   1.3261791e-02   1.5623667e-01   2.8382207e-02   1.4669166e-01   4.8578835e-02   1.2995803e-01   1.1641066e-01   1.7267483e-01   2.0036155e-01   5.3850238e-02   1.2508926e-01   7.9219175e-02   1.3392952e-01   5.7226879e-02   2.1194923e-02   1.3327003e-01   1.1673603e-01   1.9709797e-01   1.3672156e-01   5.3418601e-02   1.0050890e-01   6.3906440e-02   8.6650187e-02   2.0375616e-01   1.4260759e-01   1.1861992e-01   1.7326374e-01   1.2192600e-01   1.2439168e-01   2.2990444e-01   1.1332055e-01   7.9907711e-02   1.1411271e-01  -1.3426582e-02   9.7647766e-02   5.6119626e-02   7.3430116e-02   3.7003780e-01   1.3446287e-01   2.8520564e-02   2.1234955e-01   0.0000000e+00   1.9240953e-01   1.2355872e-02   1.3610229e-01   1.9202889e-01   1.0519810e-01   1.2253146e-01  -2.8765044e-02  -5.7626690e-02   7.4498129e-02   3.8810926e-02   6.1491408e-02   6.6638288e-02   5.5110931e-02  -3.6027882e-02   1.4009776e-01   2.6238519e-02  -3.1285049e-02   3.1184047e-02   1.1886443e-01   1.1738234e-01   1.4524378e-01   1.9451638e-02   1.9362790e-01   2.8076103e-01   1.9955809e-02   1.3012070e-01   7.8848469e-02   1.2445889e-01  -4.2124896e-03   1.0239559e-01   2.4521985e-02   1.0214646e-01   6.8565274e-02   1.2643343e-01   9.9154854e-02   6.3832962e-02   1.2265677e-02   1.0440477e-01   1.9143940e-02  -5.9954897e-03   1.3808068e-01   2.2327550e-01   8.7473038e-02   3.2770377e-02   7.2375140e-02   1.2075638e-02   1.0342369e-01   2.1980145e-03   1.5808762e-01   4.8148299e-03   1.2691056e-01   4.6693357e-02   4.4522048e-02   1.4920980e-02   1.2568671e-01   1.1828587e-01   1.2545037e-01   1.2938724e-01   7.3354846e-02  -4.1835907e-03  -2.1045259e-02   0.0000000e+00   1.9182027e-01   0.0000000e+00   7.1873294e-04   6.3355734e-03  -4.9428205e-02
   0.0000000e+00   0.0000000e+00   0.0000000e+00   0.0000000e+00   0.0000000e+00   0.0000000e+00   0.0000000e+00   0.0000000e+00   0.0000000e+00   0.0000000e+00   0.0000000e+00   0.0000000e+00   0.0000000e+00   0.0000000e+00   0.0000000e+00   0.0000000e+00   0.0000000e+00   0.0000000e+00   0.0000000e+00   0.0000000e+00   0.0000000e+00   0.0000000e+00   0.0000000e+00   0.0000000e+00   0.0000000e+00   0.0000000e+00   0.0000000e+00   0.0000000e+00   0.0000000e+00   0.0000000e+00   0.0000000e+00   0.0000000e+00   0.0000000e+00   0.0000000e+00   0.0000000e+00   0.0000000e+00   0.0000000e+00   0.0000000e+00   0.0000000e+00   0.0000000e+00   0.0000000e+00   0.0000000e+00   0.0000000e+00   0.0000000e+00   0.0000000e+00   0.0000000e+00   0.0000000e+00   0.0000000e+00   0.0000000e+00   0.0000000e+00   0.0000000e+00   0.0000000e+00   0.0000000e+00   0.0000000e+00   0.0000000e+00   0.0000000e+00   0.0000000e+00   0.0000000e+00   0.0000000e+00   0.0000000e+00   0.0000000e+00   0.0000000e+00   0.0000000e+00   0.0000000e+00   0.0000000e+00   0.0000000e+00   0.0000000e+00   0.0000000e+00   0.0000000e+00   0.0000000e+00   0.0000000e+00   0.0000000e+00   0.0000000e+00   0.0000000e+00   0.0000000e+00   0.0000000e+00   0.0000000e+00   0.0000000e+00   0.0000000e+00   0.0000000e+00   0.0000000e+00   0.0000000e+00   0.0000000e+00   0.0000000e+00   0.0000000e+00   0.0000000e+00   0.0000000e+00   0.0000000e+00   0.0000000e+00   0.0000000e+00   0.0000000e+00   0.0000000e+00   0.0000000e+00   0.0000000e+00   0.0000000e+00   0.0000000e+00   0.0000000e+00   0.0000000e+00   0.0000000e+00   0.0000000e+00   0.0000000e+00   0.0000000e+00   0.0000000e+00   0.0000000e+00   0.0000000e+00   0.0000000e+00   0.0000000e+00   0.0000000e+00   0.0000000e+00   0.0000000e+00   0.0000000e+00   0.0000000e+00   0.0000000e+00   0.0000000e+00   0.0000000e+00   0.0000000e+00   0.0000000e+00   0.0000000e+00
   2.6956781e-01   0.0000000e+00   2.3421579e-01   1.2935164e-01   1.4033000e-01   0.0000000e+00   0.0000000e+00   1.3848057e-01   1.7232737e-01   1.4628352e-01   2.8110958e-01   7.1162430e-02   1.3178559e-01   1.3145207e-01   1.9553534e-01   1.8038872e-01   1.2591890e-01   1.6305271e-01   2.0119826e-01   1.8883488e-01   9.3147294e-02   1.8244964e-01   2.6683834e-01   1.5759639e-01   2.0659089e-01   1.5926206e-01   1.7055510e-01   2.3389471e-01  -7.1911590e-02   8.6903060e-02  -3.5712218e-03   2.0501104e-01   3.5276780e-01   1.2957928e-01   2.1452480e-01   2.0949332e-01   1.0254540e-01   2.6883318e-01   2.3871482e-01   2.7265001e-01   2.3600717e-01   1.7049081e-01   9.0672873e-02   1.6133728e-01   6.3662147e-02  -4.2038550e-03   1.5742420e-01   1.0636243e-01   1.9254306e-02   1.9747337e-01   0.0000000e+00  -2.6808181e-02   1.0520769e-01   1.1057919e-01   3.0877263e-02   5.2528114e-02   1.2242443e-01  -2.5022158e-02   9.3137072e-02   1.4774249e-01   3.4895065e-02   1.7939632e-01   1.4864645e-01  -5.0998031e-02   5.5895716e-02   1.3387246e-01   9.7468038e-02   1.9341485e-01  -4.2561788e-02   1.6486932e-01   3.4711673e-02   6.9903549e-02   2.4645380e-01   1.1912400e-01   9.3474978e-02   8.5878645e-02   9.6273406e-02   9.4212720e-02   2.2065621e-01   6.5649003e-03   1.3659153e-01   4.5836342e-02   1.9222392e-01   4.8640454e-02   2.2340896e-01   5.6856357e-04   1.1353962e-01   5.0211584e-02   1.9576367e-01   5.4526870e-02   3.5302564e-02   1.0683706e-01   1.9244045e-01   2.6742721e-01   2.3374820e-01   9.2499453e-02   1.0182668e-02   1.0998058e-01   6.9853632e-02   1.0903626e-01  -3.6583933e-02   7.9618840e-02   3.1114834e-03   1.0686296e-01  -3.0898260e-02   1.0738316e-02  -1.4285754e-02   3.5791940e-02   1.1340821e-01   7.1774482e-02   4.0352306e-03   5.5465663e-02   0.0000000e+00   2.1225993e-02   0.0000000e+00   8.2930000e-02   1.1911281e-01  -4.2353581e-03
   7.2204757e-02   0.0000000e+00   2.4904852e-02   3.1322566e-02   4.3929991e-03   0.0000000e+00   1.3848057e-01   0.0000000e+00   2.0727090e-01   8.5689992e-03   3.3469303e-02  -3.8704170e-02   2.3495451e-02   2.0490055e-01   2.6120410e-02  -4.6199858e-02   8.1950812e-03  -2.3179744e-02   1.2151869e-01  -1.0112159e-01  -3.1387193e-02  -2.4069959e-02  -1.1309185e-02  -4.2324954e-02   2.9886438e-02   6.9713704e-03  -1.7397341e-02  -1.2412858e-01  -5.1525631e-02   3.1374721e-02  -1.5732620e-01   6.9532343e-02   4.8393740e-02  -4.7133080e-03  -1.9572609e-02  -3.0443404e-02  -2.0110746e-02   4.8519570e-02   1.0785997e-01  -4.2836507e-02   1.1011107e-01   5.0047193e-02   9.5470317e-02   1.2278178e-01   1.0104910e-01  -7.7786838e-02   2.9594186e-02  -1.7596696e-02  -1.7345223e-01   8.2422436e-03   0.0000000e+00   3.9242561e-02   3.3702837e-02   6.5377609e-02   8.2895226e-02  -3.5329865e-02  -8.5922545e-02  -9.5920615e-02   8.1186741e-02  -9.1856758e-02   2.2358503e-02   8.0422126e-02   1.2584549e-01  -9.3655653e-02   3.8775320e-01   3.4489315e-02   2.8847208e-01   3.8807759e-02   9.0439301e-02   1.4716367e-01   1.8006912e-01  -5.1581301e-02   4.8330923e-02   1.5316617e-02   4.8571233e-02   3.9364979e-02   1.2307959e-01   9.6855128e-02   1.4976331e-01  -1.6589464e-01  -1.5884073e-01  -1.0857227e-01  -1.2008162e-01  -3.3653436e-02   9.8912814e-02  -2.5823502e-02  -3.2070650e-02  -7.5086927e-03  -1.3813512e-02  -1.2210249e-01   1.9555166e-01   8.3364706e-02   1.6483854e-01   8.0850452e-02   1.3948430e-01   1.0932048e-01   2.6852421e-01   1.9223215e-01   1.3435998e-01   8.6739239e-02   5.0041255e-02   9.6915040e-02   7.3176836e-02  -1.9439731e-03   1.4083120e-02   6.2849105e-02   3.5309340e-02  -4.2409323e-02  -6.0147278e-02   1.3589484e-01  -4.0517864e-02   8.1340526e-02   0.0000000e+00   1.2676217e-01   0.0000000e+00   2.9002736e-01   2.3514751e-01  -1.8213245e-02
   5.7203218e-03   0.0000000e+00   8.8573943e-02   1.0957270e-01   8.6899472e-02   0.0000000e+00   1.7232737e-01   2.0727090e-01   0.0000000e+00   6.7349680e-02   5.9762542e-02  -1.1831837e-01   2.1960837e-02   1.3524984e-01   1.1534784e-01   1.0980693e-02   3.7316886e-02   2.1453952e-02   1.2173703e-01  -1.1588233e-01  -5.2397901e-02   2.4996049e-02   6.8863964e-02  -4.7378181e-02   4.7206446e-02  -4.4037798e-02  -3.5562008e-02  -6.3197231e-02  -9.3137305e-02  -1.2776191e-01  -1.7483795e-01   1.1380787e-01  -8.4479068e-02  -3.6643715e-02  -6.0294784e-03  -7.6120837e-02  -6.0481735e-02   1.4788404e-02   1.4870274e-01   9.0423297e-02   5.2431881e-02   5.4712008e-02   6.0727878e-02   1.4850799e-01   7.7190959e-02  -3.0097057e-02   2.8145881e-02   3.0882610e-02   4.0296503e-03   1.2544666e-02   0.0000000e+00  -3.8493706e-02   6.4176950e-02   1.2416559e-01   5.0716818e-02   6.5926504e-02   4.1162626e-03   3.7789925e-02  -6.5841856e-02  -7.4895991e-02   2.5738326e-02   1.1365698e-01   2.2188098e-01  -6.4624554e-02   3.0512953e-01  -9.4509948e-03   1.7264608e-01   5.3326314e-02  -2.3350642e-02  -7.4097433e-02  -3.9080387e-02  -4.2397010e-02   9.2640629e-02  -2.8082052e-02   5.4716291e-03  -1.0170504e-02   8.9818033e-02   4.8855538e-02  -1.8564105e-02   4.0563332e-02  -2.3617632e-03  -5.9428240e-02  -7.1036362e-03  -1.4822953e-01   5.1928723e-02   6.7305793e-03   2.8742774e-02   4.8928708e-02   8.9405977e-03   5.5759646e-04   2.5880251e-01   6.0069624e-02   1.3471204e-01  -2.3597807e-04   2.0414256e-01   2.5893466e-01   3.8339980e-01   2.6540828e-01   1.3744208e-01   1.0790266e-01   1.5471045e-01   1.2262662e-01   4.7728476e-02   3.8046188e-02   2.5749762e-01   1.4765504e-01   2.3177229e-01  -9.9526328e-03   1.0420542e-01   7.0326671e-02   2.1740078e-01   1.2137572e-01   0.0000000e+00   2.6109975e-01   0.0000000e+00   1.8432094e-01   4.2234684e-02  -3.5701033e-02
  -2.8282265e-03   0.0000000e+00   1.3797647e-01   2.6973331e-01   1.3261791e-02   0.0000000e+00   1.4628352e-01   8.5689992e-03   6.7349680e-02   0.0000000e+00   1.6316502e-01   1.7365520e-01   4.2673164e-01   3.0557681e-01   2.7709131e-01   4.3096885e-01   1.6193845e-01   1.5056223e-01   1.2713548e-01   3.3355656e-01   4.7290208e-01   4.9049261e-01   3.5867832e-01   3.2382122e-01   3.9715966e-01   1.2324418e-01  -1.5708378e-02   3.1207059e-01   1.7764071e-01   8.8664469e-02   9.0865683e-02   2.9279373e-01   3.0158429e-01   3.0241949e-01   4.4351897e-01   4.9307306e-01   3.9209645e-01   1.7464789e-01   2.3637376e-01   4.2078986e-01   1.6146164e-01   2.6074851e-01  -1.2635701e-01   9.8865799e-02  -4.9170020e-02  -5.6167237e-02   1.9856682e-01   3.2802453e-01   1.5714482e-02   1.9864580e-01   0.0000000e+00   9.8881620e-03  -9.9617318e-02   2.0070456e-01   1.3901516e-01   3.2124037e-01   2.7627306e-01  -4.6497055e-02   2.1908108e-01   1.1316282e-01   3.9902682e-02   7.2766485e-03   1.9095618e-01   1.8761036e-02  -5.5660145e-02  -4.0729488e-02   5.9630126e-03  -5.5834998e-02  -2.4568995e-01  -6.0371600e-02  -1.0504587e-01   1.7767177e-02   1.6599959e-01  -2.9487569e-01  -1.1370474e-01  -2.3619886e-02  -1.6786675e-01  -1.4226751e-01  -2.6757705e-02  -7.0463563e-02   3.4550974e-03   1.0672405e-02   2.3228270e-01  -5.6218545e-02   3.2724998e-02  -1.2491021e-01  -9.5948742e-02   8.2162865e-02  -1.1080491e-01   7.8465573e-03  -2.2656487e-01  -1.2185974e-01  -8.4125568e-02   1.1931878e-02   4.9088214e-02  -5.6446847e-02  -6.9315256e-02  -9.4153777e-02  -2.0190363e-01  -6.6843405e-02  -2.0115004e-01  -5.5165759e-02  -2.6431709e-01  -2.1206362e-02  -1.9782911e-02  -3.6035875e-02   7.0020434e-02   3.9667634e-02   3.4769500e-02  -2.2058866e-01  -5.5548076e-02   9.4530107e-02   0.0000000e+00   3.5111758e-02   0.0000000e+00   4.3278375e-02   5.6367516e-02  -1.2698260e-01
   2.0863443e-01   0.0000000e+00   2.7900608e-01   8.7242358e-02   1.5623667e-01   0.0000000e+00   2.8110958e-01   3.3469303e-02   5.9762542e-02   1.6316502e-01   0.0000000e+00   9.4357603e-02   1.8742169e-01   8.9734750e-02   1.1011361e-01   1.9243729e-01   1.2624791e-01   8.5438622e-02   8.6824834e-03   2.4015254e-01   1.9005503e-01   2.4051939e-01   3.2892778e-01   2.4522589e-01   2.7191349e-01   1.8943193e-01  -4.4769978e-02   2.8628703e-01  -5.9354850e-02   8.3568880e-02   2.0751841e-02   3.8070389e-01   2.1319758e-01   1.1377483e-01   3.2022486e-01   2.1908775e-01   6.2511574e-02   3.2432678e-01   2.3111816e-01   4.2574489e-01   3.6265725e-01   1.3414581e-01  -5.8764295e-02   1.1494002e-01   8.0788779e-02  -5.5426341e-02   1.4084971e-01   1.9708514e-01   6.3637838e-03   2.9550495e-02   0.0000000e+00  -4.3229131e-02   6.8730104e-02   1.7639484e-01   4.2194124e-02   1.6275089e-01   6.9138419e-02   3.4363709e-02   4.8390207e-03   1.2774114e-01   5.1265427e-02   4.4890462e-02   2.1760615e-01  -1.4033388e-01   2.2307229e-02  -1.2684547e-01   1.0953181e-01   9.6687828e-02  -1.4342435e-01  -5.7054429e-02   2.3159323e-02   4.7274315e-02  -6.8774917e-03   9.7712569e-02   2.0787222e-01   4.8628696e-02  -1.7017647e-02   3.5004291e-02   7.8499813e-03   1.1258045e-02   8.1718012e-02   5.5633056e-02   2.1609072e-01  -3.4811628e-02   1.4025418e-01   6.1362693e-02   1.8271627e-03   5.9882816e-02   1.2362232e-01   1.0005453e-01  -4.5924595e-02  -1.0958429e-01   7.6143259e-02   3.4713101e-02   7.9262902e-02   1.3552621e-01  -8.0937773e-02   2.2768268e-02   3.6049079e-02   7.5137575e-02  -3.2590558e-02   7.5724458e-02  -5.5205425e-02   4.9142249e-02  -3.3237583e-02  -2.7047209e-02  -3.0467004e-02  -6.4499219e-02   9.9008837e-02  -1.1009575e-01   1.5104325e-02   5.0885632e-03   0.0000000e+00   4.6165402e-02   0.0000000e+00   5.7450036e-02   7.2848878e-03  -4.0386304e-02
  -1.0253924e-01   0.0000000e+00   1.3459426e-01   1.5723576e-01   2.8382207e-02   0.0000000e+00   7.1162430e-02  -3.8704170e-02  -1.1831837e-01   1.7365520e-01   9.4357603e-02   0.0000000e+00   1.8119315e-01   3.1286725e-02   8.5253219e-02   2.1020013e-01   1.5240085e-01   1.4556304e-01   3.9059916e-03   2.7072422e-01   1.9531831e-01   1.2751106e-01   1.5878179e-01   1.4590854e-01   8.5205526e-02   2.1666410e-02  -1.5026429e-03   2.5855486e-01   2.0476760e-02   3.7564361e-02   2.1360645e-01   8.5340182e-02   1.0101771e-01   5.2042984e-02   1.4124866e-01   1.4756747e-01   1.3062975e-02   7.4676966e-02  -1.0867299e-01   6.1135662e-02   1.1418449e-02  -2.6818305e-02   5.2328695e-02  -1.2738821e-01  -1.4375065e-01   5.6933923e-02   8.0842324e-02   1.6928976e-01   5.9321444e-02   7.6416291e-02   0.0000000e+00  -1.6716262e-01  -1.9513982e-01   4.7883431e-02   5.5115721e-02   1.5166367e-01   9.9077625e-02   4.1686098e-02   8.9508417e-02   8.9936042e-02  -9.2767372e-03  -1.6494882e-01  -3.6742052e-02  -3.3077707e-02  -1.7828390e-01   3.4175563e-02  -7.2095088e-02   7.1266298e-02  -1.0155422e-01  -8.0226411e-02  -3.2504919e-02   1.4375922e-02   3.5441157e-02   4.2441893e-02  -7.6014068e-02  -6.1743756e-02  -9.1659973e-02  -9.6563832e-02  -3.3306294e-02  -4.2312994e-02  -8.6396388e-03   1.6760653e-02   1.7613421e-01   1.4947778e-01  -7.8936719e-03  -1.4117770e-03   1.7557687e-01  -2.3804003e-02   1.8994285e-01   1.5655931e-01  -1.7192502e-01  -1.8865857e-01  -1.4174607e-01   3.0421265e-02  -7.0724955e-02  -5.7167744e-02  -2.9579108e-01  -2.2236261e-01  -1.1886752e-01   2.2537270e-03  -1.9261148e-01  -2.2886888e-01  -1.1287997e-01  -9.7650382e-02  -1.7173485e-01  -1.3418765e-01  -4.4876266e-02   9.3117976e-03  -1.7709925e-03  -5.1783447e-02  -6.9818689e-02  -7.0254074e-02   0.0000000e+00  -8.4719129e-02   0.0000000e+00  -1.1023307e-02  -5.0720564e-02  -4.7794445e-02
  -1.1813893e-02   0.0000000e+00   1.0035622e-01   1.8766049e-01   1.4669166e-01   0.0000000e+00   1.3178559e-01   2.3495451e-02   2.1960837e-02   4.2673164e-01   1.8742169e-01   1.8119315e-01   0.0000000e+00   3.1999310e-01   3.6483214e-01   3.9319592e-01   1.8869540e-01   2.7866975e-01   1.6731681e-01   5.7071079e-01   5.6177662e-01   5.9399156e-01   3.7193471e-01   4.2615432e-01   4.1881983e-01   3.6749831e-01   1.4703303e-01   3.1637159e-01   2.9175664e-01   2.0798469e-01   2.5667448e-01   2.0692155e-01   3.3646167e-01   4.1372100e-01   5.5621638e-01   4.1677830e-01   3.2371351e-01   2.2714990e-01   2.3719145e-01   3.2578214e-01   1.5359550e-01   2.5720876e-01   8.8107295e-03   8.9217008e-02   1.9581304e-01   1.9260004e-01   2.6923546e-01   6.4970285e-01   3.6752685e-01   1.7561840e-01   0.0000000e+00   1.2003660e-01  -1.1878238e-01   3.4267129e-01   2.7371291e-01   5.2229225e-01   3.7981879e-01   8.1141426e-02   2.5913607e-01   2.4072088e-01   2.0697990e-01   1.0204058e-01   2.3968797e-01   2.1316810e-01   4.5058814e-03   1.1761522e-01   2.4085534e-01   2.8901463e-02   3.6429260e-02   1.9402292e-01   3.1122024e-02   4.3961374e-03  -3.7379794e-02  -4.8878998e-02  -6.1128710e-02   5.5543890e-02  -7.4924151e-02  -6.4766788e-02   1.2350841e-01  -3.0879727e-02   9.2832477e-02   4.7128071e-02   2.9703111e-01   2.0163658e-01   1.2866165e-01  -1.4224441e-01   1.3960405e-01   6.8877966e-02   1.3593418e-01   1.5146848e-01  -1.1144820e-01   9.1860957e-02  -1.6976193e-02   7.6429245e-02   1.0130433e-01  -2.7107539e-03  -5.7313192e-02  -1.8575130e-02  -1.2506755e-01   5.4259077e-02  -1.3490923e-01  -2.0253366e-02  -3.0273507e-01   7.2531870e-02   1.0910457e-01   3.8548164e-01   1.5855120e-01   2.3398385e-01   3.1707732e-01   4.2197898e-02   1.2978930e-01   3.1569767e-02   0.0000000e+00   1.1700367e-01   0.0000000e+00   6.5009399e-02   8.7543621e-02  -8.4412236e-02
   3.3005583e-02   0.0000000e+00   6.4026548e-02   2.2420949e-01   4.8578835e-02   0.0000000e+00   1.3145207e-01   2.0490055e-01   1.3524984e-01   3.0557681e-01   8.9734750e-02   3.1286725e-02   3.1999310e-01   0.0000000e+00   1.5129229e-01   1.5510588e-01   7.4431152e-02   2.3100233e-02   6.3836949e-02   1.6037255e-01   1.9113967e-01   2.2866405e-01   3.0022942e-01   1.2585048e-01   2.3291245e-01   1.5611457e-01  -6.0029087e-02   9.3118457e-02  -6.9777219e-02   6.9587571e-03  -1.5405093e-01   3.4153549e-01   7.0405993e-02   1.4452542e-01   1.6382552e-01   1.6694534e-01   1.7463570e-01   1.7829720e-01   1.9735656e-01   1.8856489e-01   1.8324415e-01   8.2454454e-02  -1.4354841e-01   2.6634970e-02   5.8993994e-02  -1.0330617e-01   6.7632391e-02   1.4246406e-01  -1.1406307e-01   8.4315918e-02   0.0000000e+00   3.2740667e-02  -1.4501091e-01   2.2629951e-01   1.4747955e-01   2.0735191e-01   1.8367147e-01  -2.2408496e-01   1.0573570e-01  -1.6496175e-01   1.4190300e-01   1.1324333e-01   6.3360876e-01  -8.9780099e-02   1.9927204e-01  -3.6371143e-02   1.1182844e-01  -1.0371335e-01  -1.7769781e-01   9.9845831e-02   2.8031042e-01  -1.1255294e-01   2.3515440e-02  -1.3023515e-01   2.9390692e-02   5.7410407e-02  -8.9275674e-02  -9.4601727e-02   1.5011562e-01  -2.2107082e-01  -1.9702432e-01  -2.1973971e-02   1.2436486e-01  -1.4056966e-01   2.4656544e-02  -2.4981120e-01  -1.0724380e-01   3.6656817e-02  -6.0066116e-02  -2.4181538e-01  -1.5945789e-01   6.1389510e-02   1.0419938e-01  -5.5380492e-03   4.9377070e-02   6.2596530e-02   3.2997332e-02   1.9100702e-02  -1.4613638e-01   4.8320097e-02  -1.0199127e-01   5.2528720e-03  -2.2184197e-01  -5.3272335e-02   1.1881302e-01   2.8943051e-02   9.7412720e-02   2.2014175e-02   6.2559097e-02   1.4701142e-02  -1.8803761e-01   7.4220581e-02   0.0000000e+00   8.0122653e-02   0.0000000e+00   1.9328066e-01   3.1543973e-01   2.1338305e-02
  -1.5236104e-02   0.0000000e+00   1.2454271e-01   2.0041715e-01   1.2995803e-01   0.0000000e+00   1.9553534e-01   2.6120410e-02   1.1534784e-01   2.7709131e-01   1.1011361e-01   8.5253219e-02   3.6483214e-01   1.5129229e-01   0.0000000e+00   4.6887805e-01   1.3266424e-01   2.9207591e-01   2.9395426e-01   2.9713176e-01   3.5653805e-01   3.2839248e-01   2.3170356e-01   2.4740045e-01   2.2457464e-01   1.4917343e-01   1.2070896e-01   2.2736324e-01   2.6001943e-01   1.0348783e-01   1.2802696e-01   1.0656761e-01   3.0369811e-01   4.9705863e-01   3.5101355e-01   4.3451129e-01   4.1697752e-01   2.6658937e-01   3.5304256e-01   2.8646229e-01   1.2988130e-01   2.8979559e-01  -3.5916901e-02   1.3780693e-01   1.1782409e-01   1.0014211e-01   3.3445973e-01   4.7444614e-01   1.0366204e-01   1.3517145e-01   0.0000000e+00   1.4688975e-01  -1.5788727e-03   2.6357574e-01   4.2932698e-01   4.5467262e-01   3.0596529e-01   1.1895939e-02   2.1283580e-01   1.0188494e-01   9.4637470e-03   5.9915625e-03   2.6212132e-02   1.8902318e-01   2.5454644e-03   2.0628284e-01  -4.5935224e-02  -7.4091711e-02  -1.0528853e-01   3.4928504e-02  -6.7437812e-02  -4.4331315e-02  -1.3391548e-01  -1.2570502e-02   5.1545246e-02   1.9006611e-02  -2.2259707e-02  -7.1309191e-02  -3.9951947e-02  -9.3610399e-02  -1.9674616e-02  -3.0465928e-02   8.7702075e-02   1.6778387e-02   3.2828236e-02  -3.7485833e-02   6.3286190e-02  -2.2586879e-02   3.9046385e-02   5.3077310e-02  -7.4258793e-02   6.8708309e-03   1.7367097e-02  -3.6680248e-04   1.2619309e-01   1.2821485e-01   3.6819839e-02   3.1190751e-02  -5.7868367e-02   5.6894278e-02  -7.5097440e-02   3.4033851e-03  -1.3593819e-01  -3.1757736e-02   1.7788480e-02   1.3610774e-01   1.2968452e-01   2.1229374e-01   6.6176175e-02   4.6164434e-02   6.2243060e-02   2.1308582e-01   0.0000000e+00   2.9826762e-01   0.0000000e+00  -1.3692057e-02  -4.7265568e-02  -1.5599622e-01
   1.7976114e-02   0.0000000e+00   1.6173479e-01   2.8057262e-01   1.1641066e-01   0.0000000e+00   1.8038872e-01  -4.6199858e-02   1.0980693e-02   4.3096885e-01   1.9243729e-01   2.1020013e-01   3.9319592e-01   1.5510588e-01   4.6887805e-01   0.0000000e+00   1.4803920e-01   2.4161913e-01   2.0947487e-01   4.9558086e-01   4.1050675e-01   4.1457610e-01   3.5293184e-01   4.2350284e-01   2.8644605e-01   2.0983978e-01   1.6693040e-01   3.9169594e-01   1.8184385e-01   1.8489422e-01   2.0474012e-01   1.7895168e-01   5.0514452e-01   2.9664638e-01   3.9181183e-01   5.8049662e-01   3.5178826e-01   2.8096331e-01   1.9026195e-01   3.5454941e-01   1.6823774e-01   1.9209874e-01  -7.9743183e-02   5.7692246e-02   1.9430332e-02   7.0081731e-02   3.1977046e-01   4.3624868e-01   8.8338677e-02   2.1030091e-01   0.0000000e+00  -3.9957101e-02  -5.3962028e-03   3.0193551e-01   4.6243405e-01   4.8159438e-01   3.5907631e-01   6.4609710e-02   2.5071629e-01   2.3518177e-01  -2.0467087e-02  -6.6539153e-02   5.3943609e-02   1.0522357e-01  -1.5960170e-01   7.3316330e-02  -4.0834145e-02   8.9887914e-03  -9.5669736e-02   2.7566076e-02  -1.1039404e-01   4.9136152e-02  -5.8597096e-02  -3.8618842e-02  -2.9305896e-02   1.0813547e-01  -1.1992990e-01  -7.4307417e-02  -5.7517354e-02  -1.2620630e-02   9.1722845e-02   2.9342297e-02   2.9485444e-01   8.4986307e-02   4.0576970e-02  -1.0502847e-01   1.1001912e-01   6.8184861e-02   1.6293438e-01   1.0590386e-01  -2.3357894e-01  -8.0601522e-02  -8.7542590e-02   4.4045636e-02   1.1239781e-01  -3.9356145e-02  -1.7744348e-01  -1.2771073e-01  -1.9303453e-01   1.0046160e-02  -1.7368775e-01  -1.6371939e-01  -2.8659701e-01  -1.5447438e-02  -4.2465983e-02   2.6039581e-02   1.4384902e-01   1.6085655e-01   1.6778963e-01  -3.3287862e-02  -1.8841949e-02   8.7992302e-02   0.0000000e+00   6.3621873e-02   0.0000000e+00   5.4026961e-02  -9.0268190e-03  -4.9069856e-02
   8.7080932e-02   0.0000000e+00   1.6752049e-01   1.0476383e-01   1.7267483e-01   0.0000000e+00   1.2591890e-01   8.1950812e-03   3.7316886e-02   1.6193845e-01   1.2624791e-01   1.5240085e-01   1.8869540e-01   7.4431152e-02   1.3266424e-01   1.4803920e-01   0.0000000e+00   2.9460694e-01   3.6664341e-02   1.7431455e-01   1.0478804e-01   1.6203635e-01   4.6395967e-02   4.8936285e-02   1.1684356e-01   1.4355295e-01   2.0179618e-01   1.5213780e-01   1.2538424e-01   7.7016705e-02   2.5293348e-01   1.8303572e-02   2.3388675e-01   2.2145289e-01   1.1823530e-01   2.7093992e-01   2.5282068e-01   1.0314052e-01   1.1564311e-01   8.3664920e-02   1.0914145e-02   1.7195953e-01   1.2137725e-02   1.0040625e-01   2.3501420e-02   1.1612633e-01   2.1753672e-01   1.9982706e-01   1.0266028e-01   2.8479756e-01   0.0000000e+00   8.9385549e-02  -8.3085057e-02   1.2795237e-01   1.3880593e-01   1.3498619e-01   2.1830470e-01  -4.8663843e-03   6.0034871e-02   2.3002216e-01   2.0179938e-02  -7.6974504e-03   6.4405936e-02   1.6140066e-01  -1.4967329e-01   1.2259416e-01  -1.0860443e-01  -1.1669375e-03   3.2617886e-02   1.6649065e-01  -7.1596984e-02   3.8670434e-02   1.3221103e-02   7.2377638e-02   5.7247137e-02  -3.2132024e-03   4.7268912e-02   1.6891197e-02   1.1257368e-01  -1.8676832e-02   1.1882367e-01  -8.2428484e-02   1.2384119e-01   2.1123409e-01   1.1679531e-01   1.0892227e-02   9.8228674e-02   9.6946129e-02   1.2493362e-01   1.7145649e-02  -1.5376965e-01   1.2016482e-01   5.5033290e-02   4.8474013e-02   6.6609351e-02  -3.3956593e-03  -8.3939800e-02  -6.2524887e-02  -1.6388342e-01  -2.2540919e-02  -1.4248555e-01  -6.7148148e-02  -8.7757793e-02  -3.7021914e-03   3.6644575e-02   1.1401849e-01   1.1047567e-01   1.9062437e-01   1.0542532e-01   3.7658423e-02  -2.6094033e-02   5.6284060e-02   0.0000000e+00   9.4422662e-02   0.0000000e+00   1.1429630e-01  -5.7977993e-03  -8.9695996e-02
   4.6114853e-02   0.0000000e+00   1.9082051e-01   1.0587089e-01   2.0036155e-01   0.0000000e+00   1.6305271e-01  -2.3179744e-02   2.1453952e-02   1.5056223e-01   8.5438622e-02   1.4556304e-01   2.7866975e-01   2.3100233e-02   2.9207591e-01   2.4161913e-01   2.9460694e-01   0.0000000e+00   2.6515079e-01   2.6653386e-01   1.5126566e-01   2.5024242e-01   7.6602803e-02   1.7007220e-01   2.5389395e-01   1.9145300e-01   3.2678539e-01   2.8496907e-01   1.4056669e-01   2.5503194e-01   2.8644153e-01   9.2412783e-02   2.8844438e-01   2.0751042e-01   2.2094749e-01   3.1278911e-01   2.3200617e-01   2.0485465e-01   2.0384100e-01   1.1314223e-01   1.7153496e-01   2.0987478e-01   6.2316541e-02   1.4942442e-01   1.1721911e-01   1.7920632e-01   2.7986557e-01   2.9192581e-01   2.2423628e-01   2.8647660e-01   0.0000000e+00   1.5791901e-01  -5.0561054e-02   1.2080381e-01   1.8850619e-01   1.9114574e-01   3.1281418e-01  -1.7618571e-02   1.2214533e-01   2.4784379e-01   1.4744022e-01   1.1381250e-01  -1.5715832e-02   1.4127813e-01  -8.4182058e-02   1.6286462e-01  -3.0326875e-02  -2.4631783e-02   4.0058444e-02   3.2897387e-01   4.1350763e-02   3.1635134e-02   2.3945259e-02   1.2171489e-01   4.2250763e-02   2.8651689e-03   1.4590666e-01   3.0525043e-02   1.5224777e-01  -1.0676803e-01   1.3100492e-01   2.3899557e-02   2.2300441e-01   2.6695630e-01   2.2083459e-01  -6.8884521e-03   9.1272010e-02  -6.1016253e-02   1.1658950e-01  -7.2107630e-04  -1.4662732e-01   2.0054111e-01   1.6650107e-01   4.0420931e-02   1.1289359e-01   6.2307417e-03  -5.8427798e-02   3.8930457e-02  -1.2998511e-01   4.5908272e-02  -1.3951128e-01  -1.9598172e-03  -5.1153608e-02   8.4345925e-02   4.5475904e-02   1.3012272e-01   9.8479683e-02   1.9636735e-01   1.7033223e-01  -3.2653290e-02  -1.0636194e-01   2.9040736e-02   0.0000000e+00   8.5119246e-02   0.0000000e+00  -1.1222859e-02  -4.7640575e-02  -1.1962733e-01
  -8.9450751e-02   0.0000000e+00  -1.5714315e-02   1.9889876e-01   5.3850238e-02   0.0000000e+00   2.0119826e-01   1.2151869e-01   1.2173703e-01   1.2713548e-01   8.6824834e-03   3.9059916e-03   1.6731681e-01   6.3836949e-02   2.9395426e-01   2.0947487e-01   3.6664341e-02   2.6515079e-01   0.0000000e+00   3.2228529e-02   2.0187291e-01   2.1696806e-01   6.9777163e-02   5.4742735e-02   2.6987795e-01  -1.1969089e-02   1.7191690e-01   7.4858156e-02   1.1390078e-01   1.4902787e-01  -2.9585185e-02   8.4841808e-02   1.4100450e-01   1.5651129e-01   1.7508938e-01   2.4541812e-01   2.4127163e-01   2.3452823e-01   3.4596285e-01   1.4524401e-01   2.2623336e-01   2.8142842e-01   1.7873023e-01   1.9505820e-01   1.1005089e-01  -1.1594194e-02   2.1115361e-01   2.9337443e-01   1.2962077e-01   4.1662754e-02   0.0000000e+00   1.8883025e-01   6.4137105e-02   2.8844949e-01   3.5512793e-01   1.7417494e-01   2.0031083e-01   3.6232582e-02   3.5430036e-01   7.9708194e-02   1.3922696e-01   1.9204638e-01   6.1617773e-02   1.0672630e-01   5.0207063e-02   2.6906604e-01   5.3336760e-02   1.1074734e-01   1.6635311e-02   1.6043745e-01  -3.4467407e-02  -3.0932060e-03   6.4595370e-04  -1.3242511e-02  -6.4127944e-02   9.8490600e-02   1.1030900e-01   2.3303403e-02   1.0957554e-01  -3.3052498e-02   2.1219429e-02  -2.6431528e-02   7.4703376e-02   2.1791103e-02   1.2590554e-01  -5.0687578e-03   1.6651278e-02  -4.1153209e-02   3.8393096e-02  -2.9846329e-02   2.6720079e-02   2.0829419e-01   1.6768262e-01   1.7236756e-01   4.1619406e-01   1.0609208e-01   9.0447717e-02   2.1793000e-01   7.1180031e-02   1.0086685e-01   1.0078873e-02   1.6150278e-01   9.1617423e-03   9.0583994e-02   1.6209536e-01   1.0671730e-01   1.2128239e-01   2.1767999e-01   2.1868001e-01   1.3748639e-01   1.8009150e-02   1.6222607e-01   0.0000000e+00   1.8617243e-01   0.0000000e+00   1.1465484e-01   5.3085852e-02  -7.4711258e-02
   9.3624309e-02   0.0000000e+00   2.2229871e-01   2.9576027e-01   1.2508926e-01   0.0000000e+00   1.8883488e-01  -1.0112159e-01  -1.1588233e-01   3.3355656e-01   2.4015254e-01   2.7072422e-01   5.7071079e-01   1.6037255e-01   2.9713176e-01   4.9558086e-01   1.7431455e-01   2.6653386e-01   3.2228529e-02   0.0000000e+00   4.5291126e-01   4.8782706e-01   7.1619510e-01   7.0232395e-01   2.0897592e-01   3.8643910e-01   2.3073475e-01   6.2556705e-01   1.5436075e-01   3.2686024e-01   5.2441874e-01   2.9439750e-01   4.7329482e-01   1.6849897e-01   5.6827554e-01   4.8397598e-01   7.4375725e-02   3.0852050e-01   3.2644826e-02   3.5918537e-01   1.2864934e-01   1.4270795e-01   1.3941660e-01   2.2462747e-02  -1.1872255e-01   2.5532013e-01   3.2834952e-01   3.9453240e-01   1.1576820e-01   2.4950988e-01   0.0000000e+00  -2.1493236e-01   7.2820461e-03   1.5611197e-01   1.0155025e-01   3.3237027e-01   3.4581230e-01   5.2416392e-02   1.1427163e-01   3.3088272e-01  -1.7857771e-02  -1.5778968e-01   7.1147442e-02   7.2060992e-02  -1.5149484e-01   5.3748848e-02   3.8575791e-02   6.4423166e-02   5.6050370e-02   1.3266348e-01   7.5852472e-02   1.1917519e-01  -8.0515611e-02  -1.5372266e-02  -1.0354790e-02   7.0206509e-02   2.4158559e-02  -3.4737514e-02  -4.4023803e-03  -1.7984686e-02   2.1454129e-01   1.9719557e-01   4.9632979e-01   4.1797383e-01   4.5037438e-02   9.7898863e-02   4.8292324e-01  -1.3872708e-02   4.0138330e-01   4.1826415e-01  -1.0818125e-01  -1.8894524e-01  -1.7399176e-01   4.2148831e-02  -2.0930128e-02  -6.0257731e-02  -2.0088709e-01  -1.5343464e-01  -8.1495380e-02  -1.0028090e-02  -1.9905779e-01  -2.1499400e-01  -2.0465996e-01  -6.9500590e-02  -1.4313969e-01  -2.0914721e-02   2.8386463e-02   4.3829248e-02   3.4275004e-02  -8.5093720e-02  -3.1892340e-02   4.2437145e-02   0.0000000e+00  -5.5690663e-02   0.0000000e+00  -1.0610534e-01  -3.5554617e-02   7.4083590e-02
  -5.2736617e-02   0.0000000e+00   8.6553511e-02   1.8714247e-01   7.9219175e-02   0.0000000e+00   9.3147294e-02  -3.1387193e-02  -5.2397901e-02   4.7290208e-01   1.9005503e-01   1.9531831e-01   5.6177662e-01   1.9113967e-01   3.5653805e-01   4.1050675e-01   1.0478804e-01   1.5126566e-01   2.0187291e-01   4.5291126e-01   0.0000000e+00   6.4392260e-01   3.9643704e-01   4.2093162e-01   5.5723358e-01   1.8409850e-01   1.3974038e-01   3.3868922e-01   2.0383412e-01   1.7852437e-01   1.4254396e-01   2.6976606e-01   2.6302690e-01   4.0136187e-01   5.7332833e-01   4.7820016e-01   3.5948020e-01   3.4334030e-01   3.5106921e-01   4.4901352e-01   2.6571778e-01   3.3140753e-01   8.7730520e-02   1.7639729e-01   6.2292252e-02   5.1578154e-02   2.4382108e-01   4.7013432e-01   1.8480777e-01   1.3506470e-01   0.0000000e+00   1.2150656e-01   2.1155946e-02   2.1419450e-01   2.1515026e-01   4.4092809e-01   3.6577666e-01   3.6216828e-03   2.6754864e-01   2.4458302e-01   2.1843459e-01   1.5524216e-01   1.5012429e-01   1.1370354e-01  -3.2616730e-02   4.3091806e-02   2.6610696e-02  -1.8619822e-02  -1.2131641e-01   1.6577799e-02  -7.8566279e-02  -8.0544433e-02  -3.2110133e-02  -6.9620002e-02  -1.0640486e-01  -5.7045264e-02  -4.3768128e-02  -5.0038071e-02   9.5550409e-03  -7.2529296e-02   7.6350738e-02   5.6213978e-02   2.7275642e-01   6.2784420e-02   1.1991896e-01  -7.5502605e-02   5.9447839e-03   2.3374210e-02   2.1069993e-02   7.4580947e-02  -9.3096086e-02  -1.3569026e-03  -5.8287433e-03   4.4215891e-02   5.7338535e-02   5.7668746e-02   3.6031484e-04   1.1631958e-02  -6.0619723e-02   4.4098343e-02  -9.1041357e-02   3.8424232e-03  -1.4690457e-01   1.2227768e-01   8.1328648e-03   7.8970582e-02  -9.8632283e-03   1.2356310e-01   1.6403803e-01  -2.8677681e-02   3.0110374e-02   6.9868778e-02   0.0000000e+00  -6.2734622e-03   0.0000000e+00  -2.9250117e-02   1.5997462e-03  -2.2518570e-01
