   0.0000000e+00   7.6214790e-02   1.0721723e-01  -6.0448931e-02   1.3882889e-01   2.8175271e-01   4.6616143e-01   1.8723580e-02  -7.9668246e-02   1.1749454e-02   2.4843645e-01  -3.0068635e-01  -3.1569524e-02   3.9507632e-02   8.7665934e-02  -2.3270569e-02  -1.4965506e-02  -3.4455340e-02  -8.6747711e-02  -6.3830831e-02  -3.4098072e-02  -1.3948479e-01   1.5229332e-02  -2.5483754e-03  -1.4116045e-01  -1.5555303e-01  -1.8369550e-01  -7.7456765e-02   1.8548547e-03   2.8448223e-02  -7.6416211e-02  -3.8290200e-02   5.4853936e-02   2.6956910e-02  -6.2003142e-02  -1.2311195e-01  -8.6193285e-02   5.2040823e-02  -9.7861477e-02   1.3066350e-01   8.7632428e-02  -3.8020182e-02  -4.7410032e-02  -4.1845717e-03   3.3656537e-03  -2.7965325e-02   2.6315460e-01   2.8014752e-02  -1.6660948e-01  -1.6808545e-01  -9.4038542e-02  -1.7074054e-02  -8.3995339e-02   1.1200555e-01  -5.7579910e-02  -6.9479680e-03  -1.6613948e-01   2.1153078e-02  -1.7190578e-02   9.7026496e-02  -1.0375711e-01  -1.9331357e-01  -3.8477094e-02   1.6408443e-01   7.6800124e-03  -4.9875844e-02  -7.5127405e-02   1.2274194e-02   1.2218812e-01  -1.2991548e-01  -1.8796255e-02   9.6681630e-02   6.3915695e-01  -4.8086617e-02   0.0000000e+00   6.1335337e-02   1.5590390e-02  -3.2254690e-02  -1.7313695e-01  -1.0565565e-01  -2.0009389e-01  -1.1016711e-01  -1.5556414e-01  -1.8414820e-02  -1.0915059e-01  -1.1297514e-01   7.3831663e-03  -1.4376266e-01   5.3399052e-02   1.5627057e-03   8.2247245e-02  -8.6909237e-02  -1.5639788e-01  -1.8160287e-01  -9.2111944e-02  -6.6062225e-02  -2.7310058e-02  -2.8260028e-02   7.5847311e-02  -3.4364146e-02  -1.6628699e-02  -1.2865432e-01   6.1766538e-03  -1.8397917e-01  -1.7381358e-01  -3.8823948e-02  -1.0332591e-01  -2.2757612e-01  -9.0911949e-02  -6.6125541e-02  -7.4973014e-02   6.7489941e-02   1.6941533e-02  -1.0629756e-01  -1.0279109e-01  -6.0087551e-02  -2.5163826e-02   3.8131716e-02
   7.6214790e-02   0.0000000e+00   1.6129480e-01  -5.1464271e-03  -7.6857083e-02   1.9196182e-01  -1.6533369e-02  -3.6234039e-02  -2.1732844e-02  -1.1517031e-01  -1.4433600e-01  -9.1311861e-02  -1.5613392e-01   2.3036088e-02  -1.5167455e-02   3.4454968e-03  -7.4567139e-03   1.0031959e-02  -2.8412474e-01  -2.3400917e-01  -1.1279077e-01  -2.0871698e-01   3.4330845e-02   1.2444541e-01  -2.2708924e-01  -2.3919501e-01  -2.5674862e-01  -1.1063102e-01   5.1228802e-02   3.0424879e-03   6.8270916e-02  -1.0048418e-01  -1.6021539e-01  -3.9072590e-02  -1.7433535e-01  -1.9246460e-01  -2.2438709e-01  -1.4009053e-01  -2.3906707e-01   1.0220439e-03  -1.8111137e-01  -2.0728875e-01  -2.0372073e-01  -2.2333392e-01   1.0035734e-01  -1.4446203e-01  -7.0796867e-02  -8.2551651e-02  -1.7760211e-01  -2.4443125e-02  -1.4424004e-01  -2.0690191e-01  -1.5470207e-01  -1.5182890e-01  -1.8099267e-01  -8.1415956e-02  -2.0255113e-01   4.1862750e-03   4.7307220e-02  -6.8673484e-03  -1.0527610e-01  -1.0472794e-01  -6.2614686e-02  -8.1520524e-02  -1.5606278e-01  -1.0030789e-01  -8.9601699e-02   8.5452298e-03   1.7421845e-01  -1.9803623e-01   4.8996153e-02   5.4270944e-02   1.1030331e-01   8.2439810e-02   0.0000000e+00   1.1752036e-01  -1.9922158e-02  -1.1022312e-01  -1.3567678e-01   1.9488952e-02  -1.8310491e-01  -1.1869476e-01  -1.4440886e-01   7.5457315e-03  -2.4869290e-01  -1.1978300e-01   1.3536570e-02  -4.7580365e-02  -5.6559502e-02   1.1269446e-01   4.1937307e-02  -2.2131614e-01  -5.4334998e-02  -1.4756981e-01  -2.1646325e-01  -5.5891496e-03  -1.1341274e-01  -1.3403992e-01  -7.1269654e-02  -6.1739212e-02  -1.7135546e-01  -8.7369553e-02  -1.3945619e-01  -1.1270141e-01  -2.0786581e-01  -1.5112174e-01   2.3914856e-02  -1.3782275e-01  -1.4610085e-01  -1.5057545e-01  -9.6105039e-02  -1.1465656e-01  -1.3703052e-02  -1.5442206e-01  -9.9886932e-02  -3.8845349e-02  -6.4207760e-02   3.5807322e-02
   1.0721723e-01   1.6129480e-01   0.0000000e+00   7.6711507e-02  -4.8465466e-02   2.8923904e-02   1.6014524e-01  -6.0717864e-02  -1.1825158e-01   1.5945989e-01   1.2232923e-01  -1.6360647e-01   1.0084192e-01  -1.0513568e-01   1.9004500e-01   9.6882955e-02   1.0475374e-01   2.1017353e-01  -8.1363435e-04   4.4930285e-02  -5.9928470e-02  -7.0822303e-02  -4.2129895e-02   4.3157150e-02   2.7595426e-02  -4.7706643e-02  -3.9584202e-02   1.6461468e-02   1.0525898e-01   5.7697451e-02   1.7487332e-01  -6.7741101e-02  -3.0140395e-02   1.1581464e-01  -1.1157877e-01  -1.0055996e-02  -3.8758650e-02  -2.0557341e-02  -4.5450116e-02   9.1455108e-02   9.0011097e-05   4.1585547e-02   1.0612638e-01   1.3709353e-02   7.1743860e-02   4.4999586e-02  -5.4035040e-02   1.6808395e-02   6.5902967e-02   1.3772396e-01   7.2353619e-02   9.2461462e-02  -2.6036520e-02  -1.9778503e-01   1.2211943e-01   1.5106511e-01  -2.1672240e-02   4.1552021e-02   1.6047095e-01   6.5671580e-02  -1.1385320e-01  -1.8463353e-02  -7.4547505e-02   1.3706739e-01  -7.7353988e-02   4.7563087e-02  -4.4933337e-02  -1.2945785e-02   2.4888376e-01   2.0835034e-02   1.6800526e-02  -4.5592464e-02   1.2029189e-01  -1.2078808e-01   0.0000000e+00   3.9435790e-02   8.1524750e-02  -8.5103578e-02   5.3680048e-02   1.0710724e-01   9.7760848e-02   3.3483563e-02   1.4181513e-01   1.4940329e-01   6.0393186e-02  -4.8462593e-02   1.4974889e-01   3.7979130e-02   2.4559201e-01  -1.9360005e-02   1.5058093e-01  -1.9919148e-02  -4.9194004e-02   2.3505377e-02  -3.8336230e-02   1.9403206e-02   6.9142631e-02  -4.4225867e-02  -2.7236721e-02   5.2185199e-04   8.0323402e-02  -8.5255352e-02  -2.7037256e-02   4.4678785e-02  -6.1924350e-02  -2.2927967e-02   3.4671241e-02  -5.1002712e-02  -8.8718200e-02   3.9897877e-02   2.7318318e-02  -1.2024789e-02   9.3973747e-02   9.3020648e-02   1.3234595e-01  -6.0903701e-02  -8.7076543e-02   1.7441051e-02
  -6.0448931e-02  -5.1464271e-03   7.6711507e-02   0.0000000e+00  -5.9838038e-02  -7.3855351e-02  -6.6519714e-02   6.7749771e-02   5.3395309e-02   1.2444273e-01   1.7885855e-02  -1.4754586e-01  -2.2506656e-02   7.8609356e-02   1.2260076e-01   3.8614610e-02   1.2222392e-01   3.4975160e-02   1.2087080e-01  -5.0192638e-02   1.0166273e-01  -5.6333466e-02   1.9210147e-01   5.3528904e-02   2.5347880e-02   1.2623876e-01  -1.3435945e-01   1.2540120e-01   1.5791034e-01   1.6642278e-01   4.5842709e-02  -1.6734156e-01  -1.4121070e-02   5.5788065e-02  -1.4149667e-01   1.3915892e-02  -4.6351619e-02   2.8339558e-01   1.3462929e-02   1.5094878e-01   2.4362030e-01   6.6704399e-02  -1.4574903e-02   6.2234532e-04   1.4826605e-01   8.7184100e-02  -6.2096674e-02  -2.1922087e-02   7.6120480e-02  -3.6222322e-02  -4.8339539e-03  -4.7379580e-02   3.1669178e-02   7.0690072e-03   9.7280217e-03   1.1527022e-01  -6.0321973e-02   8.2143700e-02   2.2875386e-01  -1.4161863e-02   1.1841642e-03  -4.7642020e-02   8.3543544e-02   2.1570529e-02   4.9441696e-02  -1.8459050e-01   9.2259857e-02   6.6099777e-02   1.3962273e-01   8.8572128e-03   2.8367724e-02  -1.4478416e-02  -4.9323292e-02  -1.6754171e-01   0.0000000e+00   1.0102012e-01  -1.2033980e-01  -4.3632702e-02   3.1140433e-02   4.0167594e-02  -1.9661992e-02   5.4531518e-02   6.7386059e-02   4.4743618e-02  -4.9919290e-02  -7.8624471e-02   3.8132124e-02   1.0908516e-01   6.4707392e-02   1.7511195e-01   3.6929988e-02  -1.8566830e-01   1.7175028e-02  -2.7487412e-02  -2.4159559e-02   1.0696637e-01  -6.4883900e-03   1.1835420e-01  -7.9846329e-02   9.3956345e-02  -1.7763591e-02   5.7225873e-02   1.2862157e-02   4.3771719e-02   3.0851230e-02   5.2875153e-02  -7.4904800e-02   4.6579351e-02   1.4158594e-02   3.8953170e-02   4.7563196e-02   7.3333511e-02   1.2929119e-01  -2.5783671e-02  -3.6011533e-02   7.4970363e-02  -3.4054847e-02  -5.6833374e-02
   1.3882889e-01  -7.6857083e-02  -4.8465466e-02  -5.9838038e-02   0.0000000e+00  -8.8221658e-02   1.6488032e-01  -7.1627699e-02  -2.9841093e-02   1.3700774e-01   1.5196941e-01   7.4697089e-02   1.7860670e-01  -7.9240978e-02   7.9235413e-02  -2.2723312e-02   1.2760119e-01   1.4310672e-01   4.0955407e-02   2.2109363e-01   1.0060174e-01   1.8035060e-01  -2.6261489e-02  -1.1207264e-02   2.0830401e-01   6.6170563e-02   3.1734108e-01   3.9989992e-02   1.5643177e-01   1.5614672e-01   1.7995474e-01   1.4174619e-02   9.3861766e-02   1.1537129e-01   1.7411512e-01   1.7179033e-01   1.7259643e-01   2.9767064e-02   1.4065949e-01   5.7961934e-02   3.3978416e-02   1.0599562e-01   2.2500336e-01   1.7183608e-01  -1.9292171e-02   1.5163291e-01   3.9488128e-01   6.9347906e-02   1.1646919e-01   2.3561819e-01   2.3874234e-01   2.3887426e-01   1.1581378e-01   1.9747143e-01   7.7482481e-02   2.1410088e-02   1.8280881e-01  -1.7851743e-02   9.5174195e-02   6.7555961e-02  -1.2078780e-02   2.2680296e-02  -6.6892574e-02   2.1655264e-01   1.2354425e-01   2.3852083e-01  -9.3122458e-02  -6.0850508e-02  -1.7009341e-01   1.6834917e-01   5.0895455e-02   5.2880970e-02   1.1723786e-01   1.8242057e-01   0.0000000e+00  -5.1340709e-02   3.0425304e-02   2.0172217e-01   3.2198419e-02   4.8635747e-02   1.6453445e-01   4.9260402e-02   1.6172922e-01  -1.4820673e-03   1.6522388e-01   1.7233289e-01  -1.3359695e-02   6.9936064e-04   1.3141429e-02  -1.8056195e-01   4.1047182e-02   2.3725317e-01   7.3215315e-02  -4.4397130e-03   9.4150647e-02   3.7379749e-02   2.3369059e-01   3.8545348e-02   2.5007062e-02   1.8204206e-02   1.0527052e-01  -1.3622078e-02   9.6940867e-02   6.5515579e-02  -4.5282284e-02   2.0086462e-02  -4.3489656e-02   8.2812930e-03  -6.3675438e-02   3.9647883e-02   7.9830114e-02   7.7543687e-02  -7.6983916e-02   7.4404272e-02   5.9720158e-02  -9.0644117e-02  -7.2090065e-02   6.3281211e-03
   2.8175271e-01   1.9196182e-01   2.8923904e-02  -7.3855351e-02  -8.8221658e-02   0.0000000e+00   9.9155936e-02  -1.8754124e-02  -4.7408385e-02  -6.4435920e-02   2.5507939e-02  -8.6686672e-02   1.5603039e-02   7.7155900e-03   7.2329211e-02   3.8235520e-02   7.9725814e-02   7.4050340e-02  -1.2180462e-01  -2.8026673e-02  -4.2427918e-02  -4.0168397e-02   3.9342198e-02   1.1126828e-02  -4.0472740e-02  -8.8929961e-02  -1.2607722e-01  -3.9425844e-02  -3.0242748e-02  -3.4097999e-02   3.0761546e-02  -7.2964853e-02  -8.3362009e-02  -1.0390815e-01  -1.2656796e-01  -4.4354191e-02  -4.0124507e-02   1.8770434e-03  -1.3191976e-01  -7.8168053e-02   1.1191085e-02  -1.5764884e-01  -7.7620784e-02  -5.3088011e-02  -3.8500830e-02  -8.5903011e-02   1.1358961e-01  -4.4136517e-02  -3.7134208e-02  -6.2317313e-02  -4.4519830e-02  -1.0317199e-01  -1.8597905e-02  -2.9185120e-02  -2.9152733e-02   2.6941335e-02  -4.8053174e-02   6.7869965e-02  -6.6991622e-02   5.6611649e-02  -3.7386907e-02   9.8700246e-03  -8.5131494e-02   1.8819614e-02  -7.0116913e-02  -2.3530081e-02   9.9516703e-03  -1.6317187e-02   8.2183555e-02  -6.2749682e-02  -4.6840119e-02   1.1171849e-01   2.9075001e-01   5.5296680e-02   0.0000000e+00  -1.4721715e-03   2.4956719e-02   6.1272278e-02  -4.8908088e-02  -1.6667643e-02  -7.5011082e-02  -4.8879249e-02  -2.0179964e-02   4.1589816e-02  -1.2884117e-01  -1.5509102e-01  -1.1048364e-02  -3.1565808e-02   6.0473211e-02  -1.7686709e-02   2.8911704e-02  -1.0803457e-01  -6.3040290e-02  -1.5925432e-01  -1.0411187e-01  -9.1376444e-02  -5.3420436e-03  -5.2601966e-02  -6.8569635e-02   1.2505361e-02   2.5475862e-02  -8.6702361e-02  -6.5123269e-02  -4.4824837e-02  -3.9894460e-02  -9.3823214e-02  -6.5972754e-02  -3.8700871e-02  -1.2133085e-01  -8.8320867e-02   9.5940050e-03  -6.3775150e-02  -1.0550365e-01  -3.5219047e-02   3.1213967e-02  -1.1140024e-01  -2.7541037e-02   6.5991171e-02
   4.6616143e-01  -1.6533369e-02   1.6014524e-01  -6.6519714e-02   1.6488032e-01   9.9155936e-02   0.0000000e+00  -1.0058771e-01  -9.8410111e-02   2.1665826e-01   4.6877521e-01  -1.0614875e-01   1.9516919e-01  -1.0823171e-01   2.8676701e-01   1.4876704e-01   1.5763273e-01   2.4557162e-01   4.6356139e-02   2.4408686e-01   1.3800541e-01  -9.6222284e-02   7.6480749e-02   6.4552036e-02  -5.3947445e-03  -7.5615951e-02   6.0924178e-02  -2.8874973e-02   1.5562532e-01   1.5716476e-01   1.2625564e-01  -1.4109338e-02   3.5529862e-01   3.9882447e-01   2.2226401e-01   2.6105610e-01   1.8144699e-01   1.5679791e-01   1.1044336e-01   3.4489934e-01   1.4303316e-01   2.0567375e-01   1.6250927e-01   2.4529620e-01  -1.4664729e-01   2.5066885e-01   3.4894982e-01   1.9803526e-01   1.6608926e-02   1.0712173e-02   8.3431003e-02   2.8493207e-01   9.7499747e-02  -7.9146335e-03   2.2369394e-01   2.0344926e-01  -9.6034747e-02   1.3091678e-02   2.2368132e-01   1.1238529e-01  -1.2912760e-01  -2.6024100e-01  -9.2563350e-02   3.9928322e-01   1.1111029e-01   7.3006732e-02  -1.3474800e-01  -1.0480929e-01   2.3071791e-02   7.5139464e-02  -8.5832443e-02  -6.8882244e-02   4.9973008e-01   9.6410875e-02   0.0000000e+00  -2.9594743e-02  -6.1879463e-03   6.8978047e-02  -1.2573399e-01  -1.1590954e-01  -1.1782751e-01  -7.1528906e-02   4.7669951e-02  -1.2006152e-02   7.1553985e-02  -7.6876284e-02   6.0191056e-02  -2.5845137e-01   7.7204992e-02  -1.2208666e-01   1.6135254e-01   1.1104181e-01  -2.6293132e-02  -1.5340898e-01   1.3662866e-01  -1.1221096e-02   1.2616701e-01   7.1014584e-02   1.8152399e-01  -9.4790094e-04  -7.6730905e-02  -8.2456806e-02  -1.0715467e-02  -1.0931967e-01  -1.7590025e-01  -1.4817019e-02  -2.0380070e-02  -1.4671224e-01  -1.6845688e-01   1.6353712e-01   7.3420398e-02   4.1047721e-02   2.0725262e-02   3.6981689e-02   1.5801310e-01  -1.4909597e-01  -1.2067691e-01  -1.0624228e-01
   1.8723580e-02  -3.6234039e-02  -6.0717864e-02   6.7749771e-02  -7.1627699e-02  -1.8754124e-02  -1.0058771e-01   0.0000000e+00   2.3755598e-01  -2.6179921e-02   1.1071663e-03  -7.2750076e-03  -4.3585520e-02   4.7655220e-02  -9.4554544e-02   3.1946986e-02  -1.4163715e-02  -9.7957803e-02   2.5737364e-02  -9.4514461e-02  -1.4876912e-02  -4.2227595e-02   5.7544712e-02   2.8690362e-03  -1.2116306e-01   8.0596659e-02  -1.3185387e-01   3.9404416e-02  -8.1322483e-02  -5.9277301e-02  -1.3337954e-01  -2.2588872e-02  -1.6984655e-02  -7.9845529e-02  -5.5690844e-03  -3.3672158e-02  -9.3041693e-02   3.7655321e-02   1.8151482e-02   1.2287958e-02   6.6680178e-02   4.1322274e-03  -9.9102229e-02   3.2131702e-02  -2.3563938e-02   1.0305691e-02  -6.7392930e-02   4.9831201e-02   2.4261903e-02  -8.7229142e-02  -7.4359529e-02  -1.7095011e-01  -3.9149938e-02  -1.0792021e-02  -5.3797760e-02  -1.1761910e-02  -1.0406018e-01  -7.0161986e-03   1.9805823e-02   2.1206643e-02   7.9420752e-02  -1.9417092e-02   7.3579803e-02  -1.3374513e-01   3.2823513e-02  -1.0790887e-01   9.2230701e-02  -4.0108993e-02  -6.6468948e-03  -1.0654759e-02   1.2052003e-02  -3.9037836e-02  -9.4782924e-03   1.1685857e-02   0.0000000e+00  -1.2391655e-02  -4.5508124e-02  -2.7145267e-02  -8.4349676e-02  -8.3014795e-02  -1.4509997e-01  -8.7252675e-02  -1.2048590e-01  -7.5860089e-02  -1.5403603e-01  -1.5241932e-01  -8.6429403e-02  -4.1773361e-02  -4.8861397e-02   1.2692340e-01  -9.0607767e-02  -8.6915125e-02   2.7832291e-02  -6.2899352e-02  -1.4997508e-02   1.4918647e-02  -1.1496703e-01   8.0933450e-02   2.3179358e-02   1.1837063e-01  -5.8491928e-02   1.6525472e-02  -7.1464630e-02  -4.4644526e-02  -5.2772789e-02  -4.2024257e-03   5.4230208e-04  -6.1859049e-02   4.4204416e-02   2.1585924e-02  -1.7324031e-02  -3.5346201e-02  -2.3434832e-02  -9.2559750e-02  -9.9735185e-02   3.7620473e-01   4.9534345e-01   2.3876808e-02
  -7.9668246e-02  -2.1732844e-02  -1.1825158e-01   5.3395309e-02  -2.9841093e-02  -4.7408385e-02  -9.8410111e-02   2.3755598e-01   0.0000000e+00  -1.8452382e-01  -2.5005837e-02   1.1988186e-01  -5.5784079e-02  -4.0306545e-02  -8.8150348e-02   1.4619237e-02  -3.7179513e-02  -9.2209150e-02   3.1769312e-02  -2.0178923e-01  -8.5811492e-02  -6.9901939e-02  -7.6011809e-02  -1.0060551e-01  -1.0162691e-01   1.2382603e-01  -6.6499388e-02   1.5109273e-02  -4.7049296e-02  -1.0664865e-01  -9.8766217e-02  -1.9466310e-02   9.5208107e-02   2.2571931e-02   1.7183529e-01   1.8745120e-01  -5.2727514e-02   1.7312646e-01   1.5568948e-01  -4.9274569e-02   6.1992190e-02   3.7712221e-03  -4.4723181e-02   1.4146845e-01  -1.2833578e-01   6.8214927e-02  -1.7762666e-01   8.9265643e-02   1.9007381e-01  -7.7783170e-03   1.2108762e-02  -2.0018704e-01   1.3959433e-01   7.0362888e-02   3.3839431e-02   5.1862442e-03   1.9024046e-02   1.9012241e-01   1.1219651e-01  -2.8727515e-02  -5.2637258e-02   4.8834291e-02   1.0066793e-01  -4.3920839e-02   3.0509106e-01  -1.1369994e-01   3.7827786e-01   5.6685898e-02   3.5855058e-02   9.1739005e-02   1.8672178e-02  -6.3859048e-02  -6.6396493e-02   8.0752890e-02   0.0000000e+00   3.9189743e-02  -3.5105952e-02   1.0358890e-01   7.0233552e-02  -3.0677389e-02  -6.1199467e-02  -1.4385910e-01  -1.9248189e-01  -5.2926807e-02  -7.0215524e-02  -6.3210210e-02   4.3313298e-02   8.8323072e-02  -6.6917024e-03   2.5487937e-01  -2.1917166e-02   3.3261574e-03   1.4924942e-01   1.2079081e-01   1.0917285e-01   1.9663321e-01  -9.4492330e-02   3.2472831e-01   1.6719694e-01   1.6218558e-01  -1.5101828e-01   2.1215599e-01  -5.0470560e-02   9.4627296e-03   1.0158168e-01   1.0422853e-01   1.6352526e-01   1.3577037e-01   2.2533010e-01   3.2416308e-01   3.6425714e-01  -4.0963623e-02  -9.2970853e-02  -8.5237460e-03  -1.2847096e-01   1.3639931e-01   2.1448355e-01  -1.2701086e-01
   1.1749454e-02  -1.1517031e-01   1.5945989e-01   1.2444273e-01   1.3700774e-01  -6.4435920e-02   2.1665826e-01  -2.6179921e-02  -1.8452382e-01   0.0000000e+00   5.0063729e-01  -5.4242002e-02   2.2266667e-01  -1.7291042e-02   2.0486545e-01   1.7437757e-01   3.4832512e-01   1.9741946e-01   1.0921012e-01   2.6258802e-01   3.3099551e-01   1.5803800e-01   1.7766481e-01   1.0482499e-01   2.2484980e-01   3.0684555e-02   1.4242640e-01   1.7513594e-01   2.8988317e-01   2.6297720e-01   1.4301476e-01  -1.2533648e-01  -1.5688253e-02   2.2368550e-01   2.9537229e-02   2.0887603e-01   2.9575431e-01   2.1461226e-01   8.3467607e-02   3.6330255e-01   1.4496164e-01   1.3793066e-01   1.6557904e-01   1.4899894e-01   8.8909684e-02   2.8673446e-01   3.6086030e-01   1.5799372e-01   1.8470818e-01   1.0573085e-01   1.3590199e-01   2.6702643e-01   3.2921336e-02  -6.4126318e-02   2.3596119e-01   3.0214890e-01  -3.0259504e-03   5.3073013e-02   1.2011041e-01   7.4109961e-02  -4.6747026e-02  -1.4755494e-01   2.3790974e-02   1.3204940e-01  -1.8121617e-02   2.6805399e-02  -1.6114778e-01   1.5210102e-02  -2.8364570e-02  -7.0594832e-02  -1.1707236e-01   2.6378617e-03   1.5076121e-02  -1.4545822e-01   0.0000000e+00  -6.7619007e-02  -6.7218902e-02  -7.1247674e-02  -7.1548118e-02   4.1461522e-02   2.1319892e-03   2.4256615e-02   3.7716581e-01  -5.7108754e-02   2.0747209e-01  -4.8642608e-02   1.9760357e-02  -9.7245104e-02   1.6703818e-01  -2.0968835e-01   5.8947427e-02  -5.8169292e-02  -1.4943724e-01  -1.3018572e-01  -8.5883721e-03  -7.4402103e-02   2.5829277e-01  -1.0534919e-01  -9.4068792e-02  -9.9312425e-02   3.2320735e-01  -1.6582336e-01   7.9612353e-02  -3.3761772e-02  -8.0520362e-02   2.1383151e-02  -7.7292203e-02  -4.5037462e-02  -1.0283723e-01   4.1267352e-02  -3.1262353e-03   5.3244827e-02  -1.7828469e-02  -2.0608910e-02   7.9928370e-02  -8.0622444e-02  -5.7566049e-02  -4.0692397e-02
   2.4843645e-01  -1.4433600e-01   1.2232923e-01   1.7885855e-02   1.5196941e-01   2.5507939e-02   4.6877521e-01   1.1071663e-03  -2.5005837e-02   5.0063729e-01   0.0000000e+00  -9.3260069e-02   2.6148311e-01   6.1809318e-02   3.5486925e-01   3.3853314e-01   2.9580898e-01   3.2038427e-01   1.7385783e-01   2.6015754e-01   2.7602652e-01   7.1719587e-03   2.0388058e-01   1.0829960e-02   2.1123174e-01   3.8372297e-02   8.0972721e-02   8.7818993e-02   2.6518769e-01   3.1084971e-01   1.1064805e-01  -3.8436353e-02   1.4271592e-01   3.3726968e-01   1.1228336e-01   3.5465668e-01   4.1328661e-01   3.2257209e-01   2.0305366e-01   6.0322668e-01   2.9972895e-01   2.2746741e-01   2.6035133e-01   2.6517832e-01  -7.0402349e-02   3.5252390e-01   3.8133178e-01   2.7696871e-01   1.7208786e-01   1.1075040e-01   2.5352116e-01   2.7703579e-01   1.0437684e-01   1.1397575e-01   3.0051640e-01   3.5471487e-01  -9.8859616e-03   8.9324946e-02   1.6707701e-01   1.6259937e-01  -8.0423592e-02  -1.8551807e-01   3.2761349e-02   2.5903439e-01   8.3221973e-02   7.8234092e-02  -9.9004860e-02   3.2599091e-02  -2.7737284e-02   1.4378084e-02  -1.2122018e-01   9.3488554e-02   1.0594376e-01   3.4080281e-02   0.0000000e+00   4.5951068e-02  -9.7319541e-03   2.1991387e-02  -1.0348406e-01   3.0405447e-02  -4.0071006e-02  -3.1340459e-02   2.5710985e-01  -1.7536229e-02   1.0528188e-01  -1.0096052e-01  -3.8423251e-04  -1.1764890e-01   1.4923276e-01  -2.4827998e-01   9.7869958e-02   2.8446988e-02  -1.5453105e-01  -5.4305439e-02   6.5313074e-02   5.5922828e-02   2.6344267e-01   1.8914725e-02   4.8013325e-02  -7.4906580e-02   1.8185974e-01  -1.0650397e-01   1.0066605e-01  -3.3335072e-02  -5.1766967e-02   4.1961558e-02  -5.6035831e-02  -4.5776218e-02   1.8376715e-02   2.0002823e-01   4.3041554e-02  -2.3480840e-02  -9.6392948e-02   1.3255813e-02   1.3830635e-01  -3.8003556e-02  -6.3429231e-02  -2.0129726e-02
  -3.0068635e-01  -9.1311861e-02  -1.6360647e-01  -1.4754586e-01   7.4697089e-02  -8.6686672e-02  -1.0614875e-01  -7.2750076e-03   1.1988186e-01  -5.4242002e-02  -9.3260069e-02   0.0000000e+00  -6.2267514e-02  -2.3690138e-02  -1.1283255e-01  -1.8263002e-02  -9.7742179e-02  -3.6053243e-03   7.1239011e-02   1.0410472e-03  -4.0261575e-02   1.5504512e-01  -6.5418236e-02  -1.0541938e-01   6.8172346e-02   4.3498072e-02   1.7114577e-01  -8.7431552e-03  -2.6922160e-01  -1.8173025e-01  -1.9600274e-01   1.4729294e-01  -2.8354648e-02  -1.3442249e-01   1.7122337e-01  -5.3399211e-02   4.6857852e-02  -1.4255986e-01   1.0197328e-01  -2.1437370e-01  -9.0535847e-02   2.1418761e-02   1.0206233e-01   5.8563531e-02   9.5256119e-02  -8.3569881e-02  -8.9487870e-02   7.8073958e-02   6.9284401e-02   1.6887314e-01   8.6956548e-03  -4.4034977e-02   1.0370271e-01   1.5136931e-01   2.4354018e-02  -1.3606026e-01   1.5628049e-01   7.9004573e-03  -4.7022542e-02  -2.5379627e-04   3.7417774e-02   1.0039954e-01  -4.9942979e-03  -5.0381752e-02   1.6654456e-02   2.0828995e-01   4.0067462e-02   1.7887122e-01  -1.8996682e-02   3.9446604e-02   2.2843464e-02   7.5161319e-02  -3.0460799e-01   1.2429801e-01   0.0000000e+00   8.3298394e-02   7.7455569e-02   5.4801533e-02   7.1511689e-02   9.4455477e-02   8.1671071e-02   1.4957186e-02  -3.2924736e-02   4.5253287e-03   1.2698222e-01   1.1908881e-01   7.5999754e-02   3.6827250e-02  -5.0982647e-02   1.3103242e-01   1.3478161e-01   1.8076718e-01   8.9747290e-02   2.4149863e-01   1.7781076e-01   1.3045585e-01  -1.3080592e-01   1.7348736e-01   2.0695506e-01   1.7827633e-01   3.7496837e-02   1.1902464e-01   1.4218648e-01   6.8713867e-02   1.3910073e-01   1.0745887e-01   5.0239325e-02   1.5239555e-01   1.4207927e-01   6.0959670e-02   6.0419852e-02  -8.3238045e-02  -5.3027356e-02   4.3628024e-02  -3.1122599e-03   7.5313030e-02   2.7704542e-02   5.1451931e-02
  -3.1569524e-02  -1.5613392e-01   1.0084192e-01  -2.2506656e-02   1.7860670e-01   1.5603039e-02   1.9516919e-01  -4.3585520e-02  -5.5784079e-02   2.2266667e-01   2.6148311e-01  -6.2267514e-02   0.0000000e+00  -1.0779646e-01   4.9259417e-01   2.8125746e-01   2.9996092e-01   5.5962680e-01   1.4322776e-01   6.1439412e-01   4.7865391e-01   2.7596038e-01   2.2741986e-01   1.0000039e-04   3.5682342e-01   2.0312523e-01   4.3579490e-01   7.1819946e-02   2.7054262e-01   4.2054270e-01   3.9480027e-01   5.2320769e-02   1.5899211e-01   2.4250981e-01   2.3412790e-01   3.7689958e-01   3.9375099e-01   1.3875823e-01   1.7028211e-01   1.9985900e-01   1.5028747e-01   2.9001516e-01   4.7610437e-01   4.3034729e-01  -2.2637197e-02   3.9232938e-01   2.7239181e-01   2.3029056e-01   6.1357946e-01   3.3498954e-01   6.5060983e-01   4.0580005e-01   2.0316934e-01   9.3483265e-02   4.5335651e-01   5.1691228e-01   3.5552781e-01   1.5182912e-01   1.3426818e-01   2.0914117e-01   1.0679043e-02   1.0938869e-01  -3.1928396e-02   4.7767418e-01   3.8971552e-01   1.7169317e-01   7.2455369e-02  -8.9945225e-02  -1.1861371e-01   3.8380143e-01   1.8872995e-02   5.1477154e-02   7.6224393e-03  -2.1144432e-02   0.0000000e+00  -4.1280184e-02   1.6644642e-01   1.4408863e-01   1.2418541e-01   2.1518379e-01   2.9945035e-01   1.5966392e-01   3.7956411e-01   1.7945050e-01   2.7253082e-01   5.9003522e-02  -9.0991921e-02   6.1036573e-02   6.6943072e-02  -3.4482245e-01  -3.5333074e-02   2.7667017e-01   7.3935767e-03  -1.6971491e-03   1.4494154e-01  -3.8116513e-02   6.3485550e-01   4.9843214e-02   4.8650404e-03   3.8598611e-02   2.4968359e-01   8.8825006e-03   4.1823854e-02   1.7555287e-01   1.4974058e-01   9.6188697e-02   8.8910532e-02   1.9952290e-01  -3.2595558e-02   6.3479061e-02   2.2101434e-01  -4.3841152e-03  -6.9581276e-02   1.1115067e-01   3.4226886e-01  -1.0156437e-01  -7.2452416e-02   1.2632179e-01
   3.9507632e-02   2.3036088e-02  -1.0513568e-01   7.8609356e-02  -7.9240978e-02   7.7155900e-03  -1.0823171e-01   4.7655220e-02  -4.0306545e-02  -1.7291042e-02   6.1809318e-02  -2.3690138e-02  -1.0779646e-01   0.0000000e+00  -9.2577096e-03  -1.8696260e-02  -9.7634171e-02  -2.8448876e-02  -8.0583918e-03  -1.4085647e-01   2.4233927e-02  -1.1318015e-01   1.9079827e-01  -3.0180082e-02   7.8651787e-02   1.1337158e-01  -1.5902065e-01   1.6913934e-01  -1.6814376e-01  -2.7413769e-03  -2.2439239e-01  -2.8526693e-02  -2.4711628e-02  -6.4627701e-02  -3.1273659e-02  -1.3087536e-01   4.9202164e-02   2.1059257e-02  -4.6432133e-03   2.0532484e-01   1.8559983e-01  -1.1171808e-02  -7.7555193e-02  -4.1351647e-02   1.3093104e-01   5.3705275e-03   3.8046396e-03   4.0017053e-02  -1.4990821e-01  -1.2489906e-02  -9.5606863e-02  -1.4355563e-01  -3.0155085e-02   5.8103270e-02  -1.1019553e-01  -2.9521943e-02  -2.1425962e-02  -6.4588139e-02  -2.2090072e-03  -4.0737391e-02   3.9123645e-01   7.0467905e-02   4.9732351e-01  -1.3894052e-01  -7.5948127e-02  -5.7810628e-02   2.0776835e-02   6.8561312e-02  -6.4532484e-02  -6.3655881e-02   7.5667097e-02   3.0602457e-01  -7.6731827e-02  -5.8724156e-02   0.0000000e+00  -4.5032381e-03  -1.7889605e-01  -9.4352049e-02  -5.7463345e-02  -8.8953274e-02  -1.9548796e-01   1.5547256e-01  -2.3734415e-02  -2.3474707e-01  -1.1163205e-01  -1.7323816e-01  -1.3090421e-01   5.8816650e-02  -1.5263520e-01  -8.9265155e-02  -2.0276190e-02  -3.5782171e-02  -8.7117571e-02   4.3406667e-03  -1.5309246e-02   5.6092507e-02  -1.6218161e-01  -2.9765374e-02   1.8555424e-03  -1.2256845e-02   2.5870378e-02  -7.9308176e-02  -6.5564406e-02  -1.5239714e-01   1.8779795e-01   1.2478944e-02  -6.5156892e-02  -1.0749954e-01   2.0882602e-01  -2.3881551e-02  -1.5049624e-01  -3.2757990e-02   3.8591077e-02  -7.3260006e-02  -7.7351458e-02   1.0915880e-01   1.2485428e-01   1.0695825e-01
   8.7665934e-02  -1.5167455e-02   1.9004500e-01   1.2260076e-01   7.9235413e-02   7.2329211e-02   2.8676701e-01  -9.4554544e-02  -8.8150348e-02   2.0486545e-01   3.5486925e-01  -1.1283255e-01   4.9259417e-01  -9.2577096e-03   0.0000000e+00   3.9114300e-01   3.5215792e-01   5.4748090e-01   2.1995216e-01   3.0087161e-01   2.7457091e-01  -2.2333080e-02   1.7711887e-01   4.9248441e-02   2.2837016e-01   9.4360060e-02   1.2769662e-01   2.6220365e-02   3.4623768e-01   4.1412398e-01   3.0560938e-01  -1.4245337e-02   1.8393063e-01   3.9552551e-01   4.9223270e-02   3.4702814e-01   2.6645050e-01   1.6999630e-01   1.5741498e-01   3.7556043e-01   2.0276229e-01   3.2345221e-01   4.0461599e-01   4.1127973e-01  -2.0965596e-03   4.6145128e-01   2.4854032e-01   3.2627700e-01   3.7839768e-01   2.4480419e-01   4.9516822e-01   3.5866618e-01   1.3940617e-01   1.5331538e-02   3.4876709e-01   7.1075788e-01   8.7835976e-02   8.7637201e-02   2.4205843e-01   1.6109397e-01  -7.6141352e-02  -5.4665435e-02  -1.9465178e-02   5.8740055e-01   1.7127869e-01   1.4655665e-01   2.3390429e-02  -2.5538313e-02  -2.3930436e-03   1.2409086e-01  -1.4942918e-01   4.9816579e-02   2.0301358e-02  -5.6931309e-04   0.0000000e+00   7.6236740e-02  -4.3369333e-02   7.5251201e-02  -4.3766407e-02   7.7430991e-02   4.8405538e-02  -3.9582401e-03   2.0834051e-01  -1.3700534e-02   4.4003179e-02  -1.3275264e-01  -9.6318583e-02  -5.3794385e-02   9.9599650e-02  -2.9362193e-01   5.6199767e-02   6.5052970e-02  -4.3637354e-02   4.2569889e-02   1.2995341e-01   6.9226378e-04   3.4279425e-01   5.1473938e-02  -2.4289187e-02   2.5713261e-03   1.1763961e-01   7.7894929e-03   2.2944647e-02   4.2764807e-02  -8.8682806e-03   8.3928786e-02   9.7589006e-03   6.6042876e-02  -1.2687809e-02   1.1368171e-01   1.9912016e-01   2.6274432e-02   1.9888308e-02   1.1585930e-01   3.2482070e-01  -8.4595994e-02  -1.4276815e-01  -7.8924499e-03
  -2.3270569e-02   3.4454968e-03   9.6882955e-02   3.8614610e-02  -2.2723312e-02   3.8235520e-02   1.4876704e-01   3.1946986e-02   1.4619237e-02   1.7437757e-01   3.3853314e-01  -1.8263002e-02   2.8125746e-01  -1.8696260e-02   3.9114300e-01   0.0000000e+00   1.6405805e-01   2.0496030e-01   1.5384552e-01   1.2116006e-01   2.0748535e-01   1.0235581e-01   1.4804929e-01  -4.8513551e-02   1.8842750e-01   1.2132249e-01   1.0836188e-01   7.0435878e-02   1.2823631e-01   1.5710355e-01   7.1845422e-02   5.6252665e-02   1.4203030e-01   1.2300877e-01   9.7395819e-02   3.6550607e-01   2.8559487e-01   1.9745990e-01   2.2616191e-01   2.5088180e-01   2.3276581e-01   1.8437796e-01   2.1545893e-01   3.5253572e-01  -3.1876879e-02   3.0621180e-01   1.0443945e-01   3.3338263e-01   3.0512601e-01   2.3612941e-01   2.0922669e-01   1.6096261e-01   2.6508724e-01   2.1666082e-01   5.8043559e-01   4.8028159e-01   1.3564017e-01  -9.8893147e-03   6.2859420e-02   1.2938343e-01   5.8297172e-02  -1.4007407e-02   4.1760091e-03   1.2349555e-01   1.2116424e-01   1.0390173e-01   2.5498698e-02   9.7023656e-03  -1.3633851e-02   4.9549587e-02  -9.0318054e-02  -1.7073605e-02   8.3477552e-03   6.4278275e-02   0.0000000e+00   6.7234282e-02   2.9796949e-02   8.1733476e-02  -1.1712076e-02   1.2255238e-01  -9.8795329e-03  -3.5896390e-02   1.3708429e-01  -9.0068970e-03   5.1408451e-02  -1.0455502e-01  -7.5257978e-02  -1.1041113e-02  -2.6554584e-02  -1.6939077e-01  -5.0092546e-02   6.7829273e-02  -2.2755898e-02   7.7755743e-02   1.2322188e-01   1.2338420e-01   2.0965939e-01   2.2307797e-01   5.2886843e-02   8.2238343e-02   1.0925611e-01   1.0432236e-01   8.4097648e-02   7.0217474e-02   1.3416536e-01   1.3189129e-02   1.3404776e-01   2.3499444e-01   1.6148177e-01   2.9514982e-01   7.8980972e-02  -1.9651639e-02  -1.3247097e-02   2.0325122e-01   1.8028199e-01   9.1803548e-02  -6.7697602e-03   2.3089286e-02
  -1.4965506e-02  -7.4567139e-03   1.0475374e-01   1.2222392e-01   1.2760119e-01   7.9725814e-02   1.5763273e-01  -1.4163715e-02  -3.7179513e-02   3.4832512e-01   2.9580898e-01  -9.7742179e-02   2.9996092e-01  -9.7634171e-02   3.5215792e-01   1.6405805e-01   0.0000000e+00   3.1464150e-01   6.6309131e-02   2.8336874e-01   2.2827839e-01   9.5707993e-02   1.6059677e-01   1.7387320e-01   1.4027579e-01   9.8942773e-02   1.0749810e-01   5.2174611e-02   4.9459145e-01   4.6918565e-01   3.2289077e-01  -2.3579584e-02   3.1431952e-02   2.8255137e-01   9.6763163e-02   1.7084212e-01   2.1795942e-01   2.5934923e-01   1.5525552e-02   2.5033351e-01   5.6935230e-02   1.2607630e-01   2.3981445e-01   1.2037884e-01   4.9275028e-02   2.0285886e-01   3.6894579e-01   1.4322591e-01   2.6810319e-01   3.9168358e-02   4.0354400e-01   2.3586118e-01   2.5332498e-02  -5.5989393e-02   1.3630491e-01   3.2288967e-01   7.5127603e-03   8.0046621e-02   1.3401006e-01   2.2212726e-01  -8.5723941e-02  -1.1535552e-02  -3.8512846e-02   2.5513765e-01   1.6265434e-01  -3.9111893e-02   1.2692609e-02   6.3548821e-02   8.0082794e-02   2.1636129e-03  -8.9939031e-02  -1.8391445e-02  -5.2842677e-02  -1.6366879e-01   0.0000000e+00   7.8562162e-02   5.5755954e-02  -3.4065236e-04   1.0901275e-02   1.3971867e-01   6.6138695e-02   8.0669265e-02   2.9875984e-01   7.0211848e-02   1.8440509e-01  -8.7067261e-03  -1.6797021e-02  -2.8761464e-04   2.3675410e-01  -9.6297162e-02   1.0837117e-01  -5.3522512e-02   5.0426453e-04  -7.4500681e-02  -9.5240765e-03  -5.8942764e-02   3.6907357e-01  -3.6837036e-02  -2.5288503e-02  -7.1202459e-02   1.7592984e-01  -3.3245672e-02   1.1414695e-02   5.8245357e-02  -1.0474223e-01   2.8444358e-02  -5.8459827e-02   6.3516925e-02  -1.0908939e-01   6.4414841e-02   9.6203140e-02  -1.0512574e-01  -7.4774479e-02  -9.1284051e-02   2.8330952e-01  -4.7623146e-02  -1.4223428e-01   1.7038961e-02
  -3.4455340e-02   1.0031959e-02   2.1017353e-01   3.4975160e-02   1.4310672e-01   7.4050340e-02   2.4557162e-01  -9.7957803e-02  -9.2209150e-02   1.9741946e-01   3.2038427e-01  -3.6053243e-03   5.5962680e-01  -2.8448876e-02   5.4748090e-01   2.0496030e-01   3.1464150e-01   0.0000000e+00   1.8459370e-01   5.3729955e-01   3.1491968e-01   8.4727663e-02   2.0852051e-01   2.0078032e-02   3.2886970e-01   1.9866188e-01   3.1636856e-01   2.4347430e-02   2.6686717e-01   4.7134597e-01   4.1144240e-01   3.8992464e-02   1.4409431e-01   2.7756565e-01   1.0711141e-01   2.2542335e-01   2.3721785e-01   1.1082045e-01   1.2480089e-01   3.0146891e-01   1.7421286e-01   2.6222592e-01   5.0363289e-01   2.3959128e-01  -2.8953251e-02   2.7370778e-01   2.3829471e-01   2.3412655e-01   4.4414103e-01   3.6889718e-01   6.8512254e-01   3.1200960e-01   1.5154104e-01  -2.2017690e-03   1.9775544e-01   3.3192900e-01   2.7504006e-01   1.5739264e-01   2.9085523e-01   2.0732294e-01  -3.6355402e-03   1.2130397e-01  -4.9697924e-02   5.6365507e-01   9.3391902e-02   2.8153365e-01   6.4469803e-02  -2.5718765e-02   5.7653419e-03   3.4604717e-01   1.1073415e-02   1.7474896e-01  -1.5077554e-02   8.0857022e-02   0.0000000e+00   8.9163157e-02   4.9069040e-02   2.6244667e-02   1.3989511e-01   2.6009202e-01   2.2613985e-01   1.8179673e-01   3.9302257e-01   1.7599475e-01   2.1360751e-01  -6.0842908e-02  -2.0767519e-02   1.0043327e-01   1.3476479e-01  -2.5993127e-01   1.1457267e-01   2.7846002e-01   9.1681060e-02   2.6835266e-02   1.1428588e-01  -6.8768220e-05   3.3781680e-01  -2.3982549e-02  -5.1054490e-02  -1.6437748e-02   1.3155615e-01  -2.7954976e-02   4.2076768e-02   2.1420706e-01   7.2559032e-02   1.5102626e-01   5.5103178e-03   1.4344119e-01  -5.6205629e-02   4.3840256e-02   2.3360843e-01  -9.8261784e-02  -6.0155855e-02   8.3048126e-02   3.2822390e-01  -1.1956624e-01  -1.4384436e-01   1.2704594e-01
  -8.6747711e-02  -2.8412474e-01  -8.1363435e-04   1.2087080e-01   4.0955407e-02  -1.2180462e-01   4.6356139e-02   2.5737364e-02   3.1769312e-02   1.0921012e-01   1.7385783e-01   7.1239011e-02   1.4322776e-01  -8.0583918e-03   2.1995216e-01   1.5384552e-01   6.6309131e-02   1.8459370e-01   0.0000000e+00   1.8965730e-01   1.7648223e-01   1.9071129e-01  -8.0397616e-03  -6.9808600e-02   3.2341357e-01   3.1337376e-01   3.1452598e-01   1.2805948e-01   5.5286420e-02   9.9465636e-02   1.0544432e-01   9.5568629e-02   1.9884880e-01   8.0867682e-02   2.1396583e-01   2.8986948e-01   1.4518965e-01   2.4379769e-01   4.5663549e-01   1.6133315e-01   3.0059365e-01   3.7179450e-01   4.0759986e-01   3.6302191e-01  -7.9210935e-02   2.7811901e-01   7.3379379e-02   1.1780165e-01   2.8561728e-01   2.4470167e-01   1.9640346e-01   2.8659614e-01   2.8468668e-01   5.9982991e-02   2.3181226e-01   1.5136722e-01   3.6294712e-01  -2.6881818e-02   3.4040305e-01   1.9166104e-02   2.2620670e-02   1.3682642e-01  -6.6043378e-02   2.2883947e-01   1.4057742e-01   2.3305328e-01   1.0472728e-01   7.3863657e-02  -1.2865378e-01   2.1824036e-01   4.5721361e-02   4.4802730e-02  -1.6236316e-01  -7.6135911e-02   0.0000000e+00  -7.8715300e-03  -1.1710456e-01   9.7582701e-02   2.0696364e-01   6.9718698e-02   2.0626147e-01   1.2105314e-01   1.8093508e-01   4.7561252e-03   3.0075204e-01   3.3225612e-02  -5.5809927e-02   1.1287223e-01   1.1944262e-02  -8.5314032e-02  -9.6308878e-03   2.7948197e-01   2.0228197e-01   2.9529641e-01   4.3677917e-01   9.4316840e-02   8.5475247e-02   2.9457744e-01   5.3325269e-02   1.7346987e-01   7.7459764e-02   2.0768975e-01   1.0933525e-01   2.0197081e-01   1.9672817e-01   1.6679294e-01   3.0685085e-02   3.2293955e-01   1.2182245e-01   2.5697001e-01   2.1343188e-01  -1.0453195e-01  -4.4103281e-02   2.5102247e-01   1.3572188e-01   1.2754252e-01   2.8210919e-02  -6.3309059e-02
  -6.3830831e-02  -2.3400917e-01   4.4930285e-02  -5.0192638e-02   2.2109363e-01  -2.8026673e-02   2.4408686e-01  -9.4514461e-02  -2.0178923e-01   2.6258802e-01   2.6015754e-01   1.0410472e-03   6.1439412e-01  -1.4085647e-01   3.0087161e-01   1.2116006e-01   2.8336874e-01   5.3729955e-01   1.8965730e-01   0.0000000e+00   5.8946148e-01   4.0229982e-01   3.0917826e-01   1.1172160e-01   4.4746297e-01   1.8739835e-01   6.5468180e-01   1.6299924e-01   2.7854061e-01   4.6938045e-01   4.0609300e-01   8.0824372e-02   9.3224431e-02   2.4996078e-01   2.9471412e-01   2.4103009e-01   3.6890967e-01   2.9706219e-01   1.7172824e-01   2.5555123e-01   1.7127615e-01   3.4574301e-01   4.0624345e-01   2.7652155e-01   1.1808622e-02   2.1971611e-01   3.6855619e-01   1.3415751e-01   3.1234591e-01   2.8137123e-01   4.3653451e-01   4.5245396e-01   1.8709551e-01   5.6690934e-02   2.0409766e-01   2.2969155e-01   3.6634823e-01  -8.2208450e-02   1.9247466e-01   2.5600893e-01   1.1301720e-01   1.6802703e-01  -7.5753121e-02   3.1119266e-01   1.8608205e-01   2.3704799e-01  -2.1534800e-01  -1.4273604e-01  -1.9009794e-01   4.3845874e-01   1.4586572e-01  -6.2335777e-02  -1.4062314e-01   2.1729376e-02   0.0000000e+00  -2.4681690e-01   1.8885717e-01   1.4306736e-01   1.8396736e-01   1.0906046e-01   4.0790558e-01   3.2100590e-01   6.0967741e-01   3.2005407e-01   4.4966362e-01   2.0116410e-01   3.1012425e-02  -1.4888324e-02   1.5349467e-01  -3.5329216e-01   4.4269583e-02   4.6276537e-01   6.9997932e-02  -2.1816056e-02   1.0395236e-01  -7.3272759e-02   5.8175747e-01  -7.1993857e-02  -3.1229567e-02  -4.0138376e-02   3.4096103e-01  -1.5093185e-01   2.9626856e-01   2.5016554e-01   3.3677667e-02   2.6062649e-02  -4.5708792e-02   9.7938753e-02  -1.0295144e-01  -1.6694390e-02   6.5307334e-03   2.1151425e-02  -4.0796580e-02   2.5035366e-02   3.0565636e-01  -1.6332761e-01  -7.2781946e-02   1.3928134e-01
  -3.4098072e-02  -1.1279077e-01  -5.9928470e-02   1.0166273e-01   1.0060174e-01  -4.2427918e-02   1.3800541e-01  -1.4876912e-02  -8.5811492e-02   3.3099551e-01   2.7602652e-01  -4.0261575e-02   4.7865391e-01   2.4233927e-02   2.7457091e-01   2.0748535e-01   2.2827839e-01   3.1491968e-01   1.7648223e-01   5.8946148e-01   0.0000000e+00   4.2884374e-01   3.5244157e-01   1.1391333e-01   4.9174811e-01   2.2202433e-01   3.6106777e-01   2.0050018e-01   2.4783853e-01   3.6674373e-01   1.7667806e-01  -3.5679488e-02   8.5890651e-02   1.8727889e-01   3.3278404e-01   2.7240835e-01   3.1802641e-01   3.4130918e-01   1.9699101e-01   2.7107611e-01   1.7142534e-01   3.1122882e-01   2.8318883e-01   2.9518639e-01  -4.6420054e-03   3.4128803e-01   2.8045375e-01   2.0812213e-01   3.0827204e-01   1.6178484e-01   2.5845050e-01   2.6621213e-01   1.6097097e-01   9.3278850e-02   2.3747204e-01   2.8078198e-01   2.5996470e-01  -1.9329119e-02   2.2455947e-01   2.3521162e-01   1.4441390e-01   1.3586284e-01   8.4077424e-02   1.2820825e-01   1.9101510e-01   4.3119973e-02  -5.7363993e-02  -3.7817209e-02  -2.2414209e-01   2.1471063e-01   7.1626802e-02   3.7409509e-02  -9.9109153e-02  -2.0896719e-02   0.0000000e+00  -1.2771185e-01  -7.1528014e-02  -6.1240069e-03   2.3553834e-02   9.3742026e-02   1.1128384e-01   1.3177767e-01   3.9414178e-01   7.1617153e-02   2.0603244e-01  -1.1187183e-02  -1.2028045e-01   3.6352602e-02  -5.7031073e-02  -2.7089302e-01  -7.4890314e-02   1.9356869e-01  -1.8601053e-02  -1.3152755e-02   8.1151599e-02  -1.7919044e-02   4.4491711e-01   6.0042052e-02  -7.2826953e-02   1.6217573e-02   2.8551670e-01   2.5824678e-02   1.4598230e-01   2.2134599e-01   1.5475964e-01   5.8796379e-02   6.2598437e-03   1.2172066e-01   4.7602137e-02   7.9980185e-02   1.4874676e-02  -1.4980235e-02  -7.7888481e-03   5.8580371e-02   1.7308660e-01  -2.9075928e-04   7.5677435e-02   6.0520265e-02
