   0.0000000e+00   1.7158392e-01   0.0000000e+00   5.3874839e-02   7.3150790e-02   6.2157162e-02   3.4261544e-01   2.0507661e-01   2.4800683e-01   1.6944454e-01   1.5546044e-01   1.4940701e-02  -4.5728208e-02  -7.9284870e-02   8.3933124e-02  -2.8871969e-01  -2.8725787e-02  -5.7349467e-02  -6.7394334e-02  -4.1659012e-02  -6.0281237e-02  -1.0848341e-01   9.4329616e-02  -2.8343256e-02  -1.2728212e-01  -1.0312254e-01  -1.5267519e-01  -2.6000283e-02   2.0470673e-02   6.5835140e-02  -3.9430248e-02   1.5954613e-01   2.3514160e-02   1.7076435e-01   1.3958394e-01  -8.1452734e-02  -1.1480276e-01   3.0614490e-02  -1.7181889e-02   1.9694308e-01   4.1757363e-02   4.2827068e-02  -4.8555166e-02   5.8845042e-03   1.1404744e-01   1.2779817e-02  -1.3120324e-01   1.3203559e-02   5.3819061e-02  -1.2450581e-01   7.9326354e-03  -8.4365283e-02  -4.3745359e-02  -1.1132265e-02  -1.5165970e-01   4.9852749e-02  -2.1800614e-01   1.3774659e-02   8.3845972e-02   1.7053882e-02  -9.2530451e-02  -2.5272724e-02  -1.6547548e-01   2.0669852e-01   2.3477575e-02  -5.3433271e-02   3.0283229e-02   2.6309073e-01   1.6586806e-01  -6.9570280e-02   3.0776786e-02   1.9685484e-01   7.5772155e-01   3.0724316e-01   0.0000000e+00   2.4030212e-01   2.4334785e-01   1.2263479e-01  -3.5694122e-02   1.6031022e-01  -1.1092820e-01  -5.7849551e-03  -3.2884530e-02   3.2565351e-02  -1.3099980e-01   1.5056780e-01   8.7518510e-02   1.0456477e-01   1.7715060e-01   2.4680970e-01   1.2336539e-01  -1.6027583e-01   1.2820311e-01  -8.6657336e-02  -1.6806064e-01   1.2608295e-01  -4.3783995e-02   7.0452660e-02   9.5300420e-02  -2.2499886e-02  -3.7205138e-02   7.4625499e-02   3.3418221e-01  -4.1324414e-04  -1.8693159e-01   8.7090631e-02   1.5478697e-01   7.6757395e-02   8.5876659e-02  -4.6367903e-02   1.9387195e-02   1.9172069e-01   2.0716323e-01   5.7504418e-02   1.3349015e-01   1.7833213e-01   9.1023290e-02   9.2932309e-02
   1.7158392e-01   0.0000000e+00   0.0000000e+00   9.8820394e-02   1.3113902e-01   2.5044458e-01   6.5864707e-02   1.4674507e-01   9.1080727e-02  -2.1069797e-01   5.1112887e-02  -1.2436750e-01  -1.6753483e-01  -1.6487065e-01   1.3618023e-02  -1.8807421e-01   5.4460251e-03   1.8696474e-01   4.0773441e-02   3.3226372e-02  -1.5907777e-01  -1.6166136e-01   9.2744518e-02  -7.2282187e-03  -1.2410330e-01  -4.9916931e-02  -1.5654932e-01   1.2577904e-02  -1.5648616e-02   2.6946950e-02  -7.3245144e-03   1.2819141e-01  -2.0072502e-01  -1.1500571e-02   1.1780843e-01  -1.1814998e-01  -2.4696108e-01  -6.8177056e-02  -1.0421749e-01   1.6195256e-03   4.8165375e-02  -1.3959248e-03   1.0380869e-02  -4.1837012e-02  -7.3166875e-02  -4.9467250e-02  -1.2459701e-02  -5.8117977e-02   1.5032498e-01   6.9844497e-03   5.4273717e-04   5.5716432e-02  -4.4553123e-02   5.7325950e-03  -6.5343849e-02  -1.0589362e-02  -1.2177775e-01   3.5199677e-02  -8.2273395e-02   4.1313496e-02  -9.1500069e-02  -4.1917224e-02  -1.0552507e-01   1.2468892e-01   6.5570248e-02  -3.1805052e-03   6.4182082e-02   1.7906180e-01   2.1424326e-01   7.6083896e-02   5.1033771e-02   1.3348756e-01   2.3945751e-01   2.1882519e-01   0.0000000e+00   2.3825819e-01   1.0911504e-01  -2.0695374e-02   1.1520571e-01   2.4340625e-01   9.1761298e-02   4.4008754e-03   5.3802993e-02   2.1168505e-01   8.3292645e-03   9.0242027e-02   9.7958169e-02   2.2032094e-01   1.7250085e-01   2.9421504e-01   1.4649211e-01  -1.0847085e-02   2.4183565e-01   4.3395949e-02  -2.2424182e-02   6.3599212e-02  -3.8352017e-02   3.0173685e-02  -4.7399355e-02  -2.4415839e-02  -8.3533421e-02   8.1162724e-02   1.8732996e-01   1.2313653e-02  -6.0263494e-02   6.4642768e-03  -3.3493024e-02  -2.6981074e-02  -1.2224866e-01  -1.1305853e-01  -7.1305005e-02  -1.8094472e-02  -1.1071283e-01  -1.3561057e-01  -1.8531963e-01   1.1529233e-01   1.1027929e-01   5.9962354e-02
   0.0000000e+00   0.0000000e+00   0.0000000e+00   0.0000000e+00   0.0000000e+00   0.0000000e+00   0.0000000e+00   0.0000000e+00   0.0000000e+00   0.0000000e+00   0.0000000e+00   0.0000000e+00   0.0000000e+00   0.0000000e+00   0.0000000e+00   0.0000000e+00   0.0000000e+00   0.0000000e+00   0.0000000e+00   0.0000000e+00   0.0000000e+00   0.0000000e+00   0.0000000e+00   0.0000000e+00   0.0000000e+00   0.0000000e+00   0.0000000e+00   0.0000000e+00   0.0000000e+00   0.0000000e+00   0.0000000e+00   0.0000000e+00   0.0000000e+00   0.0000000e+00   0.0000000e+00   0.0000000e+00   0.0000000e+00   0.0000000e+00   0.0000000e+00   0.0000000e+00   0.0000000e+00   0.0000000e+00   0.0000000e+00   0.0000000e+00   0.0000000e+00   0.0000000e+00   0.0000000e+00   0.0000000e+00   0.0000000e+00   0.0000000e+00   0.0000000e+00   0.0000000e+00   0.0000000e+00   0.0000000e+00   0.0000000e+00   0.0000000e+00   0.0000000e+00   0.0000000e+00   0.0000000e+00   0.0000000e+00   0.0000000e+00   0.0000000e+00   0.0000000e+00   0.0000000e+00   0.0000000e+00   0.0000000e+00   0.0000000e+00   0.0000000e+00   0.0000000e+00   0.0000000e+00   0.0000000e+00   0.0000000e+00   0.0000000e+00   0.0000000e+00   0.0000000e+00   0.0000000e+00   0.0000000e+00   0.0000000e+00   0.0000000e+00   0.0000000e+00   0.0000000e+00   0.0000000e+00   0.0000000e+00   0.0000000e+00   0.0000000e+00   0.0000000e+00   0.0000000e+00   0.0000000e+00   0.0000000e+00   0.0000000e+00   0.0000000e+00   0.0000000e+00   0.0000000e+00   0.0000000e+00   0.0000000e+00   0.0000000e+00   0.0000000e+00   0.0000000e+00   0.0000000e+00   0.0000000e+00   0.0000000e+00   0.0000000e+00   0.0000000e+00   0.0000000e+00   0.0000000e+00   0.0000000e+00   0.0000000e+00   0.0000000e+00   0.0000000e+00   0.0000000e+00   0.0000000e+00   0.0000000e+00   0.0000000e+00   0.0000000e+00   0.0000000e+00   0.0000000e+00   0.0000000e+00   0.0000000e+00
   5.3874839e-02   9.8820394e-02   0.0000000e+00   0.0000000e+00   1.8126152e-01   1.0103091e-01   3.9433771e-02   1.2261972e-02   5.1456386e-02   1.6319366e-01   1.6212451e-01   7.1230830e-02   4.7339836e-02   1.4160526e-01   2.0290138e-01   1.5202358e-01   8.9137332e-02   7.4863122e-02   1.0379512e-01   2.2575127e-01   1.8409992e-01   1.0635767e-01   2.1874132e-01   1.5603943e-02   1.0850924e-01   2.0404951e-02   1.0296751e-01  -4.9749543e-02   1.4901629e-01   1.0771574e-01   1.2461892e-01   1.5778964e-01   2.2910691e-01   1.1510263e-01   1.3225379e-01   1.0600309e-01   1.4775314e-01   2.1010802e-01   7.7065467e-02   2.6733497e-01   1.0280219e-01   1.1377522e-01   1.4180511e-01   1.9354813e-01   1.4417629e-01   1.7189924e-01   5.4848910e-02   4.6844068e-02   8.8993157e-02   9.2313933e-02   2.1435006e-01   6.4831094e-02   1.2878293e-01   1.0857738e-01   1.0026352e-01   5.4121639e-02   1.5881377e-01  -4.8792074e-02   1.7005699e-01   8.6184161e-02  -1.8322998e-03  -1.5151265e-03  -1.1023154e-02   2.5529881e-01   6.2348733e-02   2.6728912e-01   1.9035371e-02   1.0401252e-01   1.4661701e-01   8.3792432e-02  -5.4829928e-02   1.1216745e-01   4.3875661e-02  -5.3438899e-03   0.0000000e+00   1.1666563e-01   1.1191909e-01   9.2881380e-03  -5.6011450e-03   2.7330156e-02  -1.3219325e-02  -1.0458020e-01   4.7094735e-02   8.1180566e-02   7.4887792e-03   1.0120001e-01  -5.8341539e-03   5.0908176e-02  -1.5443069e-02   2.1002088e-01   1.3239164e-01   1.1410899e-04   5.4895182e-02   1.4865637e-01   9.8235802e-02   1.6023245e-01   7.1511871e-02   1.1503970e-01   1.6555366e-01   1.0814866e-01   5.9043717e-02   3.9670483e-02   2.8567823e-01   8.0141843e-02   1.1586509e-01  -2.5841782e-02   1.3089505e-01   1.3502306e-01  -8.8607511e-02   1.2422668e-01   1.6487109e-01   9.5742234e-02   9.5189223e-02   1.4493847e-02  -1.4003232e-02   2.8672063e-02   2.4242510e-02   9.3678056e-02
   7.3150790e-02   1.3113902e-01   0.0000000e+00   1.8126152e-01   0.0000000e+00   5.1029574e-01   2.6918575e-01  -1.4883855e-01  -6.1504538e-02   9.4380400e-02   7.3764352e-02   9.1293821e-03  -9.2043515e-02   2.1945422e-01   1.6631276e-01  -3.1943157e-02   4.8322824e-01   4.2929898e-01   1.8731901e-01   4.8426494e-01   7.1226029e-02   1.4546096e-01   1.0180906e-01  -3.8184281e-02   1.6635125e-01   2.5166227e-01   5.3594616e-01   4.7361332e-01   2.8922052e-01   1.7431112e-01   4.5321287e-01   2.7903442e-01   1.2831805e-01   7.8765836e-02   4.8981449e-02   2.8737901e-01   1.1117962e-01   1.1158057e-01   4.5115743e-02   1.9417490e-01   1.4509044e-01   1.8740608e-01   3.3290089e-01   1.8846321e-01   1.3377969e-01   1.1784048e-01   5.6452936e-01   9.7217406e-02   2.5984094e-01   6.7199210e-01   5.3171487e-01   2.4225923e-01   8.0647800e-02   2.7017908e-01   1.5964821e-01   1.5883332e-01   1.7941560e-01  -6.1353771e-03   1.7757849e-01   2.7382178e-01   1.1020535e-01   1.6992836e-01  -1.1838713e-01   7.3180164e-02  -1.0006199e-01   2.5019631e-01   1.5580358e-01   3.1818185e-01   9.1642963e-02   3.2215954e-01  -1.1109224e-01   3.0172853e-01   2.7843474e-01   2.0769454e-01   0.0000000e+00   2.1527563e-01  -1.4692329e-01   1.4792880e-02   4.5694506e-01   2.2830403e-01   4.3295952e-01   3.7437876e-01   5.0799062e-01   3.7181228e-01   4.4294690e-01   3.1071074e-01   3.0273323e-01   3.5019739e-01   3.1776520e-01   2.3189895e-01   2.0907289e-01   4.9517488e-01   1.9639728e-01   1.7136292e-01   2.1485904e-01   1.0416074e-01   2.7935713e-02   5.3459596e-02   2.3797291e-02   1.1320767e-01   3.5149119e-01   9.2125175e-02   3.0752862e-01   1.7552366e-01   1.1479020e-01  -4.0088018e-03  -7.4532785e-02   1.0022730e-01   5.7626402e-02   3.0929159e-03   1.9970830e-01   1.1208319e-01   1.1252111e-01   1.9150294e-01   5.4747988e-02  -1.6420911e-01   2.5486331e-02   1.3597858e-01
   6.2157162e-02   2.5044458e-01   0.0000000e+00   1.0103091e-01   5.1029574e-01   0.0000000e+00   2.1903351e-01   1.3460460e-02  -5.1721005e-02  -1.4722809e-01   7.4655555e-02  -1.3087544e-01  -1.1690158e-01   8.0932978e-02   2.1914955e-01   2.8704863e-02   1.6124515e-01   2.5065684e-01   1.7917570e-01   1.6248885e-01  -1.9582485e-02   1.7575162e-02   8.4115626e-02  -6.9410789e-03   1.5647916e-02   4.8823343e-02   1.1156252e-01   1.5906902e-01   1.8948186e-01   5.4644227e-02   1.9478625e-01   2.2123805e-01   2.5515974e-02   2.1630033e-02   1.3187712e-01   7.8624032e-02  -1.0009990e-01   3.7060807e-02  -3.6246488e-02   7.4158076e-02   4.2471468e-02   8.5128603e-02   1.4615155e-01   1.2100011e-01   5.7386583e-03   1.0955409e-02   3.3277188e-01   1.8110424e-02   7.5690039e-02   3.5792280e-01   2.7232964e-01   1.1205365e-01  -7.9203378e-02   2.5456788e-01   1.4750504e-01   8.5347367e-02   6.2981166e-02  -6.8201101e-02   3.6925011e-02   1.6866890e-01  -1.4108349e-02   7.8962778e-02  -7.3028544e-02   1.7472813e-01  -2.7669411e-02   1.7581078e-01   1.6596706e-01   3.4106276e-01   1.7984991e-01   1.1521394e-01   5.1977296e-02   3.6730675e-01   2.1524679e-01   2.0707599e-01   0.0000000e+00   3.1816906e-01  -1.1554772e-02  -2.8725281e-02   2.5053996e-01   2.6108987e-01   1.7614917e-01   2.5733533e-01   2.2955554e-01   2.3419063e-01   1.2225784e-01   2.3163702e-01   2.0783301e-01   2.6052062e-01   2.0485474e-01   2.7636394e-01   1.5117972e-01   1.8568572e-01   2.0798578e-01   1.6756629e-01   1.8498037e-01   1.1065667e-01  -3.4019565e-02   4.5995284e-02  -2.1493550e-02   1.4780438e-01   1.2219308e-01   7.1333224e-02   1.9194449e-01   1.4776902e-01   7.1585658e-02   4.5959987e-02   1.0344470e-01   3.3191148e-02   1.2032612e-01  -2.0821680e-02   1.5712459e-01  -2.5177230e-02  -2.2533480e-02  -8.3954735e-02  -1.7858923e-01  -6.5062567e-02   8.9474505e-02   1.3193329e-01
   3.4261544e-01   6.5864707e-02   0.0000000e+00   3.9433771e-02   2.6918575e-01   2.1903351e-01   0.0000000e+00   1.2533289e-02   9.4021942e-02   1.1986519e-01   3.9729731e-01  -2.4040563e-02   5.1239359e-03   3.1077518e-02   2.0943530e-01  -3.4892277e-03   1.1062538e-01   1.0202642e-01   2.9222213e-02   2.4032549e-01  -1.3387288e-02  -4.9139202e-02   9.9899482e-02   5.7481686e-02  -1.0595321e-02  -2.6843370e-02   1.1263763e-01   1.7224868e-01   2.3622471e-01   4.3620731e-01   3.1193057e-01   3.8986509e-01   3.2282535e-01   4.4649187e-01   1.5089722e-01   1.5716897e-01   1.0685962e-01  -4.2539674e-02   6.5045773e-02   3.2211718e-01   9.1746843e-02   1.1675692e-02   2.7844532e-01   1.2309131e-01  -4.2404823e-02   1.8173573e-01  -3.0821146e-02   5.7511236e-03   1.0354608e-01   1.9928191e-01   2.9084801e-01   1.0271700e-01   1.1261711e-01   2.3248912e-02   2.3084094e-02   2.6442019e-01  -8.3939734e-02  -4.1817388e-02   2.4009306e-01   2.7600443e-01  -1.8249934e-01  -4.7686756e-02  -3.0752255e-01   2.3141381e-01   6.0870664e-02   3.6549590e-01   1.8924138e-01   3.4728959e-01   3.7656929e-01  -2.7579004e-02   8.5620700e-02   2.1801870e-01   3.6616821e-01   4.3675058e-01   0.0000000e+00   3.5832517e-01   1.1501134e-01  -3.8183742e-02   1.0656161e-01   1.4397930e-01   6.0909252e-02   2.8983131e-01   1.1979215e-01   1.2335419e-01   2.5018668e-01   2.9854295e-01   6.5590143e-01   2.3475981e-01   3.6124954e-01   1.3397940e-01   3.4158515e-01   4.1683041e-02  -1.6342698e-01   1.2276273e-01  -1.8376456e-02   1.4454041e-01  -3.4442204e-02   1.4241376e-02   3.8438542e-02   1.0022694e-01   1.9140667e-01  -7.2014151e-02   2.5807213e-01   9.6502461e-04  -5.6429078e-02  -3.6333229e-03   3.1234410e-02   1.2994387e-01   4.2835486e-02   6.0801164e-03   3.3257127e-01   2.0274124e-01   2.1510461e-01   1.1595422e-01   2.2379328e-01  -9.1980888e-02   4.2276553e-03   1.4456967e-01
   2.0507661e-01   1.4674507e-01   0.0000000e+00   1.2261972e-02  -1.4883855e-01   1.3460460e-02   1.2533289e-02   0.0000000e+00   3.1350886e-01  -4.9547870e-03   5.2069156e-02  -1.7166310e-02   6.6395787e-02  -6.8142265e-02  -3.2652662e-02   2.2145231e-02  -3.0949252e-02  -5.1227249e-02   3.8368020e-02  -9.1011538e-02  -4.3813446e-02  -5.8763274e-02   1.3115730e-01   4.5727068e-02  -7.6161689e-02  -1.6482387e-01  -1.9547113e-01  -7.9136366e-02   4.1172905e-03   1.2684200e-02  -8.2420191e-02   1.5744976e-01   1.3962980e-02   3.0503771e-02   3.2850480e-01   8.7847986e-03  -5.5066473e-02   1.4900375e-01   1.4391868e-01   8.5039132e-02   1.3878985e-01   3.2444478e-02   4.4529856e-02   9.6354661e-02  -4.6779013e-02   5.4081649e-02  -1.1758828e-01   7.9100726e-02  -5.4397956e-02  -9.6424859e-02  -5.8990993e-02  -1.0942159e-01   1.0852865e-01   4.5937952e-02  -7.5410342e-02  -1.7803289e-02  -4.6226887e-02  -1.4506405e-02   5.3716843e-02  -1.1436480e-01  -2.3842873e-02  -1.0865858e-01   3.5993414e-02   5.8669213e-02   9.1745592e-02   5.3255688e-02  -6.0906295e-03   1.3887812e-01   1.8672837e-01   2.6622757e-03   2.0535826e-01   6.7720903e-02   1.8204569e-02   3.4265966e-02   0.0000000e+00   1.7829769e-01   2.7496160e-01   1.9091439e-01  -7.3383997e-02   1.5465288e-01  -1.5706397e-01  -1.7485651e-01  -1.5256104e-01   4.2441143e-02  -1.5955273e-01   1.1986916e-01  -8.4166571e-02  -4.7652506e-02   8.4277060e-02   1.7002054e-01   1.1097419e-01  -1.9084281e-01   1.0753705e-01  -5.8261849e-02   1.1642119e-01   1.3848709e-01   9.3209477e-02   1.9223777e-01   1.8468790e-01   8.4502000e-02  -8.4209272e-03   1.0882806e-01   1.3572203e-01  -5.1362676e-02  -4.5650948e-02   9.6414624e-02   2.0398853e-01   2.7401723e-02   1.2553182e-01   1.0969725e-01   2.9033921e-02   5.6778519e-02   8.4950853e-02  -7.6836112e-02  -7.4890145e-02   6.3470223e-01   4.0245426e-01   1.0047675e-01
   2.4800683e-01   9.1080727e-02   0.0000000e+00   5.1456386e-02  -6.1504538e-02  -5.1721005e-02   9.4021942e-02   3.1350886e-01   0.0000000e+00   8.2006698e-02   1.0789471e-01  -2.8538148e-02   5.6785131e-02  -1.4191324e-01   1.6038639e-01   8.2039502e-02   1.4678746e-01   4.6514670e-02   1.9955190e-01  -1.0940010e-01  -2.5176258e-03  -1.3100333e-01   1.0214498e-02  -1.9082498e-02  -1.0862534e-01  -1.9280041e-01  -7.9819811e-02   9.0732200e-03   1.0376036e-01   6.5066010e-02  -8.6161307e-02   2.6636811e-01   8.6396781e-02   1.3860103e-01   2.2469141e-01   8.7444545e-02   1.2236874e-01   2.9681453e-01   2.7653254e-01   1.5685586e-01   2.5894083e-01   2.6013074e-01   2.3144325e-01   2.2838265e-01   1.9174158e-03   2.1286233e-01  -9.4808866e-02   1.6209470e-01   1.5916871e-01  -5.1575530e-02  -3.6407971e-02   9.9427018e-02   2.9116606e-01   8.7338049e-02   4.8914373e-02   7.0912105e-02  -5.9428787e-02   1.7439411e-01   1.9090914e-01  -1.6841391e-01  -1.6376046e-02  -8.8303565e-02  -1.1985693e-01   2.1384917e-01   2.7845939e-01   1.3060012e-01   5.3656972e-02   2.0397806e-01   1.3100113e-01   3.6682533e-02   7.4398341e-02  -3.7484870e-02   1.5539163e-01   1.4931583e-01   0.0000000e+00   1.8173166e-02   4.1321738e-01   3.6734154e-01   7.1985170e-02   1.6556391e-02  -1.3265293e-01  -1.0120024e-01  -1.3570297e-01  -5.8113857e-02  -5.3827009e-02   1.3188723e-01  -4.8135050e-03  -3.6123637e-02   2.2193125e-01   1.7956671e-01   3.0828659e-01  -4.9780692e-02   1.8254383e-01   7.9661826e-02   2.1448084e-01   2.5021630e-01   2.3359420e-01   5.2958564e-01   6.3911279e-01   3.0144287e-01  -2.3662735e-02   2.2987837e-01   1.7033542e-01  -3.7427170e-02  -1.9386206e-03   1.4542446e-01   2.8337834e-01   2.5074122e-01   1.3754401e-01   4.2589777e-01   1.4044626e-01   1.2764046e-01   3.1712138e-01   1.8319824e-01   2.5449942e-01   3.2554403e-01   2.9818940e-01  -8.8892657e-02
   1.6944454e-01  -2.1069797e-01   0.0000000e+00   1.6319366e-01   9.4380400e-02  -1.4722809e-01   1.1986519e-01  -4.9547870e-03   8.2006698e-02   0.0000000e+00   2.3236626e-01  -7.6156396e-02   1.5459695e-01   1.7909829e-01   1.0863113e-01   2.0890274e-01   2.5758791e-01   2.0056592e-02   1.1003018e-01   1.6355915e-01   4.1058527e-01   3.4119222e-01   1.1602189e-01   1.2123156e-01   4.1379327e-01   1.6752443e-01   3.6887057e-01   9.8842894e-02   3.2737379e-01   1.1470211e-01   2.0598810e-01   9.0107719e-02   5.6196583e-01   2.0190342e-01   5.4374910e-02   4.5474568e-01   6.8424513e-01   5.1527663e-01   4.0665751e-01   4.7566592e-01   3.2016955e-01   3.2705293e-01   1.7175343e-01   2.4948300e-01   4.8480932e-01   3.8257255e-01   7.1364931e-02   9.7315469e-02   9.6691195e-02   8.1761499e-02   1.1481406e-01  -2.1692868e-02   2.5556584e-01   8.4938971e-02   1.6346867e-01   5.2082299e-02   1.0739092e-01   2.8376033e-02   3.3614803e-01   1.8013157e-01   1.1219493e-01   5.8110135e-02   3.2719163e-02   7.0894084e-02  -3.5328307e-03   2.0153779e-01  -8.4470555e-03   1.5993689e-02  -1.2958745e-01  -6.0564464e-02  -2.8170239e-01  -7.8833537e-02   7.4266550e-02   7.9205178e-02   0.0000000e+00  -1.8500189e-01   5.7876392e-02   1.3735609e-01  -1.0303096e-01  -1.8481439e-01  -9.7636171e-02  -1.6466683e-01   1.0558458e-01  -1.8279289e-01   3.1052000e-02   2.9284331e-01   5.1626299e-02  -1.3135033e-01   4.1578021e-02  -6.3477366e-02  -9.4286547e-02  -1.0987412e-01  -1.0796659e-01   5.7197548e-02   1.0920133e-02   1.5659734e-01   2.1311652e-01   1.0077286e-01   1.4760470e-01   9.1439176e-02   3.5952853e-01   3.3396254e-02   8.6439782e-02   1.1863946e-01  -4.2741357e-02  -9.6685609e-02   6.3816075e-02   1.1163349e-01   3.6770996e-02   3.2429248e-01   2.5078716e-01   1.0222978e-02   4.3610246e-02   4.3958299e-03   6.9316394e-02  -4.1971794e-02  -8.6402897e-02  -9.7255200e-02
   1.5546044e-01   5.1112887e-02   0.0000000e+00   1.6212451e-01   7.3764352e-02   7.4655555e-02   3.9729731e-01   5.2069156e-02   1.0789471e-01   2.3236626e-01   0.0000000e+00   4.0661312e-02   2.7224867e-02   3.7848131e-02   2.3488674e-01   1.5149229e-01   1.3806473e-01  -7.6547111e-03   1.3473405e-01   1.0515482e-02   1.8139296e-01   1.1294275e-01   1.5657238e-01   5.8169021e-02   1.2319703e-01  -3.4963234e-02   2.5070773e-02   6.7056911e-02   1.1022085e-01   2.1650229e-01   1.5841383e-01   1.7136018e-01   4.2584292e-01   3.5995773e-01   1.1323797e-01   1.5121312e-01   2.3419863e-01   1.9020532e-01   1.5727390e-01   5.6446002e-01   2.9698819e-01   1.0560748e-01   2.0779000e-01   1.0554789e-01   8.5899833e-02   2.5994951e-01  -3.7762577e-02   1.2948610e-01   8.0643939e-02  -3.2606044e-02   1.1906316e-01  -9.8996882e-02   2.1083172e-01   1.6791862e-01   8.1733994e-02   1.6619498e-01  -1.3600095e-01   1.4507629e-02   4.1022947e-01   1.7338453e-01  -6.9958899e-02  -1.4673010e-02  -1.0472001e-01   1.9351000e-01   4.4893236e-02   2.1807581e-01   1.2472712e-04   9.5463363e-02   3.0796917e-02  -1.7927004e-01  -5.1428893e-02   4.5668521e-02   1.5825573e-01   1.2624068e-01   0.0000000e+00   2.4099465e-02   2.1301689e-02  -4.3466223e-02  -1.8439647e-01  -6.6205563e-02  -2.4293209e-01  -8.4491617e-02   1.5763309e-02  -1.9842888e-01  -4.2915135e-02   9.9949859e-02   2.0583609e-01  -5.1679013e-02   9.6121651e-02   2.2149882e-02   1.4640518e-01  -1.6959411e-01  -4.0744871e-02  -3.3961862e-02   4.4554869e-02   2.1678435e-01  -1.8684249e-03   1.6550553e-01   1.4305743e-01   1.6357417e-01   8.8264747e-02   3.7843377e-03   9.8307489e-02   1.8215705e-02  -1.8551942e-01  -1.5560665e-01   8.2775192e-02   1.2635710e-01   4.5414264e-02   1.1223105e-01   1.5287506e-01  -5.7600042e-03  -1.0470664e-02  -2.0211357e-02   1.1386989e-01   1.9545563e-02  -1.1262522e-01  -1.0706452e-02
   1.4940701e-02  -1.2436750e-01   0.0000000e+00   7.1230830e-02   9.1293821e-03  -1.3087544e-01  -2.4040563e-02  -1.7166310e-02  -2.8538148e-02  -7.6156396e-02   4.0661312e-02   0.0000000e+00  -2.1653272e-02  -1.5713931e-02   1.1101302e-01  -4.9841135e-02  -1.0299999e-01  -6.4208524e-02  -5.4145698e-02  -3.0196734e-02   1.7565289e-02   4.7002932e-02  -6.2895879e-02  -9.4366059e-02  -5.7417316e-03  -1.0103062e-01   1.0210818e-01   1.9941794e-02   1.3400522e-02  -2.9071963e-02  -9.9677202e-02  -3.9073828e-02  -3.9092279e-02  -9.2361818e-02  -6.2122834e-02  -1.4251820e-01   3.5975221e-02  -1.7869623e-01  -2.0625840e-01  -7.7899278e-02  -1.3380496e-01  -1.9199098e-01  -8.8894985e-02  -1.1435358e-01  -1.6901234e-03  -6.9723360e-02  -5.9653241e-02  -4.1638213e-02  -5.1209379e-02  -1.6193702e-02   1.8027380e-02  -1.0612857e-01  -5.3102831e-02  -8.4095816e-05   5.6771685e-02   5.9688909e-02  -9.7628237e-03  -4.3490085e-02   3.9040219e-03   2.4059219e-02  -4.9306141e-02  -1.8677455e-02  -7.8810291e-02  -1.0140382e-01  -1.5721992e-01   2.6611261e-02  -1.2493626e-01  -1.0015031e-01  -7.2734962e-02  -2.0616235e-02  -1.5162472e-01   6.7326751e-03  -1.4709377e-01  -3.3191868e-01   0.0000000e+00  -8.8402920e-02   1.0720146e-02  -1.8429026e-02  -6.0056453e-03  -6.7507406e-02   1.6034830e-03  -1.2982584e-02  -2.0555798e-03  -1.3198346e-01  -5.5899692e-02  -4.2310355e-01  -1.5678215e-01  -5.7890844e-02  -8.6863958e-02  -2.1158123e-03  -9.5723818e-04  -3.9098771e-02  -8.9586850e-02   1.5734682e-02  -8.9435580e-02  -7.3563757e-02  -1.8394004e-01  -9.6908926e-02  -1.7797314e-02  -9.1246072e-02  -8.0740075e-02  -2.0887402e-01   2.4507901e-02   1.7357267e-02  -7.4748142e-02  -1.5570194e-01   7.0922216e-02  -4.9331077e-02   3.0489696e-02  -1.6706374e-01  -1.1541343e-01   1.1477335e-01   2.0143073e-01   1.4472049e-01   2.4979204e-01   1.1962836e-01  -7.6075125e-02  -3.4164571e-02
  -4.5728208e-02  -1.6753483e-01   0.0000000e+00   4.7339836e-02  -9.2043515e-02  -1.1690158e-01   5.1239359e-03   6.6395787e-02   5.6785131e-02   1.5459695e-01   2.7224867e-02  -2.1653272e-02   0.0000000e+00   3.7094386e-01   6.7200660e-02   1.5658825e-01   1.4297050e-01   1.1501329e-01   1.7521954e-01   2.9539316e-01   2.7119514e-01   3.0124216e-01   1.2793226e-01   8.5364655e-02   2.9837592e-01   8.4644862e-02   2.2148543e-01   5.5954652e-02   3.9065357e-02   4.4266491e-02   1.0731578e-01  -1.0740611e-02   1.0868474e-01  -8.7757949e-02   1.0251443e-01   3.0249165e-01   2.7239580e-01   2.5594948e-01   2.4828268e-01   1.7730497e-01   1.4096526e-01   2.2317780e-01   5.3573457e-02   2.0099865e-01   1.0336708e-01   1.9882295e-01   1.6462504e-01   1.1668040e-01  -5.4704601e-02   9.7894596e-02   1.5770907e-01   5.7576644e-02   1.3157135e-01   7.5308234e-02   2.8839011e-01   4.1619237e-02   3.1363201e-01  -1.6160921e-01   2.1428995e-01  -4.7283582e-02   2.4809501e-01   9.2748483e-02   3.3235216e-01  -1.3568468e-01  -9.1524579e-02   1.5354144e-01  -9.9433983e-03  -7.3918293e-02  -6.5680587e-02   2.6731591e-01  -5.3941251e-02  -1.1307825e-01  -2.8799456e-02  -1.9670630e-02   0.0000000e+00  -1.8260383e-01   1.6087541e-01   2.6378452e-01   9.9613978e-02  -7.1512572e-02   7.7515075e-02  -7.0455837e-02   5.2812836e-02   5.0997624e-02   1.6697590e-01   6.4662203e-02  -1.8941485e-02  -8.8953667e-02   9.1879464e-02  -8.4195419e-02  -2.4866101e-01   1.0409605e-01  -1.0389181e-01   1.8371862e-01   1.1404331e-01  -4.4928248e-02   2.4007579e-01   1.2478394e-01   2.0275259e-02   5.2374529e-02   1.4262930e-01   2.3647652e-01  -2.8756882e-02   2.8713923e-03   4.0791293e-01   2.0441133e-01   4.7467640e-02  -4.6749382e-02   2.5118976e-01   1.2606848e-01   9.7769779e-02  -1.3322057e-01  -1.1889949e-02   1.9476054e-01   8.1214428e-03   1.2779508e-01   1.4709247e-01   1.3821005e-01
  -7.9284870e-02  -1.6487065e-01   0.0000000e+00   1.4160526e-01   2.1945422e-01   8.0932978e-02   3.1077518e-02  -6.8142265e-02  -1.4191324e-01   1.7909829e-01   3.7848131e-02  -1.5713931e-02   3.7094386e-01   0.0000000e+00   8.9540471e-02   1.0993403e-01   1.0883401e-01   5.9964999e-02   1.7861240e-01   2.9564685e-01   5.1747739e-01   5.6785540e-01   1.7864236e-01   2.9174624e-02   4.9726865e-01   3.7966531e-01   3.5568460e-01   1.3825407e-01   5.1589293e-03   1.1726590e-02   1.1164362e-01   1.9822556e-02   1.6489324e-01  -4.0145658e-02   8.3728720e-02   3.7386692e-01   1.4019259e-01   1.9741717e-01   1.2905890e-01   1.2684332e-01   8.4469783e-02   1.5207290e-01   6.6766514e-02   1.8893229e-01   1.3358568e-01   1.0506228e-01   3.4762813e-01   1.2961963e-01   8.6487294e-03   2.5308298e-01   2.1820635e-01  -2.7532280e-02   6.5693861e-02   2.3698122e-01   1.8795972e-01   5.3575717e-02   5.4146998e-01  -6.0861317e-02   1.8918370e-01   2.0101347e-01   3.1810570e-01   2.2690436e-01   3.4545703e-01  -3.5554245e-02  -4.9791834e-02   1.1719891e-01   1.0027719e-01   1.8723062e-01   7.0594093e-02   2.4179265e-01  -1.1098878e-02   1.1022334e-01  -4.3796373e-02  -6.9203703e-02   0.0000000e+00   9.4929552e-02  -3.1401264e-02  -1.7548169e-02   1.5627985e-01   8.6835088e-02   2.1307383e-01   9.2528219e-02   2.9350783e-01   2.2430453e-01   2.4289192e-01   9.1707821e-02  -5.4465365e-02   1.7050711e-01  -1.2578403e-02   1.4883353e-02  -1.5112738e-01   2.1934514e-01   7.2356830e-03   1.8204960e-01   1.6633723e-01   1.4537777e-02   8.9770337e-02   8.8950252e-03  -5.6394913e-02   8.7204839e-02   2.3625028e-01   3.9566195e-02   2.8926320e-02   1.4116100e-01   5.7714069e-01   2.2515576e-01   4.6582804e-02   1.1997110e-02   2.6473046e-01  -3.4813917e-02   1.7156238e-01  -3.0872620e-02   3.4398588e-02   3.2361192e-02  -3.9062514e-02  -1.1879033e-01   9.5032712e-02   3.5124364e-01
   8.3933124e-02   1.3618023e-02   0.0000000e+00   2.0290138e-01   1.6631276e-01   2.1914955e-01   2.0943530e-01  -3.2652662e-02   1.6038639e-01   1.0863113e-01   2.3488674e-01   1.1101302e-01   6.7200660e-02   8.9540471e-02   0.0000000e+00   3.4079317e-01   3.2258440e-01   1.9535128e-01   3.0579607e-01   2.1222285e-01   2.1237906e-01   2.6303668e-02   1.0898753e-01   4.2963732e-02   1.0205200e-01  -5.1812693e-02   1.5170975e-01   3.5827711e-02   2.7416446e-01   2.7029558e-01   2.0089026e-01   3.7174080e-02   3.4887174e-01   3.3002770e-01   6.9279178e-02   2.4446646e-01   2.2340101e-01   1.7400196e-01   1.2933537e-01   2.7196766e-01   1.1258727e-01   3.3928520e-01   2.4718507e-01   2.7084103e-01   1.7161755e-01   2.8694230e-01   5.2314007e-02   2.1509626e-01   1.7327322e-01   1.6153794e-01   3.1177224e-01   1.1747185e-01   1.1930386e-01   2.6591056e-01   4.1443973e-01   5.3065977e-01   4.7419141e-02   5.3860612e-03   3.4741143e-01   7.8119635e-02  -1.5564145e-01  -9.0473896e-02  -1.3980349e-01   4.5627180e-01   2.1455637e-01   2.9684640e-01   1.5833411e-01   2.5459695e-01   1.8572699e-01  -3.1777578e-02  -1.0096192e-01  -5.6067237e-03   1.3162126e-01   1.0355523e-01   0.0000000e+00   1.6319844e-01   1.6585414e-02   3.1905159e-04  -4.5294041e-02  -2.6382552e-02  -3.5020155e-02  -2.1741677e-02  -3.9822086e-02  -3.0504132e-02   1.1634590e-01   1.0438801e-01   1.2979827e-01  -3.1673514e-02   5.9857956e-02   1.2516455e-01   2.7357030e-01   8.1640354e-03   3.9206498e-02   1.7812213e-01   3.0129485e-01   2.1675616e-01   1.1045426e-01   1.3155646e-01   2.2120545e-01   1.7997642e-01   2.1946969e-01   5.0744866e-02   2.7753191e-01  -6.9557437e-02   7.8730339e-02   3.6015952e-02   2.2821448e-01   2.2753300e-01   8.7405691e-02   1.5865745e-01   4.1128388e-01   2.3488527e-01   2.8672479e-01   7.2179462e-02   1.5249288e-01  -1.4122544e-02  -1.0006027e-01  -9.1791009e-02
  -2.8871969e-01  -1.8807421e-01   0.0000000e+00   1.5202358e-01  -3.1943157e-02   2.8704863e-02  -3.4892277e-03   2.2145231e-02   8.2039502e-02   2.0890274e-01   1.5149229e-01  -4.9841135e-02   1.5658825e-01   1.0993403e-01   3.4079317e-01   0.0000000e+00   2.4727537e-01   1.0407773e-01   3.5268731e-01   1.5065223e-01   2.2635894e-01   1.0831048e-01   4.2734774e-02   8.7638280e-02   2.1621959e-01  -1.0423168e-03   2.1134942e-01  -1.1371860e-02   1.8768144e-01   1.7111991e-01   1.3011946e-01   1.1467619e-01   4.7044801e-01   2.3311860e-01   1.2256762e-01   3.5057550e-01   4.9285571e-01   3.0794093e-01   3.5203644e-01   2.0483667e-01   1.8854497e-01   1.9976486e-01   2.6840067e-01   3.5909677e-01   3.6346183e-02   3.1838019e-01   8.7981471e-02   1.7064135e-01  -3.3604767e-02   1.5917288e-01   1.2105811e-01   2.1416200e-02   3.1157494e-01   1.1882197e-01   6.1317216e-01   2.8735487e-01   2.4120804e-01  -1.6282736e-02   2.7292661e-01   2.7008862e-02  -1.0719524e-02  -1.1943703e-01   2.9673583e-02   1.4014091e-01   1.5992536e-01   3.4466296e-01   4.5296060e-02  -3.5476768e-02   7.8699675e-02   1.5483483e-02  -1.3329396e-01  -1.7188502e-01  -3.2768709e-01  -1.6107259e-01   0.0000000e+00  -1.2285346e-01   1.3704981e-01   2.2833276e-01  -5.4278817e-02  -1.7002511e-01  -1.8163043e-02  -1.3193639e-01  -1.0672609e-01  -1.1291171e-01   1.6551572e-01   7.5099104e-02   1.1035414e-01  -1.2348843e-01   6.6096876e-02  -1.2459053e-01   8.8934549e-02   4.5076856e-02  -9.5454510e-02   1.7392293e-01   3.3970157e-01   1.6622906e-01   2.8887389e-01   1.5120676e-01   2.0830106e-01   1.4626104e-01   2.0187388e-01   3.5303985e-02  -1.1458696e-01   5.4782036e-02   1.6474917e-01   3.9557424e-02   1.3528272e-01   1.5305956e-01   1.2253665e-02   2.8089949e-01   3.6524833e-01   1.3698279e-01   1.1052600e-01   1.5653489e-01  -5.0462334e-02   2.7368934e-02  -5.2588294e-02  -8.5622890e-02
  -2.8725787e-02   5.4460251e-03   0.0000000e+00   8.9137332e-02   4.8322824e-01   1.6124515e-01   1.1062538e-01  -3.0949252e-02   1.4678746e-01   2.5758791e-01   1.3806473e-01  -1.0299999e-01   1.4297050e-01   1.0883401e-01   3.2258440e-01   2.4727537e-01   0.0000000e+00   5.9247433e-01   3.6356799e-01   4.7671068e-01   2.3086166e-01   1.7113711e-01   2.0869689e-01   3.4848089e-02   1.6549882e-01   8.4900785e-02   4.3898693e-01   1.3971275e-01   4.6593897e-01   2.0851049e-01   4.7816793e-01   1.1884018e-01   3.6363887e-01   3.0676301e-01   3.6452608e-02   4.8115937e-01   4.3335761e-01   4.1609156e-01   3.2930107e-01   3.5630040e-01   2.7342371e-01   5.8383633e-01   5.0233396e-01   4.3124999e-01   2.0698594e-01   4.9624168e-01   3.2349875e-01   4.0947206e-01   2.2980672e-01   4.8530854e-01   4.3274608e-01   2.6217405e-01   2.8716894e-01   2.1247121e-01   3.7584299e-01   2.9166129e-01   2.0762282e-01   1.5535169e-02   4.0325573e-01   5.4722749e-02   2.6219302e-02  -2.6754012e-03  -7.1659041e-02   2.4775581e-01   8.8588844e-02   3.0599185e-01   6.9876981e-02   1.0654426e-01   3.7859821e-02   1.8150959e-01  -2.1635215e-01  -5.8654743e-03   1.4512162e-01   1.7399257e-01   0.0000000e+00   1.9521110e-02  -9.4932308e-02   1.1800091e-01   1.2460732e-01  -7.5299806e-02   1.2390602e-01   2.9413153e-03   1.9708773e-01   4.6818325e-02   2.5008066e-01   2.8652747e-01   2.8126281e-01   1.7635427e-02   1.3627709e-01   6.9140534e-02   1.6320003e-01   2.0840864e-01   7.9243035e-02   1.8419161e-01   3.5463582e-01   1.9465565e-01   3.0836959e-01   2.7263657e-01   2.2800707e-01   1.8802370e-01   3.8841188e-01   1.6506669e-01   2.6343147e-01   3.5917744e-02   1.1085768e-01   6.8580271e-02   3.0704640e-02   2.2199708e-01   7.5757775e-02   3.3044905e-01   3.9933426e-01   1.4715113e-01   1.0948003e-01   2.2245439e-01   1.1870545e-01   1.1884214e-02  -5.0657958e-02  -1.0022049e-01
  -5.7349467e-02   1.8696474e-01   0.0000000e+00   7.4863122e-02   4.2929898e-01   2.5065684e-01   1.0202642e-01  -5.1227249e-02   4.6514670e-02   2.0056592e-02  -7.6547111e-03  -6.4208524e-02   1.1501329e-01   5.9964999e-02   1.9535128e-01   1.0407773e-01   5.9247433e-01   0.0000000e+00   3.1141958e-01   4.6988659e-01   2.8233585e-02   3.5261322e-02   2.9388946e-02  -1.1416894e-02   8.5405747e-02   9.4556051e-02   3.2708831e-01   1.6025972e-01   2.5513320e-01   1.8179009e-01   3.0595849e-01   1.4784612e-01   4.1666746e-02  -7.1585858e-02   7.7120097e-02   3.7704108e-01   2.0691954e-01   2.2664887e-01   2.0699928e-01   9.2418804e-02   1.5117019e-01   3.7070650e-01   3.5025099e-01   3.5811145e-01   1.5019296e-01   2.8414735e-01   3.8329005e-01   3.4215483e-01   1.5755365e-01   4.2671329e-01   3.4566014e-01   2.7366937e-01   1.9095656e-01   1.2653812e-01   2.4823282e-01   1.8553728e-01   2.7583466e-01  -1.6453285e-02   1.8893449e-01  -8.1611055e-03   1.0803128e-01   2.1574864e-02  -4.5800974e-02  -2.8625920e-02  -4.0301036e-02   2.3075792e-01   8.6029701e-02   1.1040896e-01   3.8224629e-02   4.8962316e-01  -1.3017946e-01   1.4322775e-02   1.1459635e-01   1.6835087e-01   0.0000000e+00  -4.1817810e-03   4.8322927e-02   2.7378687e-01   3.3454096e-01  -2.7485679e-02   3.1616430e-01   8.5953537e-02   2.4290376e-01   2.5885913e-01   3.9145611e-01   3.1865567e-01   2.4312729e-01   7.7067542e-02   3.2974435e-01   2.2118391e-01   8.7431258e-02   3.7786034e-01   1.7031706e-01   3.8295542e-01   3.1633480e-01   2.9867994e-02   2.3187537e-01   1.4604766e-01   7.2430607e-02   8.1852709e-02   2.8798822e-01   1.8616307e-01   1.9426466e-01   4.3230045e-02   2.5477974e-01   2.5335410e-02   8.1455342e-03   3.7473785e-02   6.5960467e-02   1.0989040e-01   1.8216640e-01   3.7765147e-02   4.7251047e-02   2.1411336e-01   7.3014009e-02  -2.0994465e-02   3.1751945e-02  -4.4832074e-02
  -6.7394334e-02   4.0773441e-02   0.0000000e+00   1.0379512e-01   1.8731901e-01   1.7917570e-01   2.9222213e-02   3.8368020e-02   1.9955190e-01   1.1003018e-01   1.3473405e-01  -5.4145698e-02   1.7521954e-01   1.7861240e-01   3.0579607e-01   3.5268731e-01   3.6356799e-01   3.1141958e-01   0.0000000e+00   1.5118508e-01   2.0730752e-01   1.0787773e-01   6.9635276e-02   1.5224823e-01   1.5593594e-01  -4.8700921e-03   2.5329587e-01   9.8948545e-02   2.1488470e-01   2.3954420e-02   1.8310184e-01   1.3462516e-01   2.5713410e-01   2.8558741e-02   1.6620231e-01   5.5523342e-01   4.0883070e-01   5.0841126e-01   4.6128015e-01   2.9918544e-01   4.2820391e-01   6.0480434e-01   3.6753165e-01   5.6800578e-01   1.2813571e-01   4.1365253e-01   3.9763391e-01   2.7976531e-01   7.2688694e-02   1.6599371e-01   1.8023876e-01   2.5393462e-01   4.4187222e-01   3.4562726e-01   3.8849040e-01   1.3655484e-01   2.5297321e-01  -1.3289501e-02   5.0685479e-01  -1.7249174e-03   8.7732041e-02  -5.0668873e-02  -3.9971661e-02   2.1448752e-01   1.0748551e-01   4.1803872e-01   7.0307371e-02   2.5925327e-01   7.2437042e-02   1.7798613e-01  -1.6279917e-01  -1.1053439e-01   3.7009334e-02   6.0420742e-02   0.0000000e+00   5.8584091e-03   1.1594500e-01   3.0416795e-01   4.8259776e-02  -8.6647961e-02   5.0316096e-03  -5.3215715e-02   3.3098146e-02  -3.4241491e-02   2.4949839e-01   1.9263460e-01   3.0707549e-02  -9.5422857e-02   2.0280921e-01   1.8679567e-01   9.9802834e-02   1.6078963e-01   2.3495092e-01   3.8987863e-01   7.2993189e-01   3.3809140e-01   3.9725098e-01   4.8802220e-01   3.5091110e-01   3.6307040e-01   3.5848572e-01   3.7511405e-01   7.8657766e-02   8.1921684e-02   2.9256692e-01   9.8062246e-02   2.5183049e-01   7.2645356e-02   2.4662391e-01   3.7046173e-01   2.9720403e-01   6.9632850e-02   1.3427631e-01   1.2489940e-01   3.8364214e-02  -2.0506079e-02   3.9478863e-02  -4.4763995e-02
  -4.1659012e-02   3.3226372e-02   0.0000000e+00   2.2575127e-01   4.8426494e-01   1.6248885e-01   2.4032549e-01  -9.1011538e-02  -1.0940010e-01   1.6355915e-01   1.0515482e-02  -3.0196734e-02   2.9539316e-01   2.9564685e-01   2.1222285e-01   1.5065223e-01   4.7671068e-01   4.6988659e-01   1.5118508e-01   0.0000000e+00   3.3948532e-01   2.7895386e-01   1.0577965e-01   5.1350827e-02   3.8124006e-01   2.2031662e-01   5.4408505e-01   1.3116343e-01   4.2120281e-01   4.1324519e-01   6.4499814e-01   1.2292646e-01   2.5083043e-01   2.0737540e-01   1.0994958e-01   2.9855131e-01   2.6393951e-01   1.7067395e-01   1.2823147e-01   1.2228089e-01   3.7839100e-02   2.6194273e-01   3.2586830e-01   2.8093611e-01   1.5664305e-01   2.7692967e-01   3.1537484e-01   1.1568320e-01   1.8162333e-01   4.8444335e-01   6.6836128e-01   2.9056980e-01   1.4933085e-01   5.6770872e-02   2.4796510e-01   2.6995488e-01   4.5341200e-01  -4.8804163e-02   2.3673047e-01   2.9227594e-01   1.8415141e-01   1.6917477e-01   1.8724610e-02   1.1066000e-01   1.0982855e-02   2.9711932e-01   1.3647637e-01   3.1407923e-02   1.4717977e-01   5.0225962e-01  -6.5192676e-02   2.3463986e-02   1.4742885e-01   1.9050301e-01   0.0000000e+00   6.6796552e-02   1.3187123e-02   3.6417843e-02   2.2667630e-01   4.5732430e-02   4.0358430e-01   1.4001499e-01   3.3659918e-01   5.7447761e-01   3.6545883e-01   3.5890288e-01   4.3719272e-01   1.8220016e-01   1.3462903e-01   1.3719119e-01   5.7710701e-02   3.7218304e-01   2.6117002e-02   2.0051261e-01   1.3748041e-01   5.0243595e-02   2.6208237e-01   4.4105484e-02   2.7906531e-02   5.0573681e-03   3.6471218e-01   9.3229504e-02   2.1359269e-01   9.9346501e-02   2.2663475e-01   1.2666818e-01  -7.6028172e-02   4.6034763e-02  -1.1896823e-01   5.8528439e-02   4.2884049e-01   6.8282022e-02   3.1858873e-02   1.9383572e-01   2.0878052e-02  -1.5556628e-01   1.7330403e-02   3.3416082e-01
  -6.0281237e-02  -1.5907777e-01   0.0000000e+00   1.8409992e-01   7.1226029e-02  -1.9582485e-02  -1.3387288e-02  -4.3813446e-02  -2.5176258e-03   4.1058527e-01   1.8139296e-01   1.7565289e-02   2.7119514e-01   5.1747739e-01   2.1237906e-01   2.2635894e-01   2.3086166e-01   2.8233585e-02   2.0730752e-01   3.3948532e-01   0.0000000e+00   5.5585100e-01   2.3337281e-01   1.0122544e-01   6.6165564e-01   1.4557713e-01   3.3889432e-01  -5.1966235e-02   2.5737019e-01   1.0606638e-01   2.4853516e-01  -7.1224324e-02   3.9986541e-01   1.5903515e-01  -9.1450769e-04   2.9185016e-01   3.8119105e-01   3.9168224e-01   2.1808399e-01   3.1837064e-01   1.4631038e-01   3.0285893e-01   1.3724788e-01   2.4935100e-01   2.7841864e-01   3.2957111e-01   1.4690474e-01   7.5305801e-02   7.9220388e-03   1.1170019e-01   2.2089125e-01   4.7079848e-02   2.6171688e-01   1.3797929e-01   2.3033642e-01   1.0122135e-01   3.5567953e-01  -2.0351681e-02   3.6798709e-01   3.2538945e-01   1.9464193e-01   1.3800000e-01   9.3595218e-02   8.6626528e-02   8.3653349e-02   1.4010052e-01  -3.7310206e-02   1.3783303e-02  -4.1179626e-02   1.9680282e-02  -1.5958348e-01  -6.8881935e-02  -9.3658995e-03  -2.6564442e-02   0.0000000e+00  -8.3360261e-02   1.9484022e-02   4.8397687e-02  -1.5134900e-01  -1.6043798e-01  -8.3829610e-02  -1.7706648e-01   1.1275423e-01  -4.7845627e-02  -1.4176043e-02   9.8023577e-02  -2.1689437e-02  -6.3037420e-02  -1.5740858e-01  -6.8844557e-02  -9.2860286e-02  -1.9577619e-02  -5.9146910e-03   3.3592947e-02   6.7929537e-02   1.3177767e-01   1.8598259e-01   1.8604091e-01   1.1335915e-01   8.0647821e-02   1.9797008e-01   8.0298398e-02   8.8843153e-02   2.6347448e-01   2.1158839e-01  -4.5040076e-02   2.3914589e-02   1.1598006e-01   2.7756342e-02   1.5638097e-01   3.1612557e-01   4.9016599e-02  -2.0485683e-02   3.6208385e-02  -1.2187830e-02  -8.8803051e-02  -1.1980902e-01   1.5857320e-01
