   0.0000000e+00   0.0000000e+00   0.0000000e+00   8.1181002e-02   1.6996735e-02   7.6928035e-02   2.4156611e-01   1.1592029e-01   2.8965901e-02   2.5978644e-01   2.3369633e-01   6.0165348e-02   4.2575178e-03   2.9367967e-02  -9.6635001e-03  -8.0001662e-02   0.0000000e+00   5.9702277e-03   1.7168251e-01   7.5081290e-03   1.3618082e-01   2.8901390e-02   1.2726089e-01  -2.3455501e-02   2.7854812e-02  -1.7404800e-02   3.5083172e-02   2.3407749e-02   7.5339023e-02   1.2390580e-01   6.5313518e-03   1.0691591e-01  -7.6023767e-03   1.2711166e-01  -1.1431428e-02   1.6224992e-02   1.2203013e-03   6.0858001e-02   7.6586665e-02   8.1225240e-02   6.6171405e-02   1.3505936e-02  -6.3011531e-02  -7.5400681e-02   1.2753706e-01   1.8544549e-02   1.0948845e-01   6.1789180e-02  -8.7370831e-02   5.7377979e-02  -3.2043592e-02  -2.6798720e-02   3.9269395e-03   1.5416779e-02  -3.9344952e-02   3.3104071e-02   1.7681799e-02   1.3378798e-02   1.1400750e-02  -9.2563876e-03  -6.3533236e-02  -8.8132368e-02  -5.6435901e-03   1.5128050e-01   2.1747394e-02  -5.7970076e-02  -1.2362321e-03   1.5929006e-01   1.8951497e-01  -6.9317135e-02   1.3218876e-01   0.0000000e+00   4.0043066e-01   1.7209285e-01  -8.6011411e-04   9.4993949e-02   1.9476895e-01   3.6503527e-02  -4.1223419e-02   6.8144798e-02  -1.4376256e-01  -3.2584183e-02  -1.1940155e-02  -1.0882869e-01   4.0787828e-03   6.0868223e-02   1.1383936e-01  -9.7554650e-02   4.0067659e-02   1.8677787e-01   3.9258752e-02  -5.8923707e-02   1.5858920e-05  -6.3337134e-02  -1.4374079e-01   6.8581904e-02  -7.1952021e-02   2.0789367e-02   5.3575662e-02  -2.8231729e-02  -5.6693574e-02   3.7302112e-02   1.2561527e-01  -9.9865688e-02  -3.3421795e-02   1.4399245e-02   7.7337243e-03  -8.5283539e-02   2.6210362e-03   5.6362631e-02   4.3239926e-02   0.0000000e+00   1.6865101e-02   2.0904121e-02   0.0000000e+00   1.3892577e-01  -4.2774733e-02   4.9570266e-03
   0.0000000e+00   0.0000000e+00   0.0000000e+00   0.0000000e+00   0.0000000e+00   0.0000000e+00   0.0000000e+00   0.0000000e+00   0.0000000e+00   0.0000000e+00   0.0000000e+00   0.0000000e+00   0.0000000e+00   0.0000000e+00   0.0000000e+00   0.0000000e+00   0.0000000e+00   0.0000000e+00   0.0000000e+00   0.0000000e+00   0.0000000e+00   0.0000000e+00   0.0000000e+00   0.0000000e+00   0.0000000e+00   0.0000000e+00   0.0000000e+00   0.0000000e+00   0.0000000e+00   0.0000000e+00   0.0000000e+00   0.0000000e+00   0.0000000e+00   0.0000000e+00   0.0000000e+00   0.0000000e+00   0.0000000e+00   0.0000000e+00   0.0000000e+00   0.0000000e+00   0.0000000e+00   0.0000000e+00   0.0000000e+00   0.0000000e+00   0.0000000e+00   0.0000000e+00   0.0000000e+00   0.0000000e+00   0.0000000e+00   0.0000000e+00   0.0000000e+00   0.0000000e+00   0.0000000e+00   0.0000000e+00   0.0000000e+00   0.0000000e+00   0.0000000e+00   0.0000000e+00   0.0000000e+00   0.0000000e+00   0.0000000e+00   0.0000000e+00   0.0000000e+00   0.0000000e+00   0.0000000e+00   0.0000000e+00   0.0000000e+00   0.0000000e+00   0.0000000e+00   0.0000000e+00   0.0000000e+00   0.0000000e+00   0.0000000e+00   0.0000000e+00   0.0000000e+00   0.0000000e+00   0.0000000e+00   0.0000000e+00   0.0000000e+00   0.0000000e+00   0.0000000e+00   0.0000000e+00   0.0000000e+00   0.0000000e+00   0.0000000e+00   0.0000000e+00   0.0000000e+00   0.0000000e+00   0.0000000e+00   0.0000000e+00   0.0000000e+00   0.0000000e+00   0.0000000e+00   0.0000000e+00   0.0000000e+00   0.0000000e+00   0.0000000e+00   0.0000000e+00   0.0000000e+00   0.0000000e+00   0.0000000e+00   0.0000000e+00   0.0000000e+00   0.0000000e+00   0.0000000e+00   0.0000000e+00   0.0000000e+00   0.0000000e+00   0.0000000e+00   0.0000000e+00   0.0000000e+00   0.0000000e+00   0.0000000e+00   0.0000000e+00   0.0000000e+00   0.0000000e+00   0.0000000e+00   0.0000000e+00
   0.0000000e+00   0.0000000e+00   0.0000000e+00   0.0000000e+00   0.0000000e+00   0.0000000e+00   0.0000000e+00   0.0000000e+00   0.0000000e+00   0.0000000e+00   0.0000000e+00   0.0000000e+00   0.0000000e+00   0.0000000e+00   0.0000000e+00   0.0000000e+00   0.0000000e+00   0.0000000e+00   0.0000000e+00   0.0000000e+00   0.0000000e+00   0.0000000e+00   0.0000000e+00   0.0000000e+00   0.0000000e+00   0.0000000e+00   0.0000000e+00   0.0000000e+00   0.0000000e+00   0.0000000e+00   0.0000000e+00   0.0000000e+00   0.0000000e+00   0.0000000e+00   0.0000000e+00   0.0000000e+00   0.0000000e+00   0.0000000e+00   0.0000000e+00   0.0000000e+00   0.0000000e+00   0.0000000e+00   0.0000000e+00   0.0000000e+00   0.0000000e+00   0.0000000e+00   0.0000000e+00   0.0000000e+00   0.0000000e+00   0.0000000e+00   0.0000000e+00   0.0000000e+00   0.0000000e+00   0.0000000e+00   0.0000000e+00   0.0000000e+00   0.0000000e+00   0.0000000e+00   0.0000000e+00   0.0000000e+00   0.0000000e+00   0.0000000e+00   0.0000000e+00   0.0000000e+00   0.0000000e+00   0.0000000e+00   0.0000000e+00   0.0000000e+00   0.0000000e+00   0.0000000e+00   0.0000000e+00   0.0000000e+00   0.0000000e+00   0.0000000e+00   0.0000000e+00   0.0000000e+00   0.0000000e+00   0.0000000e+00   0.0000000e+00   0.0000000e+00   0.0000000e+00   0.0000000e+00   0.0000000e+00   0.0000000e+00   0.0000000e+00   0.0000000e+00   0.0000000e+00   0.0000000e+00   0.0000000e+00   0.0000000e+00   0.0000000e+00   0.0000000e+00   0.0000000e+00   0.0000000e+00   0.0000000e+00   0.0000000e+00   0.0000000e+00   0.0000000e+00   0.0000000e+00   0.0000000e+00   0.0000000e+00   0.0000000e+00   0.0000000e+00   0.0000000e+00   0.0000000e+00   0.0000000e+00   0.0000000e+00   0.0000000e+00   0.0000000e+00   0.0000000e+00   0.0000000e+00   0.0000000e+00   0.0000000e+00   0.0000000e+00   0.0000000e+00   0.0000000e+00   0.0000000e+00   0.0000000e+00
   8.1181002e-02   0.0000000e+00   0.0000000e+00   0.0000000e+00   1.1703863e-01   8.9060947e-02   2.0965459e-01   3.2877663e-02  -7.9039655e-02   2.0232438e-01   2.1464594e-01  -2.0798681e-02  -8.5214428e-02   6.6029075e-02   3.5916501e-02   8.1003996e-02   0.0000000e+00   8.8250918e-02   1.3817440e-01   1.2275093e-02   2.0699539e-01   1.0521127e-01   1.9967935e-01   1.5613079e-01   1.4187663e-01   1.0028672e-01   1.5997116e-01   1.7142369e-01   1.0355249e-01   1.2014457e-01   4.5081631e-02   1.8605689e-01   6.8536388e-02   1.0873529e-01   1.1336718e-01   5.2609196e-02   2.0144344e-02   1.5596274e-01  -1.0278267e-02   1.2802381e-01   8.1643898e-02  -2.2442864e-02   4.2266255e-02  -1.1857411e-02   8.6886647e-02   9.8479943e-02   2.0108649e-01   7.0015639e-02   1.0052085e-02  -7.6267298e-02   5.5210981e-02  -2.9754412e-02   5.8772710e-02   9.3730060e-02   4.1363902e-02   8.5992216e-02   1.8888530e-01   2.6786009e-02   1.9307394e-01  -2.0419982e-02  -3.9995709e-02  -2.1315876e-02   8.4583777e-03   1.1088078e-01   1.1328516e-02   6.1986598e-02   4.2934258e-02   9.0345978e-02   4.3257657e-02   7.4976658e-03  -3.0150144e-02   0.0000000e+00   1.2995909e-01  -2.1463055e-02   2.1985198e-02   2.8632263e-02  -4.6418902e-02  -1.5877154e-01  -7.0870719e-02   5.5462892e-02  -7.6176169e-02   2.5582303e-02   3.6937682e-02  -3.3981237e-02   1.0499390e-01   1.8035731e-02   3.9713201e-02  -9.0507843e-02   2.7003449e-02   1.3509345e-01   1.9839278e-02  -9.1789370e-02   6.0388890e-03   1.7129253e-02   5.1022874e-02   4.8547006e-02  -8.1432205e-02   5.1623596e-02  -1.0106101e-02  -3.5204817e-02  -8.3451004e-02   8.9774279e-02  -2.9223053e-02  -3.6413820e-02  -2.3994276e-02   3.0395870e-02  -3.8819024e-02  -5.9129983e-02  -5.9126059e-03  -3.4611623e-02   5.7121086e-02   0.0000000e+00   5.2454862e-02   1.2304197e-01   0.0000000e+00   4.7564525e-02  -3.1998248e-02  -2.8925828e-02
   1.6996735e-02   0.0000000e+00   0.0000000e+00   1.1703863e-01   0.0000000e+00   3.7967829e-01   2.6629421e-01  -1.0985099e-02   6.7576353e-03   2.0432694e-01   8.6871836e-02   1.0124822e-01   3.9755168e-02   1.3440349e-01   1.6886429e-01   2.4166868e-01   0.0000000e+00   2.6021773e-01   3.5494189e-01   3.5832947e-01   2.1191619e-01   2.1012649e-01   3.7547696e-02   7.4008104e-02   1.1881951e-01   1.4779768e-01   5.6125880e-01   1.8183418e-01   2.2760393e-01   2.6066482e-01   3.2648799e-01   1.2408849e-01   3.7187929e-01   3.2223572e-01   3.8472516e-01   2.2036268e-01   1.6129105e-01   2.4005273e-01   6.1770331e-02   1.6408056e-01   6.0353771e-02   1.7286736e-01   2.5772537e-01   1.6229163e-01   2.2108572e-01   2.6311311e-01   4.7234649e-01   1.2343188e-01   1.9898292e-01   3.8487229e-01   1.3633168e-01   1.5979942e-01   1.1390998e-01   2.4118041e-01   1.8032052e-01   2.9992090e-01   4.4378833e-01   1.0626209e-01   2.1090522e-01   3.5147507e-02   2.0135523e-01   1.3975519e-01   1.2711785e-02   7.3450204e-02  -1.0992874e-02   3.0650812e-01  -3.3754875e-02   1.8748610e-02  -1.7244718e-01   4.1826057e-01  -1.2852081e-01   0.0000000e+00   1.4390418e-01   2.4202926e-01   1.9026933e-02  -1.7419873e-01  -4.7862831e-02   5.5179879e-02   1.7748861e-01  -4.7473107e-02   3.3729892e-01   2.8515249e-02   3.0164530e-01   2.1194781e-01   3.3192741e-01   1.5792597e-01   2.7415735e-03   1.1120212e-01   2.0116746e-01  -2.1405821e-02  -2.1184477e-01   3.0686002e-01   8.6455413e-02   1.4077444e-01   1.3374036e-01   3.1290572e-02  -5.8063033e-02   4.2556844e-02  -3.6915340e-03  -4.4600131e-02   1.3960904e-01   2.0129601e-01  -7.1203641e-03   9.3162430e-02   3.2113028e-01   9.8307715e-02   3.7767675e-02   1.8769091e-01   2.4108495e-01   1.3087481e-01   6.8617505e-02   0.0000000e+00  -5.9331112e-02   2.6178800e-01   0.0000000e+00  -7.3180654e-02   1.1074658e-01  -3.7753657e-02
   7.6928035e-02   0.0000000e+00   0.0000000e+00   8.9060947e-02   3.7967829e-01   0.0000000e+00   7.0957653e-02  -3.4997137e-02  -1.8614362e-02   8.1293355e-02  -8.2803714e-02   2.8353669e-02   3.5748400e-02  -3.6141447e-02   2.9727134e-02   2.1319496e-02   0.0000000e+00   3.6107736e-01   7.8076576e-02   1.0659920e-01   4.2578897e-02   1.5930085e-02  -1.4956003e-02  -3.7067224e-02  -7.8244272e-02   8.9419703e-02   2.3727466e-01   1.3573461e-01   7.5542626e-02   1.0375513e-01   1.2363593e-01   4.1376429e-02   1.4772040e-01   1.6006678e-01   1.5499234e-01   2.2707181e-02   7.7049990e-02   6.6836535e-02  -6.4171925e-02   9.2413347e-03  -1.3778691e-02  -4.7569784e-04   9.3856591e-02   7.2550733e-02   5.7580506e-02   1.4121419e-01   2.0580063e-01   2.2273503e-02  -2.7638180e-02   4.4178677e-02   1.9764262e-01   4.8249354e-02   1.3254330e-01   1.3446853e-01   2.3054224e-02  -2.9227959e-02   1.2623996e-01   1.5038861e-01   3.3205687e-02  -9.0862361e-02   5.1498932e-02   6.0289675e-03   6.0610041e-02  -7.7829204e-02   8.1734856e-02   5.1448750e-02   1.6235436e-02   6.8334535e-02   2.3091439e-02   1.7288323e-01  -1.3822805e-02   0.0000000e+00  -2.9541113e-02   1.3421272e-01   7.9360433e-02   4.0250353e-02   8.2113675e-02   1.1329005e-03   7.8691764e-02  -2.5863247e-02   1.7110001e-01   1.1769267e-01   2.2298652e-01   5.9399086e-02   9.2247355e-02   1.0330723e-01   1.0504922e-01  -2.1163552e-03   1.2877002e-01  -1.1994716e-02  -5.0705634e-02   1.5041161e-01   8.9551871e-02   4.7376898e-02  -1.3797906e-02   4.6710242e-02   4.7618792e-02  -3.0069815e-02   2.9040868e-03  -2.4547665e-03   4.3618742e-02   1.8438037e-01   7.2048988e-02   3.2862180e-03   5.3436614e-04   4.2705829e-02  -3.2441800e-02   1.6569612e-02   4.1416944e-03  -2.2048561e-02   8.6216451e-03   0.0000000e+00  -2.4137891e-02   1.0316261e-01   0.0000000e+00   6.4186309e-02   2.6702712e-02  -2.5993312e-02
   2.4156611e-01   0.0000000e+00   0.0000000e+00   2.0965459e-01   2.6629421e-01   7.0957653e-02   0.0000000e+00  -6.3081357e-03  -3.9730636e-02   2.9533835e-01   3.3703117e-01   7.1822598e-02   6.0083616e-02   1.7275554e-01   1.5491237e-01   6.5155777e-02   0.0000000e+00   1.1814446e-01   3.4908724e-01   2.4217753e-01   4.6396820e-01   2.9108599e-01   2.3531851e-01   2.5518602e-01   3.5709816e-01   2.0242399e-01   3.3248344e-01   2.2145207e-01   1.6480930e-01   1.9758486e-01   4.0880140e-01   4.3213922e-01   1.9965626e-01   5.0299677e-01   2.2031839e-01   3.2504078e-01  -4.7290785e-02   2.6041272e-01   2.9927412e-02   3.2104161e-01   1.6391265e-01   2.1255826e-01   2.4804936e-01   1.7210156e-01   1.0004171e-01   3.4001191e-01   4.1687892e-01   2.2823570e-01   2.6163252e-01   2.1624763e-01   1.0658442e-01   2.9540739e-02   1.4638664e-01   2.5070130e-01   1.6712696e-01   2.7554632e-01   3.6997726e-01   8.3589056e-02   3.4917522e-01   6.5380171e-02   8.5826524e-02   4.9827497e-02  -2.9636528e-02   4.6907498e-01  -7.1144651e-02   3.0946476e-01   1.0913540e-02   3.2518878e-01   2.3412836e-01   2.3984619e-01  -2.5327455e-01   0.0000000e+00   2.3709030e-01   2.8347926e-01   1.2918629e-02   2.1418724e-01   4.9674820e-02   3.0221596e-02   6.2618195e-02   2.8278145e-02   8.7372931e-02  -7.7595663e-02   2.4092235e-01   5.3669455e-02   4.2175548e-01   2.2899495e-01   2.5163397e-01   8.6067082e-02   3.5649620e-01   2.1188669e-01  -3.5158531e-02   1.1059758e-01   6.8184809e-02   2.0697170e-01   2.1152494e-01   7.4869522e-02  -1.3475148e-01  -4.9329409e-03   4.5521552e-02  -4.0573049e-02   1.4194232e-02   6.5980679e-02   1.0249053e-02  -1.6311060e-02   2.2871942e-01   1.3321220e-01   8.9635757e-02   1.8424270e-01   1.6952484e-01   1.3771692e-01   9.5712590e-02   0.0000000e+00  -2.9960947e-03   1.9030994e-01   0.0000000e+00  -6.0912252e-02   9.8209100e-02   1.1550140e-01
   1.1592029e-01   0.0000000e+00   0.0000000e+00   3.2877663e-02  -1.0985099e-02  -3.4997137e-02  -6.3081357e-03   0.0000000e+00   2.5467342e-02   2.2440572e-02   1.5341842e-02  -3.7092263e-02   6.1585748e-02   2.9789462e-02  -2.4330122e-02   1.6771182e-02   0.0000000e+00  -1.1998547e-02  -1.2685433e-02  -1.4294554e-02  -2.2780815e-02   3.3504301e-02   6.6128594e-02   2.0232095e-02   1.4375191e-02  -1.3055918e-01  -3.8235378e-02  -1.0068957e-01  -4.8517679e-02  -2.4877406e-02  -1.3253290e-01  -1.9103135e-02   1.8899311e-02   3.5933455e-02  -7.2337457e-02   5.1651744e-02   2.1395795e-02  -3.8308120e-03  -8.8182783e-02  -5.1498108e-02  -4.2790773e-02  -2.5062686e-02  -1.3647499e-01  -4.3178176e-02  -8.1517298e-03  -1.7238858e-03   2.5355265e-02   7.1671258e-02  -3.1192996e-02  -4.3305891e-02  -4.7346688e-02  -7.5522026e-02  -1.2810863e-01  -3.8089176e-02  -5.4032085e-02  -1.1552525e-02  -3.5070633e-02  -2.7859608e-02  -7.4983655e-02  -8.6538225e-02   1.0856885e-03  -3.0020510e-02  -3.2137338e-02  -1.8408144e-02  -5.4459045e-02  -1.4383735e-01  -1.0763759e-01  -5.2964064e-02  -1.1437795e-02  -9.1699008e-02   5.9289853e-02   0.0000000e+00  -3.2988540e-02   3.9671207e-02  -3.5737901e-02  -4.0652460e-02  -4.6236600e-02   1.7413231e-02  -1.0489241e-01  -1.0286105e-02  -1.0153079e-01  -7.5023959e-02  -2.5180414e-02  -2.5645307e-02  -1.3444097e-01  -3.9515678e-02  -5.9840705e-02  -5.2677362e-02  -2.9191343e-02   2.9854195e-04  -9.9395612e-02  -1.2669779e-01  -5.6031470e-02  -1.4950440e-01  -9.7782239e-02  -2.3528495e-03  -5.4680168e-02  -3.0114326e-02   9.9462247e-03   7.2198084e-02  -9.8646541e-02   5.8092678e-02  -1.7561322e-01  -5.1867145e-02  -6.6819151e-02  -3.6820859e-02   1.0093532e-02  -8.3122219e-02  -7.8467048e-02  -5.0486345e-02  -7.8379721e-02   0.0000000e+00   3.4071982e-02  -8.1690420e-02   0.0000000e+00   4.5356434e-01  -1.3941608e-01  -1.5765306e-02
   2.8965901e-02   0.0000000e+00   0.0000000e+00  -7.9039655e-02   6.7576353e-03  -1.8614362e-02  -3.9730636e-02   2.5467342e-02   0.0000000e+00  -1.3344489e-01  -5.4618141e-03  -4.3493770e-02   7.1741272e-03  -1.0737412e-01   4.3708106e-02   1.5771310e-01   0.0000000e+00   6.3381736e-03   6.9826725e-02  -1.8329379e-01  -8.0430738e-02  -1.5171271e-01   2.0118456e-02  -1.2427240e-01  -7.2355891e-02  -4.4594015e-02  -1.5849862e-01   4.2676295e-02   8.7952336e-03   6.0759139e-03  -8.1955879e-02   6.1267883e-03   9.8344538e-02  -4.3417982e-02   4.4382529e-02   1.1497661e-01   2.3280098e-01   5.6885048e-02   5.0983042e-02   7.2998127e-02   4.3952781e-02   2.1208212e-02   1.2781841e-01   1.9575942e-01   2.0567723e-02   1.1847307e-01  -6.0755472e-02   9.6881761e-02   3.1444335e-02   2.8733739e-02  -5.6819545e-02   9.4416651e-02   1.9779611e-01   6.9358837e-02   8.4402642e-02   2.9962976e-03  -1.1929478e-01   7.4627541e-02   1.9779435e-02  -9.6935320e-02  -8.4463559e-02  -9.4440715e-02  -8.8456282e-02   3.1823640e-02   3.0035362e-01   4.4995383e-02   3.6219508e-01   2.6325526e-02   2.2761863e-01  -1.0671469e-01   9.3311892e-02   0.0000000e+00   6.0613485e-02  -2.0066069e-02  -5.0549167e-02   1.0751945e-01   2.0378765e-01   1.0531528e-01   4.4027553e-02  -1.8989296e-02   6.5873523e-05   1.0555291e-02  -1.0417489e-01  -2.3974237e-02  -1.9545350e-02  -2.2708431e-02   9.1204582e-02  -3.0927385e-02   9.9835629e-02   7.9633612e-02   3.2560466e-01   5.7388610e-03   1.2059934e-01   1.1584715e-01   1.4183324e-01   7.1901836e-02   2.5822774e-01   2.3512704e-01   2.2224848e-01   1.6417536e-01   6.0392636e-02   1.0737284e-02   2.3703247e-01  -6.7466693e-02   7.7230858e-02   1.8230529e-02   9.9595685e-03   3.1514288e-02   1.1952827e-01   1.9457260e-01   3.3398579e-01   0.0000000e+00  -1.5549247e-02   7.3219889e-02   0.0000000e+00  -2.5700676e-02  -5.4750152e-02  -1.2140629e-01
   2.5978644e-01   0.0000000e+00   0.0000000e+00   2.0232438e-01   2.0432694e-01   8.1293355e-02   2.9533835e-01   2.2440572e-02  -1.3344489e-01   0.0000000e+00   4.8755565e-01   1.5169154e-01   1.2198193e-01   2.5803272e-02   9.3131895e-02   5.2098467e-03   0.0000000e+00   1.2450862e-01   2.7674133e-01   2.2563462e-01   3.5215568e-01   4.5274777e-01   2.0602610e-01   2.7792337e-01   4.8533483e-01   2.0495942e-01   3.7505136e-01   4.6286989e-01   2.4821520e-01   4.0326167e-01   2.1707657e-01   4.4058972e-01   3.2895100e-01   4.3427946e-01   3.9542380e-01   5.5469304e-01   2.2403048e-01   4.6470493e-01   2.0538402e-01   5.5231680e-01   5.2180561e-01   1.6228244e-01   1.9923496e-01   9.2888247e-02   4.5824646e-01   2.8113002e-01   5.1963521e-01   2.7255503e-01   9.0588772e-02   1.4013798e-01   5.0761973e-02   9.8051309e-02   2.3780904e-01   1.4078831e-01   7.0528588e-02   1.5502572e-01   3.4729589e-01   4.4757320e-02   2.7705830e-01   1.8161636e-02  -2.4785948e-02  -5.8888211e-02   2.1379889e-01   1.7776499e-01  -1.7141882e-02   3.0966325e-01  -2.3104477e-02   1.1494098e-01  -3.1989546e-04   4.3632882e-02   1.6190149e-02   0.0000000e+00   2.8595110e-01   2.3504417e-02  -2.5955243e-02   2.2894246e-03  -8.8227483e-02  -1.0250565e-01  -1.3513472e-01  -1.1698371e-01   8.0176755e-03  -1.2864800e-01   6.5433415e-02  -6.1543925e-02   2.5931740e-01   6.5261705e-02  -1.0505258e-02  -8.8357354e-03  -5.8606027e-02   1.3745659e-01  -8.8714410e-02  -6.5054535e-02   6.0083717e-02   1.0948087e-01   9.1746806e-02   3.4425799e-02  -1.3983573e-01   1.1786291e-01  -4.6332349e-03   3.8979080e-02  -8.9619502e-03   1.3616419e-01  -1.7710782e-01  -6.3279970e-02   2.2592818e-01   1.1646748e-01  -1.8772420e-02   5.8565932e-02   8.5509280e-02   9.7330431e-02   7.3493963e-02   0.0000000e+00   2.1941712e-02   1.4820012e-01   0.0000000e+00   1.0025031e-01  -3.1916478e-02  -8.2536267e-02
   2.3369633e-01   0.0000000e+00   0.0000000e+00   2.1464594e-01   8.6871836e-02  -8.2803714e-02   3.3703117e-01   1.5341842e-02  -5.4618141e-03   4.8755565e-01   0.0000000e+00   3.8579339e-02   1.0686729e-01   1.6245086e-02   1.4749571e-01   5.7075821e-02   0.0000000e+00   8.0852725e-02   2.0729159e-01   1.6387545e-01   3.8205145e-01   4.1344386e-01   2.5850205e-01   2.7918739e-01   4.7924713e-01   2.2859608e-01   2.0655094e-01   3.6085791e-01   1.5322143e-01   2.1855367e-01   2.4166906e-01   3.9594297e-01   1.6820333e-01   3.3414196e-01   3.5214888e-01   4.1301984e-01   1.1369317e-01   3.8773589e-01   1.4070891e-01   6.1163381e-01   3.4042653e-01   2.1615175e-01   1.7891648e-01   1.7257974e-01   2.3762256e-01   2.6415598e-01   3.2898569e-01   2.0490240e-01   1.6466502e-01   1.4314938e-01   5.7745925e-02   6.1457489e-03   2.2330351e-01   7.4152034e-02   6.4205473e-02   1.3570271e-01   1.6840503e-01   7.2458549e-02   2.3590385e-01   1.9970768e-01  -1.6021731e-02   6.9621032e-02   1.4416185e-01   3.2515533e-01  -3.4847277e-02   1.9042582e-01   1.6851377e-02   1.4620513e-01   8.2514011e-02   5.9237932e-02  -9.0952596e-02   0.0000000e+00   2.0391508e-01   1.2556150e-01   1.8439654e-03   8.7547536e-03  -5.2822121e-02  -8.3753432e-02  -1.1957246e-01  -5.7022155e-02   2.4016407e-02  -1.7541733e-01   1.3724793e-02   3.2606865e-02   1.9470417e-01   1.4266440e-01   9.0079541e-02  -2.4982837e-02   2.1670969e-02   1.7640407e-01   1.6359469e-02  -9.3440838e-02  -2.8043131e-02   1.1588614e-01   2.9554986e-02   1.1953140e-01  -5.0349143e-02   1.4812614e-01  -1.3229024e-02   2.9224381e-02   5.1624868e-02   7.0727215e-02  -6.7721516e-02  -5.3720832e-02   1.8405133e-01   8.4968853e-02   7.4663403e-03   7.3288728e-02   1.1699443e-01   1.3860505e-01   1.0975002e-01   0.0000000e+00   6.3488054e-02   1.1398945e-01   0.0000000e+00  -3.7199416e-02  -3.7692668e-02   1.1196398e-02
   6.0165348e-02   0.0000000e+00   0.0000000e+00  -2.0798681e-02   1.0124822e-01   2.8353669e-02   7.1822598e-02  -3.7092263e-02  -4.3493770e-02   1.5169154e-01   3.8579339e-02   0.0000000e+00  -1.5336455e-02  -7.0881329e-03   3.9721729e-02   7.1660353e-02   0.0000000e+00  -1.7103861e-03   1.7304572e-01   6.2454763e-02   5.7418342e-02   4.8160931e-02   3.0187623e-04   5.1912948e-02   1.5633541e-02   3.6855798e-02   7.3537805e-02   5.2964435e-02  -3.6913589e-04   1.7974463e-01  -1.3023090e-02  -3.3543683e-02   1.9149581e-01   5.1883098e-02   7.0116880e-02   4.1237299e-02   1.6988838e-01   3.0813889e-02  -1.6816097e-02  -3.5375615e-02   3.0593695e-02  -6.3727421e-02   1.7823160e-01   3.0294824e-02   1.5670818e-01   2.5818746e-02   4.2196295e-02  -5.3657682e-02   9.2349694e-03   5.9856914e-02  -5.5549687e-02   1.3283620e-01   7.6271156e-02  -3.2746222e-02   7.7756661e-02   1.4641870e-01   1.9547713e-02   4.0742883e-03   1.0417018e-01   9.2503266e-02   4.2918467e-02  -7.6235291e-03  -5.0740667e-02   9.3744172e-02   1.7845214e-02   7.9261368e-02   7.0233653e-02  -4.6143107e-02  -4.7471475e-02   4.6006870e-02  -1.6794485e-01   0.0000000e+00   1.4645681e-01   1.0782408e-01  -2.9027788e-03  -2.4634689e-03  -3.4653813e-03  -2.7779740e-02  -4.3778613e-02  -1.6236383e-02   9.1388388e-02  -1.5991693e-02  -8.7919022e-02   1.0884434e-01   1.0168687e-01  -8.0736758e-02  -1.5858729e-01  -7.2907740e-02  -6.8396282e-02  -4.8131477e-02   2.4540817e-02   9.6337149e-02   7.2044818e-02   1.7814315e-02   1.3121108e-01   1.0271618e-02   8.7121358e-02   1.5261890e-01   6.4843983e-02   8.0186199e-03   1.5831090e-02   9.6144552e-02   5.3950388e-02   1.2127123e-01   9.1893637e-02   2.4950257e-03   1.6307065e-02   8.7871185e-02   1.0621208e-01   2.4069819e-02   1.0813635e-02   0.0000000e+00  -7.6200380e-02   2.9424052e-02   0.0000000e+00  -1.0683524e-01   8.2183206e-02  -7.5591519e-02
   4.2575178e-03   0.0000000e+00   0.0000000e+00  -8.5214428e-02   3.9755168e-02   3.5748400e-02   6.0083616e-02   6.1585748e-02   7.1741272e-03   1.2198193e-01   1.0686729e-01  -1.5336455e-02   0.0000000e+00   1.4682349e-01   1.3095634e-01   8.2110675e-02   0.0000000e+00   1.5369721e-02   7.0603106e-02   2.0425615e-01   8.0709623e-02   1.1078460e-01   1.0807356e-01   8.1325319e-02   1.9142110e-02   6.7120256e-02   9.2121299e-02   1.0850267e-01   3.5516645e-02   1.3194130e-01   9.3600224e-02   4.0072195e-02   2.6310215e-02   1.3084799e-01   1.0595303e-01   1.3123410e-01   1.6189246e-02   1.8013864e-01   5.2349695e-02   1.3325376e-01   8.0610972e-02   5.7209860e-02   6.1977603e-02   3.5545755e-02   9.1163105e-02   1.1414223e-01   1.1705585e-01   4.7960869e-02   3.5803617e-02  -6.0097519e-03   4.6577697e-02   2.6542462e-02   4.3685698e-02   5.2700730e-02   4.5745646e-02   8.2575387e-02   1.6413069e-01   4.0191687e-02   8.0852521e-02  -8.9019421e-02   4.6415937e-02   2.4850770e-02   9.3238458e-02   3.2405807e-02  -9.0653921e-02   1.1959779e-01  -7.6135127e-02   3.5141410e-03  -4.8325638e-02   6.4989301e-02   6.7537745e-02   0.0000000e+00  -3.1530429e-03   6.6027527e-02  -1.4890238e-02  -8.1854647e-02  -8.8157744e-03   6.9853488e-02  -1.3658887e-02  -2.8977555e-02   5.3953753e-02  -7.2847395e-03   8.0370044e-02   1.0795212e-01   1.1355335e-01  -6.5681978e-02  -2.4672915e-02   4.7557811e-02   3.2094233e-02  -6.7863357e-02  -9.0228203e-02   8.1333628e-02  -1.8189688e-02   1.2218832e-01   2.0466457e-02  -5.7445121e-02  -2.7520219e-02  -3.4111576e-03  -2.6971384e-02   4.2372858e-02   3.6610431e-02   1.2487539e-01  -9.0847321e-02  -1.2906466e-02   1.9676503e-01   3.8648231e-02   7.2397823e-02   6.2809607e-02   2.5675635e-01   4.5237079e-02  -3.5914017e-02   0.0000000e+00  -1.5632882e-01   8.0446875e-02   0.0000000e+00   1.9513015e-02   3.3032613e-02   1.7676911e-02
   2.9367967e-02   0.0000000e+00   0.0000000e+00   6.6029075e-02   1.3440349e-01  -3.6141447e-02   1.7275554e-01   2.9789462e-02  -1.0737412e-01   2.5803272e-02   1.6245086e-02  -7.0881329e-03   1.4682349e-01   0.0000000e+00   6.2516754e-02   6.8780181e-02   0.0000000e+00   8.0322727e-02   1.0999621e-01   3.0548097e-01   1.8885989e-01   2.7790392e-01   1.1581247e-01   9.7254199e-02   2.9148253e-02   2.4020435e-01   1.8836101e-01   6.9163886e-02   3.3983425e-02   5.5810352e-03   2.0244273e-01  -4.3992000e-02  -6.4961525e-02   1.0388886e-01   1.7590500e-01  -2.6758986e-02  -1.6159440e-01   1.1891317e-01   1.0621924e-01   6.1486730e-02   8.8452332e-02   8.7831353e-02   3.1390126e-02   4.8543383e-02   6.0670671e-02   5.8551159e-02   4.4850336e-02   6.0308358e-02   1.7142749e-01   1.8439138e-01  -3.3490423e-03  -1.5574626e-02  -3.0056751e-02   1.5120235e-01   1.0101413e-01   7.5453827e-02   4.2476921e-01   4.5669941e-02   2.1515149e-03  -3.6690729e-02   4.4183615e-01   2.7421324e-01   1.7465210e-01  -2.0557258e-02  -1.5524800e-01   8.4558038e-02  -2.3338732e-02   2.7797872e-01  -7.2882196e-02   1.8839226e-01   9.6024701e-02   0.0000000e+00   8.7943704e-03   5.2728189e-02  -1.2322135e-01   1.3774739e-02  -3.4993144e-02   1.5652588e-01   2.2658771e-01   9.6351677e-02   1.0566041e-01   2.0748086e-01   3.0982270e-01   1.1873038e-01   1.9750663e-01   7.6461452e-02  -8.6772501e-02   1.9734372e-01   1.7120461e-01   4.6186226e-02  -1.9328973e-01   2.5563304e-01   9.3153433e-02   1.4204278e-01   1.0783224e-01   9.9013740e-03  -1.0529213e-01  -1.0309609e-01  -7.4345004e-02  -3.4467240e-02   1.0271992e-01   3.0276847e-02  -1.2650281e-01   9.8073986e-02   3.3331751e-01   6.9283191e-02   8.7896632e-03   1.1349111e-01   1.5958660e-01   2.8836951e-02  -1.2982464e-01   0.0000000e+00  -8.2504457e-02   1.1780701e-01   0.0000000e+00  -2.2816118e-02   1.6586165e-01   4.0366621e-01
  -9.6635001e-03   0.0000000e+00   0.0000000e+00   3.5916501e-02   1.6886429e-01   2.9727134e-02   1.5491237e-01  -2.4330122e-02   4.3708106e-02   9.3131895e-02   1.4749571e-01   3.9721729e-02   1.3095634e-01   6.2516754e-02   0.0000000e+00   2.9365026e-01   0.0000000e+00   1.5095752e-01   2.6302679e-01   2.1134283e-01   2.2409360e-01   1.1020600e-01   9.8324380e-02   1.4325767e-01   7.8332445e-02   1.6582160e-02   1.7621797e-01   8.5178522e-02   1.8893051e-01   2.7186952e-01   2.1120059e-01   5.4651959e-02   1.2866424e-01   2.3141257e-01   1.6619757e-01   1.8782215e-01   2.2525036e-02   1.4516943e-01   3.4490571e-02   1.6612456e-01   1.1150545e-01   1.5498593e-01   1.5434395e-01   1.4655062e-01   1.1724654e-01   2.4026479e-01   2.6895978e-01   2.5555241e-01   2.4116755e-01   1.1736434e-01   1.5517885e-01  -9.3263072e-04   8.2570133e-02   1.1377359e-01   2.8682240e-01   3.4797131e-01   2.1465802e-01   1.5292375e-01   2.7801927e-01  -8.0422479e-03   1.1024812e-01   7.2770246e-02   1.8194059e-02   1.3966456e-01  -1.4876846e-02   1.9546178e-01   5.3415996e-03  -5.1244185e-02  -1.0455999e-01   1.9165425e-01  -5.2985472e-02   0.0000000e+00   8.8794658e-02  -9.4747887e-03  -5.9413863e-02  -9.3099853e-02  -2.9272279e-02   2.9607471e-02   8.5665972e-02  -2.6136955e-02   1.1491121e-01  -1.0440710e-01   9.8292476e-02   1.0261597e-01   1.4665606e-01  -1.0020638e-02  -3.3494231e-02   1.7433457e-01   4.3181363e-02  -4.7190996e-02  -1.3873897e-01   1.5408642e-01  -4.6406127e-02   1.7093971e-01   1.1356054e-01   1.2114048e-02  -1.0492814e-01   4.4609849e-02  -3.5196097e-02   5.6809159e-03   5.5741864e-02  -1.4270358e-02  -7.6428802e-02   7.1251650e-02   2.6297991e-01   6.4835041e-02   1.5465626e-02   1.7219316e-01   2.3889098e-01   1.5308767e-01   1.3722624e-01   0.0000000e+00   2.7531418e-02   2.4852394e-01   0.0000000e+00   3.6697417e-03   9.8337783e-02  -2.2874108e-02
  -8.0001662e-02   0.0000000e+00   0.0000000e+00   8.1003996e-02   2.4166868e-01   2.1319496e-02   6.5155777e-02   1.6771182e-02   1.5771310e-01   5.2098467e-03   5.7075821e-02   7.1660353e-02   8.2110675e-02   6.8780181e-02   2.9365026e-01   0.0000000e+00   0.0000000e+00   9.3062638e-02   3.3832884e-01   1.1355417e-01   8.1810475e-02   5.1266750e-02   3.1157894e-03   5.0852607e-02  -5.7212414e-03   6.2320135e-03   1.4164725e-01   7.1264097e-02   1.1071777e-01   1.7928873e-01   8.2399483e-02  -3.9597333e-02   2.0879224e-01   9.4840593e-02   1.8248758e-01   2.0180001e-01   1.9177926e-01   2.2363965e-01   6.5365900e-02   5.5618766e-02   1.1743197e-01   1.7790702e-01   2.4033634e-01   2.6151468e-01   1.0674985e-01   2.1257782e-01   1.1982639e-01   1.5603821e-01   1.8075094e-01   1.1629260e-01  -9.8954688e-03   9.3203079e-02   8.1203968e-02   2.7877808e-01   5.8815675e-01   3.9164291e-01   1.6909012e-01   9.1089423e-02   2.7311864e-01  -1.2530168e-02   2.3894457e-01   1.8203068e-01  -2.2369018e-02   3.3018241e-02   7.6861393e-02   2.1402790e-01   1.4424968e-01   2.3743994e-02  -1.5130110e-01   1.8117521e-01  -4.8976455e-02   0.0000000e+00   5.9527839e-02   9.2988517e-02  -2.7553554e-02  -8.7057307e-02   8.3076797e-02   1.4123286e-01   1.9113868e-01  -4.7451059e-02   1.9003424e-01   6.7618613e-02   5.7017421e-02   1.5675644e-01   1.6488385e-01   5.5309444e-02  -6.6100306e-02   1.2569131e-01   6.4396979e-02  -6.8715341e-02  -9.0562010e-03   2.0603497e-01   1.2072366e-01   1.8280397e-01   2.7882379e-01   1.2354951e-01   1.3524106e-01   2.5665948e-01   1.1982306e-01   1.0228112e-01   1.8054899e-01   2.0443905e-01   1.1048772e-01   1.2818189e-01   3.7446682e-01   6.1959377e-02   6.3176845e-02   2.1466769e-01   3.4498988e-01   2.6470978e-01   1.8953076e-01   0.0000000e+00  -7.4553471e-02   3.2031434e-01   0.0000000e+00   3.9875661e-02   8.4203444e-02  -6.4736906e-02
   0.0000000e+00   0.0000000e+00   0.0000000e+00   0.0000000e+00   0.0000000e+00   0.0000000e+00   0.0000000e+00   0.0000000e+00   0.0000000e+00   0.0000000e+00   0.0000000e+00   0.0000000e+00   0.0000000e+00   0.0000000e+00   0.0000000e+00   0.0000000e+00   0.0000000e+00   0.0000000e+00   0.0000000e+00   0.0000000e+00   0.0000000e+00   0.0000000e+00   0.0000000e+00   0.0000000e+00   0.0000000e+00   0.0000000e+00   0.0000000e+00   0.0000000e+00   0.0000000e+00   0.0000000e+00   0.0000000e+00   0.0000000e+00   0.0000000e+00   0.0000000e+00   0.0000000e+00   0.0000000e+00   0.0000000e+00   0.0000000e+00   0.0000000e+00   0.0000000e+00   0.0000000e+00   0.0000000e+00   0.0000000e+00   0.0000000e+00   0.0000000e+00   0.0000000e+00   0.0000000e+00   0.0000000e+00   0.0000000e+00   0.0000000e+00   0.0000000e+00   0.0000000e+00   0.0000000e+00   0.0000000e+00   0.0000000e+00   0.0000000e+00   0.0000000e+00   0.0000000e+00   0.0000000e+00   0.0000000e+00   0.0000000e+00   0.0000000e+00   0.0000000e+00   0.0000000e+00   0.0000000e+00   0.0000000e+00   0.0000000e+00   0.0000000e+00   0.0000000e+00   0.0000000e+00   0.0000000e+00   0.0000000e+00   0.0000000e+00   0.0000000e+00   0.0000000e+00   0.0000000e+00   0.0000000e+00   0.0000000e+00   0.0000000e+00   0.0000000e+00   0.0000000e+00   0.0000000e+00   0.0000000e+00   0.0000000e+00   0.0000000e+00   0.0000000e+00   0.0000000e+00   0.0000000e+00   0.0000000e+00   0.0000000e+00   0.0000000e+00   0.0000000e+00   0.0000000e+00   0.0000000e+00   0.0000000e+00   0.0000000e+00   0.0000000e+00   0.0000000e+00   0.0000000e+00   0.0000000e+00   0.0000000e+00   0.0000000e+00   0.0000000e+00   0.0000000e+00   0.0000000e+00   0.0000000e+00   0.0000000e+00   0.0000000e+00   0.0000000e+00   0.0000000e+00   0.0000000e+00   0.0000000e+00   0.0000000e+00   0.0000000e+00   0.0000000e+00   0.0000000e+00   0.0000000e+00   0.0000000e+00
   5.9702277e-03   0.0000000e+00   0.0000000e+00   8.8250918e-02   2.6021773e-01   3.6107736e-01   1.1814446e-01  -1.1998547e-02   6.3381736e-03   1.2450862e-01   8.0852725e-02  -1.7103861e-03   1.5369721e-02   8.0322727e-02   1.5095752e-01   9.3062638e-02   0.0000000e+00   0.0000000e+00   1.9982082e-01   2.2432771e-01   7.7909171e-02   1.5772161e-01  -6.6206433e-02  -3.2026584e-02   1.2177836e-01   1.0449475e-01   3.2836522e-01   1.6307987e-01   1.7088470e-01   2.0452673e-01   1.9346456e-01   5.8923884e-02   2.1688553e-01   1.7719209e-01   2.8414391e-01   1.6181762e-01   1.0255770e-01   1.2888686e-01   4.6040916e-02   1.4432101e-01   7.0991552e-02   1.2105976e-01   1.8845451e-01   1.3152699e-01   1.6281931e-01   1.8926935e-01   2.3089642e-01   2.4807998e-01   1.7732584e-01   2.4915582e-01   2.4486607e-01   3.1260270e-02   1.0970062e-01   8.5065297e-02   1.5478900e-01   1.4924980e-01   3.5143206e-01   7.4754400e-02   1.1766803e-01   8.7853716e-04   1.4052045e-01   1.3610372e-01   9.8379477e-02  -4.1368933e-02  -2.8522005e-02   2.1467236e-01  -2.9303365e-02   2.3771825e-02  -8.3672721e-02   2.8689414e-01   6.7403014e-02   0.0000000e+00   6.3227351e-02   5.9704333e-02   5.5313295e-02  -1.0992919e-01   2.8349937e-02   9.7170881e-02   1.4143510e-01  -1.0167474e-01   2.5931803e-01   9.5513182e-03   2.0151682e-01   2.2797820e-01   2.3864215e-01   7.5445271e-02   3.3117603e-02   1.3062735e-01   1.1661694e-01  -1.6008951e-02  -1.1727724e-01   2.6077221e-01   4.1914084e-02   1.7530929e-01   4.5003739e-02   4.3540346e-02  -2.4063821e-03  -2.7029138e-02  -1.3427440e-02  -8.5564041e-03   1.0357288e-01   1.3297959e-01  -5.1376159e-03   9.7613514e-02   2.1864677e-01   1.5580784e-02  -5.3664866e-02   1.4183376e-01   6.3737504e-02   6.7743921e-02  -2.0405769e-02   0.0000000e+00   3.8244101e-02   2.3104478e-01   0.0000000e+00   5.3400810e-02   2.7078651e-02  -7.3970618e-02
   1.7168251e-01   0.0000000e+00   0.0000000e+00   1.3817440e-01   3.5494189e-01   7.8076576e-02   3.4908724e-01  -1.2685433e-02   6.9826725e-02   2.7674133e-01   2.0729159e-01   1.7304572e-01   7.0603106e-02   1.0999621e-01   2.6302679e-01   3.3832884e-01   0.0000000e+00   1.9982082e-01   0.0000000e+00   1.5802862e-01   2.2477029e-01   1.7827797e-01   6.1192277e-02   6.4678566e-03   1.3541773e-01   8.3458529e-02   3.5174205e-01   1.7745101e-01   2.3393541e-01   4.2163066e-01   2.7953686e-01   1.5944903e-01   3.6957112e-01   3.4979611e-01   4.0875569e-01   4.3223142e-01   2.1982552e-01   3.9867826e-01   2.3670742e-01   1.7837844e-01   2.3366794e-01   3.4726389e-01   4.4488248e-01   2.7905042e-01   2.5156111e-01   4.2333280e-01   3.0626284e-01   2.9025314e-01   2.7876583e-01   2.7933961e-01  -5.2821506e-03   2.1266958e-01   2.5808222e-01   3.8350843e-01   3.8010068e-01   4.9056482e-01   3.6128424e-01   7.6197459e-02   5.1400277e-01  -1.5408722e-02   1.8426046e-01   1.0951682e-01   6.0089306e-03   2.5435935e-01   6.7316238e-02   4.2671964e-01   1.3831935e-01   1.5919650e-01  -1.3621219e-01   2.6391411e-01  -6.1828857e-03   0.0000000e+00   4.2638003e-01   1.6856737e-01  -2.9119408e-02  -4.6315175e-02   7.1929120e-02   1.3827694e-01   1.5797666e-01  -7.1091094e-02   1.6206428e-01  -1.2126883e-02   4.6651708e-02   1.0418945e-01   4.2984518e-01   5.9679386e-02  -7.8329272e-02   8.2879601e-02   1.2656331e-01   3.2526336e-02  -6.8296697e-02   2.4454523e-01   1.9113743e-01   2.9593316e-01   3.6192384e-01   1.8187627e-01   6.6718645e-02   2.7154180e-01   2.0228990e-01   9.8634907e-02   1.5493770e-01   2.0863106e-01   1.1867799e-01   1.1603757e-01   5.2370379e-01   8.3394300e-02   1.2493269e-01   3.4051907e-01   4.7087012e-01   4.0604383e-01   2.3935938e-01   0.0000000e+00  -7.0589930e-02   4.0969456e-01   0.0000000e+00   1.3381089e-02   6.7244710e-02  -1.4849935e-01
   7.5081290e-03   0.0000000e+00   0.0000000e+00   1.2275093e-02   3.5832947e-01   1.0659920e-01   2.4217753e-01  -1.4294554e-02  -1.8329379e-01   2.2563462e-01   1.6387545e-01   6.2454763e-02   2.0425615e-01   3.0548097e-01   2.1134283e-01   1.1355417e-01   0.0000000e+00   2.2432771e-01   1.5802862e-01   0.0000000e+00   3.9112075e-01   5.1125120e-01   7.6045361e-02   1.6602286e-01   3.2873405e-01   3.3636413e-01   5.8071667e-01   2.4496332e-01   4.1664458e-01   3.9573437e-01   4.4383759e-01   1.2654174e-01   2.3792425e-01   4.2050004e-01   3.6694373e-01   1.3528106e-01  -1.0814792e-03   2.9597156e-01   7.2630099e-02   2.7592542e-01   7.5169803e-02   1.4866090e-01   1.1691401e-01   6.0199023e-02   1.8895673e-01   1.9600640e-01   3.6969495e-01   1.2188023e-01   2.5844181e-01   3.6495280e-01   2.6003575e-01   6.4988768e-02  -1.3656484e-02   4.1467943e-02   1.1754872e-01   2.2005462e-01   5.0858604e-01   2.1462457e-01   9.9945120e-02   2.4426523e-01   3.3892471e-01   2.7547607e-01   2.4695679e-01   5.1870820e-02  -2.1760131e-01   3.2404558e-01  -2.3294756e-01  -4.6002164e-02  -2.3495111e-01   6.9192823e-01  -2.4833232e-02   0.0000000e+00   5.7731537e-02   1.0466419e-01   7.3424050e-03  -2.3001995e-01  -4.1229626e-02   1.3674958e-01   2.0379026e-01  -2.5057432e-02   3.4145318e-01  -3.8714735e-02   4.0854978e-01   4.1219221e-01   3.0961585e-01   1.5452075e-01  -2.5803444e-02   1.8941395e-01   2.1995490e-01  -9.7015622e-02  -4.8794965e-01   3.8695895e-01  -9.1262457e-02   1.5307266e-01  -2.2398031e-02   1.4061053e-02  -2.6847899e-01  -1.5850235e-01  -2.9890253e-01  -3.2535994e-02   8.0058917e-02   1.8233376e-01  -1.3772461e-01   2.9412365e-01   3.3067931e-01   1.6275387e-01   2.5467254e-02   1.6870576e-01   2.2001934e-01   9.9560578e-02  -1.0564519e-01   0.0000000e+00  -1.3274364e-02   2.1474070e-01   0.0000000e+00   5.3578541e-02   1.3640672e-01   3.4476527e-01
   1.3618082e-01   0.0000000e+00   0.0000000e+00   2.0699539e-01   2.1191619e-01   4.2578897e-02   4.6396820e-01  -2.2780815e-02  -8.0430738e-02   3.5215568e-01   3.8205145e-01   5.7418342e-02   8.0709623e-02   1.8885989e-01   2.2409360e-01   8.1810475e-02   0.0000000e+00   7.7909171e-02   2.2477029e-01   3.9112075e-01   0.0000000e+00   4.8807927e-01   3.3093376e-01   4.7682718e-01   4.3959842e-01   2.2333871e-01   4.1443163e-01   3.7337101e-01   2.5507340e-01   3.6985231e-01   4.7541444e-01   4.1827457e-01   1.5628082e-01   4.7492491e-01   2.9742527e-01   2.4924000e-01  -1.0168362e-02   3.5124728e-01  -5.4591858e-02   4.3085880e-01   1.7052905e-01   1.5767345e-01   1.2556255e-01   1.5890206e-01   2.0646376e-01   3.5041541e-01   4.7967543e-01   1.9922457e-01   2.3053567e-01   1.4160718e-01   1.9442046e-01  -6.2757681e-02   2.5485055e-01   1.4628805e-01   1.4628075e-01   2.1459740e-01   3.1956735e-01   2.3171618e-01   3.1358767e-01   1.1373111e-01   1.2265810e-01   6.1755648e-02   9.3772847e-02   3.6535578e-01  -6.3118159e-02   1.7938178e-01   3.3759981e-02   1.2024451e-01   1.0160045e-01   2.2150879e-01  -1.7414985e-01   0.0000000e+00   6.7372072e-02   4.2551364e-03   9.8624260e-02   6.4479321e-02  -4.8535746e-02  -1.0028024e-01  -1.0024332e-01  -6.8689183e-03   8.3530639e-02  -1.5039677e-01   2.8504229e-01   1.5359789e-01   2.7433889e-01   1.6761488e-01   1.3874024e-01  -1.8220531e-02   4.9004048e-02   2.7915439e-01  -4.5656901e-02  -1.0106421e-02   2.1788455e-02   9.8940929e-02   3.4941834e-02   1.3048476e-01  -2.1581678e-01   7.6507798e-02  -3.7409631e-02   6.0557595e-02  -7.5609181e-02   1.6402168e-02  -1.2717548e-01   4.6395740e-02   2.7493954e-01   1.7324639e-01  -2.1287332e-02   1.4427627e-01   9.5203393e-02   3.0129518e-02   1.2066904e-01   0.0000000e+00   5.6328296e-02   1.9461504e-01   0.0000000e+00  -5.3530610e-02   8.0008238e-02   1.8498147e-01
