   0.0000000e+00   0.0000000e+00   0.0000000e+00   0.0000000e+00   0.0000000e+00   0.0000000e+00   0.0000000e+00   0.0000000e+00   0.0000000e+00   0.0000000e+00   0.0000000e+00   0.0000000e+00   0.0000000e+00   0.0000000e+00   0.0000000e+00   0.0000000e+00   0.0000000e+00   0.0000000e+00   0.0000000e+00   0.0000000e+00   0.0000000e+00   0.0000000e+00   0.0000000e+00   0.0000000e+00   0.0000000e+00   0.0000000e+00   0.0000000e+00   0.0000000e+00   0.0000000e+00   0.0000000e+00   0.0000000e+00   0.0000000e+00   0.0000000e+00   0.0000000e+00   0.0000000e+00   0.0000000e+00   0.0000000e+00   0.0000000e+00   0.0000000e+00   0.0000000e+00   0.0000000e+00   0.0000000e+00   0.0000000e+00   0.0000000e+00   0.0000000e+00   0.0000000e+00   0.0000000e+00   0.0000000e+00   0.0000000e+00   0.0000000e+00   0.0000000e+00   0.0000000e+00   0.0000000e+00   0.0000000e+00   0.0000000e+00   0.0000000e+00   0.0000000e+00   0.0000000e+00   0.0000000e+00   0.0000000e+00   0.0000000e+00   0.0000000e+00   0.0000000e+00   0.0000000e+00   0.0000000e+00   0.0000000e+00   0.0000000e+00   0.0000000e+00   0.0000000e+00   0.0000000e+00   0.0000000e+00   0.0000000e+00   0.0000000e+00   0.0000000e+00   0.0000000e+00   0.0000000e+00   0.0000000e+00   0.0000000e+00   0.0000000e+00   0.0000000e+00   0.0000000e+00   0.0000000e+00   0.0000000e+00   0.0000000e+00   0.0000000e+00   0.0000000e+00   0.0000000e+00   0.0000000e+00   0.0000000e+00   0.0000000e+00   0.0000000e+00   0.0000000e+00   0.0000000e+00   0.0000000e+00   0.0000000e+00   0.0000000e+00   0.0000000e+00   0.0000000e+00   0.0000000e+00   0.0000000e+00   0.0000000e+00   0.0000000e+00   0.0000000e+00   0.0000000e+00   0.0000000e+00   0.0000000e+00   0.0000000e+00   0.0000000e+00   0.0000000e+00   0.0000000e+00   0.0000000e+00   0.0000000e+00   0.0000000e+00   0.0000000e+00   0.0000000e+00   0.0000000e+00   0.0000000e+00   0.0000000e+00
   0.0000000e+00   0.0000000e+00   0.0000000e+00   0.0000000e+00   0.0000000e+00   0.0000000e+00   0.0000000e+00   0.0000000e+00   0.0000000e+00   0.0000000e+00   0.0000000e+00   0.0000000e+00   0.0000000e+00   0.0000000e+00   0.0000000e+00   0.0000000e+00   0.0000000e+00   0.0000000e+00   0.0000000e+00   0.0000000e+00   0.0000000e+00   0.0000000e+00   0.0000000e+00   0.0000000e+00   0.0000000e+00   0.0000000e+00   0.0000000e+00   0.0000000e+00   0.0000000e+00   0.0000000e+00   0.0000000e+00   0.0000000e+00   0.0000000e+00   0.0000000e+00   0.0000000e+00   0.0000000e+00   0.0000000e+00   0.0000000e+00   0.0000000e+00   0.0000000e+00   0.0000000e+00   0.0000000e+00   0.0000000e+00   0.0000000e+00   0.0000000e+00   0.0000000e+00   0.0000000e+00   0.0000000e+00   0.0000000e+00   0.0000000e+00   0.0000000e+00   0.0000000e+00   0.0000000e+00   0.0000000e+00   0.0000000e+00   0.0000000e+00   0.0000000e+00   0.0000000e+00   0.0000000e+00   0.0000000e+00   0.0000000e+00   0.0000000e+00   0.0000000e+00   0.0000000e+00   0.0000000e+00   0.0000000e+00   0.0000000e+00   0.0000000e+00   0.0000000e+00   0.0000000e+00   0.0000000e+00   0.0000000e+00   0.0000000e+00   0.0000000e+00   0.0000000e+00   0.0000000e+00   0.0000000e+00   0.0000000e+00   0.0000000e+00   0.0000000e+00   0.0000000e+00   0.0000000e+00   0.0000000e+00   0.0000000e+00   0.0000000e+00   0.0000000e+00   0.0000000e+00   0.0000000e+00   0.0000000e+00   0.0000000e+00   0.0000000e+00   0.0000000e+00   0.0000000e+00   0.0000000e+00   0.0000000e+00   0.0000000e+00   0.0000000e+00   0.0000000e+00   0.0000000e+00   0.0000000e+00   0.0000000e+00   0.0000000e+00   0.0000000e+00   0.0000000e+00   0.0000000e+00   0.0000000e+00   0.0000000e+00   0.0000000e+00   0.0000000e+00   0.0000000e+00   0.0000000e+00   0.0000000e+00   0.0000000e+00   0.0000000e+00   0.0000000e+00   0.0000000e+00   0.0000000e+00   0.0000000e+00
   0.0000000e+00   0.0000000e+00   0.0000000e+00   0.0000000e+00   0.0000000e+00   0.0000000e+00   0.0000000e+00   0.0000000e+00   0.0000000e+00   0.0000000e+00   0.0000000e+00   0.0000000e+00   0.0000000e+00   0.0000000e+00   0.0000000e+00   0.0000000e+00   0.0000000e+00   0.0000000e+00   0.0000000e+00   0.0000000e+00   0.0000000e+00   0.0000000e+00   0.0000000e+00   0.0000000e+00   0.0000000e+00   0.0000000e+00   0.0000000e+00   0.0000000e+00   0.0000000e+00   0.0000000e+00   0.0000000e+00   0.0000000e+00   0.0000000e+00   0.0000000e+00   0.0000000e+00   0.0000000e+00   0.0000000e+00   0.0000000e+00   0.0000000e+00   0.0000000e+00   0.0000000e+00   0.0000000e+00   0.0000000e+00   0.0000000e+00   0.0000000e+00   0.0000000e+00   0.0000000e+00   0.0000000e+00   0.0000000e+00   0.0000000e+00   0.0000000e+00   0.0000000e+00   0.0000000e+00   0.0000000e+00   0.0000000e+00   0.0000000e+00   0.0000000e+00   0.0000000e+00   0.0000000e+00   0.0000000e+00   0.0000000e+00   0.0000000e+00   0.0000000e+00   0.0000000e+00   0.0000000e+00   0.0000000e+00   0.0000000e+00   0.0000000e+00   0.0000000e+00   0.0000000e+00   0.0000000e+00   0.0000000e+00   0.0000000e+00   0.0000000e+00   0.0000000e+00   0.0000000e+00   0.0000000e+00   0.0000000e+00   0.0000000e+00   0.0000000e+00   0.0000000e+00   0.0000000e+00   0.0000000e+00   0.0000000e+00   0.0000000e+00   0.0000000e+00   0.0000000e+00   0.0000000e+00   0.0000000e+00   0.0000000e+00   0.0000000e+00   0.0000000e+00   0.0000000e+00   0.0000000e+00   0.0000000e+00   0.0000000e+00   0.0000000e+00   0.0000000e+00   0.0000000e+00   0.0000000e+00   0.0000000e+00   0.0000000e+00   0.0000000e+00   0.0000000e+00   0.0000000e+00   0.0000000e+00   0.0000000e+00   0.0000000e+00   0.0000000e+00   0.0000000e+00   0.0000000e+00   0.0000000e+00   0.0000000e+00   0.0000000e+00   0.0000000e+00   0.0000000e+00   0.0000000e+00   0.0000000e+00
   0.0000000e+00   0.0000000e+00   0.0000000e+00   0.0000000e+00   5.7805235e-02   0.0000000e+00   2.7893183e-02   1.5141735e-01   2.2343373e-03   6.9714164e-03   5.9492012e-02  -1.3512732e-01   1.1034925e-01   1.2144926e-01   9.6892997e-02   1.1858835e-03   7.3110064e-02   5.4219756e-02   2.1095693e-01   7.4811794e-02  -4.5874765e-02   3.1959990e-03  -8.6524971e-03   4.2960843e-02   7.2641140e-02   4.4602578e-02  -4.0753074e-02   7.6184472e-02  -3.3759447e-02   8.2818621e-02   9.1620368e-02   6.3631830e-02   2.0594560e-01   5.2849812e-02   6.3185739e-02   1.9603867e-02  -5.0921244e-02  -1.7432788e-02   1.0823159e-01  -4.6419391e-02  -8.5799741e-03   9.6027528e-02   5.5429718e-02  -7.3634697e-02  -8.3900946e-02  -4.1420320e-02   3.7562526e-02  -1.0446701e-02   8.5589108e-02   0.0000000e+00   0.0000000e+00  -1.5558978e-02   3.9937130e-02   1.5975176e-01   6.7558535e-02   5.0451712e-02   5.2255660e-02  -2.8762555e-02   1.1554692e-01  -6.0783216e-02   2.9850676e-02   2.4878540e-02  -3.1396840e-02   8.4214583e-02   8.1793538e-02   6.9699475e-02   9.5599258e-02   7.2232328e-02  -5.6351226e-03  -4.7469084e-02   1.5896461e-01   0.0000000e+00   6.3217025e-02   9.6987776e-02   0.0000000e+00   8.7863038e-02  -1.0049835e-01   2.6145555e-02   2.3612168e-03   1.5612902e-01  -5.4829258e-03  -1.5353969e-02   1.2445830e-01   8.3408347e-02   3.2712555e-02   2.5096307e-02   8.7929073e-02   8.1101736e-02   2.3458987e-02   4.8767694e-02   1.1636774e-01  -5.0960341e-02  -3.4889756e-02   5.1026002e-02   4.0036794e-03  -4.3171388e-02   1.0493043e-02   1.6366501e-03   2.5925169e-02   4.4391934e-03   2.7721105e-03  -3.1047077e-02   4.7785860e-02  -7.8556846e-02   4.2975064e-02   1.2648790e-01   1.1629950e-01   2.4797943e-01   1.0252571e-01  -7.7422812e-02   6.6373576e-02   0.0000000e+00   0.0000000e+00   3.3862489e-02   0.0000000e+00   1.6972110e-01   7.3533125e-03   1.2572763e-01
   0.0000000e+00   0.0000000e+00   0.0000000e+00   5.7805235e-02   0.0000000e+00   0.0000000e+00   1.8277091e-01   1.5350606e-01   3.0867108e-01  -7.2650073e-02   2.2608456e-02  -2.4961207e-01  -6.3548803e-02   2.7773783e-02   4.1738164e-03   7.6635876e-02   3.3919778e-01   4.3037527e-01   2.3161914e-01   3.7384349e-02   4.9654779e-02   1.4620001e-02  -8.8169663e-03  -9.8639748e-02  -7.4628848e-02  -6.0304931e-02   2.7834865e-02  -1.1537967e-01   3.6064139e-02   1.7693864e-01   9.8247222e-02  -1.2300084e-01   1.1642590e-01   2.0420019e-01   1.2526429e-01   8.4805690e-03   8.9241387e-03   1.2241802e-01  -2.4176177e-02   5.3621378e-02   1.3084429e-02  -1.1102397e-01   2.4532206e-01  -1.4335958e-01   1.2107587e-01   5.6839665e-02   7.7059656e-01   4.6942433e-02   2.5053549e-01   0.0000000e+00   0.0000000e+00   1.3708182e-01   9.7681333e-02   7.9196315e-02   1.1211488e-02   8.4731904e-02   1.1152388e-02   1.7445072e-01   2.0295674e-01   2.3475929e-02   6.8869062e-02  -4.4265917e-02   3.2358358e-02   2.4180209e-01  -1.1583011e-01  -2.1808742e-02   2.8363841e-02   8.1481539e-02   4.0364308e-02   9.8247481e-02   1.1470491e-01   0.0000000e+00   1.3079192e-01   1.6090170e-01   0.0000000e+00   2.1420971e-01   1.0116750e-01   1.9183759e-02  -5.1568147e-02   9.0596902e-02  -9.3756481e-02   1.0993394e-02   2.4978180e-02   2.0313497e-01  -6.0345115e-02  -2.3141840e-02   6.1282439e-02  -9.4043310e-02   1.2342259e-01   7.4523071e-02   6.5119789e-02  -1.3499596e-01   1.0351602e-01  -9.2397412e-02  -1.7065252e-02  -4.0719393e-02   3.1170727e-01  -1.4973103e-02   2.4301775e-01   3.1550851e-01   1.8982796e-01   2.4294291e-01  -2.0976217e-02  -4.5041385e-02  -8.4987805e-02   1.4518908e-01  -1.4577341e-02   2.5606973e-01   1.0246809e-01   2.0774982e-02   2.8633225e-01   0.0000000e+00   0.0000000e+00   3.0338793e-01   0.0000000e+00  -1.3473237e-02   4.9972718e-02   1.8066915e-01
   0.0000000e+00   0.0000000e+00   0.0000000e+00   0.0000000e+00   0.0000000e+00   0.0000000e+00   0.0000000e+00   0.0000000e+00   0.0000000e+00   0.0000000e+00   0.0000000e+00   0.0000000e+00   0.0000000e+00   0.0000000e+00   0.0000000e+00   0.0000000e+00   0.0000000e+00   0.0000000e+00   0.0000000e+00   0.0000000e+00   0.0000000e+00   0.0000000e+00   0.0000000e+00   0.0000000e+00   0.0000000e+00   0.0000000e+00   0.0000000e+00   0.0000000e+00   0.0000000e+00   0.0000000e+00   0.0000000e+00   0.0000000e+00   0.0000000e+00   0.0000000e+00   0.0000000e+00   0.0000000e+00   0.0000000e+00   0.0000000e+00   0.0000000e+00   0.0000000e+00   0.0000000e+00   0.0000000e+00   0.0000000e+00   0.0000000e+00   0.0000000e+00   0.0000000e+00   0.0000000e+00   0.0000000e+00   0.0000000e+00   0.0000000e+00   0.0000000e+00   0.0000000e+00   0.0000000e+00   0.0000000e+00   0.0000000e+00   0.0000000e+00   0.0000000e+00   0.0000000e+00   0.0000000e+00   0.0000000e+00   0.0000000e+00   0.0000000e+00   0.0000000e+00   0.0000000e+00   0.0000000e+00   0.0000000e+00   0.0000000e+00   0.0000000e+00   0.0000000e+00   0.0000000e+00   0.0000000e+00   0.0000000e+00   0.0000000e+00   0.0000000e+00   0.0000000e+00   0.0000000e+00   0.0000000e+00   0.0000000e+00   0.0000000e+00   0.0000000e+00   0.0000000e+00   0.0000000e+00   0.0000000e+00   0.0000000e+00   0.0000000e+00   0.0000000e+00   0.0000000e+00   0.0000000e+00   0.0000000e+00   0.0000000e+00   0.0000000e+00   0.0000000e+00   0.0000000e+00   0.0000000e+00   0.0000000e+00   0.0000000e+00   0.0000000e+00   0.0000000e+00   0.0000000e+00   0.0000000e+00   0.0000000e+00   0.0000000e+00   0.0000000e+00   0.0000000e+00   0.0000000e+00   0.0000000e+00   0.0000000e+00   0.0000000e+00   0.0000000e+00   0.0000000e+00   0.0000000e+00   0.0000000e+00   0.0000000e+00   0.0000000e+00   0.0000000e+00   0.0000000e+00   0.0000000e+00   0.0000000e+00
   0.0000000e+00   0.0000000e+00   0.0000000e+00   2.7893183e-02   1.8277091e-01   0.0000000e+00   0.0000000e+00   7.0393934e-02   1.1450027e-01  -2.0508562e-01   1.6541922e-01   2.2453286e-02  -6.8252844e-02  -1.5509728e-01   3.3329613e-01   1.1582895e-01   4.6146348e-02   1.8275451e-01  -5.8850802e-02  -1.1059018e-02  -7.5635053e-02  -8.2338668e-02  -2.7073992e-01  -2.1255103e-01  -1.0311572e-01  -1.6157589e-01   3.3482545e-02  -2.0464955e-01   1.2778740e-01   3.5997676e-02   7.1833279e-03  -5.6491523e-02   2.2725727e-01   6.3802759e-02   3.6522508e-02   4.0273496e-02   2.5132156e-01  -7.0761784e-02   4.0870570e-02  -7.9053719e-02  -8.9122891e-02   1.0733946e-01   2.8953421e-01   4.3381682e-02   2.8022995e-01   1.4343226e-01   3.2296628e-01   1.7070648e-01   3.0626228e-01   0.0000000e+00   0.0000000e+00   1.8873522e-01   1.1888950e-01   1.7381638e-02   5.8660665e-02   8.6727288e-02   2.7971045e-01   1.2699681e-01   1.3770575e-01   4.0118916e-02  -1.0791256e-01  -3.2749237e-02  -7.7736412e-02   3.8516217e-01   5.2500467e-02   4.6101408e-01   1.3613479e-01   5.1976188e-02   8.4196752e-02   2.4565995e-01  -9.8161886e-02   0.0000000e+00   3.5273571e-01   3.4213600e-01   0.0000000e+00  -1.0036024e-01  -7.4867524e-02  -1.5580758e-02   6.0208692e-02   2.1910591e-02   3.4380088e-02  -1.0490531e-01  -8.0530873e-02   1.2237047e-01   3.6821147e-01   2.9242016e-01   1.9861575e-01  -1.3570554e-01  -6.3553521e-02   2.2304703e-02   3.1075466e-01   2.4377030e-01  -1.2734974e-02   3.0776508e-01   2.5661767e-01   9.8355476e-03   1.2681585e-01  -1.0851372e-01   1.1049548e-01   6.0228487e-02   2.8259119e-01   2.0352149e-01   1.4645951e-01  -3.9249762e-02   1.5868451e-01  -7.3373299e-02   7.3746139e-02   4.4841947e-01  -3.3646096e-02   9.4069733e-03   2.1981420e-01   0.0000000e+00   0.0000000e+00   3.2441915e-01   0.0000000e+00   5.7388033e-02   1.2859946e-02   8.5914864e-03
   0.0000000e+00   0.0000000e+00   0.0000000e+00   1.5141735e-01   1.5350606e-01   0.0000000e+00   7.0393934e-02   0.0000000e+00   2.3527137e-01   9.9028490e-03   1.4036526e-01  -8.3010113e-02   2.5366785e-01   2.3142131e-01   1.1297839e-01   1.4942618e-01   1.5264447e-01   1.3156645e-01   2.5958280e-01   4.4002369e-02   2.8728362e-02  -4.6119370e-02   2.3014048e-02   1.1187688e-02   2.3116124e-02  -8.2336166e-02  -9.6002630e-02  -1.9637700e-02  -4.0571726e-02   1.2084806e-01  -5.4742477e-02   1.3083454e-02   2.9450138e-01   5.7649621e-03   8.9410644e-02  -1.8400053e-02  -4.0741765e-02  -2.8593378e-02   1.1063592e-01   7.6891547e-02  -6.3092683e-02   3.7455893e-02   3.0866590e-02  -1.2795183e-01   5.0856607e-03  -1.5606013e-01   1.0363293e-01   1.4146882e-01   1.4101524e-01   0.0000000e+00   0.0000000e+00   7.0020740e-03   4.2817807e-02   4.7683471e-02   2.3591906e-01   1.8143725e-01  -1.0350582e-01  -6.7567857e-02   1.8260713e-01  -8.0794628e-03  -9.6729686e-02  -8.2428692e-02  -1.9083677e-01   1.4907707e-01   5.9816491e-02   1.4477467e-01  -4.3571144e-02   6.5677963e-02   4.3226563e-01   2.8522977e-02   1.8001506e-01   0.0000000e+00  -2.8697431e-02   3.2127393e-02   0.0000000e+00   1.9932015e-01   1.5246098e-01   4.9967891e-02  -1.9934934e-01   2.4402978e-01  -2.0258712e-01  -1.1814341e-01   3.5261529e-02   1.1532326e-01  -5.1770026e-02  -1.5893852e-01   3.7637332e-02   1.1923546e-02   5.4359395e-02  -8.0711563e-02   9.1498580e-02  -2.3843860e-01   2.1476190e-02  -4.9137703e-02  -1.4537925e-03  -6.3499053e-02   1.1540185e-02  -7.7211673e-02   4.6962008e-02   3.6723191e-02  -6.6924499e-02   2.5283757e-02  -1.4946525e-02  -6.3446365e-02  -3.7987424e-02   8.4110748e-02   1.7837355e-01   2.3735840e-01   5.0379072e-02   8.7408769e-02   1.8155206e-01   0.0000000e+00   0.0000000e+00   1.8407916e-01   0.0000000e+00   6.6023024e-01  -1.1354061e-01   1.5853581e-01
   0.0000000e+00   0.0000000e+00   0.0000000e+00   2.2343373e-03   3.0867108e-01   0.0000000e+00   1.1450027e-01   2.3527137e-01   0.0000000e+00  -2.4613432e-02  -1.0714021e-02   1.6081418e-02   9.3577549e-02  -5.4133858e-02   1.6821154e-01   1.9663716e-01   2.4585850e-01   1.7630932e-01   1.7721381e-01   3.3301877e-02   1.6507166e-02  -1.2577001e-02   1.1473581e-01  -8.0945322e-02  -8.6847843e-02  -1.2241218e-01  -1.1027262e-01  -1.3116716e-01   2.3860703e-01   1.5408682e-01  -7.2865002e-02  -5.3156909e-02   1.7858120e-01   2.3696394e-01   3.1972654e-01   1.9660808e-01   2.0872550e-01   1.2007124e-01   9.8692479e-02   1.3103506e-01   1.0560367e-01  -3.5682916e-02   6.9890767e-02   1.5972216e-01   3.3408452e-01   1.3585759e-01   2.4282293e-01   1.4364350e-01   1.7817375e-01   0.0000000e+00   0.0000000e+00   1.3242246e-01   3.1904061e-01   1.8959894e-01   1.9468505e-01   1.3920229e-01  -8.6171132e-02   2.7312280e-01   3.0448746e-01   4.3949396e-02   4.8498323e-02   5.4566683e-02   4.3641980e-02   2.8700440e-01   9.7668585e-02   6.9847478e-02   2.8688004e-01  -6.5045617e-03   6.9924739e-03  -6.9887612e-03   8.3878168e-02   0.0000000e+00   3.4902360e-02  -1.4236075e-02   0.0000000e+00   2.7700451e-01   3.3364874e-01   2.8860713e-01  -2.3494799e-01  -1.2721180e-02  -2.0306088e-01  -1.4942565e-01  -1.1407177e-01   4.8536295e-03  -1.0240806e-01  -3.9671225e-02  -8.2848406e-02  -1.2533976e-01   8.0934846e-03  -1.1225414e-01  -4.1559611e-02  -1.5873484e-01   1.2436743e-01  -9.9279210e-02   1.4760681e-01   2.1358977e-01   5.0905067e-01   2.7828240e-01   3.6478042e-01   3.7093698e-01   1.4867688e-01   2.1472668e-01   1.3942418e-01   6.7936143e-02   1.6343235e-02   4.3893492e-01   2.1037825e-01   1.6707556e-01   1.6106503e-01   1.3224137e-01   6.0609304e-01   0.0000000e+00   0.0000000e+00   8.2500790e-02   0.0000000e+00   1.4459922e-01  -1.3011578e-01   1.4642674e-01
   0.0000000e+00   0.0000000e+00   0.0000000e+00   6.9714164e-03  -7.2650073e-02   0.0000000e+00  -2.0508562e-01   9.9028490e-03  -2.4613432e-02   0.0000000e+00   2.3176885e-01   6.4588478e-02   3.4087856e-02   1.9536118e-01  -2.8914236e-01   5.0773759e-02   1.1347243e-01  -1.2125828e-01   1.3235547e-01   3.4088286e-02   7.0653764e-02   1.9858210e-01   3.2570577e-01   3.5006997e-01   1.4994008e-01   3.2998906e-02  -7.3685160e-02   1.8593335e-01  -1.0566171e-01  -6.4917465e-02  -8.6654947e-02   2.8372932e-02  -1.1840053e-01   8.5308529e-02   4.8172047e-02  -5.4126988e-02  -1.2519254e-01   2.5239641e-01   4.8222377e-02   4.1977482e-01   2.2369506e-01  -3.7254083e-02  -2.7605454e-01   1.6687382e-01  -3.1480930e-01  -2.0470825e-01  -1.4380317e-01  -1.3933690e-01  -1.3681922e-01   0.0000000e+00   0.0000000e+00  -5.8474464e-02   1.4543051e-03   1.0329352e-01   2.0692832e-01   2.8272847e-02  -1.6845030e-01  -1.1024555e-01  -3.9832095e-02   2.5608161e-02   4.0105240e-02   2.9000160e-02   1.0355185e-01   1.9172294e-02  -7.2992410e-02  -4.5098130e-02  -1.0769509e-01   5.5701381e-02   5.2155519e-02  -2.4932017e-01   4.8678343e-02   0.0000000e+00  -2.1168798e-01  -2.6248592e-01   0.0000000e+00   3.7786330e-02   4.3222927e-02  -1.1188885e-01  -2.6205889e-01  -7.0499857e-02  -1.4183382e-01  -1.8936528e-01   3.8434537e-02  -2.1038273e-01  -8.5207317e-02  -1.9425849e-01  -1.2591437e-01   2.1045726e-02  -8.4906292e-02  -6.3758471e-02  -2.2616647e-01  -1.8980146e-01  -1.7435873e-01  -2.0229611e-01   7.9524751e-02  -1.6122623e-04  -1.7916759e-01   2.6027254e-02   6.0372722e-04  -1.2930583e-02  -2.9380912e-01  -1.3319635e-01  -1.8240577e-01  -6.3768125e-03   5.2720812e-02  -2.4521374e-02  -4.3607659e-02  -1.2706407e-01   2.4501061e-01   1.4777650e-01  -2.5378455e-02   0.0000000e+00   0.0000000e+00  -1.7524631e-01   0.0000000e+00   4.9520058e-02   4.2548655e-02   3.0279054e-02
   0.0000000e+00   0.0000000e+00   0.0000000e+00   5.9492012e-02   2.2608456e-02   0.0000000e+00   1.6541922e-01   1.4036526e-01  -1.0714021e-02   2.3176885e-01   0.0000000e+00   1.6002760e-01   1.6858899e-01   1.4272404e-01  -3.1997886e-02   1.7110080e-01   1.1044432e-01   5.9251175e-02   2.6697773e-04   1.2636565e-01   1.0246389e-01   1.6224051e-01   9.5854458e-02   1.7363250e-01   1.3031639e-01   2.0740974e-01   1.0662026e-01   1.1824799e-01  -1.9069631e-02   5.0909967e-02   5.3650621e-02   1.3461561e-01   2.4297337e-01   6.9999324e-02   8.9878928e-02  -1.2066340e-02   3.1591626e-02   1.3052945e-01   1.1766058e-01   3.2622091e-01   2.2300456e-01   1.1894715e-01  -3.2740516e-02   7.1391096e-02  -7.5432569e-02  -1.2227620e-01  -1.2039885e-01   8.0644969e-02   1.9430804e-01   0.0000000e+00   0.0000000e+00  -9.0893330e-02   3.9477439e-02   4.0878733e-02   2.6983478e-01   1.9136951e-01  -1.9307829e-03  -3.9693399e-02  -1.1329105e-02   2.0499129e-01   9.3496966e-03  -6.2376395e-03   7.7984224e-02   3.2690697e-01  -7.5684583e-02   2.5007766e-01   3.0012642e-03  -1.8651887e-02   1.3609046e-01  -2.0388929e-02   1.7067897e-02   0.0000000e+00  -8.3136394e-02   9.4931994e-02   0.0000000e+00  -3.5620126e-02   7.7352610e-02   2.3079466e-02  -9.7320533e-02   1.5010055e-02   1.3580672e-02  -5.3393071e-02   3.9082928e-02   4.9061741e-02   3.2292398e-02  -1.2397297e-01   4.5301034e-02   7.8011050e-02   1.2511150e-02  -1.2878329e-01   8.8054194e-02  -7.6572007e-02  -5.4536911e-02   2.6652404e-02   1.1253598e-01  -1.2913953e-02  -1.0281862e-01  -1.4279146e-01   5.7160008e-02  -6.9939343e-02  -1.2932569e-01  -2.1778598e-02  -9.1143091e-02   2.8090370e-02  -4.7776108e-02  -6.1945947e-02  -4.8615516e-02   2.3533798e-01   1.3793840e-01   6.3647003e-02  -3.8343710e-02   0.0000000e+00   0.0000000e+00   8.3178356e-02   0.0000000e+00   9.2285167e-02   2.2953969e-02   1.6508175e-02
   0.0000000e+00   0.0000000e+00   0.0000000e+00  -1.3512732e-01  -2.4961207e-01   0.0000000e+00   2.2453286e-02  -8.3010113e-02   1.6081418e-02   6.4588478e-02   1.6002760e-01   0.0000000e+00  -3.0665967e-02  -2.8811108e-01   2.8858248e-02  -4.2430685e-02  -1.0880790e-01  -1.3972396e-01  -1.5186757e-01  -9.3615359e-02   1.1738243e-01  -8.9699959e-02   1.6827483e-02   4.9756311e-02  -6.9235302e-02  -1.7914170e-02  -2.4996007e-01  -2.3949764e-01   9.6377119e-02  -1.7556577e-01  -2.3063859e-01  -5.3066664e-02  -1.3411647e-01  -9.9442481e-02   1.6451974e-01   8.9597128e-02   3.0970977e-01   1.7274333e-01   1.4551132e-01   1.0115500e-01   1.3619083e-01   1.2527293e-01  -1.4223148e-01   4.4187846e-01   6.6764101e-02   8.6162938e-02  -2.0710850e-01   5.4606891e-02  -2.1351378e-01   0.0000000e+00   0.0000000e+00  -5.5051372e-02   2.1083646e-01   4.6089099e-02  -1.0680627e-02  -1.5235999e-01  -1.5579736e-01  -4.9723933e-02   7.8750430e-02   1.6827076e-01   2.0532140e-01   1.6256420e-01   2.1102468e-01  -1.2332003e-02   9.3821484e-02   2.8174277e-02   1.1596272e-01  -1.0757674e-01  -2.7792559e-02  -1.8707962e-02  -9.8652508e-02   0.0000000e+00   3.4518869e-02  -3.4498011e-01   0.0000000e+00  -1.4510900e-01   1.0089749e-01   4.9366629e-02  -2.7138319e-01  -1.6430448e-01  -1.3123074e-01  -2.5382765e-01  -2.6523014e-01  -1.6099902e-01  -1.2235872e-01   2.1444310e-03  -2.2332333e-01  -1.4795193e-01  -3.3816299e-01  -1.9401612e-01  -1.0506893e-01  -3.5170953e-02  -5.1913702e-02   1.1631481e-03   2.5441961e-01   2.6790095e-01   3.5708068e-02   2.6602324e-01   6.3733734e-02  -3.7834280e-02  -1.8748092e-01   6.1836043e-03   2.4435280e-01   1.9775165e-01  -9.9863414e-03  -1.5036104e-01  -1.1576358e-01  -4.6491512e-02  -9.8229669e-02  -3.8043233e-02  -8.4762161e-02   0.0000000e+00   0.0000000e+00  -1.2369371e-01   0.0000000e+00  -1.3945006e-01   1.7926875e-02  -1.5775336e-01
   0.0000000e+00   0.0000000e+00   0.0000000e+00   1.1034925e-01  -6.3548803e-02   0.0000000e+00  -6.8252844e-02   2.5366785e-01   9.3577549e-02   3.4087856e-02   1.6858899e-01  -3.0665967e-02   0.0000000e+00   3.2304351e-01   1.1745909e-01   2.3469766e-01   1.7254210e-01   5.6227247e-02   1.4290084e-01   4.3034707e-01   1.5439644e-01   8.3927342e-02   2.0583277e-01   2.4225655e-01   1.8983902e-01   1.6436460e-01  -7.4828267e-03   1.3723822e-01   5.8463534e-02   3.7760484e-01   1.0100991e-01   1.1770020e-01   1.7266934e-01   2.0607280e-01   1.6088096e-01  -1.8311157e-01  -1.3235617e-01  -1.7377409e-02   6.5967315e-02   1.8683703e-01  -6.5266538e-03   8.3785355e-02  -1.3683110e-01  -1.2354928e-01   2.9369835e-02  -1.5959118e-01  -1.1978323e-01  -1.3471171e-01   1.9983240e-01   0.0000000e+00   0.0000000e+00  -1.4593832e-01  -3.4538124e-02   5.6183414e-02   1.2386078e-01   1.9268494e-01  -4.9103944e-02   9.8100669e-02  -1.4512756e-02   1.6996686e-01   1.7814512e-01  -9.9534537e-02  -4.2338235e-02   2.4750110e-01   1.2450474e-01   1.3311400e-01   1.3795197e-01   4.3121715e-02   3.3434747e-01   2.9927351e-01   4.3184742e-01   0.0000000e+00  -1.1798936e-01  -1.4605277e-01   0.0000000e+00   9.7557529e-02   3.7885127e-01   1.2542230e-01  -2.1197610e-01  -8.9607387e-04  -2.7601278e-01  -1.2089359e-01   7.5595174e-02   2.5573740e-01  -8.8129205e-02  -2.1244749e-01   3.8900213e-02  -1.4062354e-01   1.1739411e-01  -7.2969444e-02   1.0866349e-01  -2.1128490e-01  -5.0289802e-02  -5.2857129e-02  -2.8305875e-02  -5.7060128e-02  -1.2450144e-01  -1.0496238e-01  -8.9329474e-02  -4.2730910e-02  -2.6533181e-01  -1.5012664e-01  -1.2723053e-03   1.6884191e-03   9.7265382e-02   7.3519353e-02   3.1683544e-02   7.4964046e-02   2.0415694e-01   3.6319068e-01   1.8475067e-01   0.0000000e+00   0.0000000e+00   2.0921738e-02   0.0000000e+00   2.8412817e-01  -7.0551872e-02   1.6417333e-01
   0.0000000e+00   0.0000000e+00   0.0000000e+00   1.2144926e-01   2.7773783e-02   0.0000000e+00  -1.5509728e-01   2.3142131e-01  -5.4133858e-02   1.9536118e-01   1.4272404e-01  -2.8811108e-01   3.2304351e-01   0.0000000e+00   1.2744177e-02   1.0508630e-01   6.1245186e-02   5.7867052e-03   1.4620945e-01   1.6155051e-01   4.6509439e-02   1.6641971e-01   1.4270493e-01   1.6163325e-01   1.7564862e-01   1.3654415e-01   1.1602653e-01   3.6091371e-01  -2.5093808e-03   1.6618398e-01   6.6668444e-02   1.3639562e-01   1.8862045e-01   4.2493027e-02  -8.8383998e-02  -1.4836940e-02  -1.7686150e-01   8.0867879e-03  -1.4402779e-02   1.0567213e-01   5.2746360e-02  -5.0733756e-03  -1.2493231e-01  -2.0204767e-01  -8.4746309e-02  -8.9996928e-02  -4.7919706e-02  -1.4092171e-01   1.1571149e-01   0.0000000e+00   0.0000000e+00  -8.6652529e-02  -3.6264247e-02  -4.7192590e-02   1.7845889e-01   1.7038186e-01   2.2108068e-02   1.5068373e-02   7.3563249e-03   3.8897896e-02   6.8469702e-02  -3.9183380e-02   1.7253482e-02   4.5195397e-02  -1.0895293e-02   3.6768927e-02  -5.7920482e-03   1.0674696e-01   2.6652546e-01  -6.9868808e-02   2.2606731e-01   0.0000000e+00  -1.9910222e-01   2.5872649e-02   0.0000000e+00   1.2110399e-01   8.4719578e-02   1.8067421e-01   8.7697176e-02   9.9800221e-02   3.8610366e-02   8.0380887e-02   4.0359978e-01   9.2685374e-02  -1.9264791e-02  -1.0261897e-01   8.4311693e-02   2.2851625e-01   2.3478508e-01   2.7253912e-02  -1.0233914e-01  -1.1206783e-01  -1.5710171e-02   9.0488672e-03  -5.4956192e-02  -1.1941026e-01  -6.9137401e-02  -2.3436113e-01  -9.1171112e-02  -5.6962798e-02  -5.0294602e-02  -1.3654222e-01  -1.6574145e-01  -2.2055381e-02   6.5982488e-03   1.4266681e-01   9.9202606e-02  -1.2810991e-02   2.8444159e-01   2.0770085e-01   8.2080803e-02   0.0000000e+00   0.0000000e+00   3.2324351e-03   0.0000000e+00   4.0877689e-01   3.4336324e-02   1.9085713e-01
   0.0000000e+00   0.0000000e+00   0.0000000e+00   9.6892997e-02   4.1738164e-03   0.0000000e+00   3.3329613e-01   1.1297839e-01   1.6821154e-01  -2.8914236e-01  -3.1997886e-02   2.8858248e-02   1.1745909e-01   1.2744177e-02   0.0000000e+00   1.7945760e-01  -1.3357936e-02   2.3400547e-01   9.8672879e-02   1.4949953e-01  -5.8770007e-02  -1.6698735e-01  -2.7487381e-01  -1.9652365e-01  -1.3864008e-01   7.9078621e-03   9.6241576e-03  -1.9033032e-01   7.4629765e-02   4.4159010e-02   1.8262915e-03  -3.1124067e-02   1.6725574e-01   8.6013289e-04   2.2928048e-02  -2.8101278e-02   1.1309383e-01  -1.3488960e-01   1.4833987e-01  -1.6698474e-01  -8.4207218e-02   1.8514649e-01   2.3852964e-01  -3.1607432e-02   2.7695473e-01   1.6723052e-01   2.0510670e-01   3.2494140e-01   2.9090100e-01   0.0000000e+00   0.0000000e+00   1.3091453e-01  -9.4342244e-03   1.3667039e-01   7.6259503e-02   1.1183213e-01   1.8912639e-01   2.4447144e-01   2.4944409e-01  -6.3267141e-03  -7.9492547e-02  -4.5735403e-02  -1.0131356e-01   2.7804016e-01   1.0930902e-01   1.3295682e-01   1.9434804e-01  -1.8513935e-02  -4.8420659e-02   2.5552436e-01  -4.7350633e-02   0.0000000e+00   3.1645929e-01   1.1882125e-01   0.0000000e+00   1.4562125e-02  -7.8053942e-02   3.6994151e-02   1.7525822e-01   5.8100607e-02   3.1027233e-02   4.2722733e-02  -5.4807489e-02   2.2073707e-01   8.3315147e-02   1.8188803e-01   1.0708495e-01  -7.0444708e-02  -1.7786383e-02   5.0300380e-02   1.3542059e-01   1.4415442e-01   6.2746667e-02   1.3756691e-01   1.2169990e-01   2.7539719e-02   3.9570297e-02  -1.3660022e-02   1.0005490e-01   1.5696132e-02   8.6749768e-02   1.1615484e-01   1.5996988e-01  -4.2539250e-02   1.7717147e-01   1.6931101e-01   1.2880843e-01   2.1570744e-01  -1.2303885e-01  -5.5681899e-02   1.7269018e-01   0.0000000e+00   0.0000000e+00   2.9453199e-01   0.0000000e+00   4.4019561e-02   2.2683968e-02   1.9804906e-02
   0.0000000e+00   0.0000000e+00   0.0000000e+00   1.1858835e-03   7.6635876e-02   0.0000000e+00   1.1582895e-01   1.4942618e-01   1.9663716e-01   5.0773759e-02   1.7110080e-01  -4.2430685e-02   2.3469766e-01   1.0508630e-01   1.7945760e-01   0.0000000e+00   1.8034068e-01   2.1250437e-01   1.2724128e-01   2.9588378e-01   8.4023762e-02   2.8543914e-01   2.0064318e-01   1.4149384e-01   2.2396127e-01   1.8180084e-01   2.9912165e-01   1.5868504e-01  -9.2061838e-02   1.6716031e-01   4.3454066e-03   1.1501724e-01   2.0959134e-01   5.0581331e-02   6.3925389e-02   7.7390022e-02  -1.0694300e-01   8.0754624e-03   7.2793862e-02   2.2979187e-01   5.1182651e-02   6.5839314e-02   3.9309414e-02  -7.5620785e-02   1.8524730e-01   9.3748318e-02   2.5166077e-02  -3.9848533e-03   3.0616279e-01   0.0000000e+00   0.0000000e+00   2.0723601e-02   1.1002198e-01   8.8333236e-02   5.3668603e-01   3.4482204e-01   2.8894220e-01   2.1495244e-01   1.7244563e-01   2.2028722e-01   8.3021837e-02   7.9677174e-02   1.0416145e-01   1.9286457e-01  -9.3228124e-02   4.2147274e-02  -2.3924437e-02   1.6264016e-01   1.6162072e-01   5.9464396e-02  -3.8681424e-02   0.0000000e+00  -1.6371929e-01   8.5677271e-02   0.0000000e+00   9.1467736e-02   1.3373186e-01   1.0790356e-02   4.2656101e-02   1.1266626e-02   9.4736197e-02  -1.4271761e-02   1.3307736e-01   1.5550262e-01   1.3054153e-01  -9.8705053e-02   3.6835198e-02  -1.2450887e-02   1.7066968e-01   1.9387400e-02   3.5238383e-02   3.2704848e-02   7.0229400e-02  -5.8899065e-02   9.2603968e-03   7.1956179e-03   3.0694752e-04  -5.1235148e-02  -2.4460175e-02   4.1136120e-02   6.9280626e-02   4.8371910e-03  -9.5904240e-02   1.2384305e-01   2.2271249e-01   1.3948310e-01   1.2065846e-01   1.7240445e-01   1.7538890e-01   1.9719929e-01   1.7810209e-01   0.0000000e+00   0.0000000e+00   1.0802352e-01   0.0000000e+00   1.3557051e-01  -9.5651902e-02   1.9582967e-01
   0.0000000e+00   0.0000000e+00   0.0000000e+00   7.3110064e-02   3.3919778e-01   0.0000000e+00   4.6146348e-02   1.5264447e-01   2.4585850e-01   1.1347243e-01   1.1044432e-01  -1.0880790e-01   1.7254210e-01   6.1245186e-02  -1.3357936e-02   1.8034068e-01   0.0000000e+00   5.1275293e-01   4.0594456e-01   1.2836805e-01   3.1212256e-02   1.2391268e-01   1.9538021e-01   6.9940499e-02   8.3042886e-02   3.0073334e-02   5.5529383e-02   2.8760610e-02   1.3261218e-02   2.3840026e-01   4.4411038e-03  -6.6908096e-02   1.4882246e-02   6.1110594e-03   1.6405500e-01   7.2254190e-02  -6.3904199e-02   1.7223509e-01   1.1888911e-01   1.2621663e-01   1.0134935e-01   9.3543384e-03   1.5631487e-01   1.9001426e-02   1.2110971e-01   1.1537981e-01   3.2313142e-01   2.5639709e-02   1.4737872e-01   0.0000000e+00   0.0000000e+00   5.0639730e-02   1.2971444e-01   2.0980217e-01   2.3210304e-01   1.7167318e-01   6.1907535e-02   1.2230562e-01   3.2230739e-01  -1.3663722e-02   7.4470270e-02   5.5403070e-02   7.3807305e-02   2.5642127e-01  -6.9664143e-03  -1.3103050e-03  -4.8293417e-02   2.1237516e-01   2.1239863e-01   6.3634038e-02   1.7395616e-01   0.0000000e+00  -7.5879461e-02   1.9964275e-02   0.0000000e+00   3.6241217e-01   2.0760332e-01   2.8197460e-02  -5.1356227e-02   1.0404246e-01  -9.4178929e-02   2.8767480e-02   7.4886132e-02   1.9196194e-01   4.8246766e-02  -3.7105955e-02  -5.5467939e-03  -2.9450785e-02  -4.5367804e-02   9.2179530e-02   3.8442369e-02   1.0507773e-01   1.0801055e-01  -2.2019932e-02   5.5560865e-02   1.3975054e-01   1.3837747e-01   2.3108813e-01   2.4246303e-01   2.7378328e-01   1.0283381e-01   7.1088862e-02   6.1379475e-02   2.9720917e-02   1.7408900e-01   6.6334107e-02   8.1992149e-02   1.3438619e-01   2.1022061e-01   2.4598601e-02   2.2010225e-01   0.0000000e+00   0.0000000e+00  -1.9204934e-02   0.0000000e+00   9.5878284e-02   8.5072192e-02   1.4923956e-01
   0.0000000e+00   0.0000000e+00   0.0000000e+00   5.4219756e-02   4.3037527e-01   0.0000000e+00   1.8275451e-01   1.3156645e-01   1.7630932e-01  -1.2125828e-01   5.9251175e-02  -1.3972396e-01   5.6227247e-02   5.7867052e-03   2.3400547e-01   2.1250437e-01   5.1275293e-01   0.0000000e+00   2.8070520e-01   2.0866506e-01   5.1964470e-02   3.8967161e-03  -1.7572564e-02  -1.4820608e-01  -3.4838929e-02   9.2020348e-02   1.7662974e-01  -3.1110226e-02   5.8929990e-02   1.8473898e-01   1.5686585e-01  -3.5769632e-02   7.5538612e-02   2.9606180e-02   7.4458807e-02  -4.5953282e-02  -7.2650602e-02   2.6056425e-02   5.1297002e-03   2.6928747e-02  -2.7438842e-02   5.5561645e-02   4.0513853e-01  -1.4054137e-01   2.5032883e-01   2.0360624e-01   4.0949603e-01   2.3979062e-01   3.6845928e-01   0.0000000e+00   0.0000000e+00   1.1015236e-01   5.8171170e-02   1.7388164e-01   6.0763528e-02   1.8523037e-01   2.1667141e-01   2.3182445e-01   2.7496842e-01   2.0098426e-02   3.3766177e-02  -2.1537986e-02   1.0030587e-02   2.5631465e-01  -1.1569186e-02  -4.0630413e-02  -2.6130629e-02   1.6406141e-01   1.0197178e-01   2.3940182e-01   6.0216363e-02   0.0000000e+00   1.0411163e-01   9.4693612e-02   0.0000000e+00   2.0942711e-01   7.2680114e-02  -2.8553587e-02   2.0456127e-01   2.3897536e-01   4.2916972e-02   1.3039625e-01   4.2395936e-02   4.2355339e-01   1.0602588e-01   1.4576433e-01   2.3331839e-01   2.6474247e-02   1.3706900e-01   2.0876052e-01   1.8527967e-01   1.5868199e-01   1.8366041e-01   5.3598333e-02   3.0518406e-02  -1.3917552e-02   1.6141499e-01   3.4599351e-02   1.8251939e-01   1.6981414e-01   1.6117112e-01   1.0394919e-01   5.7281151e-02   5.8064560e-03   2.7816426e-02   1.2620726e-01   4.1228362e-02   1.9144751e-01  -3.8673905e-02  -6.8527491e-03   2.1968347e-01   0.0000000e+00   0.0000000e+00   2.7866671e-01   0.0000000e+00  -3.0846834e-02   1.7860247e-01   1.6139679e-01
   0.0000000e+00   0.0000000e+00   0.0000000e+00   2.1095693e-01   2.3161914e-01   0.0000000e+00  -5.8850802e-02   2.5958280e-01   1.7721381e-01   1.3235547e-01   2.6697773e-04  -1.5186757e-01   1.4290084e-01   1.4620945e-01   9.8672879e-02   1.2724128e-01   4.0594456e-01   2.8070520e-01   0.0000000e+00   6.5477627e-02   8.2674716e-03   8.1512014e-02   1.6566717e-01   1.4891012e-01   9.2514924e-02   9.4948583e-02  -5.1660006e-02   3.3040971e-02   2.2736761e-02   1.2053952e-01  -2.7313409e-02  -8.4150119e-02   1.0835785e-01  -1.1093829e-03   3.4233650e-02  -7.2277878e-02  -4.3699429e-02   1.5691581e-01   2.4356439e-01   8.7803703e-02   8.1359759e-02   7.7589754e-03   9.8926904e-03  -6.3340991e-02  -1.2763634e-01   7.1632314e-02   2.3072466e-01   1.7056866e-01   7.0141579e-02   0.0000000e+00   0.0000000e+00   3.9065549e-02   8.0141874e-03   3.6695627e-01   1.4139152e-01   4.7672011e-02  -3.2163296e-02  -2.5323408e-02   4.7188609e-01  -1.1707450e-01   2.4516635e-02   5.8070818e-02   1.8626305e-02   8.9101047e-02  -7.0562517e-05  -1.1359210e-01  -4.0421522e-02   2.9426466e-01  -3.4721186e-02  -6.9974643e-02   1.1938204e-01   0.0000000e+00  -2.3933522e-02  -8.6546368e-02   0.0000000e+00   3.4035355e-01   1.7596322e-02  -3.8848056e-02  -5.5257821e-02   3.0752138e-01  -5.1985792e-02   2.4827845e-02   1.4240553e-01   6.9956046e-02   4.5434695e-03  -7.8802333e-02   2.3479928e-02   5.8046406e-02   4.6314591e-02   8.9884423e-02  -2.0996381e-01  -1.3734017e-01   4.0321778e-02  -1.2122176e-01   1.4691763e-01   1.1053024e-02   4.3318496e-02   1.5930743e-01   2.7488340e-01   1.7360691e-01  -1.1242443e-01   6.0620519e-02  -9.1521788e-02  -1.0391486e-01   3.5049650e-02   1.3615565e-01   1.2033455e-01   3.4202811e-02   1.6671759e-01   1.2715826e-01   2.3203430e-01   0.0000000e+00   0.0000000e+00   7.4029730e-02   0.0000000e+00   1.3799293e-01   2.0139195e-01   1.1635954e-01
   0.0000000e+00   0.0000000e+00   0.0000000e+00   7.4811794e-02   3.7384349e-02   0.0000000e+00  -1.1059018e-02   4.4002369e-02   3.3301877e-02   3.4088286e-02   1.2636565e-01  -9.3615359e-02   4.3034707e-01   1.6155051e-01   1.4949953e-01   2.9588378e-01   1.2836805e-01   2.0866506e-01   6.5477627e-02   0.0000000e+00   2.9439254e-01   2.5515864e-01   1.7713638e-01   1.2681589e-01   2.6976918e-01   3.2888434e-01   3.3022674e-01   3.2013885e-01   9.3990219e-02   3.9869016e-01   3.1033461e-01   2.8429287e-01   1.0534886e-01   8.0663151e-02   7.9717004e-02   3.1013105e-02  -1.5421240e-01   1.9003661e-02   3.2758820e-02   2.5796612e-01   2.0798571e-02   1.0159407e-01   1.4431628e-01  -1.1320237e-01   1.0899719e-01   1.2275595e-01   8.0037572e-03  -1.4244269e-02   4.0786168e-01   0.0000000e+00   0.0000000e+00  -7.9258769e-02  -4.2835976e-02  -4.9705326e-02   1.2437199e-01   3.4813911e-01   2.4949355e-01   1.5143385e-01  -9.2332163e-03   2.5151436e-01   1.0770861e-01  -8.6070305e-02   3.1338549e-02   2.2649022e-01  -1.6966548e-02  -7.1581832e-03  -6.2875536e-02  -4.4928706e-02   1.2986679e-01   2.9008895e-01   1.7565821e-01   0.0000000e+00  -2.7994712e-02  -8.8026502e-02   0.0000000e+00  -3.9022043e-02   1.9327937e-01   7.0593014e-02   1.0191004e-01  -3.5085134e-03   2.5908217e-02   5.0765198e-02   8.7979583e-02   6.0485914e-01   7.5283634e-02  -2.9138873e-02   1.6475944e-01  -2.2840930e-02   1.4675035e-01   1.1963610e-01   2.0148093e-01   2.0900432e-02  -6.0548878e-03  -6.3840015e-02  -3.4500154e-02  -6.6754570e-02  -5.8154815e-02  -1.5982813e-01  -4.4733899e-02  -1.7837555e-02  -1.6581903e-02   4.8055887e-02   2.6017629e-02  -3.4452100e-03   1.0126684e-01   1.4607517e-02   3.2455806e-02   9.1081277e-02  -4.2285087e-03   8.4031374e-02   8.9685623e-02   0.0000000e+00   0.0000000e+00   4.0494925e-02   0.0000000e+00   6.2709873e-02   5.3344715e-02   6.2771244e-02
   0.0000000e+00   0.0000000e+00   0.0000000e+00  -4.5874765e-02   4.9654779e-02   0.0000000e+00  -7.5635053e-02   2.8728362e-02   1.6507166e-02   7.0653764e-02   1.0246389e-01   1.1738243e-01   1.5439644e-01   4.6509439e-02  -5.8770007e-02   8.4023762e-02   3.1212256e-02   5.1964470e-02   8.2674716e-03   2.9439254e-01   0.0000000e+00   3.4381494e-01   2.8795038e-01   2.0717847e-01   2.5005631e-01   1.4400577e-01  -2.3524057e-02   9.4835657e-02   5.7215822e-02   1.5326640e-01   6.6573490e-05   5.2767516e-02   8.6055933e-02   8.9668010e-02   7.8044850e-02  -4.3868308e-02   5.5142946e-02   1.0431971e-01  -5.7213360e-02   1.5897707e-01   2.5820483e-02   3.5032330e-02  -1.2584931e-01   1.1664331e-01  -3.4568953e-02   4.9296321e-02  -9.6738566e-03  -4.5781279e-02   7.2165763e-02   0.0000000e+00   0.0000000e+00  -7.9504825e-02   6.6301151e-03   6.8372607e-03   1.2281261e-01   1.4129903e-01  -8.8411834e-03   6.1672594e-02   1.7947765e-02   2.7159960e-01   2.8784100e-01   1.7840112e-01   2.0513038e-01   8.9977418e-02  -4.6961310e-02  -6.3099424e-02  -3.2966908e-02  -1.8877578e-03   1.4898123e-02  -4.8663605e-02   4.2199230e-02   0.0000000e+00  -7.8401924e-02  -2.0368717e-01   0.0000000e+00   2.3348823e-03   6.5521844e-02  -3.2857717e-02  -6.9790097e-02   3.8868766e-02  -5.1399503e-03  -1.6173384e-01   9.0775451e-02   1.2927287e-01  -9.4750058e-02  -7.6751478e-02  -9.4557629e-02   2.1690185e-02  -1.9040475e-02   2.5640281e-02  -7.4203792e-02  -8.1360627e-02   1.8134439e-02  -1.0361968e-01  -2.1755789e-02   9.1541504e-02   2.4346544e-02  -8.3696456e-04  -1.5929075e-02   6.7694200e-02  -9.0654288e-02  -5.3369110e-03  -3.4908744e-02   6.1045090e-02   1.6417124e-01   9.7337617e-03  -6.3730142e-02   3.9224714e-02   9.8511736e-02   9.0405910e-02   9.4956411e-02   0.0000000e+00   0.0000000e+00  -8.2818023e-02   0.0000000e+00   1.1300713e-01   5.3855543e-02   6.4309086e-02
