   0.0000000e+00   0.0000000e+00   0.0000000e+00   7.3562063e-03   0.0000000e+00   0.0000000e+00   3.2507465e-01   6.1001458e-02  -9.8841292e-02  -1.5116666e-01   1.5261618e-01  -2.6490560e-01  -1.8407921e-01  -9.0271239e-02  -3.0820929e-02  -9.1045040e-02   0.0000000e+00   2.3698698e-02  -8.8881995e-02   3.1723453e-04  -1.0200137e-01  -1.1825768e-01  -4.0087562e-02  -5.5655604e-04  -8.7437979e-02   7.8769221e-02   3.3730147e-02  -1.7536818e-01   2.8467709e-02   1.0464941e-01  -1.8419387e-01   2.4045876e-02   1.7108590e-01   5.6122571e-02  -7.2919144e-02   5.4511611e-02   4.2475315e-02   2.1853414e-01   9.9461596e-02   6.9424671e-02   1.4365053e-01   5.1763974e-02  -3.1177205e-03   1.3008260e-01   3.2155606e-01  -9.6105816e-04   3.9646495e-02  -1.8083569e-01  -1.4682342e-01   0.0000000e+00   0.0000000e+00   4.0467600e-02   1.2521567e-01  -1.5479183e-01  -6.2633879e-02  -1.2385281e-01  -1.0680087e-01  -2.2565349e-02  -4.8221907e-02   8.7822280e-02  -9.9855353e-02  -2.3075605e-02  -7.3163726e-02  -5.6237243e-02   1.6669207e-02  -9.0195661e-02   6.9264675e-02  -5.7529738e-02   1.5555013e-01   1.1394196e-01  -2.7974208e-02   1.0687868e-01   2.9513253e-02   2.1280090e-01   0.0000000e+00   8.5380625e-02   7.1056828e-02   1.8953742e-01   4.5660350e-02  -1.0584429e-01  -6.6280630e-02  -1.2016120e-01  -9.8021032e-02   3.1916629e-03  -4.3323234e-03  -5.9722166e-02   6.0054659e-02  -4.7308490e-02   1.1205528e-01  -1.6996226e-01  -3.1439698e-02  -3.3017923e-02   1.3219040e-01   1.2384316e-01  -8.0141025e-02   2.5717184e-03  -9.1377348e-02   1.3134844e-01   3.6741668e-02   2.3232158e-02  -2.6390545e-02   1.1234339e-02   3.5398241e-02   1.2101593e-01  -2.0614669e-01  -4.3552606e-02  -1.4947866e-01  -1.3960463e-01  -1.6819855e-01   2.2318304e-01   8.8700432e-02   0.0000000e+00   0.0000000e+00  -1.5779111e-01   0.0000000e+00   1.2391370e-02   2.6480581e-02   1.5386835e-02
   0.0000000e+00   0.0000000e+00   0.0000000e+00   0.0000000e+00   0.0000000e+00   0.0000000e+00   0.0000000e+00   0.0000000e+00   0.0000000e+00   0.0000000e+00   0.0000000e+00   0.0000000e+00   0.0000000e+00   0.0000000e+00   0.0000000e+00   0.0000000e+00   0.0000000e+00   0.0000000e+00   0.0000000e+00   0.0000000e+00   0.0000000e+00   0.0000000e+00   0.0000000e+00   0.0000000e+00   0.0000000e+00   0.0000000e+00   0.0000000e+00   0.0000000e+00   0.0000000e+00   0.0000000e+00   0.0000000e+00   0.0000000e+00   0.0000000e+00   0.0000000e+00   0.0000000e+00   0.0000000e+00   0.0000000e+00   0.0000000e+00   0.0000000e+00   0.0000000e+00   0.0000000e+00   0.0000000e+00   0.0000000e+00   0.0000000e+00   0.0000000e+00   0.0000000e+00   0.0000000e+00   0.0000000e+00   0.0000000e+00   0.0000000e+00   0.0000000e+00   0.0000000e+00   0.0000000e+00   0.0000000e+00   0.0000000e+00   0.0000000e+00   0.0000000e+00   0.0000000e+00   0.0000000e+00   0.0000000e+00   0.0000000e+00   0.0000000e+00   0.0000000e+00   0.0000000e+00   0.0000000e+00   0.0000000e+00   0.0000000e+00   0.0000000e+00   0.0000000e+00   0.0000000e+00   0.0000000e+00   0.0000000e+00   0.0000000e+00   0.0000000e+00   0.0000000e+00   0.0000000e+00   0.0000000e+00   0.0000000e+00   0.0000000e+00   0.0000000e+00   0.0000000e+00   0.0000000e+00   0.0000000e+00   0.0000000e+00   0.0000000e+00   0.0000000e+00   0.0000000e+00   0.0000000e+00   0.0000000e+00   0.0000000e+00   0.0000000e+00   0.0000000e+00   0.0000000e+00   0.0000000e+00   0.0000000e+00   0.0000000e+00   0.0000000e+00   0.0000000e+00   0.0000000e+00   0.0000000e+00   0.0000000e+00   0.0000000e+00   0.0000000e+00   0.0000000e+00   0.0000000e+00   0.0000000e+00   0.0000000e+00   0.0000000e+00   0.0000000e+00   0.0000000e+00   0.0000000e+00   0.0000000e+00   0.0000000e+00   0.0000000e+00   0.0000000e+00   0.0000000e+00   0.0000000e+00   0.0000000e+00
   0.0000000e+00   0.0000000e+00   0.0000000e+00   0.0000000e+00   0.0000000e+00   0.0000000e+00   0.0000000e+00   0.0000000e+00   0.0000000e+00   0.0000000e+00   0.0000000e+00   0.0000000e+00   0.0000000e+00   0.0000000e+00   0.0000000e+00   0.0000000e+00   0.0000000e+00   0.0000000e+00   0.0000000e+00   0.0000000e+00   0.0000000e+00   0.0000000e+00   0.0000000e+00   0.0000000e+00   0.0000000e+00   0.0000000e+00   0.0000000e+00   0.0000000e+00   0.0000000e+00   0.0000000e+00   0.0000000e+00   0.0000000e+00   0.0000000e+00   0.0000000e+00   0.0000000e+00   0.0000000e+00   0.0000000e+00   0.0000000e+00   0.0000000e+00   0.0000000e+00   0.0000000e+00   0.0000000e+00   0.0000000e+00   0.0000000e+00   0.0000000e+00   0.0000000e+00   0.0000000e+00   0.0000000e+00   0.0000000e+00   0.0000000e+00   0.0000000e+00   0.0000000e+00   0.0000000e+00   0.0000000e+00   0.0000000e+00   0.0000000e+00   0.0000000e+00   0.0000000e+00   0.0000000e+00   0.0000000e+00   0.0000000e+00   0.0000000e+00   0.0000000e+00   0.0000000e+00   0.0000000e+00   0.0000000e+00   0.0000000e+00   0.0000000e+00   0.0000000e+00   0.0000000e+00   0.0000000e+00   0.0000000e+00   0.0000000e+00   0.0000000e+00   0.0000000e+00   0.0000000e+00   0.0000000e+00   0.0000000e+00   0.0000000e+00   0.0000000e+00   0.0000000e+00   0.0000000e+00   0.0000000e+00   0.0000000e+00   0.0000000e+00   0.0000000e+00   0.0000000e+00   0.0000000e+00   0.0000000e+00   0.0000000e+00   0.0000000e+00   0.0000000e+00   0.0000000e+00   0.0000000e+00   0.0000000e+00   0.0000000e+00   0.0000000e+00   0.0000000e+00   0.0000000e+00   0.0000000e+00   0.0000000e+00   0.0000000e+00   0.0000000e+00   0.0000000e+00   0.0000000e+00   0.0000000e+00   0.0000000e+00   0.0000000e+00   0.0000000e+00   0.0000000e+00   0.0000000e+00   0.0000000e+00   0.0000000e+00   0.0000000e+00   0.0000000e+00   0.0000000e+00   0.0000000e+00   0.0000000e+00
   7.3562063e-03   0.0000000e+00   0.0000000e+00   0.0000000e+00   0.0000000e+00   0.0000000e+00   3.2691040e-02  -2.4135773e-02   4.6807655e-02   1.8449871e-01   6.1479384e-02   7.4132943e-03   9.5906138e-02   1.2509801e-01   5.4252791e-02   1.6253341e-01   0.0000000e+00   4.0046659e-02   8.2041872e-02   1.6626590e-01   8.2980556e-02   2.0146488e-01   3.0093959e-01   1.2735407e-01   1.2712865e-01   3.6815955e-02   3.6520806e-02   1.2360158e-01  -1.1231242e-01   3.0469028e-02  -3.2908719e-02   1.6026800e-01   3.7110907e-02  -5.9763596e-02   9.3585559e-02   1.7336275e-01   3.9670895e-04   6.8976697e-02   8.8916193e-02   4.8574166e-02   1.3864321e-03   1.0581102e-01   1.4796970e-02  -7.1596411e-02  -5.3329812e-02  -5.7914033e-02   3.0977540e-02   9.8815070e-02  -3.8415271e-02   0.0000000e+00   0.0000000e+00  -1.1058566e-01  -1.2758038e-01   7.0965859e-02   3.5412889e-02   8.3433679e-02   1.3699355e-01  -5.6266006e-02  -2.2330434e-02  -7.1320491e-04   2.9901344e-02   3.4235222e-02   1.3007472e-01  -1.0346538e-01  -3.8558610e-03  -1.2003266e-01  -3.8429787e-02   1.3691335e-01  -1.1983625e-01  -4.3183497e-02  -3.1602798e-02   2.7873684e-02   2.0543752e-02  -5.9423660e-02   0.0000000e+00   1.1666034e-01  -9.1113586e-02  -2.5781301e-02   1.0408789e-02   2.5060776e-02   1.0306238e-02   6.2546280e-02   1.2094977e-01  -5.1385661e-02   3.0084082e-02  -8.9107561e-02  -2.1808152e-02   4.2812039e-02   1.7979251e-02   3.3258000e-02  -9.8301545e-02  -5.8116891e-02   1.6088032e-02   8.2865403e-02   5.9764344e-02   2.0047849e-02  -3.2943590e-02   1.7456543e-03  -6.8031772e-02   1.4561616e-02  -3.7133921e-02   5.8206794e-03  -1.3139826e-01   8.9696507e-02   7.1747576e-02  -6.6746665e-02   1.3471827e-02  -1.2854959e-02   7.1531148e-02  -8.8751537e-02  -9.0366777e-02   0.0000000e+00   0.0000000e+00   7.6916688e-02   0.0000000e+00  -3.8564025e-02   5.6680547e-02   1.1351646e-01
   0.0000000e+00   0.0000000e+00   0.0000000e+00   0.0000000e+00   0.0000000e+00   0.0000000e+00   0.0000000e+00   0.0000000e+00   0.0000000e+00   0.0000000e+00   0.0000000e+00   0.0000000e+00   0.0000000e+00   0.0000000e+00   0.0000000e+00   0.0000000e+00   0.0000000e+00   0.0000000e+00   0.0000000e+00   0.0000000e+00   0.0000000e+00   0.0000000e+00   0.0000000e+00   0.0000000e+00   0.0000000e+00   0.0000000e+00   0.0000000e+00   0.0000000e+00   0.0000000e+00   0.0000000e+00   0.0000000e+00   0.0000000e+00   0.0000000e+00   0.0000000e+00   0.0000000e+00   0.0000000e+00   0.0000000e+00   0.0000000e+00   0.0000000e+00   0.0000000e+00   0.0000000e+00   0.0000000e+00   0.0000000e+00   0.0000000e+00   0.0000000e+00   0.0000000e+00   0.0000000e+00   0.0000000e+00   0.0000000e+00   0.0000000e+00   0.0000000e+00   0.0000000e+00   0.0000000e+00   0.0000000e+00   0.0000000e+00   0.0000000e+00   0.0000000e+00   0.0000000e+00   0.0000000e+00   0.0000000e+00   0.0000000e+00   0.0000000e+00   0.0000000e+00   0.0000000e+00   0.0000000e+00   0.0000000e+00   0.0000000e+00   0.0000000e+00   0.0000000e+00   0.0000000e+00   0.0000000e+00   0.0000000e+00   0.0000000e+00   0.0000000e+00   0.0000000e+00   0.0000000e+00   0.0000000e+00   0.0000000e+00   0.0000000e+00   0.0000000e+00   0.0000000e+00   0.0000000e+00   0.0000000e+00   0.0000000e+00   0.0000000e+00   0.0000000e+00   0.0000000e+00   0.0000000e+00   0.0000000e+00   0.0000000e+00   0.0000000e+00   0.0000000e+00   0.0000000e+00   0.0000000e+00   0.0000000e+00   0.0000000e+00   0.0000000e+00   0.0000000e+00   0.0000000e+00   0.0000000e+00   0.0000000e+00   0.0000000e+00   0.0000000e+00   0.0000000e+00   0.0000000e+00   0.0000000e+00   0.0000000e+00   0.0000000e+00   0.0000000e+00   0.0000000e+00   0.0000000e+00   0.0000000e+00   0.0000000e+00   0.0000000e+00   0.0000000e+00   0.0000000e+00   0.0000000e+00   0.0000000e+00
   0.0000000e+00   0.0000000e+00   0.0000000e+00   0.0000000e+00   0.0000000e+00   0.0000000e+00   0.0000000e+00   0.0000000e+00   0.0000000e+00   0.0000000e+00   0.0000000e+00   0.0000000e+00   0.0000000e+00   0.0000000e+00   0.0000000e+00   0.0000000e+00   0.0000000e+00   0.0000000e+00   0.0000000e+00   0.0000000e+00   0.0000000e+00   0.0000000e+00   0.0000000e+00   0.0000000e+00   0.0000000e+00   0.0000000e+00   0.0000000e+00   0.0000000e+00   0.0000000e+00   0.0000000e+00   0.0000000e+00   0.0000000e+00   0.0000000e+00   0.0000000e+00   0.0000000e+00   0.0000000e+00   0.0000000e+00   0.0000000e+00   0.0000000e+00   0.0000000e+00   0.0000000e+00   0.0000000e+00   0.0000000e+00   0.0000000e+00   0.0000000e+00   0.0000000e+00   0.0000000e+00   0.0000000e+00   0.0000000e+00   0.0000000e+00   0.0000000e+00   0.0000000e+00   0.0000000e+00   0.0000000e+00   0.0000000e+00   0.0000000e+00   0.0000000e+00   0.0000000e+00   0.0000000e+00   0.0000000e+00   0.0000000e+00   0.0000000e+00   0.0000000e+00   0.0000000e+00   0.0000000e+00   0.0000000e+00   0.0000000e+00   0.0000000e+00   0.0000000e+00   0.0000000e+00   0.0000000e+00   0.0000000e+00   0.0000000e+00   0.0000000e+00   0.0000000e+00   0.0000000e+00   0.0000000e+00   0.0000000e+00   0.0000000e+00   0.0000000e+00   0.0000000e+00   0.0000000e+00   0.0000000e+00   0.0000000e+00   0.0000000e+00   0.0000000e+00   0.0000000e+00   0.0000000e+00   0.0000000e+00   0.0000000e+00   0.0000000e+00   0.0000000e+00   0.0000000e+00   0.0000000e+00   0.0000000e+00   0.0000000e+00   0.0000000e+00   0.0000000e+00   0.0000000e+00   0.0000000e+00   0.0000000e+00   0.0000000e+00   0.0000000e+00   0.0000000e+00   0.0000000e+00   0.0000000e+00   0.0000000e+00   0.0000000e+00   0.0000000e+00   0.0000000e+00   0.0000000e+00   0.0000000e+00   0.0000000e+00   0.0000000e+00   0.0000000e+00   0.0000000e+00   0.0000000e+00   0.0000000e+00
   3.2507465e-01   0.0000000e+00   0.0000000e+00   3.2691040e-02   0.0000000e+00   0.0000000e+00   0.0000000e+00   1.1583971e-01   1.8706124e-01   8.5809667e-03   6.5550589e-02  -2.7862723e-01  -1.9570308e-01   1.3799414e-02   1.4023590e-01   1.0846537e-01   0.0000000e+00   1.4140978e-01   6.2428679e-02  -2.3517046e-02  -1.8710352e-01  -1.3601148e-01  -3.1596647e-02  -6.9200803e-02  -9.4841818e-02   1.2835483e-01   2.5290176e-01  -3.3559972e-02   1.2569519e-01   2.2949845e-01  -2.1535217e-01   1.0747707e-01   4.4891496e-01   1.3764654e-01   3.7154202e-02   1.3282417e-01   1.7704825e-01   2.8785044e-01   1.7577315e-01   1.7794020e-01   2.4546085e-01   1.0009856e-01   7.9198089e-04   2.2480647e-01   3.5008532e-01   3.3345914e-02   1.4910134e-01  -1.8769472e-01  -2.0295612e-01   0.0000000e+00   0.0000000e+00   1.8845371e-01   1.8788127e-01  -4.1334903e-02  -7.3690595e-02  -1.4863334e-01   6.3367585e-02  -1.2243703e-01   1.9922443e-02   3.4763901e-02  -1.8224266e-01   8.8569576e-02   5.7223755e-02   7.0091898e-02   7.6889342e-02   1.0094651e-01   9.6246753e-03  -9.2215800e-02   1.3813761e-01   2.7289117e-01  -1.0172346e-01  -8.5685439e-02   3.0005318e-01   1.8980451e-01   0.0000000e+00   5.3345504e-02   7.3041941e-02   1.8717647e-01   9.3906819e-02  -1.9233528e-01  -1.3467330e-01  -1.3381259e-01  -1.1580533e-01  -1.0754310e-02   8.8190158e-02  -8.9329439e-02   6.0995318e-02  -7.1631509e-02   9.7572849e-02  -3.3390642e-01  -1.5714892e-01   1.5452543e-01   3.0349701e-01   2.4393346e-01   1.9777683e-01   1.1683978e-02  -7.5731752e-02   7.3952654e-02  -1.1840080e-03   4.4856337e-02  -1.3679995e-02   1.2349209e-01  -1.5419662e-02   8.6556878e-02  -2.4532487e-02  -3.0941537e-02  -3.5902791e-02  -1.2587844e-01  -9.7013305e-02   2.5083746e-01   4.6158874e-02   0.0000000e+00   0.0000000e+00   4.1355573e-02   0.0000000e+00   6.7674654e-02   2.1849784e-02  -1.0685036e-01
   6.1001458e-02   0.0000000e+00   0.0000000e+00  -2.4135773e-02   0.0000000e+00   0.0000000e+00   1.1583971e-01   0.0000000e+00   3.0810511e-01  -6.3949351e-02  -3.5932769e-02  -2.3819469e-01  -3.2718381e-02   3.6892744e-02   2.2426873e-02  -6.6198296e-02   0.0000000e+00   2.2613923e-02   1.4238394e-01  -1.7942893e-01  -1.2140816e-01  -8.9929245e-02  -1.2654834e-01  -2.3680781e-01  -1.3166655e-01  -4.6062703e-02   8.8871817e-02  -1.0682954e-01  -7.2133509e-03  -4.6166380e-02  -1.3850667e-01   4.7700799e-02   1.5296912e-02   5.6866459e-02  -8.3770365e-02  -3.1715045e-02   1.3215896e-01   3.2109851e-02   4.2164105e-02   3.7311254e-02   1.0367258e-01   5.2718415e-02  -8.1610612e-03   1.3695195e-01   1.3432949e-01   3.1354505e-02   6.5495881e-02  -3.3909288e-02  -5.6208837e-02   0.0000000e+00   0.0000000e+00   1.2371484e-01   4.2101607e-02   1.0790551e-01  -1.6705097e-02  -6.8365895e-02   6.0044114e-04  -9.0907749e-03   1.9778023e-02  -1.5035124e-01  -1.5221530e-01  -8.1923767e-03   3.5228425e-02   9.7795200e-02   2.1743080e-01   1.1527943e-01   2.5995512e-01   5.3236374e-03   1.0443031e-01   1.3264993e-01   1.2997190e-01   2.0893209e-02   1.3905589e-01   4.9334183e-02   0.0000000e+00   5.8079823e-02   5.5410068e-02   2.2610467e-01   1.5133333e-01  -1.8361949e-01  -1.1577864e-01  -1.0689790e-02  -1.0601713e-01  -7.7538461e-02   5.6301509e-02  -6.6059400e-02  -1.1672980e-02  -1.2411336e-01  -6.8116042e-04  -9.3725570e-02   2.1745584e-02   2.0323189e-01   2.0102910e-01  -7.4328273e-03   1.8219615e-01  -2.4964761e-02   1.0459635e-01   8.7741437e-02   2.5161518e-02   5.1860325e-02   1.8384947e-01   1.8812749e-01  -3.2110203e-02  -1.1370619e-01   2.5104859e-01   1.3741584e-01   1.0872501e-01   2.7199917e-02   5.7536440e-02   1.3722933e-01   2.3580058e-02   0.0000000e+00   0.0000000e+00   6.0849353e-03   0.0000000e+00   4.4250900e-01   2.7981118e-01  -1.4603166e-01
  -9.8841292e-02   0.0000000e+00   0.0000000e+00   4.6807655e-02   0.0000000e+00   0.0000000e+00   1.8706124e-01   3.0810511e-01   0.0000000e+00   1.3981216e-01  -6.8453779e-02  -1.6013139e-01  -1.4986441e-02   1.7507822e-02   1.1672322e-01   5.8468712e-02   0.0000000e+00   1.5532097e-02   1.4570853e-01  -1.4260294e-01  -7.3508148e-02   4.4440742e-02   1.6359066e-02  -7.7171423e-02  -5.0410492e-02  -1.0893884e-02   1.3832528e-01   2.8883145e-02   9.5943570e-02  -3.1295313e-02  -6.1584911e-02   1.1887716e-01   4.5794960e-02   4.6362252e-02  -2.2977092e-02   3.6753896e-02   9.0420140e-02   6.9528572e-02   1.3520333e-01   1.4163278e-01   1.0048021e-01   1.1674140e-01   4.3304156e-02   2.2728501e-01   4.9546027e-02  -2.5027724e-02   6.3564186e-02   3.2923498e-02  -6.8745560e-02   0.0000000e+00   0.0000000e+00   3.2735199e-02   1.6002042e-01   9.0907431e-02  -2.5165254e-02   3.6848431e-02   1.3987778e-01   1.0966545e-01  -2.7872668e-02   1.2077936e-03  -1.3279729e-01   1.8302947e-01   1.6873872e-01   4.0197262e-02   3.4247355e-01   3.2610762e-02   2.3478159e-01   4.1677805e-02  -5.3811271e-02   3.4577741e-02  -7.8355648e-02   8.4789822e-04   2.8505516e-01  -1.2219595e-01   0.0000000e+00  -4.7940627e-02   1.1313109e-01   2.4144468e-01   1.5267693e-01  -9.9832150e-02   7.8625071e-02   7.4536221e-02   5.0915329e-02  -6.8358745e-02   8.2507155e-02   7.3523696e-02   4.5174389e-02  -9.2600429e-03   6.0239265e-02  -2.5479129e-02   1.9695051e-01   2.5579147e-01   1.6049501e-01   5.1457147e-03   2.3404391e-01   1.3297629e-01   3.7609818e-01   1.0045002e-01   1.3756781e-01   1.4425175e-01   3.2870024e-01   2.1792960e-01   6.0428747e-02  -9.7805652e-02   4.2408687e-01   2.1283606e-01   2.8194759e-01   1.4421597e-01   1.0783099e-01   9.6083307e-02   2.3684896e-01   0.0000000e+00   0.0000000e+00   1.5575870e-01   0.0000000e+00   3.0885215e-01   1.0248792e-01  -2.3046282e-01
  -1.5116666e-01   0.0000000e+00   0.0000000e+00   1.8449871e-01   0.0000000e+00   0.0000000e+00   8.5809667e-03  -6.3949351e-02   1.3981216e-01   0.0000000e+00  -6.2680392e-02   5.1001824e-02   1.7728345e-01   2.0068238e-01   2.7189647e-01   2.5484156e-01   0.0000000e+00  -4.0337769e-03   1.5085856e-01   1.3745053e-01   3.1642646e-01   4.6926382e-01   2.8006557e-01   2.5147548e-01   4.0994597e-01   1.5814985e-02  -1.1080865e-01   1.5921357e-01   3.9032954e-02   7.8718015e-02  -1.0554216e-01   1.7109417e-01   2.8914015e-01   2.4761682e-01   3.4528983e-01   2.0010802e-01   3.9192921e-01   6.6844485e-02   2.9352525e-01   2.6857955e-01   3.5466068e-02   1.2059539e-01  -2.6520359e-01  -5.6748282e-02  -1.4805716e-01  -2.1948473e-01   9.1690372e-02   1.5435982e-01  -1.3848249e-01   0.0000000e+00   0.0000000e+00   6.9789899e-02  -3.6826322e-02   8.8418720e-02   1.1278151e-01   1.7340609e-01   2.1099245e-01  -1.2936102e-01   5.4345375e-02   1.2955128e-01   7.1645005e-02   1.1944946e-01   1.7414208e-01  -9.4412494e-02   2.5417762e-02  -6.5513876e-02  -1.5006122e-01  -9.0643433e-02  -2.6881571e-01  -2.0443317e-01  -3.5956996e-03   1.2503954e-02   6.6188845e-02  -3.7005414e-01   0.0000000e+00   9.4808781e-02  -1.4141529e-01  -2.2850555e-01  -2.5509592e-01   1.6925522e-01  -1.3024319e-01   8.4247599e-04   3.2274928e-02  -1.9202755e-01  -1.7510585e-01  -1.1513986e-01  -1.8564691e-01   1.9151311e-01  -3.4524722e-01   4.6944780e-02  -8.7025002e-02  -1.8764825e-01  -8.6005386e-02   4.8013366e-02  -1.4504346e-02  -1.2626840e-02  -2.0830708e-02  -3.5245747e-02  -1.0828529e-02  -2.1030277e-02  -1.2198031e-01  -1.5781973e-02  -1.4331224e-01   7.6494980e-03   5.8757230e-02  -1.4767717e-01   2.8974468e-02  -2.8542404e-02   1.1248705e-01  -8.8282512e-02  -7.5093754e-02   0.0000000e+00   0.0000000e+00   2.3531818e-01   0.0000000e+00  -8.2575520e-02   3.3736561e-02   1.9744837e-01
   1.5261618e-01   0.0000000e+00   0.0000000e+00   6.1479384e-02   0.0000000e+00   0.0000000e+00   6.5550589e-02  -3.5932769e-02  -6.8453779e-02  -6.2680392e-02   0.0000000e+00   1.0556784e-02  -1.9962782e-02   1.2093420e-02  -3.4423152e-02   3.4857635e-02   0.0000000e+00   4.9398464e-02  -9.8525382e-02   2.1388683e-01  -2.1709615e-02   1.0092169e-01   1.9246203e-01   2.3192229e-01   2.3600073e-01   5.2476273e-02   6.1635363e-03   2.1002353e-01  -2.2052550e-01   2.3051419e-01  -1.1822519e-01   3.7375722e-01   6.6936071e-02  -7.0744664e-02   9.3040949e-02   1.0329486e-01  -1.2247531e-01   2.5533686e-01   1.2815118e-01   2.8831150e-01   2.0544497e-01   6.3918318e-02   1.7062585e-02   9.2301109e-02   1.1435056e-01  -1.0627872e-01   3.6446505e-02   8.9448507e-03   2.0317416e-02   0.0000000e+00   0.0000000e+00  -6.8190157e-02   9.2799680e-02   3.6697856e-02  -7.6625884e-02  -8.8273203e-03  -3.5832106e-02  -6.1048740e-02  -1.0949166e-01   1.3264310e-02   3.0624394e-02   6.7630739e-02   1.2975209e-01  -2.4258439e-01  -9.2633910e-03  -1.7497922e-01   4.3470033e-03  -4.9612076e-03  -1.2941336e-01   1.4588931e-02   1.0550311e-01  -2.4881906e-02  -1.1059155e-01   1.9174836e-01   0.0000000e+00   4.9764330e-02   6.9189756e-02   4.3150723e-02  -1.0088078e-01  -5.2642396e-02   3.8863062e-02   3.1901133e-02   8.6606458e-02  -5.3481057e-02   4.1043110e-02   5.3228158e-02   4.8760253e-03  -7.3002699e-02   5.8371118e-02   2.9925304e-02  -5.5316647e-02  -2.3559954e-02  -1.5746350e-02  -4.0055853e-02  -2.3369287e-02   4.9470179e-02  -4.1725027e-02   3.7980790e-02  -4.1109411e-02   7.3374184e-02   3.0695519e-02   1.1496022e-01   3.8913032e-02   7.6492676e-02   1.4061194e-01  -1.1537051e-01  -5.1873130e-02  -1.0207329e-01   1.7948734e-01   2.9669165e-02  -9.2563953e-02   0.0000000e+00   0.0000000e+00  -7.6329015e-02   0.0000000e+00  -4.6544632e-02  -7.1045467e-02  -1.4550089e-02
  -2.6490560e-01   0.0000000e+00   0.0000000e+00   7.4132943e-03   0.0000000e+00   0.0000000e+00  -2.7862723e-01  -2.3819469e-01  -1.6013139e-01   5.1001824e-02   1.0556784e-02   0.0000000e+00   2.6498580e-01  -3.8568092e-02   2.9333950e-02   1.7196636e-02   0.0000000e+00   2.2257637e-01  -1.5834339e-02   3.3107734e-01   2.3665357e-01   1.8142554e-01   2.0140873e-01   2.5485346e-01   1.9387671e-01  -4.1317096e-02  -8.4325993e-02   2.8604220e-01  -3.1920236e-02  -1.1868855e-01   5.0032968e-01  -6.2184576e-02  -1.6141961e-01  -5.1139239e-02   4.8023045e-02   7.8698406e-02  -1.5588382e-01  -1.6793295e-01  -2.4321876e-01  -1.4939230e-01  -2.2691893e-01  -9.6501450e-02   3.0782933e-01  -1.4241461e-01  -1.6515368e-01   1.8440416e-01  -1.7539674e-02   2.6027821e-01   2.9707067e-01   0.0000000e+00   0.0000000e+00  -2.3146211e-01  -1.2193761e-01  -3.9590374e-02   1.6540904e-01   1.4748086e-01   8.5179416e-03  -3.6791223e-02   1.2077551e-01   1.5345885e-01   3.2766988e-01  -2.8351996e-02  -1.4289987e-01   1.0943786e-01  -3.0733667e-01   1.4074950e-01   6.1758575e-03   2.1299554e-01   6.4836071e-03  -9.6616383e-02   3.6321112e-02   6.2761582e-02  -1.0093323e-01   3.8245437e-03   0.0000000e+00   7.9759993e-02   8.6320879e-02  -1.9405786e-01   6.4252213e-02   2.4635263e-01   1.7280407e-01   1.7604923e-01   2.9913451e-01   3.7293882e-01   7.0361295e-02   1.9419449e-01   3.5703360e-01   1.7937161e-03   2.2022197e-01   5.4231650e-01   3.3026781e-02   3.1810765e-02  -3.3685819e-01   1.2350057e-01  -9.8666246e-02  -1.2403739e-01  -2.0187996e-01  -2.3465108e-01  -2.9747182e-02  -1.6540822e-02  -2.6284202e-01  -2.8493568e-01  -7.9334498e-02   2.3257141e-02  -9.0189777e-02  -7.1177120e-02  -2.8015748e-02   1.6730801e-01   1.2761383e-01  -1.0821487e-01  -1.3687927e-01   0.0000000e+00   0.0000000e+00   1.1064567e-01   0.0000000e+00  -9.6280130e-02  -1.6122998e-01   1.2101639e-01
  -1.8407921e-01   0.0000000e+00   0.0000000e+00   9.5906138e-02   0.0000000e+00   0.0000000e+00  -1.9570308e-01  -3.2718381e-02  -1.4986441e-02   1.7728345e-01  -1.9962782e-02   2.6498580e-01   0.0000000e+00   2.7350930e-01   1.5426142e-01   2.4700178e-01   0.0000000e+00   1.6713462e-01   5.5981656e-02   4.4772903e-01   4.6637990e-01   5.7566213e-01   3.5979598e-01   2.4825613e-01   2.6214718e-01   2.2339969e-01  -2.4907028e-02   3.4789451e-01  -2.4174440e-02  -3.0158496e-02   2.4554791e-01   8.4235005e-02  -2.7578181e-03   1.3770864e-01   3.4601505e-01   1.3759533e-01   8.2939237e-03  -7.4381809e-02  -5.7781127e-02   3.8312056e-02  -8.6614572e-02   6.2987991e-02  -2.3306133e-02  -2.0474881e-01  -3.3440955e-02   1.6814887e-01   2.7175576e-02   5.8656705e-01   5.6736839e-01   0.0000000e+00   0.0000000e+00  -2.1048114e-01  -1.5986891e-01   2.7765900e-01   2.0062472e-01   4.3206974e-01   3.0350997e-01   1.6141699e-01   5.5016117e-02   1.2770782e-01   3.4420388e-01   2.1777945e-01   3.4985676e-01   1.1979512e-01  -1.9159123e-02  -6.8051571e-02   1.8946799e-01   2.3103918e-01   1.4001260e-02  -3.7361125e-02   1.3329138e-01   1.0170812e-01  -9.6884570e-02  -8.4992340e-02   0.0000000e+00  -3.8345942e-02  -5.3217303e-02   1.2378032e-02   1.2175057e-01   1.6746135e-01   2.7826406e-01   2.2527482e-01   4.2584369e-01   2.0000096e-01   3.8214317e-02  -4.5228767e-02   1.1733676e-01   5.1214996e-04   1.5877493e-01   4.8725917e-01   1.2939352e-02   2.4753514e-02  -2.1139237e-01   1.3386682e-02  -3.8397218e-02  -5.7622515e-02   2.9372667e-02  -1.4401470e-01  -1.1183497e-02   1.8773857e-02   3.1724976e-02  -6.3588142e-02  -2.4920698e-01  -4.2812456e-02   1.4385599e-01   4.2288624e-01   1.2198711e-01   2.8107514e-01   4.5753159e-01  -6.6920540e-02   7.2902927e-02   0.0000000e+00   0.0000000e+00   3.9137657e-02   0.0000000e+00   1.8414183e-02   9.4656778e-02   4.7828125e-02
  -9.0271239e-02   0.0000000e+00   0.0000000e+00   1.2509801e-01   0.0000000e+00   0.0000000e+00   1.3799414e-02   3.6892744e-02   1.7507822e-02   2.0068238e-01   1.2093420e-02  -3.8568092e-02   2.7350930e-01   0.0000000e+00   1.2853790e-01   1.8012831e-01   0.0000000e+00   7.8454123e-02  -4.2370006e-02   9.4024121e-02   1.8918186e-01   1.6574909e-01   2.6158439e-01   9.2071509e-02   6.4467379e-02   1.2669646e-01  -7.9131188e-02   6.3434892e-02   1.2204812e-02   5.5817852e-02   6.5926409e-03   2.2376972e-01   1.0603837e-01   1.3842306e-01   1.3973158e-01   1.4140219e-01   1.7125344e-01   6.8170536e-02   9.8139848e-02   9.6256799e-02  -3.7139524e-02   1.0867735e-01  -1.7173447e-01  -5.0547358e-02   2.0032444e-02  -1.3833390e-02   5.6588134e-02   6.7366515e-02   2.4308080e-02   0.0000000e+00   0.0000000e+00   6.5356066e-02  -1.4303549e-01   5.1781657e-02   3.6333633e-02   4.5842932e-02   2.2380941e-01  -1.4232288e-01  -5.6015028e-02  -6.6798221e-02   1.1719021e-01   5.5491735e-02   5.6325237e-01   1.0159415e-01   1.2950498e-01  -4.5892833e-02  -1.0439950e-02   2.9793930e-03  -2.6152443e-02   1.0397366e-01   5.7214470e-01  -1.1014630e-02   6.9119581e-02  -1.8498299e-01   0.0000000e+00   1.8773906e-01  -1.2230429e-01  -5.0297291e-02   6.1370536e-02   1.1657052e-01  -4.4663334e-02   1.7928483e-01   1.9599094e-01  -5.1535596e-02  -2.7144682e-02  -1.6910618e-01  -1.7442948e-01   2.9172043e-01  -9.6456545e-02   3.0297306e-02  -1.8962770e-01  -5.3547274e-03   1.0373736e-01   4.5589717e-02  -8.0941180e-02  -3.0401623e-02  -9.9059988e-03  -1.0759486e-01  -8.4266061e-02   2.5660830e-02  -5.6438393e-02   3.4628445e-02  -2.6902348e-01  -1.1975104e-01   6.7243620e-02   8.7420987e-02  -6.8206265e-02   2.6198856e-02   1.0593720e-01   2.8299939e-02   2.5894832e-03   0.0000000e+00   0.0000000e+00   4.5063183e-02   0.0000000e+00   3.1120697e-02   3.1751391e-01   1.7888935e-01
  -3.0820929e-02   0.0000000e+00   0.0000000e+00   5.4252791e-02   0.0000000e+00   0.0000000e+00   1.4023590e-01   2.2426873e-02   1.1672322e-01   2.7189647e-01  -3.4423152e-02   2.9333950e-02   1.5426142e-01   1.2853790e-01   0.0000000e+00   4.6604184e-01   0.0000000e+00   6.1305387e-02   2.4590150e-01   1.0047650e-01   2.3177476e-02   1.8383849e-01   4.2432125e-02   1.7609228e-01   5.5327412e-02   1.2555235e-01   1.7828878e-01   7.5897306e-02   1.3785856e-01   5.7457167e-02  -7.3756781e-02  -1.4800135e-02   3.6780344e-01   4.3293923e-01   1.5669078e-01   2.5089217e-01   3.9632010e-01   5.0914171e-02   1.0911479e-01   1.1614917e-01   7.3943167e-02   9.8406847e-02  -9.7385330e-02   1.8892867e-02   7.0767935e-03   4.5088450e-02   2.3827724e-01   1.9979127e-01  -4.4958095e-02   0.0000000e+00   0.0000000e+00   5.6956312e-02  -1.0087916e-01   8.8398058e-02   3.2769659e-01   3.5107457e-01   1.8475256e-01  -5.3173213e-02   1.0378651e-01   1.7075193e-01   1.1405915e-02  -3.0185324e-04   4.4189188e-02   3.1098475e-02  -1.1471025e-01   9.4794340e-02  -2.0657170e-02  -7.2602142e-02  -7.7071075e-02   4.5160155e-03  -4.1741648e-02   4.8751517e-02   5.0968046e-02  -5.8770339e-02   0.0000000e+00   5.4401918e-02  -6.9271452e-02   1.2226818e-02  -3.4893202e-02   5.9149236e-02  -5.1496264e-02  -6.3785034e-02  -4.8799106e-02  -5.2985117e-02  -6.6970685e-02  -2.8927666e-01  -2.5657968e-02   9.7583356e-02  -5.0656991e-02  -7.8814580e-02  -1.5564543e-01  -1.3206176e-03  -1.7164225e-03   1.1092308e-01   6.7591665e-02  -5.3485729e-02  -1.5579525e-01  -3.8736883e-02  -7.5263818e-02  -4.7979966e-04  -2.3207569e-01  -1.2459199e-01  -2.4180747e-01   4.1189978e-02  -2.2671831e-02  -3.4523756e-02   2.4380352e-02   6.8558368e-02  -8.1768145e-02  -3.2444876e-02   6.5763478e-02   0.0000000e+00   0.0000000e+00   2.2757612e-01   0.0000000e+00   2.1919948e-02   4.7398199e-02   1.1560472e-01
  -9.1045040e-02   0.0000000e+00   0.0000000e+00   1.6253341e-01   0.0000000e+00   0.0000000e+00   1.0846537e-01  -6.6198296e-02   5.8468712e-02   2.5484156e-01   3.4857635e-02   1.7196636e-02   2.4700178e-01   1.8012831e-01   4.6604184e-01   0.0000000e+00   0.0000000e+00   7.7592719e-02   2.1506800e-01   2.9425487e-01   1.2220037e-01   2.9672577e-01   1.7799184e-01   2.2221703e-01   1.8509384e-01   1.7832407e-01   2.0472568e-01   2.2967140e-01   4.3874451e-02   1.4997655e-01  -1.2504769e-02   8.5244087e-02   4.1940224e-01   2.5291584e-01   1.7003151e-01   3.9666373e-01   3.3259512e-01   1.4445047e-01   9.2609963e-02   1.8437599e-01   1.0995835e-01   2.0707661e-03  -1.9163393e-01  -6.9410059e-02  -8.3638264e-02  -1.0702152e-01   2.5877416e-01   2.5125255e-01   5.3331192e-02   0.0000000e+00   0.0000000e+00   4.1240166e-02  -1.8645823e-01   2.0951998e-01   4.3674211e-01   3.4660577e-01   2.4251512e-01   9.7408623e-02   5.1149321e-02   2.2415885e-01  -2.1825372e-02   3.8492852e-02   2.0942184e-01   3.4954774e-02  -1.2962451e-01  -3.0814242e-02  -7.0391038e-02  -9.2601493e-02  -1.0570945e-01  -3.3884620e-02   5.0715596e-02   1.3276489e-01  -1.3441659e-01  -7.5276325e-02   0.0000000e+00   6.0507264e-02  -1.8459423e-01  -8.0137562e-02  -6.4829082e-02   1.2722854e-01   1.1583274e-01   6.2958415e-02   1.2000755e-01  -3.4319656e-02  -1.2155777e-02  -3.3866573e-01  -4.1501156e-02   1.8699929e-01  -2.8912068e-02  -9.7150490e-03  -1.2969820e-01  -8.9270663e-02  -1.1166267e-01  -1.3362712e-02  -9.2648778e-03  -7.0072879e-02  -2.3138667e-01  -1.7117816e-01  -1.2873789e-01  -7.6428767e-03  -2.0638883e-01  -1.2923217e-01  -4.1132513e-01   3.0410871e-02  -5.6277886e-03  -4.8123779e-02   1.0337541e-01   2.0677543e-02   8.2990801e-02  -6.1273173e-02   7.1064021e-03   0.0000000e+00   0.0000000e+00   1.3423322e-01   0.0000000e+00   1.0973584e-02  -3.8187059e-04   2.2353672e-01
   0.0000000e+00   0.0000000e+00   0.0000000e+00   0.0000000e+00   0.0000000e+00   0.0000000e+00   0.0000000e+00   0.0000000e+00   0.0000000e+00   0.0000000e+00   0.0000000e+00   0.0000000e+00   0.0000000e+00   0.0000000e+00   0.0000000e+00   0.0000000e+00   0.0000000e+00   0.0000000e+00   0.0000000e+00   0.0000000e+00   0.0000000e+00   0.0000000e+00   0.0000000e+00   0.0000000e+00   0.0000000e+00   0.0000000e+00   0.0000000e+00   0.0000000e+00   0.0000000e+00   0.0000000e+00   0.0000000e+00   0.0000000e+00   0.0000000e+00   0.0000000e+00   0.0000000e+00   0.0000000e+00   0.0000000e+00   0.0000000e+00   0.0000000e+00   0.0000000e+00   0.0000000e+00   0.0000000e+00   0.0000000e+00   0.0000000e+00   0.0000000e+00   0.0000000e+00   0.0000000e+00   0.0000000e+00   0.0000000e+00   0.0000000e+00   0.0000000e+00   0.0000000e+00   0.0000000e+00   0.0000000e+00   0.0000000e+00   0.0000000e+00   0.0000000e+00   0.0000000e+00   0.0000000e+00   0.0000000e+00   0.0000000e+00   0.0000000e+00   0.0000000e+00   0.0000000e+00   0.0000000e+00   0.0000000e+00   0.0000000e+00   0.0000000e+00   0.0000000e+00   0.0000000e+00   0.0000000e+00   0.0000000e+00   0.0000000e+00   0.0000000e+00   0.0000000e+00   0.0000000e+00   0.0000000e+00   0.0000000e+00   0.0000000e+00   0.0000000e+00   0.0000000e+00   0.0000000e+00   0.0000000e+00   0.0000000e+00   0.0000000e+00   0.0000000e+00   0.0000000e+00   0.0000000e+00   0.0000000e+00   0.0000000e+00   0.0000000e+00   0.0000000e+00   0.0000000e+00   0.0000000e+00   0.0000000e+00   0.0000000e+00   0.0000000e+00   0.0000000e+00   0.0000000e+00   0.0000000e+00   0.0000000e+00   0.0000000e+00   0.0000000e+00   0.0000000e+00   0.0000000e+00   0.0000000e+00   0.0000000e+00   0.0000000e+00   0.0000000e+00   0.0000000e+00   0.0000000e+00   0.0000000e+00   0.0000000e+00   0.0000000e+00   0.0000000e+00   0.0000000e+00   0.0000000e+00   0.0000000e+00
   2.3698698e-02   0.0000000e+00   0.0000000e+00   4.0046659e-02   0.0000000e+00   0.0000000e+00   1.4140978e-01   2.2613923e-02   1.5532097e-02  -4.0337769e-03   4.9398464e-02   2.2257637e-01   1.6713462e-01   7.8454123e-02   6.1305387e-02   7.7592719e-02   0.0000000e+00   0.0000000e+00   5.9058575e-02   1.8542695e-01   1.7539581e-02   7.9582380e-02   9.1558792e-02   2.7498879e-03   9.8060276e-02   7.9476278e-02   1.9312564e-01   1.6457559e-01   7.1452225e-02   1.1906331e-01   1.5178244e-01  -9.2507656e-03   1.0627457e-01   3.2461439e-02   6.8725078e-02   1.2944625e-01   4.8709087e-02   2.9373298e-02  -7.7021267e-04  -8.0187412e-02   2.4767517e-02   1.7129988e-02   1.6777311e-01   1.1610001e-01   1.3497488e-01   1.2774997e-01   1.1980027e-01   1.3579047e-01   1.4783351e-01   0.0000000e+00   0.0000000e+00   1.2585668e-01  -8.4624356e-02   4.8257219e-02   4.5864989e-02   9.6889951e-02   9.7987595e-02  -1.6810599e-02   1.0738123e-01   1.0665358e-01   1.3116438e-01   1.4036294e-01  -4.0689097e-03   1.1533753e-01  -4.7240697e-02   1.7397424e-01   1.5349049e-02  -1.0715806e-03   8.7832037e-02   1.6996756e-01   7.1583865e-02  -5.6735889e-02   4.9825591e-02   9.7920966e-02   0.0000000e+00   4.3963958e-03   1.2041245e-01   6.5893660e-02   1.3577870e-01  -2.2831777e-02   1.2226973e-02  -2.2925226e-02   9.6064831e-02   2.2168537e-01   1.3416553e-01  -3.9708141e-02   6.7439647e-02   1.9985952e-02   8.6794275e-02   4.3633580e-02  -4.6544498e-02   2.3681435e-01   1.1751700e-01   1.1526221e-01   7.4295127e-02   3.2349534e-02  -2.6495872e-02   1.5494022e-02   1.6060906e-02   2.8269838e-02  -4.0190902e-04  -7.3098863e-03   2.4914904e-04   7.2501354e-02   6.9505477e-03   1.5834840e-01   6.5216044e-02   1.2080540e-01   5.3503818e-02   4.4998676e-03  -2.7410634e-02   0.0000000e+00   0.0000000e+00   6.6186905e-02   0.0000000e+00   9.7673202e-03   2.4902679e-02  -1.0579283e-02
  -8.8881995e-02   0.0000000e+00   0.0000000e+00   8.2041872e-02   0.0000000e+00   0.0000000e+00   6.2428679e-02   1.4238394e-01   1.4570853e-01   1.5085856e-01  -9.8525382e-02  -1.5834339e-02   5.5981656e-02  -4.2370006e-02   2.4590150e-01   2.1506800e-01   0.0000000e+00   5.9058575e-02   0.0000000e+00  -6.5630743e-02   5.0546241e-02   9.5307894e-02  -4.6045707e-02  -9.8944990e-03   9.9641852e-02   3.2729624e-02   1.6323107e-01  -2.4558953e-02   8.8253355e-02  -4.6547299e-02  -1.5045802e-01   2.6075382e-03   2.0802329e-01   2.3745349e-01   5.4279603e-02   1.8277841e-01   2.7008783e-01   6.5957264e-02   2.0246918e-01   5.3987824e-02   1.7490906e-01   1.6012165e-01   6.2656483e-02   1.2339418e-01  -6.2009883e-02   1.1416990e-02   1.0310081e-01   2.2969656e-01   7.0371724e-02   0.0000000e+00   0.0000000e+00   8.5698080e-02   2.1212401e-03   2.9305210e-01   2.2714195e-01   1.2284628e-01   1.3882912e-01   1.0219453e-01   4.1295424e-01   3.3823022e-02   8.4898939e-03   1.2847118e-01  -1.9940259e-02   8.3293595e-02  -3.0054926e-02   1.3116627e-01   1.8229546e-03   7.5387497e-02  -6.0800980e-03   6.1097631e-02  -7.9081267e-02   3.6933949e-03   3.0753011e-02  -6.5188539e-02   0.0000000e+00   7.1185410e-02   4.9662818e-02   3.3560165e-02   6.7664333e-02   5.3642468e-02  -4.9076700e-02  -3.2083003e-02  -8.2771197e-02  -3.6256430e-02  -3.4065865e-02  -9.9782849e-02  -8.3848075e-02   6.5773936e-03  -6.7956786e-02  -8.8238547e-02   7.0030192e-02   1.5269142e-01  -6.6467498e-03   6.7084347e-02   4.0790051e-01   3.0498464e-03   3.8618665e-02   1.7373860e-01   1.2146497e-01   4.7495654e-02   1.0201451e-01   1.9542051e-01   2.3076319e-02   3.3063624e-02   1.0403456e-01   9.2842725e-02   1.7373040e-01   9.6021768e-02   7.7259220e-02   1.0481123e-01   9.1132692e-02   0.0000000e+00   0.0000000e+00   1.9091439e-01   0.0000000e+00  -3.0181616e-02  -6.3433904e-02  -4.7225703e-02
   3.1723453e-04   0.0000000e+00   0.0000000e+00   1.6626590e-01   0.0000000e+00   0.0000000e+00  -2.3517046e-02  -1.7942893e-01  -1.4260294e-01   1.3745053e-01   2.1388683e-01   3.3107734e-01   4.4772903e-01   9.4024121e-02   1.0047650e-01   2.9425487e-01   0.0000000e+00   1.8542695e-01  -6.5630743e-02   0.0000000e+00   2.9958654e-01   4.8520024e-01   4.8089010e-01   4.5819605e-01   2.7100435e-01   2.7372356e-01   1.8614969e-01   4.8491973e-01  -1.1233493e-01   3.1283257e-01   2.4584077e-01   1.1870599e-01   1.7300855e-01  -1.4218603e-01   3.2277832e-01   2.2171653e-01  -1.0811524e-01   1.5325910e-01  -1.0280552e-01   1.0110099e-01  -1.8397748e-02  -3.2460962e-03   4.6624485e-02  -1.3812670e-01   1.9437680e-02   4.3827985e-02   1.5087179e-01   2.0874526e-01   1.9865457e-01   0.0000000e+00   0.0000000e+00  -2.3490948e-01  -8.5754399e-02   9.9237600e-02   5.3888407e-02   1.6063610e-01   2.5955180e-01  -2.2886698e-03  -3.5457062e-02   2.5003670e-01   1.8521105e-01   1.3374188e-01   1.6346113e-01  -5.5362480e-02  -9.5535634e-02  -4.2700773e-02   5.9121454e-03   2.4186726e-02   6.5860238e-02   1.6920943e-01   1.0742780e-01   6.5412977e-02  -1.0569676e-01   6.6266020e-02   0.0000000e+00  -3.6758659e-02   7.1211286e-02  -5.0254190e-02   4.9328861e-02   9.8522425e-02   2.4086057e-01   1.8327694e-01   4.0142515e-01   3.4418334e-01   5.8101850e-02   5.0249156e-02   2.7196161e-01   4.6548035e-03   1.5197609e-01   3.3044151e-01  -5.9872974e-02  -2.3036562e-02  -2.1054216e-01   3.4316118e-02  -1.1020514e-01  -1.4705669e-01  -1.4230180e-01  -1.8160484e-01  -2.7007451e-02   2.2759773e-02  -1.5940638e-01  -1.3705719e-01  -1.6577991e-01   6.1843363e-02   2.4841754e-03  -3.0553914e-03  -5.0207999e-02  -1.8519128e-02   2.6350545e-01  -1.7382665e-02  -1.2881196e-01   0.0000000e+00   0.0000000e+00   3.2713533e-02   0.0000000e+00  -1.4742951e-01  -9.2826189e-02   2.0067591e-01
  -1.0200137e-01   0.0000000e+00   0.0000000e+00   8.2980556e-02   0.0000000e+00   0.0000000e+00  -1.8710352e-01  -1.2140816e-01  -7.3508148e-02   3.1642646e-01  -2.1709615e-02   2.3665357e-01   4.6637990e-01   1.8918186e-01   2.3177476e-02   1.2220037e-01   0.0000000e+00   1.7539581e-02   5.0546241e-02   2.9958654e-01   0.0000000e+00   6.6938160e-01   4.3260481e-01   2.8997291e-01   4.3405858e-01   1.2043871e-01  -1.4932353e-01   2.2622208e-01  -2.5382764e-02  -1.3410732e-01   1.4516570e-01   1.5476653e-01  -2.3716908e-02   1.0157694e-01   3.6590167e-01   7.1470909e-03   5.7726893e-02  -1.1719091e-02   1.5259850e-02   1.8433736e-01  -7.6929361e-02   4.6429456e-02  -4.0945224e-02  -1.8947443e-01  -1.5212439e-01  -1.5243673e-01  -7.5653754e-02   3.7709721e-01   2.8525303e-01   0.0000000e+00   0.0000000e+00  -7.4617434e-02  -4.8958415e-02   1.7982451e-01   1.3922239e-01   2.9599106e-01   2.7974901e-01   5.8519002e-02   1.1657520e-01   1.9936807e-01   3.9159488e-01   2.7226639e-01   1.8322907e-01   3.5152015e-02  -6.8522377e-02  -9.3502185e-02  -1.4681925e-02   1.2180815e-01  -1.9802758e-01  -3.0195001e-01   3.1208178e-02   4.7692597e-02  -6.3294730e-02  -1.5324925e-01   0.0000000e+00  -2.2286039e-02  -7.8608011e-02  -9.3299494e-02  -5.5391230e-02   2.5620924e-01   2.1061750e-01   1.3671611e-01   2.7319343e-01   2.6436334e-02  -2.5483227e-02   8.4405238e-02  -9.1135084e-03   1.6700809e-01  -6.4684295e-03   3.9045705e-01   6.7748407e-02  -7.4029401e-02  -2.5228082e-01   6.5736233e-03   2.1947164e-02  -1.1653921e-02   1.0854575e-01  -8.6880716e-02   1.0036948e-01  -4.3367237e-02   5.7803663e-02  -3.0404467e-02  -4.5294236e-02   8.8432226e-02   1.3650588e-01   9.1954849e-02   8.6035092e-02   1.9122371e-01   2.7554857e-01  -1.4552279e-01   8.8191473e-02   0.0000000e+00   0.0000000e+00   7.9272234e-03   0.0000000e+00  -3.1668396e-02   1.0011554e-01   1.5353865e-01
