   0.0000000e+00   0.0000000e+00   0.0000000e+00   9.0813930e-03   9.5275509e-03   2.3830789e-01   3.2032904e-01   4.5861325e-02  -1.6051326e-01  -6.2364680e-02  -1.3261530e-01   1.7208206e-01  -3.0358180e-01   2.5886929e-01  -1.5726996e-01   3.5595553e-02  -8.1918403e-02  -1.2359705e-01   4.1555365e-02  -1.7955819e-02  -2.8687399e-02   2.3495515e-01   1.3151287e-01   2.0062631e-01   2.0417137e-01   2.1502615e-01   1.2870614e-01   1.8609920e-01  -3.0471198e-01  -2.3639490e-01   7.7601970e-02   1.7514186e-01  -3.4218809e-01  -2.9217274e-01  -7.7856491e-02   2.0640275e-02  -2.0200072e-01  -1.7938861e-01  -1.2443574e-01   1.2806884e-01   1.3735031e-01  -1.9775780e-01   2.1052195e-02  -1.2058561e-02   1.6862708e-01  -7.7860059e-02   1.2811286e-01  -1.9235971e-01   1.5615622e-01  -4.8133472e-02   0.0000000e+00  -1.0425761e-01  -1.0304502e-01  -4.4940034e-02  -6.0660377e-02  -2.4636953e-01  -1.9418711e-02  -1.6557236e-01  -8.4240560e-02   2.6971340e-01   1.1255633e-01   1.2870606e-01  -9.5372222e-02  -1.0628100e-01   2.1225033e-02  -4.3199229e-02  -1.1838279e-01   4.5859547e-01   2.4077726e-01  -2.8051903e-01   1.8275404e-01   0.0000000e+00   2.8717554e-01  -4.2196916e-02   0.0000000e+00   1.7574525e-01   1.6735220e-01   1.8918133e-01   5.4993025e-02   7.5756240e-02   2.0028923e-01   2.2459811e-01   3.8752339e-01   1.4625102e-01   4.6428600e-01   1.9595899e-01   2.2695682e-01   1.8987891e-01   1.8850618e-01   1.2203270e-01   7.7167849e-02  -2.1089903e-01  -8.7471498e-02  -6.2096466e-02   5.7315061e-02  -1.4916775e-01  -1.7934588e-01  -1.3241114e-01   1.3318894e-01  -1.9892946e-01  -5.0162157e-02  -2.1478249e-01  -1.3210067e-03   8.0620642e-02  -2.9671566e-01  -1.7352676e-01  -1.6416418e-01   2.3801062e-01  -2.2608769e-01  -1.6790601e-01  -2.7936352e-01   1.2398582e-02   5.7944011e-02  -1.7549272e-01   0.0000000e+00   2.2437745e-01   1.7846965e-01   3.5769768e-01
   0.0000000e+00   0.0000000e+00   0.0000000e+00   0.0000000e+00   0.0000000e+00   0.0000000e+00   0.0000000e+00   0.0000000e+00   0.0000000e+00   0.0000000e+00   0.0000000e+00   0.0000000e+00   0.0000000e+00   0.0000000e+00   0.0000000e+00   0.0000000e+00   0.0000000e+00   0.0000000e+00   0.0000000e+00   0.0000000e+00   0.0000000e+00   0.0000000e+00   0.0000000e+00   0.0000000e+00   0.0000000e+00   0.0000000e+00   0.0000000e+00   0.0000000e+00   0.0000000e+00   0.0000000e+00   0.0000000e+00   0.0000000e+00   0.0000000e+00   0.0000000e+00   0.0000000e+00   0.0000000e+00   0.0000000e+00   0.0000000e+00   0.0000000e+00   0.0000000e+00   0.0000000e+00   0.0000000e+00   0.0000000e+00   0.0000000e+00   0.0000000e+00   0.0000000e+00   0.0000000e+00   0.0000000e+00   0.0000000e+00   0.0000000e+00   0.0000000e+00   0.0000000e+00   0.0000000e+00   0.0000000e+00   0.0000000e+00   0.0000000e+00   0.0000000e+00   0.0000000e+00   0.0000000e+00   0.0000000e+00   0.0000000e+00   0.0000000e+00   0.0000000e+00   0.0000000e+00   0.0000000e+00   0.0000000e+00   0.0000000e+00   0.0000000e+00   0.0000000e+00   0.0000000e+00   0.0000000e+00   0.0000000e+00   0.0000000e+00   0.0000000e+00   0.0000000e+00   0.0000000e+00   0.0000000e+00   0.0000000e+00   0.0000000e+00   0.0000000e+00   0.0000000e+00   0.0000000e+00   0.0000000e+00   0.0000000e+00   0.0000000e+00   0.0000000e+00   0.0000000e+00   0.0000000e+00   0.0000000e+00   0.0000000e+00   0.0000000e+00   0.0000000e+00   0.0000000e+00   0.0000000e+00   0.0000000e+00   0.0000000e+00   0.0000000e+00   0.0000000e+00   0.0000000e+00   0.0000000e+00   0.0000000e+00   0.0000000e+00   0.0000000e+00   0.0000000e+00   0.0000000e+00   0.0000000e+00   0.0000000e+00   0.0000000e+00   0.0000000e+00   0.0000000e+00   0.0000000e+00   0.0000000e+00   0.0000000e+00   0.0000000e+00   0.0000000e+00   0.0000000e+00   0.0000000e+00   0.0000000e+00
   0.0000000e+00   0.0000000e+00   0.0000000e+00   0.0000000e+00   0.0000000e+00   0.0000000e+00   0.0000000e+00   0.0000000e+00   0.0000000e+00   0.0000000e+00   0.0000000e+00   0.0000000e+00   0.0000000e+00   0.0000000e+00   0.0000000e+00   0.0000000e+00   0.0000000e+00   0.0000000e+00   0.0000000e+00   0.0000000e+00   0.0000000e+00   0.0000000e+00   0.0000000e+00   0.0000000e+00   0.0000000e+00   0.0000000e+00   0.0000000e+00   0.0000000e+00   0.0000000e+00   0.0000000e+00   0.0000000e+00   0.0000000e+00   0.0000000e+00   0.0000000e+00   0.0000000e+00   0.0000000e+00   0.0000000e+00   0.0000000e+00   0.0000000e+00   0.0000000e+00   0.0000000e+00   0.0000000e+00   0.0000000e+00   0.0000000e+00   0.0000000e+00   0.0000000e+00   0.0000000e+00   0.0000000e+00   0.0000000e+00   0.0000000e+00   0.0000000e+00   0.0000000e+00   0.0000000e+00   0.0000000e+00   0.0000000e+00   0.0000000e+00   0.0000000e+00   0.0000000e+00   0.0000000e+00   0.0000000e+00   0.0000000e+00   0.0000000e+00   0.0000000e+00   0.0000000e+00   0.0000000e+00   0.0000000e+00   0.0000000e+00   0.0000000e+00   0.0000000e+00   0.0000000e+00   0.0000000e+00   0.0000000e+00   0.0000000e+00   0.0000000e+00   0.0000000e+00   0.0000000e+00   0.0000000e+00   0.0000000e+00   0.0000000e+00   0.0000000e+00   0.0000000e+00   0.0000000e+00   0.0000000e+00   0.0000000e+00   0.0000000e+00   0.0000000e+00   0.0000000e+00   0.0000000e+00   0.0000000e+00   0.0000000e+00   0.0000000e+00   0.0000000e+00   0.0000000e+00   0.0000000e+00   0.0000000e+00   0.0000000e+00   0.0000000e+00   0.0000000e+00   0.0000000e+00   0.0000000e+00   0.0000000e+00   0.0000000e+00   0.0000000e+00   0.0000000e+00   0.0000000e+00   0.0000000e+00   0.0000000e+00   0.0000000e+00   0.0000000e+00   0.0000000e+00   0.0000000e+00   0.0000000e+00   0.0000000e+00   0.0000000e+00   0.0000000e+00   0.0000000e+00   0.0000000e+00   0.0000000e+00
   9.0813930e-03   0.0000000e+00   0.0000000e+00   0.0000000e+00   1.4915433e-01   1.4486692e-01   1.6946212e-01   3.8687541e-02  -3.5634266e-03  -1.0480654e-01   8.0625757e-02   9.3273213e-02   1.3002569e-02   5.1397542e-02   3.1626233e-02   8.1642719e-02   8.1121169e-02   7.1328612e-02   1.7624688e-01   7.6769961e-02   8.5821255e-02   2.3998339e-02   1.6440400e-01   6.9609262e-02   7.7007412e-02   9.3045738e-02  -6.9656544e-03   1.6376951e-02   1.0584476e-01   1.5954229e-03  -2.2909370e-02  -5.1687283e-02   6.2222113e-02   7.0758025e-02   4.5120718e-02   2.7737602e-02   5.5152805e-02   5.3657620e-02  -9.6880366e-04   1.8310841e-01   6.9466141e-02   1.3952530e-01  -4.2300690e-02   1.6093249e-01   9.7469114e-02   1.2800372e-01   2.7379587e-02   1.2730931e-01   4.4900424e-02   2.4057017e-02   0.0000000e+00  -3.8202957e-02   8.5920967e-02   9.6866853e-02   4.0358239e-02  -5.2462352e-02  -2.5615492e-02  -1.4184095e-02   1.1276847e-01   2.2807593e-02   1.1316426e-01   5.8927608e-02   8.4351016e-02   1.0140569e-01   4.2203452e-02  -4.9409361e-02  -3.8768199e-02   5.3703164e-02   4.9328553e-02  -1.5788946e-02  -8.4169311e-02   0.0000000e+00  -6.1938912e-02  -4.8857690e-02   0.0000000e+00   4.1218473e-02   1.1426701e-01   6.6681301e-02  -8.4313426e-02  -5.4138734e-02  -2.9439359e-02  -1.4635018e-02   5.0237860e-03   5.0731399e-02   3.5838470e-02   1.4654276e-01  -4.2740517e-02  -2.4384709e-02  -4.9310636e-02   2.3837871e-02   6.6462730e-02  -3.1180643e-02   1.2597511e-01  -8.7096466e-04   1.1102527e-01   1.1785146e-01   1.0021511e-01   1.9042216e-01  -2.5154375e-02   2.0641130e-01   8.2118390e-02   8.5127099e-02   9.2890666e-02   1.0201156e-01   4.3383832e-02   6.5416782e-03  -2.0794851e-02   1.0609918e-01  -5.3457392e-03  -1.4188288e-02   7.0333460e-02   1.5247811e-01   1.3771910e-01   2.1006193e-04   0.0000000e+00   3.6584988e-02   1.2116393e-01   6.2703813e-02
   9.5275509e-03   0.0000000e+00   0.0000000e+00   1.4915433e-01   0.0000000e+00   4.1187574e-01   1.4924711e-01  -5.3080436e-02   2.0268060e-04  -1.0440437e-01   1.6408019e-01   8.7639121e-02   1.8436310e-01  -7.5383311e-02   8.0168153e-02   3.9058037e-02   3.0703904e-01   2.7630326e-01   3.1491129e-02   3.1624083e-01   1.6720622e-02  -1.1376742e-01  -5.7405513e-02  -9.1303178e-02  -3.7316887e-02  -1.1736200e-02   1.3503294e-01   6.6260457e-02   1.1765777e-01  -6.1727343e-03   7.8694004e-02  -9.5770374e-02   1.7304563e-01   3.3584324e-01   1.0211899e-01   5.4643851e-02   1.8362176e-02  -9.2964798e-02   1.1210151e-01   6.1820528e-02  -4.3138515e-02   2.2068222e-01   8.5474626e-02   5.4542702e-03  -9.5575247e-02   1.8472841e-01   1.7812819e-01   1.5024579e-01   2.2424280e-01   2.5761528e-01   0.0000000e+00   9.4993520e-02  -1.0964987e-01   1.3334455e-02   6.2260722e-02   1.0945166e-01   7.0940314e-02   3.1250702e-02   1.1019914e-01  -1.7121510e-01  -2.0195690e-01  -1.1910498e-02  -9.6780883e-02   2.7519330e-01  -1.7313408e-01   1.4499618e-01   5.3150939e-02  -3.8228960e-02  -2.4601835e-02   1.9127359e-01  -3.1306793e-02   0.0000000e+00   2.1193260e-01   6.3218037e-02   0.0000000e+00   9.1392817e-02  -1.4790519e-01  -1.2925428e-01  -1.0302818e-02   1.3910036e-01  -1.2627415e-02  -5.8089320e-03  -7.3378779e-03   1.1958323e-01  -9.2504922e-04   7.1454874e-02  -2.1449013e-02  -5.7504001e-02  -2.2755171e-02   1.0617026e-01   2.9748680e-02   1.1719084e-01   9.5896148e-02  -5.6087616e-02  -2.9569529e-02  -4.3091851e-02  -8.6903431e-02  -6.2851637e-02  -3.5922210e-01   4.7114276e-02  -2.2351129e-01   2.5624175e-03  -1.3834352e-01  -1.5047854e-01  -1.4637578e-01  -6.3526334e-02  -8.0950140e-02   1.7829723e-01  -1.6686030e-01  -1.5457135e-01   8.1265710e-02   1.5918642e-01   7.2065032e-02   2.3734374e-01   0.0000000e+00  -2.8132804e-02   6.9862538e-02  -1.1443047e-01
   2.3830789e-01   0.0000000e+00   0.0000000e+00   1.4486692e-01   4.1187574e-01   0.0000000e+00   2.3252416e-01  -5.4098752e-03  -9.8842149e-02  -1.9451345e-01   4.5680154e-02   1.8636922e-01  -1.7592454e-01   4.1416861e-01  -6.4883109e-02   4.5325095e-02   1.3759534e-01   1.4792135e-01  -4.8504287e-02   1.5438754e-01  -9.6970986e-02   1.0603395e-01   1.0840593e-01  -8.6525701e-03   1.5750437e-01   2.0256152e-01   1.7309753e-01   3.0969176e-01  -9.2742285e-02  -9.8361629e-02   2.0300740e-01   1.3040552e-01  -7.2838971e-02  -2.1422187e-02  -5.8973251e-02   5.2522456e-02  -2.5797516e-01  -7.7406948e-02  -5.7685811e-03   6.2573334e-02   6.6948509e-02   8.5289432e-02   2.1333816e-01   2.0395783e-02  -1.4825464e-02   8.4165361e-02   9.2983616e-02  -5.2926760e-02   2.6050181e-01   2.0806758e-01   0.0000000e+00   8.8159324e-02  -4.8502352e-02  -4.9550914e-02  -1.3826902e-02  -1.7918784e-01   1.1723777e-01  -6.9508304e-02  -7.2770276e-02   2.4011146e-02   6.0924285e-02   1.3300044e-01   3.4089923e-02  -3.0661831e-02  -9.6710373e-02   6.5253061e-02  -9.2307628e-03   4.0226479e-01   1.4874502e-01   3.4641585e-03   2.1656555e-01   0.0000000e+00   3.1328688e-01   1.9468800e-02   0.0000000e+00   7.8035581e-02   1.1719914e-01   7.7071118e-02   3.0201231e-01   2.2575661e-01   4.1052804e-01   3.7781888e-01   2.9459003e-01   1.5801267e-01   3.4698447e-01   9.4537971e-02   1.0525981e-01   2.8432232e-01   1.8027377e-01   2.8912488e-01   1.0026664e-01   7.2652128e-02   1.6541192e-01   4.0126856e-02   1.0808476e-01   1.4077311e-02  -1.2663137e-01  -5.3939888e-02  -6.9464741e-02  -4.8989883e-03  -1.2310038e-01   5.2872347e-02  -9.0988744e-02   8.3036225e-02  -1.3514077e-01  -1.0940027e-01  -1.1851756e-01   3.5428380e-01  -1.9680569e-01  -1.0253638e-01  -1.4881606e-01   1.5165979e-01   1.1479552e-01   2.2381211e-02   0.0000000e+00   2.9322144e-01   1.3788659e-01   2.2410866e-01
   3.2032904e-01   0.0000000e+00   0.0000000e+00   1.6946212e-01   1.4924711e-01   2.3252416e-01   0.0000000e+00   7.6519513e-02   1.0424411e-02  -8.0842792e-02   2.1702051e-01   1.5342195e-01  -1.9845989e-01   9.1730500e-02   1.2625981e-01   1.7139438e-01   5.4524191e-02   7.4800603e-02   1.7922980e-01  -7.0986418e-02  -3.0337188e-02   1.1704534e-01   1.2033549e-01   1.1846304e-01   1.6396875e-01   7.9352860e-02   5.9626957e-02   1.9016366e-01  -5.8331600e-02  -8.8539793e-02   1.9727755e-02   2.1740812e-01   1.2465183e-02  -8.5825287e-02   1.1397225e-01   1.0192210e-01   2.6839858e-02  -4.5190055e-02  -5.1553178e-02   2.4589185e-01   9.9733433e-02   2.7649325e-02   8.1972680e-02   3.8084054e-02   2.4020162e-01   2.1445032e-02   1.5867002e-01   4.6534891e-02   9.1183743e-02   2.6662728e-02   0.0000000e+00  -2.1162348e-01  -9.4132320e-02   1.1721343e-01   1.4859994e-01  -3.1024881e-02  -4.4826547e-02  -1.5661986e-01  -1.3409108e-02   1.0129609e-01   1.7149703e-04   8.0531953e-03  -9.3495935e-02  -1.5428481e-02  -4.4181564e-02   1.4930182e-01  -1.1507822e-01   3.2480428e-01   2.3034588e-01  -1.9934507e-01   8.7177431e-02   0.0000000e+00   2.6739896e-01  -1.5709185e-02   0.0000000e+00   2.9413178e-01   2.3299878e-01   1.2759651e-01  -5.4726996e-02   1.7666513e-01   1.3175167e-01   1.2783002e-01   1.8857349e-01   9.4725711e-02   3.0300386e-01   1.4896261e-01   6.7783901e-02   2.3755157e-01   1.2154945e-01   2.2326016e-01   1.0261792e-01  -1.1088018e-01  -3.0422987e-03   1.3868416e-02   1.0727769e-01   7.9876619e-02  -8.4761724e-02   7.2676114e-02   4.8976426e-02   4.5804252e-03  -3.1616870e-02   4.2097752e-02   4.0360521e-02   3.7179319e-02  -1.1056415e-01  -2.3400658e-02  -8.5463171e-02   1.0790118e-01  -9.5170443e-02   2.2367328e-01  -1.2397750e-01   2.9670602e-01   1.5219075e-01  -3.8884523e-02   0.0000000e+00   2.6315586e-01   1.1955778e-01   3.4420395e-01
   4.5861325e-02   0.0000000e+00   0.0000000e+00   3.8687541e-02  -5.3080436e-02  -5.4098752e-03   7.6519513e-02   0.0000000e+00   2.3245482e-01   1.0060989e-01   2.7183734e-03  -7.0439724e-02   1.0485713e-01   1.2145417e-01   8.6459879e-02   1.0893770e-01   2.3718099e-02  -1.3850813e-01   4.8535164e-02  -9.0372376e-02  -4.4420993e-02   1.4748894e-01   1.1408877e-01   7.3456442e-02   7.7177344e-02  -3.2547504e-02   1.3088747e-01   5.1991841e-02  -5.5101695e-02   3.3911927e-03  -1.2632500e-01   4.0478880e-02   3.2075902e-02  -7.9374982e-02  -1.7463669e-01   2.7488509e-02  -1.2019093e-02  -4.3063800e-02  -5.4376560e-02  -4.6318582e-02   1.7628707e-02  -6.3273734e-02  -1.0670548e-01   2.9492126e-03  -9.2902892e-02  -1.0749948e-01   6.4870822e-02   1.3373736e-01  -1.2125718e-01   7.1077818e-02   0.0000000e+00  -8.4719403e-02  -9.6706644e-02   1.0182991e-01   1.2176517e-01   1.5454402e-02   1.3614643e-01   9.3645719e-02  -5.1159937e-02   9.6578577e-02   8.9279996e-02   3.1608143e-02   5.9676464e-02  -2.4882494e-02   1.9098729e-01   8.6854304e-02   1.6352415e-01  -2.8037333e-02   3.5160172e-01  -1.0483328e-03   2.5416887e-02   0.0000000e+00  -2.4297026e-02  -1.4401981e-01   0.0000000e+00   1.3819804e-01   2.0835185e-01   8.6964327e-02  -6.5978193e-02  -2.4705007e-02  -2.7310263e-02  -1.6366853e-02   2.3844242e-02  -8.7476052e-02  -6.8803129e-03  -1.3762798e-01  -7.5007599e-02   1.1471865e-01  -3.5571305e-02  -3.2360062e-02  -5.8885949e-02   1.2804057e-01  -4.3462425e-02  -1.2430140e-01   1.3359755e-02   2.3043616e-02   3.2934667e-02  -1.6853763e-02   1.1267825e-01  -1.0838187e-02   5.4635099e-02  -1.1559584e-02   6.2674836e-02   4.2857228e-02   1.0222239e-01   1.7928755e-01  -5.8758856e-03  -4.0213491e-02   1.3328788e-01   1.5649108e-01   1.6012033e-02   1.3207361e-01   5.0147158e-02   1.1268374e-01   0.0000000e+00   1.8747711e-01   1.4546876e-01   2.2115336e-01
  -1.6051326e-01   0.0000000e+00   0.0000000e+00  -3.5634266e-03   2.0268060e-04  -9.8842149e-02   1.0424411e-02   2.3245482e-01   0.0000000e+00  -4.4111432e-02  -1.1543995e-01  -4.6225809e-02   1.6383292e-01  -1.2681163e-01   4.8549574e-02  -1.1124665e-01  -1.0362597e-01  -1.3061072e-01   2.6061844e-03  -1.5679788e-01  -1.0877672e-01  -8.9705377e-02  -2.4192061e-02  -1.5761042e-02  -1.4765759e-01  -1.2110667e-01  -1.8528427e-01  -1.2582581e-01   1.5205809e-01   7.5243897e-02  -2.4694674e-01  -2.2398498e-01  -3.7540514e-02   6.6104228e-02  -8.8442674e-02  -1.1226798e-01   1.5825598e-01   1.7929676e-01  -1.0380426e-01   1.5453043e-02   7.1010937e-02   4.2523726e-02  -7.0943411e-02   2.5916464e-01  -5.4105190e-02   8.5458248e-02  -1.6806531e-01   3.5036289e-01  -1.5642452e-01  -9.3035823e-02   0.0000000e+00  -3.4476008e-02   1.5589344e-01   9.8711067e-02   4.6375275e-02   2.9817652e-02  -2.0017373e-01   6.4710829e-02   1.7978403e-01  -9.2980929e-02   5.8576538e-02  -8.1239089e-03   3.4818510e-02   9.3208383e-02   3.4699486e-01  -1.7153249e-01   4.2097425e-01  -2.1830518e-01   6.1677084e-02   9.5554157e-02  -4.1165132e-02   0.0000000e+00  -1.9088479e-01  -1.3224621e-01   0.0000000e+00   1.7366560e-02   2.4540642e-01   3.8574405e-02  -2.2871680e-01  -3.2156484e-02  -2.4217123e-01  -2.1194638e-01  -1.7364951e-01  -1.5558620e-01  -1.8509115e-01  -3.1941485e-02  -9.9605322e-02  -8.0812520e-02  -2.2164973e-01  -9.6223375e-02   3.1619970e-02  -6.8020372e-02  -4.8184609e-02   1.3331220e-01   1.2201369e-01   1.0303293e-01   3.1180108e-01   2.8324410e-01   1.6981371e-01   2.4733490e-01   2.3108055e-01   1.1476616e-01   2.9550271e-01   1.0095215e-02   1.9733788e-02   3.4716158e-01   1.2809472e-01  -1.8045314e-01   2.6742244e-01   1.9178150e-01   5.6540041e-01   8.2811182e-02   1.0931177e-01   1.2806293e-01   0.0000000e+00  -1.3036479e-01  -1.6788715e-02   3.1877323e-02
  -6.2364680e-02   0.0000000e+00   0.0000000e+00  -1.0480654e-01  -1.0440437e-01  -1.9451345e-01  -8.0842792e-02   1.0060989e-01  -4.4111432e-02   0.0000000e+00   1.6519883e-01  -3.2271873e-02   6.4619824e-02  -7.9703686e-02   1.2882410e-01   2.5647968e-01   1.1788813e-01  -5.3663310e-02   8.7314496e-02  -4.0711993e-02   1.3081287e-01   1.1279970e-01  -3.1569660e-02   1.2158169e-01   1.2342434e-01  -1.6659156e-02   3.2327997e-01   2.5253211e-01   1.6874171e-01   4.5291523e-03   6.0249850e-02   2.8551653e-01   2.5858697e-01   4.0945978e-02   2.6466841e-01   1.0421510e-01   1.3983641e-01  -8.3054702e-02   6.6761998e-02   4.9056510e-02   6.2198378e-03  -1.4840187e-01   5.0147980e-02  -8.3401815e-02  -4.9686316e-02  -1.4055275e-01   2.2935666e-01  -5.5827822e-02  -2.9353106e-02   1.3809441e-01   0.0000000e+00  -2.2813549e-01  -2.3043282e-01   1.2628530e-01   1.3562797e-01   1.8633056e-01   1.6996861e-01   1.5162187e-01  -5.7327563e-03   1.5484554e-01  -2.3317245e-01  -1.2910799e-01  -1.4378141e-01  -8.9138349e-02  -1.9864705e-02   1.2430776e-01   6.2190646e-02  -1.9719269e-01   6.5900777e-03  -6.0937290e-02  -1.3486938e-01   0.0000000e+00  -5.7361551e-02   3.3830936e-02   0.0000000e+00   3.8511475e-02  -2.9230781e-01  -1.4013354e-01  -2.2564408e-01   5.4534379e-02  -1.5428280e-01   7.3072463e-03   1.2303190e-01  -1.1598344e-01  -1.2508782e-02  -1.4462075e-01   8.9693285e-02  -3.1364662e-02   1.5774346e-01  -1.1347942e-01  -1.8246839e-01  -6.7127525e-02  -6.7060880e-02  -1.3590050e-01  -1.1700027e-01  -1.2790682e-02  -9.0285879e-02  -1.0155562e-01  -5.7331663e-02  -1.3051600e-01  -1.7359980e-01  -2.0684428e-01  -1.7820453e-01  -1.7643456e-02  -1.0073709e-01   1.0167855e-01   1.6649583e-01  -5.4152432e-02  -1.0743313e-01   8.9251091e-02  -6.0377142e-02  -7.9541970e-02   3.2846572e-02  -5.2138656e-02   0.0000000e+00  -6.4912960e-02  -1.1149527e-02  -1.2829831e-01
  -1.3261530e-01   0.0000000e+00   0.0000000e+00   8.0625757e-02   1.6408019e-01   4.5680154e-02   2.1702051e-01   2.7183734e-03  -1.1543995e-01   1.6519883e-01   0.0000000e+00   1.2451067e-01   8.1585509e-02  -3.3734042e-02   2.6717467e-01   3.9610886e-01   2.9486264e-01   3.9844779e-01   2.4753996e-01   5.5434254e-02   2.7017639e-01  -8.0965442e-03   1.1284351e-01   9.9381706e-02   2.6727597e-01   4.9131194e-02   2.9106732e-01   1.4086338e-01   7.4474831e-02  -3.6137730e-02   1.6265355e-01   2.2164046e-01   3.8838498e-01   2.7666453e-01   2.9406474e-01   4.0773690e-01   2.2677820e-01  -2.8551338e-03   3.0259418e-01   3.6283491e-01   1.2942270e-01   2.8628663e-01   4.8796043e-02   1.9785091e-02   1.0454749e-01   5.2828614e-02   3.5408864e-01   1.3538976e-01   1.6893036e-01   1.6340430e-01   0.0000000e+00  -6.6149284e-02  -9.8768398e-02   3.0793833e-01   3.5826702e-01   2.4556827e-01   2.9355673e-01   9.9379899e-02   5.7433720e-02  -7.2606311e-02  -1.6768321e-01  -4.9978373e-02   4.4780356e-02   4.4503527e-03  -1.4220252e-01   3.3543833e-01   3.0083927e-02   4.1299711e-02  -5.0871774e-02  -8.3942807e-02  -6.9775575e-02   0.0000000e+00   4.2904809e-03  -8.7312228e-03   0.0000000e+00   5.7317017e-02  -1.9259156e-01  -2.7750810e-01  -9.5612115e-02   1.4299110e-01  -2.4635323e-02  -2.9534674e-02  -3.7313507e-02  -5.5418108e-02  -8.5259646e-02  -9.8895342e-02  -1.2276926e-01  -4.8817408e-02  -2.5010096e-02   3.4962227e-02  -1.1365191e-02   1.6092926e-01   6.3795536e-03  -2.7003164e-02   1.9325336e-02   6.6008784e-02  -3.9663274e-02  -4.2749793e-02  -2.1255769e-01  -5.5089682e-02  -2.1637316e-01   2.5504398e-02  -2.0317414e-01   1.4738760e-03   1.4741180e-01   6.8936497e-02   6.6760185e-02   1.0035660e-01   6.2111071e-02   1.4923201e-01   2.1797534e-02   9.6390660e-02   3.8094101e-02   1.3860396e-01   0.0000000e+00  -1.0469803e-01   1.9587044e-02  -1.3479866e-01
   1.7208206e-01   0.0000000e+00   0.0000000e+00   9.3273213e-02   8.7639121e-02   1.8636922e-01   1.5342195e-01  -7.0439724e-02  -4.6225809e-02  -3.2271873e-02   1.2451067e-01   0.0000000e+00  -1.7894115e-01   2.1314030e-01  -1.1543159e-01   4.8290235e-02   2.7772108e-02   1.5143914e-01   4.2810388e-02   1.1920221e-01   3.5931302e-02   1.6529956e-01   9.5118915e-02   3.1084451e-02   2.3701977e-01   1.8418132e-01   1.6349480e-01   2.2010099e-01  -6.1857631e-02  -1.4317424e-01   2.6447324e-01   1.5864261e-01  -1.0353350e-01  -4.7584990e-02   1.3433421e-01   1.8779331e-02  -1.2393491e-01  -5.5800964e-02  -1.0961112e-01   1.3063034e-01   1.5273840e-01  -4.8200202e-02   2.3660190e-01  -2.1761367e-02   5.8774372e-02   2.3718314e-02   1.4591368e-01  -1.3460861e-01   2.4249248e-01   6.8415493e-02   0.0000000e+00  -1.1432664e-01  -2.2197277e-02   4.0515930e-02  -5.9160135e-03  -1.0561700e-01   3.2065288e-02  -6.7150465e-02  -5.3035187e-02   1.6568329e-01   6.4829499e-02   1.4596477e-01  -1.1810677e-01  -1.4158038e-01  -8.8238273e-02   5.5568170e-02   2.9667491e-03   2.4184902e-01   1.0987554e-01  -1.2320890e-01   1.2610202e-01   0.0000000e+00   1.0843711e-01  -6.0081449e-02   0.0000000e+00   8.4971170e-02   7.9415894e-02   2.1533419e-02   1.1715481e-01   1.0707361e-01   2.4263449e-01   1.3978431e-01   2.8513374e-01   1.9543106e-01   3.3593077e-01   6.5985836e-02   2.8151708e-01   1.5983252e-01   1.1175071e-01   2.8582562e-01   1.1402725e-01  -1.0555417e-01   2.8855307e-02   9.1897078e-02   1.0235717e-01   2.3666168e-02  -9.2406745e-02  -3.7260252e-02   6.0604986e-02  -1.2764583e-01  -1.8132040e-01  -6.8952541e-02  -3.0100311e-02   1.4699731e-01  -2.1433435e-01  -6.8317708e-02  -6.0108625e-02   2.5126716e-01  -1.4792980e-01  -2.1185464e-01  -1.7467602e-01   7.9522170e-02  -1.9236781e-02  -1.1364941e-01   0.0000000e+00   8.8703589e-02   7.0408775e-02   1.5946282e-01
  -3.0358180e-01   0.0000000e+00   0.0000000e+00   1.3002569e-02   1.8436310e-01  -1.7592454e-01  -1.9845989e-01   1.0485713e-01   1.6383292e-01   6.4619824e-02   8.1585509e-02  -1.7894115e-01   0.0000000e+00  -3.5047327e-01   4.7076910e-01   1.4113484e-01   2.8430139e-01   1.8048791e-01   1.2481723e-01   3.6832955e-01   3.2338642e-01  -1.5765238e-01  -1.5100376e-01  -1.5919166e-01  -1.4598824e-01  -1.2742637e-01   1.2193399e-01  -3.2239084e-01   2.9579975e-01   2.1619372e-01  -2.6770985e-02  -3.1305425e-01   3.2167709e-01   7.9400270e-01   2.2087078e-01   1.6440108e-01   4.2659828e-01   1.2602793e-01   2.2468428e-01   5.3900648e-02  -8.8456535e-02   4.0739737e-01  -2.0691831e-01   1.2630739e-01  -2.3795131e-01   3.0409512e-01   9.4770576e-02   4.0157073e-01   1.0889417e-01   1.8767239e-01   0.0000000e+00   1.9213526e-01   7.2005060e-02   1.6252890e-01   2.9686322e-01   5.2558575e-01   2.4101071e-01   5.9242054e-01   3.5873190e-01  -2.4818494e-01  -2.7288321e-01  -2.6934992e-01   1.3131876e-01   5.8605654e-01   8.4953864e-02   6.4448457e-02   1.7378773e-01  -5.4988291e-01  -1.6903248e-01   5.3463902e-01  -2.3322374e-01   0.0000000e+00  -2.6353536e-01  -1.8283244e-01   0.0000000e+00  -5.9579591e-02  -9.9270449e-02  -2.7012650e-01  -3.0796641e-01  -1.1535496e-01  -4.1725596e-01  -3.2435135e-01  -3.5964035e-01  -1.0854266e-01  -5.1231562e-01  -1.8270290e-01  -2.3346007e-01  -3.2858802e-01  -1.9792761e-01  -3.5897258e-01  -2.9539683e-01   3.5975312e-01   2.0898359e-02  -1.4917744e-01  -1.9145116e-02   1.1431329e-02  -5.1360559e-03   1.1215845e-02  -3.5673875e-01   1.0932595e-01  -5.0958840e-03   6.0387857e-02  -1.6765445e-01  -1.0708800e-01   3.5316294e-01   3.7889208e-01   1.6288311e-01  -1.1201933e-01   3.0711973e-01   1.4088034e-01   3.6479815e-01   2.7533695e-02   1.0209001e-01   4.5417404e-01   0.0000000e+00  -4.2794909e-01  -1.7021989e-01  -3.7516848e-01
   2.5886929e-01   0.0000000e+00   0.0000000e+00   5.1397542e-02  -7.5383311e-02   4.1416861e-01   9.1730500e-02   1.2145417e-01  -1.2681163e-01  -7.9703686e-02  -3.3734042e-02   2.1314030e-01  -3.5047327e-01   0.0000000e+00  -1.6323506e-01   9.3923346e-02  -6.3290558e-02  -8.3014979e-02  -4.8001886e-02  -1.7481155e-02  -3.1560231e-02   5.6393317e-01   3.0913330e-01   2.1085107e-01   4.7681063e-01   2.7057917e-01   3.9065307e-01   5.0079554e-01  -3.1012845e-01  -1.7166122e-01   3.1121209e-01   4.4496335e-01  -1.2570111e-01  -3.2695650e-01  -2.0157238e-01   8.7283201e-02  -3.5519176e-01  -1.5120420e-01  -9.7985041e-02  -5.5325177e-02   1.4062629e-01  -2.1029710e-01   2.0565520e-01  -9.9543659e-02  -1.6042554e-02  -2.5577573e-01   1.3304973e-01  -1.1820646e-01   1.9106698e-01   1.7999554e-01   0.0000000e+00  -5.8910563e-02  -1.3387232e-01  -1.6469952e-03  -4.8818881e-02  -2.3550428e-01   2.5022179e-01  -5.1099295e-02  -1.8442571e-01   3.0778294e-01   3.1954610e-01   3.5144019e-01   8.1036897e-02  -2.8070289e-01   5.3381114e-02   8.8170506e-02  -6.4514453e-02   6.3046177e-01   1.9991362e-01  -2.0353414e-01   3.9549839e-01   0.0000000e+00   1.8740387e-01  -3.9774946e-02   0.0000000e+00   5.6283725e-02   2.0830962e-01   1.7491301e-01   4.8272278e-01   2.4423391e-01   7.3469093e-01   6.9485157e-01   5.6198786e-01   1.5298341e-01   5.4426225e-01   1.0767581e-02   2.2286234e-01   5.5506376e-01   2.5850085e-01   2.8561905e-01   1.4071012e-01   9.3395117e-02   7.0242587e-02  -1.8345133e-03   7.5954550e-02  -3.8350594e-02  -1.3977495e-01  -6.8792861e-02   1.8204843e-01  -9.3909822e-02  -1.2250732e-02   3.5660685e-02  -2.0729421e-02   3.1501706e-01  -4.8090240e-02  -4.5121923e-02  -8.2324063e-02   3.7270443e-01  -1.0455183e-01  -5.3815139e-02  -3.3854241e-01   4.5569067e-02  -9.7526599e-02  -1.1501509e-01   0.0000000e+00   4.3351279e-01   1.6649052e-01   4.9859924e-01
  -1.5726996e-01   0.0000000e+00   0.0000000e+00   3.1626233e-02   8.0168153e-02  -6.4883109e-02   1.2625981e-01   8.6459879e-02   4.8549574e-02   1.2882410e-01   2.6717467e-01  -1.1543159e-01   4.7076910e-01  -1.6323506e-01   0.0000000e+00   4.5018122e-01   2.3834335e-01   1.3181982e-01   2.6141876e-01   6.8553288e-02   3.0364652e-01  -2.2247898e-02  -2.2021904e-02   8.0199207e-02   4.8167909e-02  -8.4047180e-02   1.6300379e-01  -1.2130705e-01   6.3192421e-02   2.7922489e-03   1.9453550e-03  -4.9426213e-02   3.1670065e-01   4.7043098e-01   2.1082155e-01   3.4593773e-01   3.6916280e-01  -7.2040927e-02   1.1668818e-01   1.6775715e-01  -1.5852358e-02   3.0230094e-01  -1.3589003e-01   5.4380564e-02  -2.7331968e-02   1.4589133e-01   1.5137671e-01   3.8918392e-01   1.2233974e-01   1.7827371e-01   0.0000000e+00   1.6998943e-02  -9.3294502e-02   3.3013837e-01   5.1037660e-01   5.5393842e-01   2.4458482e-01   3.0368830e-01   1.7951205e-01  -9.4138289e-02  -2.5124286e-01  -1.3946850e-01   5.3886313e-02   3.0349514e-01   1.5668886e-02   2.1221998e-01   1.5590086e-02  -1.7172121e-01  -4.7501402e-02   1.0436812e-01  -2.1874467e-01   0.0000000e+00  -2.2586686e-01  -1.2592382e-01   0.0000000e+00   7.2999762e-02  -1.0163024e-01  -1.8199715e-01  -2.9825076e-01   1.1003006e-02  -2.3326206e-01  -1.9657334e-01  -2.0914234e-01  -1.8199851e-01  -2.0930585e-01  -1.4100370e-01  -9.2274570e-02  -1.7451255e-01  -6.4056739e-02  -1.6658710e-01  -1.8850334e-01   1.9322155e-01   9.3015707e-03  -1.7101582e-01   1.2076840e-01   6.6479051e-02  -1.0370008e-01  -2.2406882e-02  -2.0566615e-01   3.8474997e-02  -1.0084809e-01   5.6622269e-02  -1.6481277e-01  -4.8674315e-02   2.2637959e-01   2.7910780e-01   1.2254582e-01  -4.5308282e-02   9.9188590e-02   2.2235361e-01   8.9700798e-02   2.6506691e-01   2.5752850e-01   3.3672922e-01   0.0000000e+00  -2.2837200e-01  -8.1134309e-02  -2.0019900e-01
   3.5595553e-02   0.0000000e+00   0.0000000e+00   8.1642719e-02   3.9058037e-02   4.5325095e-02   1.7139438e-01   1.0893770e-01  -1.1124665e-01   2.5647968e-01   3.9610886e-01   4.8290235e-02   1.4113484e-01   9.3923346e-02   4.5018122e-01   0.0000000e+00   3.0870405e-01   2.7183328e-02   2.4351081e-01   1.9841885e-02   2.6647776e-01   2.7245478e-01   1.1475366e-01   2.4718590e-01   4.0143450e-01   2.3199490e-02   7.0083836e-01   1.9961382e-01  -1.4560165e-01  -2.2010291e-01   2.1921390e-01   2.8499900e-01   2.7896435e-01   1.3735872e-01   1.1817953e-01   6.9735946e-01   2.7391840e-01  -2.0818168e-01   2.6941266e-01   1.6307099e-01   9.9882461e-02   6.5067847e-02  -1.8628776e-02  -3.4714653e-03  -5.5866003e-02  -1.7095487e-02   4.6965479e-01   1.4046085e-01   1.8584543e-01   2.9400344e-01   0.0000000e+00  -7.4046249e-02  -2.0547435e-01   3.7576665e-01   8.0406802e-01   3.3171489e-01   6.4657073e-01   1.7964429e-01   4.0913285e-02   4.2882270e-02  -2.2228957e-01  -4.1215081e-02   2.8797530e-02   1.5492816e-02  -1.7936417e-02   4.7078549e-01   4.2385590e-02   1.8341388e-01   5.8918692e-03  -8.3407328e-02  -1.0147111e-01   0.0000000e+00  -1.5085311e-01  -1.4114233e-01   0.0000000e+00   6.3856790e-02  -1.3094020e-01  -1.3603862e-01  -1.3445015e-01   1.3126823e-01  -3.6768377e-03   1.0565299e-01   4.6605698e-02  -1.0899901e-01   2.5284695e-02  -1.0798872e-01   8.9632727e-02  -7.1546584e-02   1.7006368e-01  -6.1315283e-02  -9.9456148e-02   2.6320424e-01   3.8722839e-02  -8.6806435e-02   4.0058777e-02   1.2106576e-02  -1.5261887e-01  -2.3027512e-01  -7.9926135e-02  -9.9303679e-02  -1.3386342e-01  -8.1339250e-02  -1.8978907e-01   5.3211903e-02   1.9943861e-01   1.3986768e-01   1.9761832e-01   2.5089882e-01   5.5274874e-02   1.0599508e-01  -1.3056035e-01   1.5178740e-01   1.1269608e-01   2.1059928e-01   0.0000000e+00  -1.3565772e-01  -1.2689838e-01  -9.7955418e-02
  -8.1918403e-02   0.0000000e+00   0.0000000e+00   8.1121169e-02   3.0703904e-01   1.3759534e-01   5.4524191e-02   2.3718099e-02  -1.0362597e-01   1.1788813e-01   2.9486264e-01   2.7772108e-02   2.8430139e-01  -6.3290558e-02   2.3834335e-01   3.0870405e-01   0.0000000e+00   3.1733713e-01   1.5090624e-01   2.6743605e-01   2.7200650e-01   4.2549692e-02   1.0106170e-02   7.7516425e-02   1.0778960e-01  -3.9959082e-02   3.6466283e-01   1.1350181e-01   1.5857027e-01  -3.4341695e-02   7.3191406e-02  -1.0476675e-02   2.6767544e-01   3.2138366e-01   2.6694221e-01   3.2840458e-01   1.5414043e-01  -5.5865307e-02   2.0257062e-01   6.5373227e-02   6.3332159e-02   1.8479946e-01   8.8512525e-02  -4.3732116e-02  -8.0663766e-02   2.4927203e-01   2.0054879e-01   1.7317858e-01   1.4539606e-01   2.7469523e-01   0.0000000e+00   1.6150232e-01  -1.4388601e-01   1.0462689e-01   3.0502427e-01   1.7294458e-01   3.1646094e-01   1.4565489e-01   1.8134551e-01  -1.3230497e-01  -2.2659456e-01  -9.9929168e-02  -5.5891522e-02   2.7660878e-01  -9.3962111e-02   3.1080904e-01   4.5727753e-02   2.8024253e-02  -1.9473354e-01   7.7601004e-02  -8.6908144e-02   0.0000000e+00   9.0101353e-02   2.3192237e-02   0.0000000e+00   4.5922466e-02  -1.7752997e-01  -1.3286603e-01  -8.7304125e-02  -7.0903398e-03  -6.9401751e-02  -1.0615079e-03  -5.2199347e-02   1.7101689e-02  -2.9712574e-02  -4.9652173e-02  -6.8927691e-02  -1.1865308e-01   3.9759605e-02  -4.6565648e-02  -3.6067164e-02   2.2111034e-01   1.7231649e-01  -1.3764811e-01   1.8949967e-02   1.6938779e-02  -1.2969702e-01  -1.0435151e-01  -2.1700713e-01   1.3182048e-02  -1.4228077e-01   9.0764034e-02  -2.0102358e-01  -1.9829762e-02   9.8760405e-02  -5.5089655e-02   3.8506319e-02   1.9233182e-01  -7.5848774e-02  -4.0622774e-03   1.7466336e-02   1.3729144e-01   1.4703358e-01   2.8205083e-01   0.0000000e+00  -8.5867121e-02  -4.4612012e-02  -2.2004033e-01
  -1.2359705e-01   0.0000000e+00   0.0000000e+00   7.1328612e-02   2.7630326e-01   1.4792135e-01   7.4800603e-02  -1.3850813e-01  -1.3061072e-01  -5.3663310e-02   3.9844779e-01   1.5143914e-01   1.8048791e-01  -8.3014979e-02   1.3181982e-01   2.7183328e-02   3.1733713e-01   0.0000000e+00   1.7065800e-01   4.5888837e-01   1.7028471e-01  -2.8090537e-01   1.9456996e-03  -1.0500423e-01   4.4765602e-02   1.4285564e-01   6.7527313e-02  -2.6697486e-02   3.3305191e-01   1.6553697e-01   1.1807571e-01  -2.1802278e-02   1.4990989e-01   4.3967269e-01   3.6192329e-01   1.3093244e-01   9.8453877e-02   1.0665689e-01   1.8683016e-01   2.6809238e-01   1.2748498e-01   3.8133355e-01   1.5991077e-01   9.3391589e-02   4.4801544e-02   3.6206975e-01   2.1240512e-01  -1.2218310e-02   2.4665390e-01   1.5166402e-01   0.0000000e+00   1.1589286e-01   6.3907076e-02   3.9450436e-02   1.0186275e-01   1.3782703e-01   7.4601474e-02   1.1591403e-01   1.8817431e-01  -1.5296624e-01  -1.2474028e-01  -9.9776748e-02   3.0028996e-03   2.7192582e-01  -1.3029717e-01   9.6763542e-02   3.4849948e-03  -1.2491189e-01  -1.1176339e-01   1.7808933e-01  -8.7524208e-02   0.0000000e+00   1.2153999e-01  -3.3761254e-02   0.0000000e+00  -1.8110969e-03  -2.5047870e-01  -2.5050486e-01   2.0190451e-02   9.9031399e-02   1.7657674e-02  -9.6875723e-02  -4.6822216e-02   1.6227865e-01  -2.2323927e-02   6.4932362e-02  -6.6776449e-02  -1.2050178e-01  -1.4356522e-02   2.1290332e-02   8.5108748e-02   1.6115532e-01   2.4699342e-02   2.3068344e-02   1.5206550e-01   6.1692469e-02  -8.6940068e-02   3.7551116e-02  -2.1839606e-01   2.3548139e-02  -2.5824328e-01   4.2984311e-02  -2.2468133e-01  -1.6538341e-02  -3.6646321e-02  -4.5979860e-02  -5.4573725e-02   1.1000997e-01  -1.0251774e-01  -1.0996603e-01   1.1991747e-01   1.1108129e-01   2.3825342e-02   2.0762589e-01   0.0000000e+00  -7.0561877e-02  -2.8721687e-03  -1.9091752e-01
   4.1555365e-02   0.0000000e+00   0.0000000e+00   1.7624688e-01   3.1491129e-02  -4.8504287e-02   1.7922980e-01   4.8535164e-02   2.6061844e-03   8.7314496e-02   2.4753996e-01   4.2810388e-02   1.2481723e-01  -4.8001886e-02   2.6141876e-01   2.4351081e-01   1.5090624e-01   1.7065800e-01   0.0000000e+00   9.4604601e-02   1.3122110e-01   5.6866355e-02   2.9189927e-02  -5.5388741e-03   3.7091333e-02   8.0853510e-02   1.4706584e-01   2.9579499e-02   8.9535191e-02  -5.6843647e-02  -1.8063591e-02   2.9199526e-02   1.8237300e-01   1.0070302e-01   8.7931849e-02   2.9627095e-01   1.8466882e-01   1.0493596e-01   1.0354483e-01   2.0896361e-01   1.4085487e-01   1.0566631e-01   4.5662562e-02   1.7467955e-01  -3.4879653e-02   1.9732636e-01   1.3735995e-01   1.8141899e-01   1.1951861e-01   2.2791035e-01   0.0000000e+00  -1.4513847e-02   5.0308332e-02   2.9762242e-01   1.7353521e-01   2.3808415e-01   1.7649489e-01   1.3304743e-01   4.1946303e-01  -2.3064225e-02  -1.7605750e-01  -1.4943673e-01   8.5375776e-02   1.7150371e-01   8.1549173e-02   2.5430904e-01  -3.5923095e-02   5.0168055e-02   9.1346096e-03   8.3538080e-02  -2.4645293e-01   0.0000000e+00  -1.4092418e-01  -8.5509532e-02   0.0000000e+00   6.7510613e-02  -2.4812675e-02   5.3058344e-02  -9.1709112e-03   2.0427269e-02  -4.4638209e-02  -3.6552517e-02  -7.7969291e-02  -6.9403509e-02   5.1544192e-02  -1.9082597e-03   2.6526009e-02  -1.8263952e-02   2.0243295e-01  -1.5838789e-01   2.2135005e-02   1.9054646e-01   8.8648820e-02   2.2992149e-02   2.5533492e-01   9.1233926e-02  -5.7012763e-02   6.9392987e-02  -8.0030658e-03   1.8916630e-02   1.3111270e-02   7.9392039e-02   1.4812909e-03   4.0033156e-02   7.3911915e-02   1.1491168e-01   5.4478198e-02   1.8368539e-01   1.4962205e-02   6.8997524e-02   6.1360497e-02   1.3416120e-01   1.6978405e-01   2.3863045e-01   0.0000000e+00  -6.9628939e-02  -7.1003550e-02  -1.6754794e-01
  -1.7955819e-02   0.0000000e+00   0.0000000e+00   7.6769961e-02   3.1624083e-01   1.5438754e-01  -7.0986418e-02  -9.0372376e-02  -1.5679788e-01  -4.0711993e-02   5.5434254e-02   1.1920221e-01   3.6832955e-01  -1.7481155e-02   6.8553288e-02   1.9841885e-02   2.6743605e-01   4.5888837e-01   9.4604601e-02   0.0000000e+00   2.3903646e-01  -3.2980817e-03  -4.3569734e-02  -1.0034866e-01  -3.0707862e-02   3.4676213e-01   2.5621173e-01  -2.9082752e-02   3.3270445e-01   1.7902597e-01   3.1327681e-01  -8.5488289e-02   1.2955140e-01   3.9652078e-01   2.7200274e-01   1.1193316e-01   2.4321223e-02   5.7753049e-03   8.6303717e-02   1.3786805e-01   7.1420895e-02   1.9956786e-01   2.2482357e-01   4.4779174e-02  -1.0532894e-01   3.6160041e-01   1.2635336e-01   8.2346762e-02   4.3778792e-01   3.9666952e-01   0.0000000e+00   2.2853251e-01  -3.4103909e-02  -6.1490115e-02   7.8402278e-02   8.1634508e-02   2.4300282e-01   2.8679297e-01   1.6372280e-01   4.2285309e-02   3.1075239e-02   1.5508855e-02  -6.2723240e-03   4.3526250e-01  -1.3661878e-01   1.7676237e-01  -1.4153597e-01  -1.2217355e-01  -1.3779186e-01   4.2875562e-01  -7.0635371e-02   0.0000000e+00   3.1979099e-02  -9.0735200e-02   0.0000000e+00  -4.4521066e-02  -2.0807728e-01  -2.0850118e-01   1.1958955e-01  -6.4814221e-03   3.4966650e-02  -5.6611508e-02   7.2191764e-02   3.7703045e-01   1.2565906e-02   1.2829617e-01   1.2795091e-01  -1.6604613e-01   1.6445233e-01  -5.2676790e-02   6.4108712e-02   3.3437421e-01   1.2975384e-01  -9.9443103e-02   1.0749600e-01  -1.3439797e-02  -2.2365891e-01  -7.7548047e-02  -3.2474355e-01   3.5365137e-03  -2.6065796e-01  -4.0552652e-02  -1.9057179e-01   1.6198533e-01   1.8090776e-03  -7.8359307e-03  -2.0266480e-02   1.6776492e-01  -1.5853358e-01  -1.9999155e-01   3.7589456e-02   1.0113965e-01   4.9794334e-02   2.7318721e-01   0.0000000e+00  -1.6645068e-01  -4.3502461e-02  -1.0575457e-01
  -2.8687399e-02   0.0000000e+00   0.0000000e+00   8.5821255e-02   1.6720622e-02  -9.6970986e-02  -3.0337188e-02  -4.4420993e-02  -1.0877672e-01   1.3081287e-01   2.7017639e-01   3.5931302e-02   3.2338642e-01  -3.1560231e-02   3.0364652e-01   2.6647776e-01   2.7200650e-01   1.7028471e-01   1.3122110e-01   2.3903646e-01   0.0000000e+00   1.6245027e-01   2.0248558e-01   3.0868453e-01   2.4871729e-01   1.2158513e-01   3.1861132e-01  -7.1615244e-02   1.0061288e-01  -7.2585944e-02   7.4824407e-02   1.0768060e-01   8.6148341e-02   2.9866640e-01   3.9422722e-01   2.1439734e-01   1.4918311e-01   1.4838814e-01   2.2986864e-01   4.0587530e-01   3.0030876e-01   3.4179208e-01  -1.3523628e-01   1.7221375e-01   1.4704072e-01   1.5721023e-01   1.5255297e-01   1.7986474e-01   1.9118728e-01   5.2516801e-02   0.0000000e+00  -1.0094315e-01   8.2604783e-02   1.5379893e-01   1.4167417e-01   1.5227257e-01   2.7819835e-01   8.9845883e-02   1.3166973e-01   1.4015125e-01   4.8992886e-02   3.1610079e-02   1.6011860e-01   1.4384492e-01   1.6440125e-02   4.2832583e-02  -1.1542027e-01  -9.9371466e-02  -3.0225308e-01  -1.2614839e-01  -1.0164319e-01   0.0000000e+00  -2.8251795e-01  -8.5679724e-02   0.0000000e+00  -1.0589877e-01  -1.0856576e-01  -1.5760019e-01  -2.1062560e-01  -1.2337951e-01  -1.4140521e-01  -1.5335260e-01   6.8909089e-02   6.3806989e-02  -9.3460810e-02   5.3936277e-02  -1.1073401e-01  -2.1395807e-01  -1.3273352e-01  -1.5960001e-01  -1.4690568e-01  -3.0938104e-02   6.3642606e-02  -1.9315357e-01   5.2696340e-02   9.5653475e-02   3.8328131e-02   8.8324867e-02  -1.0228481e-01   1.1295403e-01  -2.8846075e-03  -3.1750949e-02  -6.0859259e-03   2.1231848e-01   1.6760839e-01   9.8444359e-03   3.6978347e-02   1.0387840e-01   8.7040090e-02   9.4657189e-03   7.7749373e-02   1.7842529e-01   1.4821023e-01   7.5348123e-02   0.0000000e+00  -2.4644569e-01  -7.0876396e-02  -6.0806623e-02
