   0.0000000e+00   0.0000000e+00   0.0000000e+00  -2.1709957e-02   2.0140808e-01   8.8776515e-02   1.6977241e-01  -4.6640050e-03   2.2709327e-02   2.0633431e-01  -3.9968695e-02   3.6364209e-02   1.6655060e-02   1.5109691e-01  -3.3688443e-02  -4.3157733e-02   0.0000000e+00  -4.6604536e-02  -7.6767284e-02   2.6099495e-02  -1.1111552e-01  -1.3185273e-01  -5.6590335e-02  -6.6750149e-02  -2.1459455e-01   1.2590225e-01   4.3604134e-02   2.6558166e-01   5.0809116e-02   1.1007396e-01   2.5405135e-01   1.8591742e-02   5.9796386e-03  -1.1218768e-02  -9.9686320e-02   8.7990941e-02   2.3410558e-02  -1.4574076e-01   1.5463102e-02  -1.5947675e-01  -3.8361256e-02  -6.5417421e-02   2.2389563e-02  -1.7723247e-01  -1.7767943e-01   1.7157535e-01   9.6367231e-02  -1.2706527e-01   1.0596704e-02   3.2825360e-01   0.0000000e+00  -1.0299868e-01   2.5559159e-02  -1.0266311e-01  -9.9579312e-02   6.3172630e-02   7.5560283e-03   6.5901519e-02  -1.3693439e-02  -1.8118645e-01  -7.8528735e-02  -7.8584604e-02   4.0173482e-02   1.7609443e-01  -6.4197571e-02   2.6822352e-01   4.1797398e-01   4.7209081e-01   4.6354420e-01   1.9622699e-01   8.3433061e-02   4.0266685e-01   2.6952308e-01   1.0230757e-01   0.0000000e+00   5.4592941e-01   3.2361268e-01   4.7656829e-02   1.6092918e-01   3.9855542e-01   3.0428096e-01   3.6161894e-01   4.0099719e-01   1.6079928e-01   2.3646208e-01   2.5495496e-01   3.7028669e-01   5.4068929e-01   2.1185334e-01   3.3178045e-01   3.7317349e-01   6.2663923e-02   6.9749143e-02  -1.8663311e-02  -2.9648204e-03  -5.0102128e-02  -1.2556826e-01  -1.2649361e-01  -4.9914982e-02  -4.5740547e-02   7.7981315e-02   1.0081581e-01  -1.0477804e-02  -6.0940451e-02   6.7224264e-02   1.8243300e-01   4.3377951e-03   1.2047935e-02   6.6013872e-02   4.8259923e-01   1.6347139e-01  -2.2085809e-01  -2.1973074e-01  -3.0094891e-01   0.0000000e+00   3.4129904e-01   3.4722063e-01   4.0432937e-01
   0.0000000e+00   0.0000000e+00   0.0000000e+00   0.0000000e+00   0.0000000e+00   0.0000000e+00   0.0000000e+00   0.0000000e+00   0.0000000e+00   0.0000000e+00   0.0000000e+00   0.0000000e+00   0.0000000e+00   0.0000000e+00   0.0000000e+00   0.0000000e+00   0.0000000e+00   0.0000000e+00   0.0000000e+00   0.0000000e+00   0.0000000e+00   0.0000000e+00   0.0000000e+00   0.0000000e+00   0.0000000e+00   0.0000000e+00   0.0000000e+00   0.0000000e+00   0.0000000e+00   0.0000000e+00   0.0000000e+00   0.0000000e+00   0.0000000e+00   0.0000000e+00   0.0000000e+00   0.0000000e+00   0.0000000e+00   0.0000000e+00   0.0000000e+00   0.0000000e+00   0.0000000e+00   0.0000000e+00   0.0000000e+00   0.0000000e+00   0.0000000e+00   0.0000000e+00   0.0000000e+00   0.0000000e+00   0.0000000e+00   0.0000000e+00   0.0000000e+00   0.0000000e+00   0.0000000e+00   0.0000000e+00   0.0000000e+00   0.0000000e+00   0.0000000e+00   0.0000000e+00   0.0000000e+00   0.0000000e+00   0.0000000e+00   0.0000000e+00   0.0000000e+00   0.0000000e+00   0.0000000e+00   0.0000000e+00   0.0000000e+00   0.0000000e+00   0.0000000e+00   0.0000000e+00   0.0000000e+00   0.0000000e+00   0.0000000e+00   0.0000000e+00   0.0000000e+00   0.0000000e+00   0.0000000e+00   0.0000000e+00   0.0000000e+00   0.0000000e+00   0.0000000e+00   0.0000000e+00   0.0000000e+00   0.0000000e+00   0.0000000e+00   0.0000000e+00   0.0000000e+00   0.0000000e+00   0.0000000e+00   0.0000000e+00   0.0000000e+00   0.0000000e+00   0.0000000e+00   0.0000000e+00   0.0000000e+00   0.0000000e+00   0.0000000e+00   0.0000000e+00   0.0000000e+00   0.0000000e+00   0.0000000e+00   0.0000000e+00   0.0000000e+00   0.0000000e+00   0.0000000e+00   0.0000000e+00   0.0000000e+00   0.0000000e+00   0.0000000e+00   0.0000000e+00   0.0000000e+00   0.0000000e+00   0.0000000e+00   0.0000000e+00   0.0000000e+00   0.0000000e+00   0.0000000e+00   0.0000000e+00
   0.0000000e+00   0.0000000e+00   0.0000000e+00   0.0000000e+00   0.0000000e+00   0.0000000e+00   0.0000000e+00   0.0000000e+00   0.0000000e+00   0.0000000e+00   0.0000000e+00   0.0000000e+00   0.0000000e+00   0.0000000e+00   0.0000000e+00   0.0000000e+00   0.0000000e+00   0.0000000e+00   0.0000000e+00   0.0000000e+00   0.0000000e+00   0.0000000e+00   0.0000000e+00   0.0000000e+00   0.0000000e+00   0.0000000e+00   0.0000000e+00   0.0000000e+00   0.0000000e+00   0.0000000e+00   0.0000000e+00   0.0000000e+00   0.0000000e+00   0.0000000e+00   0.0000000e+00   0.0000000e+00   0.0000000e+00   0.0000000e+00   0.0000000e+00   0.0000000e+00   0.0000000e+00   0.0000000e+00   0.0000000e+00   0.0000000e+00   0.0000000e+00   0.0000000e+00   0.0000000e+00   0.0000000e+00   0.0000000e+00   0.0000000e+00   0.0000000e+00   0.0000000e+00   0.0000000e+00   0.0000000e+00   0.0000000e+00   0.0000000e+00   0.0000000e+00   0.0000000e+00   0.0000000e+00   0.0000000e+00   0.0000000e+00   0.0000000e+00   0.0000000e+00   0.0000000e+00   0.0000000e+00   0.0000000e+00   0.0000000e+00   0.0000000e+00   0.0000000e+00   0.0000000e+00   0.0000000e+00   0.0000000e+00   0.0000000e+00   0.0000000e+00   0.0000000e+00   0.0000000e+00   0.0000000e+00   0.0000000e+00   0.0000000e+00   0.0000000e+00   0.0000000e+00   0.0000000e+00   0.0000000e+00   0.0000000e+00   0.0000000e+00   0.0000000e+00   0.0000000e+00   0.0000000e+00   0.0000000e+00   0.0000000e+00   0.0000000e+00   0.0000000e+00   0.0000000e+00   0.0000000e+00   0.0000000e+00   0.0000000e+00   0.0000000e+00   0.0000000e+00   0.0000000e+00   0.0000000e+00   0.0000000e+00   0.0000000e+00   0.0000000e+00   0.0000000e+00   0.0000000e+00   0.0000000e+00   0.0000000e+00   0.0000000e+00   0.0000000e+00   0.0000000e+00   0.0000000e+00   0.0000000e+00   0.0000000e+00   0.0000000e+00   0.0000000e+00   0.0000000e+00   0.0000000e+00   0.0000000e+00
  -2.1709957e-02   0.0000000e+00   0.0000000e+00   0.0000000e+00  -3.5278120e-02  -3.5077634e-02  -3.3526472e-02   1.2817116e-02   5.3661249e-02   6.2196830e-02   1.5694790e-01   1.5899049e-01   2.5952184e-01   9.4322231e-02   8.6634013e-02   1.3758936e-01   0.0000000e+00   2.3244537e-01   1.1299783e-01   1.8932531e-01   2.8812820e-01   8.6794263e-02   3.8155826e-01   2.5820824e-01   9.5680852e-02   1.4358827e-01   2.1618632e-02  -1.2016061e-02   1.6974529e-02   7.4078815e-02   1.4003813e-01   7.7729625e-02   8.0402982e-02   1.1309718e-01   1.1333060e-01   1.6580913e-01   5.8439689e-02   1.3935429e-01   6.1098733e-02   3.0093095e-01   4.8075652e-02   2.2356780e-01   5.4554359e-02   1.5621016e-01   1.3091939e-01  -4.6825756e-02   1.0448745e-01   2.1944791e-01   5.3126935e-02  -6.1717769e-02   0.0000000e+00  -9.4614540e-02   9.9193459e-03   1.9576160e-01   5.9899099e-02  -2.7399864e-02   1.1383467e-01   5.0196192e-02   1.4754156e-01   2.3052761e-01   6.6733313e-02   5.1782707e-03   1.9163744e-01   6.9396441e-02  -1.2969857e-01   1.2271941e-02   2.5750306e-03  -4.4646352e-02  -1.3320341e-02   7.6685559e-02   1.9750457e-01  -3.6767946e-02  -8.1565066e-02  -1.1605570e-01   0.0000000e+00   5.4980365e-02  -1.0362035e-02  -9.2074769e-02  -5.1416330e-02   1.3168184e-02   7.9067992e-04   1.5258464e-02   1.4990800e-01   8.4182534e-02  -3.6716103e-02  -6.2586626e-02  -5.3230882e-02   3.3994064e-02  -1.1664758e-01   5.5232074e-02   2.6193283e-02  -4.3373403e-02  -9.1665441e-02  -2.7908257e-03  -1.5225964e-02   3.1668524e-02  -4.2190161e-02   7.0950143e-02   1.1972331e-02   3.5979812e-03   1.7941627e-02  -5.9733686e-02  -5.5349667e-02   1.2734263e-01   8.1947556e-02   1.1544205e-01   3.9245569e-02   6.1366616e-02   1.4113264e-01  -1.3467881e-01  -6.4786045e-03   1.3041157e-01   5.5040662e-03   7.4818360e-02   0.0000000e+00   1.6936260e-02   1.2015071e-02   9.7723665e-02
   2.0140808e-01   0.0000000e+00   0.0000000e+00  -3.5278120e-02   0.0000000e+00   4.3657422e-01   1.8060331e-01  -5.2797472e-02  -1.2160862e-01   3.8686950e-01   4.9886383e-02   1.3589320e-01   1.3903421e-01   2.4787571e-02   6.1015932e-02  -1.6705002e-02   0.0000000e+00   3.3871743e-01   1.5443870e-01   4.0409790e-01   1.1121298e-01   2.7049860e-01  -7.5548084e-02   7.9716352e-03   2.8669989e-01   2.4375990e-01   5.8685298e-01   4.9264188e-01   2.7013997e-01   2.5263502e-01   3.6787577e-01   1.3547808e-01   2.3300440e-01   2.2603608e-01   1.7472290e-01   1.0322367e-01  -2.4422254e-02   4.8537664e-02   1.8221265e-01   1.2320420e-01   2.6364431e-01   8.0312490e-02   2.9673983e-01   9.4143143e-02   1.1192634e-01   1.4264498e-01   5.5800213e-01   3.3131934e-02   1.8672922e-01   4.4752050e-01   0.0000000e+00   5.8043955e-02   1.6449430e-01   1.8447876e-01   1.4058519e-01   1.1849858e-01   3.0464265e-01   2.4004004e-02   5.1200212e-02   1.1090692e-01   1.4290247e-01   7.4653969e-02  -1.8876754e-02   9.6207571e-02  -4.6140049e-02   2.3566976e-01   1.7833256e-01   3.3553129e-01   2.4751876e-02   2.5175496e-01  -3.5901720e-02   1.6967800e-02   1.3580172e-01   1.9410855e-01   0.0000000e+00   8.7763297e-02   3.8433048e-02   1.3764053e-01   1.6173590e-01   1.1758854e-01   4.3425989e-01   2.9396478e-01   1.7768899e-01   3.4159240e-01   3.7056851e-01   2.3013159e-01   3.5557735e-01   1.5973421e-01   2.1247734e-01   1.0670298e-01   2.9764391e-01   3.5724164e-01  -7.4729575e-02  -1.7686289e-01   2.4124479e-01  -1.9638319e-02   3.9632091e-02  -1.5477000e-01  -8.5174089e-02  -3.5674805e-02   1.6169963e-01   1.8213752e-01   7.8686602e-02   7.9174122e-02   2.1373906e-01  -9.9160505e-03   1.0177293e-01   1.4053413e-02  -3.0403704e-02   1.6576437e-01  -5.7476905e-03  -1.1624220e-02  -1.0441508e-02   4.5371153e-02   0.0000000e+00  -3.1160491e-02   1.2167269e-02   1.5729985e-01
   8.8776515e-02   0.0000000e+00   0.0000000e+00  -3.5077634e-02   4.3657422e-01   0.0000000e+00   7.9975548e-04  -1.7615610e-02  -5.7776536e-02   1.0382567e-01  -7.3459590e-02  -2.7185019e-02  -6.5154889e-02   6.8521623e-02   2.7544265e-02  -8.5162726e-02   0.0000000e+00  -9.3259625e-02   3.8048169e-02   7.9114498e-02   1.8107917e-02   1.1040740e-01  -5.1762377e-02  -2.1267181e-02   7.6381870e-02  -1.1967373e-02   1.4118803e-01   2.5586486e-01   1.6040581e-01  -5.7425437e-02   1.1448361e-01   7.0606790e-02   8.2047841e-02   2.7811113e-02   3.3366419e-02  -1.4761130e-02  -5.4927782e-02   8.2775558e-04   2.2320493e-02  -4.9814967e-02   1.4799727e-01  -2.8477841e-02   5.7950974e-02  -8.1990090e-02  -3.6822714e-02  -1.0083971e-01   9.6736595e-02  -4.0605985e-02  -2.6975487e-02   1.1403950e-01   0.0000000e+00   8.5234113e-03  -3.2897847e-02  -4.3970140e-03   9.1579107e-02   6.1641258e-03   3.0859508e-02  -7.5694690e-02  -4.7726025e-02   6.5692354e-02   9.8571079e-02   1.0157333e-01   6.8900570e-02  -1.0019401e-01  -8.4134077e-02   5.4595616e-03   7.8971199e-02   3.4715110e-02  -1.5462000e-02   7.6943256e-02   1.1169544e-01   4.4491382e-02   1.2453918e-01   2.8982839e-02   0.0000000e+00   3.2442006e-02   3.5304335e-02   7.4497357e-02  -1.4239116e-02   1.0700698e-02   1.3439814e-01   4.1647291e-02   1.4865053e-01   1.0627711e-01   1.2364592e-01  -6.0097975e-02   4.6058173e-02   1.3759670e-01   4.5687116e-02  -1.9496536e-02   1.7384085e-01   8.8534507e-02   3.3875715e-02  -5.2666118e-02   4.9171856e-02  -5.2740447e-02   1.6748170e-02  -2.3110682e-02   3.5607678e-03   2.0495912e-02   1.1084069e-01   5.2958094e-02   5.4390920e-02  -1.4585743e-02   1.6701735e-03  -9.2507867e-02   1.3633446e-01  -9.6565668e-02  -2.1501315e-02  -4.7554811e-03  -4.3959723e-02   3.5998658e-02   5.8846095e-02   1.7431143e-01   0.0000000e+00  -2.5375841e-02   4.1130417e-02   1.2856885e-01
   1.6977241e-01   0.0000000e+00   0.0000000e+00  -3.3526472e-02   1.8060331e-01   7.9975548e-04   0.0000000e+00  -1.0324361e-01  -1.1266828e-01   3.8638063e-01   1.3493302e-01  -7.3419599e-02   9.6226653e-02  -9.6779404e-02   3.0708931e-01   2.2820711e-01   0.0000000e+00   1.8164725e-01   4.5318783e-01   2.0296153e-01   8.7051059e-02   1.7790839e-01  -2.2436927e-02  -9.4557615e-02   1.6647729e-01   1.6893785e-01   3.4752412e-01   1.6923789e-01   3.5622111e-01   2.0733884e-01   3.9022071e-02   2.4754022e-01   4.3144426e-01   3.7682174e-01  -3.3517079e-02   3.6068872e-01   3.0903195e-01   1.0372686e-02   7.1591946e-02   1.2894243e-02   9.2730206e-02   1.3995928e-01   2.5479012e-01   1.0741235e-01   1.5517334e-01   2.4467943e-01   1.5781218e-01   7.6063453e-02   3.2757082e-01   2.5980739e-01   0.0000000e+00   4.5418915e-01   7.9302695e-02   1.8096038e-01   2.3143887e-01   2.9874369e-01   8.8738285e-02   2.6891052e-01   4.9611695e-01   6.5550374e-03   6.4234114e-02   5.9386779e-02  -4.2818483e-02   2.8296389e-01   7.6563470e-02   4.1321812e-01   3.9620216e-02   3.5176601e-01  -3.7792446e-02   2.0760582e-01  -3.4554624e-01  -1.9864633e-02   5.4737010e-01   3.4258051e-01   0.0000000e+00  -6.0684506e-03  -1.0759981e-01   1.2595258e-01   1.1205813e-01   2.7593936e-02   1.5562740e-01   1.1673141e-01   8.4974999e-03   2.0894449e-01   4.9235464e-01   2.5064058e-01   2.4814858e-01  -7.4492218e-03   7.6993107e-02  -1.0717461e-01  -2.0592569e-02   3.5929591e-01  -1.1999633e-02   1.2586604e-01   1.5442134e-01  -3.0589455e-03  -5.3265265e-02  -5.0058087e-02  -1.4383331e-01  -8.4734436e-02  -1.1676022e-01  -1.1754945e-02   1.3658267e-01   5.2840026e-02   4.0186020e-01   1.1113851e-01   1.6344560e-03   2.1382082e-01   1.3598294e-01   3.4940386e-01   2.0331700e-01   3.2098353e-02   1.6545165e-02   1.4838148e-01   0.0000000e+00  -1.1920531e-01  -6.8017296e-02  -5.8968263e-02
  -4.6640050e-03   0.0000000e+00   0.0000000e+00   1.2817116e-02  -5.2797472e-02  -1.7615610e-02  -1.0324361e-01   0.0000000e+00   1.3668981e-01   1.0840495e-02  -4.6770844e-02   7.2775057e-02   1.7736955e-01   1.6056173e-03  -3.7490187e-02  -4.7346219e-02   0.0000000e+00   1.7749594e-01  -7.5875451e-02   6.6345246e-02   6.6524937e-02  -1.7714860e-02  -2.9340929e-03  -1.2956629e-01  -6.9504474e-02  -2.2465949e-02  -1.2859050e-01   9.0918426e-02  -4.2893269e-03   2.1049711e-01   4.8370763e-02   3.8137447e-02  -1.9566724e-02   4.2326650e-02   8.4057606e-02  -9.1053294e-02  -2.8200717e-02   2.6378049e-02   2.2123732e-02   8.4579906e-02   5.0678319e-02  -5.7737999e-02  -6.4154339e-02  -7.6924423e-02  -4.3524276e-02   1.0217194e-01  -6.8965913e-03   4.0662562e-02   4.4030438e-02  -3.1095293e-02   0.0000000e+00  -6.3874326e-02   4.4596334e-02   6.3364053e-05   8.7964864e-03   3.6031164e-02   9.8477632e-03   4.5557946e-02  -4.2729394e-02  -1.8769729e-01  -1.5492873e-01  -1.4604399e-01   1.3786355e-02  -7.7212874e-02   5.8644761e-02  -1.5383300e-01   1.4187644e-01   3.2604777e-02   1.9742055e-01  -3.6589504e-02   1.6277371e-01   2.3519282e-01  -6.5471929e-02  -4.1719448e-02   0.0000000e+00   1.3335120e-01   1.4779170e-01   1.3522969e-01   7.1077888e-02   2.4867085e-01   4.9895990e-02   7.8804556e-03   1.0034313e-01   7.4386916e-02  -5.4464977e-02   6.2776964e-02   3.4011836e-02   1.3045711e-01   2.4731403e-02   1.6254601e-01   7.6091245e-02  -7.5823947e-02   1.0640216e-01  -6.1570578e-02   2.4882220e-02   4.1369360e-02   8.6741159e-02  -1.7245479e-01   6.1003383e-02  -3.5487404e-03   8.7584039e-02   1.0780196e-01  -3.8120085e-02  -9.6827478e-02  -3.6168979e-02   1.6208618e-01   1.0944982e-01  -1.0538569e-01   8.5975610e-02   6.4491409e-03   5.3105808e-02  -2.4550417e-02   2.7031297e-02   4.8060335e-04   0.0000000e+00   5.4860916e-01   3.4754977e-01   1.7820727e-01
   2.2709327e-02   0.0000000e+00   0.0000000e+00   5.3661249e-02  -1.2160862e-01  -5.7776536e-02  -1.1266828e-01   1.3668981e-01   0.0000000e+00  -2.0456855e-01  -1.0128852e-01  -1.4557469e-01   3.6348206e-02   3.7601771e-02  -7.9267780e-03   4.3226305e-02   0.0000000e+00  -1.5083330e-01  -6.6991464e-02  -2.9762247e-01  -1.8443692e-01  -2.5426130e-01  -1.6904524e-01  -2.4173672e-01  -2.5317487e-01  -2.7220082e-01  -1.8938404e-01  -1.6323004e-01  -7.9304833e-02  -6.9821436e-02  -1.3617712e-01  -5.8936829e-02  -2.2027739e-02  -1.0355959e-01  -1.3099474e-01   4.2613195e-02   1.3482118e-01   4.8799749e-02   1.0640256e-01  -1.3287090e-01  -1.6481253e-01   1.0348742e-01  -5.5310341e-02  -5.8324012e-02  -2.9339988e-01   1.6692428e-01  -1.8576557e-01  -3.0119437e-03   1.3475354e-02  -8.9157493e-02   0.0000000e+00   2.0162786e-01   7.9799049e-02  -1.8191231e-01  -9.8079778e-02  -7.1907634e-02  -1.4162572e-01   9.9651052e-02   4.0396828e-02  -1.5604745e-01  -1.7734347e-01  -4.9170103e-02  -1.4533479e-02   1.4204766e-01   1.8454973e-01   3.9538772e-02   9.0953085e-02  -1.4738447e-01   2.4842657e-01   1.4253662e-01   1.6039098e-01   5.8239242e-02  -2.2684235e-02  -8.8577929e-02   0.0000000e+00   5.6032025e-03   4.1497373e-01   1.4630910e-01   1.5539437e-01   1.1842610e-01  -1.8763287e-01  -5.9062450e-02  -3.8575067e-02  -1.2550836e-01  -1.1542393e-01   1.5095543e-03  -9.8229714e-02   3.5011238e-02   2.5229767e-01  -6.4130348e-03   9.2878305e-02   1.8663338e-02   1.5407335e-01   5.4101691e-01   8.1352835e-02   7.5332422e-02   2.6490182e-01   1.5633063e-01   3.5173592e-01   1.3288077e-01   7.1308818e-02   5.7813077e-02   9.8237174e-02   9.5217792e-03  -4.2714629e-02   1.9816904e-01   2.9058385e-01   2.7231464e-01   2.9669766e-01   1.1928772e-01   4.4949159e-01  -1.2255110e-01  -1.7483468e-01  -6.2823491e-02   0.0000000e+00   2.3363212e-01   2.6790885e-01  -8.7394985e-03
   2.0633431e-01   0.0000000e+00   0.0000000e+00   6.2196830e-02   3.8686950e-01   1.0382567e-01   3.8638063e-01   1.0840495e-02  -2.0456855e-01   0.0000000e+00   2.2925353e-01   1.9428552e-01   1.4366269e-01   8.4413764e-02   1.7496300e-01   8.1135352e-02   0.0000000e+00   3.5809792e-01   2.5123689e-01   3.8312462e-01   3.1791116e-01   3.8490710e-01   1.1602893e-01   1.3380113e-01   4.1138736e-01   4.1841339e-01   4.9464177e-01   3.6722591e-01   3.6280725e-01   3.4419743e-01   1.8542819e-01   3.3790431e-01   4.3146554e-01   3.4521631e-01   2.6774671e-01   3.9446995e-01   2.5921828e-01   2.9999382e-01   3.0322108e-01   4.6193872e-01   3.8622066e-01   3.5353221e-01   2.4551174e-01   3.2934889e-01   3.2495695e-01   1.8392959e-01   4.6279364e-01   1.8400998e-01   1.2334572e-01   1.7438037e-01   0.0000000e+00   2.4341068e-01   2.3046594e-01   2.9440241e-01   1.5496943e-01   1.8871707e-01   2.6627728e-01   1.0896697e-01   2.1247292e-01   1.8156009e-01   1.7215457e-01   9.1253288e-02   5.6545268e-02   1.3620988e-01  -5.5939572e-02   1.6029320e-01   1.4525860e-01   1.9119001e-01  -9.5525128e-02   9.2697992e-02  -1.3774190e-01   7.0661331e-03   2.2442233e-01   1.7769836e-01   0.0000000e+00  -8.3051634e-02  -1.3691964e-01   1.3165338e-01   3.2555828e-02   8.2724630e-02   1.4824913e-01   2.2324023e-01   9.6801632e-02   2.3225170e-01   3.3329076e-01   1.0366714e-01   2.2889052e-01  -3.4786631e-02   7.5519628e-02  -3.3994033e-02   4.0894102e-02   2.2387820e-01  -7.2748331e-02  -2.7931928e-03   1.3170704e-01   7.8105260e-02   2.8504981e-02  -1.1132709e-01  -1.1727403e-01  -1.1938100e-02   1.3658086e-01   1.6705398e-01  -3.6303783e-02   7.0208246e-02   2.3222442e-01   3.7409549e-02  -9.7722977e-02   1.5532560e-02   6.1472224e-02   1.7015480e-01  -8.2231784e-02   8.4647028e-02   1.9275442e-02   5.7642119e-02   0.0000000e+00  -1.0310266e-01  -5.4685604e-02   3.3005895e-02
  -3.9968695e-02   0.0000000e+00   0.0000000e+00   1.5694790e-01   4.9886383e-02  -7.3459590e-02   1.3493302e-01  -4.6770844e-02  -1.0128852e-01   2.2925353e-01   0.0000000e+00   1.0080630e-01   6.2312112e-02  -1.6293477e-01   5.3450168e-02   1.3248532e-01   0.0000000e+00   2.4365475e-01   1.2200655e-01   1.5278097e-01   2.0560124e-01   7.5084711e-02   8.8952033e-02   1.4663447e-01   1.4755191e-01   2.7236525e-01  -1.2173294e-02  -7.0038115e-02   1.8384589e-01   2.6863619e-01   1.4374142e-01   2.0187144e-01   1.3591318e-01   1.6301379e-01   3.5851562e-01   3.1966375e-01   2.3396897e-01   3.0072356e-01   9.4180247e-02   4.9691544e-01   3.3168663e-01   3.0574606e-01   1.4716270e-01   3.3566463e-01   3.2775739e-01   1.7523080e-01   1.9306077e-01   1.7134469e-01  -2.9976156e-02   4.2949730e-02   0.0000000e+00  -6.0303283e-03   2.7607883e-01   2.7533651e-01   3.4826375e-02  -5.9670905e-02  -5.9604545e-02   1.2352660e-02   1.5828656e-01   2.0766326e-01  -4.4872427e-03  -8.8242518e-02  -4.8266741e-02   3.1348752e-01   3.7531893e-02   2.9445645e-01  -8.0069478e-02  -1.2625759e-02   7.8106944e-03  -8.4764582e-02   9.9601062e-02  -6.1821773e-02  -1.2168119e-01  -1.3678669e-02   0.0000000e+00   1.7992521e-02  -7.5172398e-02  -5.3563508e-02  -1.6832214e-01  -3.8506999e-02  -1.2657583e-01   2.8474771e-02  -1.3966528e-01   5.7190966e-02   3.2769695e-02   9.3953131e-02   4.3816753e-02  -2.0196518e-01   3.6642326e-02   5.1543983e-02  -1.0665821e-01  -1.0609368e-01  -6.8393838e-02  -5.0951959e-02   4.5523776e-02   2.4824443e-01   1.2327236e-01   3.8549224e-02   3.7453398e-02  -3.2387604e-02  -1.5656041e-02   4.2878442e-02  -1.2074532e-01   1.0046836e-02   3.5382404e-02  -1.8807544e-02   3.7927893e-02  -3.3470131e-02   5.0848767e-02   1.8761008e-01   4.3838142e-03   6.4532294e-02   1.8896967e-01   8.9257229e-03   0.0000000e+00  -1.4821716e-01  -1.2937930e-01  -8.9045884e-02
   3.6364209e-02   0.0000000e+00   0.0000000e+00   1.5899049e-01   1.3589320e-01  -2.7185019e-02  -7.3419599e-02   7.2775057e-02  -1.4557469e-01   1.9428552e-01   1.0080630e-01   0.0000000e+00   5.5152549e-02   2.0502053e-02  -8.5166059e-02   6.8909137e-02   0.0000000e+00   3.1367314e-01  -1.2801715e-01   2.4800024e-01   6.9623264e-02   7.5140527e-03   1.8755154e-01   1.6522292e-01   8.8455931e-02   1.5380197e-01   1.4859794e-01   1.3798885e-01  -7.3124377e-04   2.5957625e-01   1.9746156e-01   9.9443257e-02   5.3548507e-02   2.9980863e-03   1.7455559e-01   1.0491942e-01   6.6390376e-02   1.1829984e-01   3.2696883e-01   1.7235626e-01   1.5049076e-01   6.0634474e-02   2.9601818e-01   2.0871394e-01   1.9584594e-01  -7.3571671e-03   1.0574992e-01  -5.0169971e-02   1.4600586e-01   1.0677905e-01   0.0000000e+00  -3.6499526e-02   2.2119630e-01   1.6130647e-02   8.3550286e-02  -3.9071448e-02   1.2239774e-01   2.2125951e-02   9.3847932e-02   1.9795539e-01   1.7680941e-01   5.4810049e-02   9.3516196e-03   2.4001901e-02   6.3267433e-02   1.8102375e-01   5.2173795e-02   1.5319804e-01   5.0625112e-02   7.8454505e-02   1.5432292e-02  -1.0706670e-01  -6.5378871e-02   8.9858751e-02   0.0000000e+00   2.3036759e-02  -3.0023029e-02   1.7750078e-01  -9.2968554e-03   6.1503416e-02   1.7022837e-01   2.0492163e-01  -2.5587496e-02   2.6398930e-01   1.0292366e-01   1.0751003e-01   1.9788832e-01  -5.2970111e-02   8.2224854e-02   1.6576744e-01   1.2378376e-01   1.0982501e-02  -7.8669737e-02  -1.3997425e-01   3.9067701e-02   4.7354273e-02   1.2965063e-01  -2.7383238e-02  -2.1564776e-02   6.6558623e-02   3.2716444e-01   2.1657257e-01   1.3647066e-01   2.0031186e-01   1.8304316e-02   1.7970710e-02  -1.0313536e-01   3.7278439e-02  -7.0736899e-02  -3.9109122e-02  -4.3330468e-02  -2.7308926e-02  -1.8263824e-01  -1.6008513e-01   0.0000000e+00  -4.8702110e-02  -1.0581076e-01   1.7076885e-02
   1.6655060e-02   0.0000000e+00   0.0000000e+00   2.5952184e-01   1.3903421e-01  -6.5154889e-02   9.6226653e-02   1.7736955e-01   3.6348206e-02   1.4366269e-01   6.2312112e-02   5.5152549e-02   0.0000000e+00   1.6207396e-01   4.0524973e-01   3.3317884e-01   0.0000000e+00   5.6037268e-01   3.0799959e-02   5.5944465e-01   6.0036816e-01   2.5034005e-01   3.1834566e-01   1.0291686e-01   1.4599426e-01   3.1665639e-01   1.5169502e-01   1.7223752e-01   4.0113396e-01   3.8327802e-01   5.0450920e-01   1.5434252e-01   2.3289428e-01   3.8189559e-01   6.7407908e-02   3.6514931e-01   2.5194738e-01  -3.0423334e-02   6.5505454e-02   2.0190121e-01   3.4212485e-02   2.8732476e-01  -2.6744897e-02   5.9310150e-02   4.3028970e-01   3.8225429e-01   2.8267573e-01   6.1394856e-01   5.5198443e-01   1.5393647e-01   0.0000000e+00  -4.0536329e-02  -8.9489798e-03   3.0825973e-01   2.2922551e-01   3.2900767e-01   3.6191754e-01   5.1382074e-01   3.3975228e-01  -1.1609939e-01   4.5222753e-03  -1.7576594e-01   3.5502586e-01   2.5858461e-01   1.1862605e-01   7.4360405e-02   2.2333176e-01   2.1623101e-01   3.5739919e-01   4.1902390e-01   2.0162191e-01   1.3134368e-01  -1.6506893e-01  -9.4335301e-02   0.0000000e+00   1.9789259e-01   1.4772439e-01  -1.2341456e-01   1.0504069e-01   1.9101978e-01   2.2120385e-01   1.4373194e-01   2.3786765e-01   2.1921679e-01  -1.1858691e-02   3.1568759e-01   2.1335322e-01   1.7076988e-01  -1.3611250e-01   3.5158709e-01   2.2582564e-02   2.8784511e-01   3.9966005e-02  -4.8634311e-02  -7.8956349e-02   3.8197408e-02   7.3796635e-02  -1.6089203e-01  -1.8038560e-01   2.1330169e-02  -5.2457191e-02  -1.0485661e-01   1.0158976e-02  -7.1463885e-02   4.3686464e-01   6.3758681e-01   1.9576850e-01   2.3440666e-01   4.1721799e-01   9.9426662e-02   2.1167423e-01   6.1498151e-02   3.5578598e-02   4.4833854e-02   0.0000000e+00   1.2254002e-01   1.5019056e-01   3.4243616e-01
   1.5109691e-01   0.0000000e+00   0.0000000e+00   9.4322231e-02   2.4787571e-02   6.8521623e-02  -9.6779404e-02   1.6056173e-03   3.7601771e-02   8.4413764e-02  -1.6293477e-01   2.0502053e-02   1.6207396e-01   0.0000000e+00   4.2095199e-02   9.8445494e-03   0.0000000e+00   5.5747724e-03   9.6265736e-02   1.0332804e-02   2.4227190e-01   1.7946813e-01   3.4330672e-01   1.5159495e-01   1.5530595e-01  -2.4266278e-02   1.1032320e-01   9.4113664e-02  -1.2211527e-01  -1.6445927e-01  -2.0794241e-02   1.6867998e-01   9.2138020e-03  -6.1410375e-03  -1.2962902e-01   8.3312040e-02   3.9863001e-02  -1.9082525e-02   1.2553266e-01   5.8350936e-03  -7.2535005e-02   5.3480000e-02  -9.8506601e-02   3.3243437e-03  -1.3529946e-01  -3.1173139e-02   6.1694430e-02   1.1434941e-01  -1.0499366e-02  -8.1455181e-02   0.0000000e+00  -3.9719595e-02  -2.3200757e-02   7.8896667e-02   1.3797820e-02   9.1069065e-03   4.2293753e-01   2.3996328e-02  -5.5959803e-02   5.5551618e-02   1.5401061e-01   1.4705591e-01   4.1524475e-01  -3.8157066e-02  -1.9746765e-02  -1.1683710e-01   2.3042017e-01   5.6021930e-02   3.2703901e-02   1.4887993e-01   7.7996764e-02   3.3930983e-01  -2.1634473e-03  -3.5020304e-02   0.0000000e+00   8.7567251e-02   2.4799448e-02  -4.2335109e-02   1.5906722e-01   1.2012114e-01   1.0263676e-01   1.5522731e-01   5.3754187e-01  -4.3782758e-02   9.9393198e-02  -9.3031570e-02  -8.3430790e-02   3.3916092e-01  -1.0416700e-01  -6.3380143e-02  -3.8111490e-02   1.6654487e-01   1.5503325e-01   1.4500242e-01   9.6043080e-03  -1.0659180e-01  -1.6718969e-02  -4.8971960e-02   3.9938606e-02   1.9154526e-02   6.2366233e-03   2.1655452e-02  -5.3772761e-02   9.4689751e-02   1.9698809e-01   2.3314164e-01   1.1133400e-01  -5.0017994e-03   2.0982262e-01   5.3636555e-03  -1.9112405e-02  -1.2505108e-01  -7.5656192e-02  -1.1964287e-01   0.0000000e+00   1.0194823e-01   2.1067302e-01   3.2213497e-01
  -3.3688443e-02   0.0000000e+00   0.0000000e+00   8.6634013e-02   6.1015932e-02   2.7544265e-02   3.0708931e-01  -3.7490187e-02  -7.9267780e-03   1.7496300e-01   5.3450168e-02  -8.5166059e-02   4.0524973e-01   4.2095199e-02   0.0000000e+00   5.7893035e-01   0.0000000e+00   2.4890950e-01   2.3603992e-01   1.8976168e-01   2.6317103e-01   2.1346225e-01   1.0077119e-01   2.6148355e-02   2.2812105e-01   5.2138115e-02   1.3184988e-01  -3.7119167e-02   3.8153207e-01   1.8384345e-01   1.0216746e-01   1.5139022e-01   3.8830053e-01   4.0680554e-01  -9.5950868e-02   4.1129218e-01   4.7807835e-01   2.5512817e-03   1.3317971e-01   1.5763185e-01   7.8172868e-02   2.5876979e-01  -2.7192254e-03   1.4421105e-01   3.4625706e-01   3.1924582e-01   2.1906484e-01   4.4125887e-01   4.9610279e-01   6.8804991e-02   0.0000000e+00   2.0520084e-01   8.0547479e-02   3.1557719e-01   4.5728603e-01   3.8967838e-01   1.5869054e-01   3.9395766e-01   5.0678544e-01  -6.5018793e-02   1.4530159e-02  -5.9337420e-02   1.1615415e-01   1.7305578e-01   7.2058962e-02   8.2221014e-02   2.1213892e-02   9.7380957e-02   3.0168424e-02   2.5897946e-01  -1.2969102e-01  -4.1216265e-02   5.3482974e-03  -1.3207660e-01   0.0000000e+00  -1.5015532e-01  -5.8144780e-02  -1.7534471e-03  -6.7217965e-02  -8.1960791e-02  -3.3724549e-02  -1.0841393e-01  -2.4165208e-02   2.2817019e-02   1.9920900e-03   1.2265007e-01  -3.5885107e-03  -9.4567827e-02  -1.2480417e-01  -3.7004666e-02  -2.0800831e-01   2.5234103e-01   3.8218037e-02   1.3083103e-01   9.1018828e-02   9.7537856e-02   1.0766172e-01   5.2037025e-02  -6.6771412e-02   1.4060101e-01  -1.0216734e-01  -8.9397225e-02   1.4678710e-01  -4.1336536e-02   3.2387267e-01   3.1742301e-01   2.3375558e-01   1.7317278e-01   3.3202548e-01  -1.3611743e-03   2.4515417e-01   1.8866686e-01   1.2053619e-01   2.2281529e-01   0.0000000e+00  -1.5279018e-01  -1.0796051e-01  -5.3282402e-02
  -4.3157733e-02   0.0000000e+00   0.0000000e+00   1.3758936e-01  -1.6705002e-02  -8.5162726e-02   2.2820711e-01  -4.7346219e-02   4.3226305e-02   8.1135352e-02   1.3248532e-01   6.8909137e-02   3.3317884e-01   9.8445494e-03   5.7893035e-01   0.0000000e+00   0.0000000e+00   2.0317262e-01   2.2243676e-01   7.3649748e-02   2.3131628e-01   1.7415708e-01   1.8488278e-01   3.8480144e-02   2.5249171e-01  -2.6092225e-02   3.3031160e-02  -1.6701227e-01   2.7631443e-01   7.3541803e-02   1.7724956e-02   1.1056278e-01   5.1265132e-01   3.2761057e-01  -1.0027225e-01   4.4376085e-01   6.4850467e-01  -4.8658259e-02   1.8975491e-01   9.4072483e-02   5.4224718e-02   2.0101718e-01   2.4668088e-02   1.7089372e-01   2.6700478e-01   2.3316288e-01   1.4626352e-01   4.3402572e-01   4.7989419e-01  -1.5593827e-02   0.0000000e+00   2.5947172e-01   2.1154024e-02   4.2162950e-01   5.1492580e-01   2.3982878e-01   2.4122494e-01   4.0841383e-01   4.9217375e-01  -1.3148468e-02   2.6698640e-02  -3.4794032e-02   5.6591244e-02   1.8349788e-01   1.4604666e-01   1.9112118e-01  -6.8784499e-04   1.7070901e-01   4.1299969e-02   2.7012461e-01  -1.3142044e-01  -7.4950315e-02  -1.0322421e-01  -1.9690951e-01   0.0000000e+00  -1.4572568e-01  -3.9107920e-02   4.5259699e-02  -2.7882333e-02  -8.1466798e-02  -5.8150466e-02  -1.6639273e-01  -4.7182465e-02  -1.1683148e-02  -2.4711264e-02   2.1996841e-02  -6.3856796e-02  -1.1044355e-01  -9.5947574e-02  -4.9903982e-02  -1.9651629e-01   2.6621713e-01   1.0264840e-02   1.5594763e-01   7.6262580e-03   9.1394888e-02   1.5183679e-01   1.3698572e-01  -1.8667677e-02   1.6057861e-01  -7.7637094e-02  -1.7209533e-02   1.9649231e-01  -1.0884741e-02   4.9607456e-01   3.3388098e-01   2.5020983e-01   2.8398967e-01   6.1357435e-01   7.8073807e-03   3.2079869e-01   1.1536606e-01   2.5331257e-02   7.1796023e-02   0.0000000e+00  -1.2134425e-01  -1.1239001e-01  -1.0530686e-01
   0.0000000e+00   0.0000000e+00   0.0000000e+00   0.0000000e+00   0.0000000e+00   0.0000000e+00   0.0000000e+00   0.0000000e+00   0.0000000e+00   0.0000000e+00   0.0000000e+00   0.0000000e+00   0.0000000e+00   0.0000000e+00   0.0000000e+00   0.0000000e+00   0.0000000e+00   0.0000000e+00   0.0000000e+00   0.0000000e+00   0.0000000e+00   0.0000000e+00   0.0000000e+00   0.0000000e+00   0.0000000e+00   0.0000000e+00   0.0000000e+00   0.0000000e+00   0.0000000e+00   0.0000000e+00   0.0000000e+00   0.0000000e+00   0.0000000e+00   0.0000000e+00   0.0000000e+00   0.0000000e+00   0.0000000e+00   0.0000000e+00   0.0000000e+00   0.0000000e+00   0.0000000e+00   0.0000000e+00   0.0000000e+00   0.0000000e+00   0.0000000e+00   0.0000000e+00   0.0000000e+00   0.0000000e+00   0.0000000e+00   0.0000000e+00   0.0000000e+00   0.0000000e+00   0.0000000e+00   0.0000000e+00   0.0000000e+00   0.0000000e+00   0.0000000e+00   0.0000000e+00   0.0000000e+00   0.0000000e+00   0.0000000e+00   0.0000000e+00   0.0000000e+00   0.0000000e+00   0.0000000e+00   0.0000000e+00   0.0000000e+00   0.0000000e+00   0.0000000e+00   0.0000000e+00   0.0000000e+00   0.0000000e+00   0.0000000e+00   0.0000000e+00   0.0000000e+00   0.0000000e+00   0.0000000e+00   0.0000000e+00   0.0000000e+00   0.0000000e+00   0.0000000e+00   0.0000000e+00   0.0000000e+00   0.0000000e+00   0.0000000e+00   0.0000000e+00   0.0000000e+00   0.0000000e+00   0.0000000e+00   0.0000000e+00   0.0000000e+00   0.0000000e+00   0.0000000e+00   0.0000000e+00   0.0000000e+00   0.0000000e+00   0.0000000e+00   0.0000000e+00   0.0000000e+00   0.0000000e+00   0.0000000e+00   0.0000000e+00   0.0000000e+00   0.0000000e+00   0.0000000e+00   0.0000000e+00   0.0000000e+00   0.0000000e+00   0.0000000e+00   0.0000000e+00   0.0000000e+00   0.0000000e+00   0.0000000e+00   0.0000000e+00   0.0000000e+00   0.0000000e+00   0.0000000e+00   0.0000000e+00
  -4.6604536e-02   0.0000000e+00   0.0000000e+00   2.3244537e-01   3.3871743e-01  -9.3259625e-02   1.8164725e-01   1.7749594e-01  -1.5083330e-01   3.5809792e-01   2.4365475e-01   3.1367314e-01   5.6037268e-01   5.5747724e-03   2.4890950e-01   2.0317262e-01   0.0000000e+00   0.0000000e+00   1.1870239e-01   7.9804238e-01   3.6496161e-01   2.3378588e-01   1.7065588e-01   8.9964699e-02   2.8546092e-01   4.0542872e-01   3.8580511e-01   2.1981935e-01   3.4598093e-01   5.5884807e-01   4.7054500e-01   1.9265468e-01   3.2665697e-01   4.4906724e-01   2.8363765e-01   2.7579519e-01   2.0172853e-01   1.5746205e-01   2.4112989e-01   3.3678457e-01   1.9804163e-01   2.8907718e-01   3.0507044e-01   2.5615787e-01   4.7974636e-01   2.5416150e-01   5.2665875e-01   3.2909810e-01   4.4388086e-01   2.5462819e-01   0.0000000e+00  -6.3611564e-03   1.2192791e-01   3.1100790e-01   2.0851287e-01   2.3200868e-01   3.3231101e-01   2.4420424e-01   3.0804951e-01   1.2140837e-01   8.3551282e-02  -1.2198565e-01   1.1261725e-01   2.9323067e-01   1.1104019e-01   1.3029096e-01   1.4408882e-01   2.2063638e-01   8.1360775e-02   4.1927711e-01   1.4541990e-02   2.6371035e-02  -6.0195553e-02  -3.2792804e-03   0.0000000e+00   5.6401056e-02  -1.9283360e-02   6.0982767e-02   3.4351362e-02   7.0068717e-02   1.7338558e-01   1.5387879e-01   7.5164692e-02   3.0544582e-01   1.8301678e-01   3.2220671e-01   3.6245145e-01  -8.3302983e-02   1.2198978e-02   2.4450319e-01   9.0283886e-02   2.5447586e-01  -1.9060092e-01  -1.9428473e-01   7.6779042e-02   7.3680630e-02   1.7600222e-01  -1.4167715e-01  -7.4775432e-02   1.8846491e-02   1.4288916e-01   4.1887121e-02   1.3652197e-01   2.1305213e-02   2.5637494e-01   2.5113258e-01   7.0097683e-02   6.9088439e-02   6.7088260e-02   8.6075490e-02   7.4443405e-02   4.8953932e-02  -1.7981151e-02  -7.0572286e-02   0.0000000e+00  -1.0631926e-04  -3.5768918e-02   1.9275862e-01
  -7.6767284e-02   0.0000000e+00   0.0000000e+00   1.1299783e-01   1.5443870e-01   3.8048169e-02   4.5318783e-01  -7.5875451e-02  -6.6991464e-02   2.5123689e-01   1.2200655e-01  -1.2801715e-01   3.0799959e-02   9.6265736e-02   2.3603992e-01   2.2243676e-01   0.0000000e+00   1.1870239e-01   0.0000000e+00   8.2005941e-02   1.5772145e-01   2.8716913e-01   2.9060064e-02   8.2011059e-02   3.0036810e-01   1.5418534e-01   2.8333059e-01   1.4626783e-01   2.0071254e-01  -2.1905555e-02  -7.7305249e-02   2.7296510e-01   3.4712784e-01   3.4274372e-01   4.9169848e-02   3.4066460e-01   1.9013341e-01   2.2650543e-01   1.7848984e-01   2.4283605e-01   2.8531112e-01   2.2967085e-01   3.1988692e-01   3.9250863e-01   7.4036304e-02   1.0614145e-01   1.0995388e-01   1.8300493e-01   1.5926758e-01   4.1224815e-02   0.0000000e+00   2.8767971e-01   1.8128530e-01   2.5965935e-01   3.2666592e-01   2.4427876e-01   2.4683040e-01   9.1046211e-02   4.9471427e-01   2.5116948e-01   2.3948126e-01   2.5573638e-01   7.9529399e-02   2.8622931e-02  -6.3976554e-02   8.6512763e-02  -5.7569461e-02   5.2130172e-02  -2.0104789e-01   8.7792319e-02  -2.3632855e-01  -7.9678348e-02   2.0940623e-01   1.0190255e-01   0.0000000e+00  -1.4249141e-01  -1.5840843e-01   9.4037474e-02   1.0495068e-01  -9.1767435e-02   8.7415257e-02  -1.8837040e-02   1.3300683e-02   8.6420997e-02   2.7505090e-01  -6.6204439e-02  -8.8370047e-02  -2.6042676e-02   4.3480841e-02  -2.1251804e-01  -6.7104832e-02   2.2162675e-01   1.5232695e-02   2.0917202e-01   3.6981113e-01   1.2135670e-01   3.9761624e-02   2.2377178e-01   1.0822106e-01   1.3901551e-01  -1.3611199e-02   9.9503327e-02   6.9463247e-02   2.5767165e-01   3.4925309e-01   1.7096094e-02   1.3657659e-01   1.1145163e-01   1.7750721e-01   7.6887019e-03   1.0139461e-01   2.7787572e-01   2.2330514e-01   3.5460894e-01   0.0000000e+00  -7.8861809e-02  -7.2528285e-02  -9.5076002e-02
   2.6099495e-02   0.0000000e+00   0.0000000e+00   1.8932531e-01   4.0409790e-01   7.9114498e-02   2.0296153e-01   6.6345246e-02  -2.9762247e-01   3.8312462e-01   1.5278097e-01   2.4800024e-01   5.5944465e-01   1.0332804e-02   1.8976168e-01   7.3649748e-02   0.0000000e+00   7.9804238e-01   8.2005941e-02   0.0000000e+00   5.1544348e-01   4.1434311e-01   2.3893529e-01   2.3626899e-01   3.0915724e-01   6.9395334e-01   5.3282952e-01   4.1930801e-01   4.1541016e-01   5.1509242e-01   6.3296453e-01   1.8648943e-01   2.5909458e-01   3.9670890e-01   2.5622961e-01   2.3469496e-01   5.9693852e-02   9.8389210e-02   6.7588688e-02   2.8387242e-01   1.8868700e-01   1.9055065e-01   2.2672785e-01   1.6176059e-01   4.9477828e-01   1.9871533e-01   5.2039499e-01   3.2075599e-01   4.3972085e-01   3.2881727e-01   0.0000000e+00  -9.1812597e-02   3.3510834e-02   2.8253450e-01   2.3825586e-01   2.8042966e-01   4.2887730e-01   2.7579023e-01   2.2125630e-01   1.9470764e-01   2.3352187e-01  -6.9110516e-02   2.1756443e-01   2.0744449e-01  -2.1175369e-02   6.7076131e-02   1.8104114e-01   2.9004828e-01   6.8318614e-02   3.6373522e-01  -4.2051443e-02   1.9027761e-02  -6.9645932e-02   4.3945022e-02   0.0000000e+00   1.8054406e-01  -8.4568614e-02  -1.2236185e-01   5.3610299e-02   1.0565864e-01   3.9034534e-01   2.5900932e-01   2.1348765e-01   5.4785333e-01   3.0352231e-01   3.9525114e-01   4.8816649e-01   4.3897436e-02  -8.8136171e-02   2.3947447e-01   1.8299709e-01   2.7779136e-01  -2.0933557e-01  -2.9485709e-01   2.9751888e-02  -6.6121494e-02  -9.6792416e-02  -2.8464342e-01  -2.1481974e-01  -1.4045434e-01   3.2034516e-02  -8.5180021e-02  -3.3403579e-02   2.0752685e-02   2.6087532e-01   1.5305378e-01  -6.0834840e-02   2.5198790e-02  -7.0497670e-02   6.3200237e-02  -1.1383331e-01   8.5017726e-02   9.2711210e-02   4.2550302e-03   0.0000000e+00  -6.8804558e-02  -3.7541538e-02   3.9849353e-01
  -1.1111552e-01   0.0000000e+00   0.0000000e+00   2.8812820e-01   1.1121298e-01   1.8107917e-02   8.7051059e-02   6.6524937e-02  -1.8443692e-01   3.1791116e-01   2.0560124e-01   6.9623264e-02   6.0036816e-01   2.4227190e-01   2.6317103e-01   2.3131628e-01   0.0000000e+00   3.6496161e-01   1.5772145e-01   5.1544348e-01   0.0000000e+00   5.0339093e-01   4.4440064e-01   3.5817689e-01   4.6127294e-01   4.7859248e-01   2.3287492e-01   1.1613643e-01   3.1244265e-01   2.9450097e-01   3.9093835e-01   2.3475061e-01   2.2164582e-01   3.5529613e-01   1.8870637e-01   3.5124708e-01   1.5691020e-01   1.5539995e-01   5.5861467e-02   4.0820618e-01   1.5657485e-01   3.5475051e-01   2.5672433e-02   2.4136680e-01   5.1915163e-01   1.6866932e-01   3.3148032e-01   5.1253579e-01   2.9656695e-01   6.1705369e-02   0.0000000e+00  -7.8247208e-02   3.7635416e-02   4.2857209e-01   2.6601803e-01   1.8591706e-01   5.3146141e-01   2.8808214e-01   2.2004884e-01   1.7114193e-01   1.1370794e-01  -8.3533735e-02   2.1214312e-01   8.9356182e-02  -2.3590386e-02  -4.2848021e-02   1.6921275e-03   8.2574018e-02  -4.6273361e-02   9.0447161e-02   2.3936468e-02  -8.1997242e-03  -1.9216195e-01  -1.4121907e-01   0.0000000e+00  -3.9254423e-02  -1.7675706e-01  -2.3146863e-01  -3.2413738e-02   4.6319372e-02   1.2316604e-01   3.2969045e-02   1.2016436e-01   2.1051546e-01   4.8377203e-02   8.7716924e-02   2.8132423e-02  -2.9626756e-02  -2.8089023e-01   6.0505617e-02  -1.1682532e-01   1.8677351e-01  -1.6106967e-01  -1.4704814e-01  -4.8843439e-02   2.1172651e-02  -5.6712891e-02  -1.9076966e-01  -2.2767212e-01  -7.5442076e-02  -5.5509882e-02  -1.4953302e-01  -1.7843142e-01   5.1623133e-02   3.2829738e-01   2.3451925e-01  -3.2890931e-02   6.2586725e-02   1.1022074e-01  -7.5985979e-02  -1.2158792e-01   1.3600836e-01   1.2952415e-01   5.6990359e-02   0.0000000e+00  -8.5240892e-02  -1.1905379e-01   1.4350059e-01
