   0.0000000e+00   0.0000000e+00   0.0000000e+00   2.2838586e-02   5.9178173e-02   0.0000000e+00   4.3542260e-01   1.9411558e-02   7.8417283e-02  -1.2340197e-01   2.7274544e-02  -5.2773977e-02  -1.3754426e-02  -3.5256829e-02  -1.6531700e-01  -1.0667998e-02   0.0000000e+00  -1.4854881e-01  -6.5462177e-03  -1.6029986e-01  -7.9895564e-02  -1.0012132e-01   9.9755293e-03  -1.3059757e-01  -1.8687258e-01  -1.0590419e-02  -1.3271773e-01  -1.0138851e-01  -1.7203772e-01  -7.5588736e-02  -9.6264294e-02  -8.6931169e-02   4.9445299e-02  -6.4820499e-02   1.1955070e-02  -1.1813305e-01  -2.6173677e-02  -3.5070499e-02   7.9845652e-02   4.7044341e-04  -3.6522127e-02  -1.0792743e-01  -2.6342452e-02  -7.4741515e-02  -1.6685773e-01  -1.3732577e-01  -1.3548561e-01  -8.9049763e-02  -1.3234495e-01  -4.1137566e-02   0.0000000e+00  -7.0185445e-02  -1.1351811e-01   9.7560599e-03  -1.6259844e-01  -1.8902988e-01  -2.0834774e-02  -1.3245568e-01  -7.4786564e-02  -3.5619076e-02   2.7708269e-02  -3.3865714e-02   1.5262983e-01  -7.4094560e-02  -9.2234340e-02   4.4560832e-02  -9.5083558e-03   1.2817326e-01   2.9036252e-01   1.6934288e-01   2.2635782e-02   1.5107682e-01   1.4404647e-01  -2.9159625e-02   0.0000000e+00   2.1567319e-01   3.0739926e-01   3.9354623e-01   2.1972353e-01   2.1302596e-01   2.6559251e-02  -6.8506742e-02  -1.5510465e-01   4.8920782e-02  -3.2194732e-02   4.0176835e-02  -4.9916883e-02   2.3131086e-01   2.0780741e-02   3.3364321e-02   1.2763582e-01   2.1343155e-01   2.8614315e-02   6.5881622e-02  -6.9353884e-02  -5.0870764e-02   8.7430556e-02  -1.2676563e-01   4.3782438e-02  -6.3927560e-05   1.8791100e-01  -6.2094726e-02   8.7297512e-02   2.6306532e-02  -2.9437018e-02   1.1922887e-01   7.7030135e-02  -5.4497653e-03   2.1819483e-01  -2.4429434e-03   2.1885174e-02   0.0000000e+00   0.0000000e+00   6.9176464e-02   0.0000000e+00   5.6465691e-03   1.3075929e-01   9.1686158e-03
   0.0000000e+00   0.0000000e+00   0.0000000e+00   0.0000000e+00   0.0000000e+00   0.0000000e+00   0.0000000e+00   0.0000000e+00   0.0000000e+00   0.0000000e+00   0.0000000e+00   0.0000000e+00   0.0000000e+00   0.0000000e+00   0.0000000e+00   0.0000000e+00   0.0000000e+00   0.0000000e+00   0.0000000e+00   0.0000000e+00   0.0000000e+00   0.0000000e+00   0.0000000e+00   0.0000000e+00   0.0000000e+00   0.0000000e+00   0.0000000e+00   0.0000000e+00   0.0000000e+00   0.0000000e+00   0.0000000e+00   0.0000000e+00   0.0000000e+00   0.0000000e+00   0.0000000e+00   0.0000000e+00   0.0000000e+00   0.0000000e+00   0.0000000e+00   0.0000000e+00   0.0000000e+00   0.0000000e+00   0.0000000e+00   0.0000000e+00   0.0000000e+00   0.0000000e+00   0.0000000e+00   0.0000000e+00   0.0000000e+00   0.0000000e+00   0.0000000e+00   0.0000000e+00   0.0000000e+00   0.0000000e+00   0.0000000e+00   0.0000000e+00   0.0000000e+00   0.0000000e+00   0.0000000e+00   0.0000000e+00   0.0000000e+00   0.0000000e+00   0.0000000e+00   0.0000000e+00   0.0000000e+00   0.0000000e+00   0.0000000e+00   0.0000000e+00   0.0000000e+00   0.0000000e+00   0.0000000e+00   0.0000000e+00   0.0000000e+00   0.0000000e+00   0.0000000e+00   0.0000000e+00   0.0000000e+00   0.0000000e+00   0.0000000e+00   0.0000000e+00   0.0000000e+00   0.0000000e+00   0.0000000e+00   0.0000000e+00   0.0000000e+00   0.0000000e+00   0.0000000e+00   0.0000000e+00   0.0000000e+00   0.0000000e+00   0.0000000e+00   0.0000000e+00   0.0000000e+00   0.0000000e+00   0.0000000e+00   0.0000000e+00   0.0000000e+00   0.0000000e+00   0.0000000e+00   0.0000000e+00   0.0000000e+00   0.0000000e+00   0.0000000e+00   0.0000000e+00   0.0000000e+00   0.0000000e+00   0.0000000e+00   0.0000000e+00   0.0000000e+00   0.0000000e+00   0.0000000e+00   0.0000000e+00   0.0000000e+00   0.0000000e+00   0.0000000e+00   0.0000000e+00   0.0000000e+00   0.0000000e+00
   0.0000000e+00   0.0000000e+00   0.0000000e+00   0.0000000e+00   0.0000000e+00   0.0000000e+00   0.0000000e+00   0.0000000e+00   0.0000000e+00   0.0000000e+00   0.0000000e+00   0.0000000e+00   0.0000000e+00   0.0000000e+00   0.0000000e+00   0.0000000e+00   0.0000000e+00   0.0000000e+00   0.0000000e+00   0.0000000e+00   0.0000000e+00   0.0000000e+00   0.0000000e+00   0.0000000e+00   0.0000000e+00   0.0000000e+00   0.0000000e+00   0.0000000e+00   0.0000000e+00   0.0000000e+00   0.0000000e+00   0.0000000e+00   0.0000000e+00   0.0000000e+00   0.0000000e+00   0.0000000e+00   0.0000000e+00   0.0000000e+00   0.0000000e+00   0.0000000e+00   0.0000000e+00   0.0000000e+00   0.0000000e+00   0.0000000e+00   0.0000000e+00   0.0000000e+00   0.0000000e+00   0.0000000e+00   0.0000000e+00   0.0000000e+00   0.0000000e+00   0.0000000e+00   0.0000000e+00   0.0000000e+00   0.0000000e+00   0.0000000e+00   0.0000000e+00   0.0000000e+00   0.0000000e+00   0.0000000e+00   0.0000000e+00   0.0000000e+00   0.0000000e+00   0.0000000e+00   0.0000000e+00   0.0000000e+00   0.0000000e+00   0.0000000e+00   0.0000000e+00   0.0000000e+00   0.0000000e+00   0.0000000e+00   0.0000000e+00   0.0000000e+00   0.0000000e+00   0.0000000e+00   0.0000000e+00   0.0000000e+00   0.0000000e+00   0.0000000e+00   0.0000000e+00   0.0000000e+00   0.0000000e+00   0.0000000e+00   0.0000000e+00   0.0000000e+00   0.0000000e+00   0.0000000e+00   0.0000000e+00   0.0000000e+00   0.0000000e+00   0.0000000e+00   0.0000000e+00   0.0000000e+00   0.0000000e+00   0.0000000e+00   0.0000000e+00   0.0000000e+00   0.0000000e+00   0.0000000e+00   0.0000000e+00   0.0000000e+00   0.0000000e+00   0.0000000e+00   0.0000000e+00   0.0000000e+00   0.0000000e+00   0.0000000e+00   0.0000000e+00   0.0000000e+00   0.0000000e+00   0.0000000e+00   0.0000000e+00   0.0000000e+00   0.0000000e+00   0.0000000e+00   0.0000000e+00   0.0000000e+00
   2.2838586e-02   0.0000000e+00   0.0000000e+00   0.0000000e+00   1.1691800e-01   0.0000000e+00   1.8340060e-01  -3.1427640e-02   1.0615914e-02   1.1687606e-01   3.7552037e-01   2.3577098e-02   3.7347758e-02   1.5777292e-01   2.7152398e-01   2.8735929e-01   0.0000000e+00   1.5419095e-01   4.1853467e-01   7.3941071e-02   2.8305291e-01   1.9719717e-01   2.2553417e-01   1.7717083e-01   1.7007788e-01   1.5585940e-01   2.1476306e-02   1.5639389e-01   7.9267256e-02   1.6416813e-02   4.3583237e-02   1.5266144e-01   4.8987487e-02   9.3502895e-02   1.3909453e-01   1.8868025e-01   1.5497483e-01   2.5234558e-01   7.5811651e-02   2.9387451e-01   1.7935584e-01   1.3189858e-01  -6.8190974e-03   1.6471520e-01   6.5118959e-03   1.1049435e-01   3.0206822e-01   2.5680038e-01   6.0841070e-02   1.0250114e-01   0.0000000e+00  -7.8825284e-02   5.7142176e-02   2.4329753e-01   1.8966570e-01   2.2959275e-01   4.3640736e-02   1.4931422e-01   4.4657416e-01   9.8009551e-02  -1.3274541e-01  -5.8446746e-02   1.6546733e-03   1.1901898e-01  -4.4543822e-02   4.6926330e-02  -1.9896600e-02   7.9717480e-02  -4.1349878e-02  -1.5042491e-01  -7.7898810e-02   6.6263922e-02   6.4147320e-02   1.0635550e-01   0.0000000e+00   8.9168807e-02  -3.8532353e-02  -8.7792326e-02  -5.4202654e-02  -1.2290843e-01  -5.9437454e-02   4.8608502e-02   7.8379906e-02  -9.8134533e-02  -1.9538887e-02  -6.3101790e-02   7.3423019e-02  -6.1555589e-02  -6.3711857e-03   4.6735966e-02  -5.3146806e-02  -1.0040927e-01  -3.9178267e-02  -2.5293819e-02   1.3712577e-01   6.4123445e-02  -1.0384852e-01   1.1198957e-01   9.4304161e-02   1.2007695e-01  -9.0563658e-02  -1.0014819e-01  -4.5429267e-02  -8.4293543e-02   6.1982781e-02  -2.0737024e-02   3.9761502e-03   1.0206689e-01  -6.2437697e-02  -3.4897754e-03   1.2211242e-01   0.0000000e+00   0.0000000e+00  -2.3435241e-02   0.0000000e+00  -1.0051465e-02  -1.0569525e-01   3.9408406e-02
   5.9178173e-02   0.0000000e+00   0.0000000e+00   1.1691800e-01   0.0000000e+00   0.0000000e+00   5.7186817e-02  -1.5213255e-01  -5.1920827e-02   2.7102155e-01   3.4247511e-01   2.9320270e-01  -2.3923615e-01   2.7263450e-01   2.0170881e-01   2.7457746e-01   0.0000000e+00   4.6557799e-01   1.1290951e-01   4.1372822e-01   8.6752905e-02   1.9079518e-01   5.1370623e-03   1.5386846e-01   2.9740904e-01   1.4291939e-01   5.1318775e-01   2.5972822e-01   3.6100782e-01   3.1194936e-01   3.5046079e-01   3.3780855e-01   2.9059935e-01   1.9994012e-01   2.1206451e-01   2.1805026e-01   1.9498585e-01   1.2036581e-01   1.7289456e-01   1.8368792e-01   1.7478494e-01   2.2461152e-02   3.7603816e-01   3.0470293e-01   2.4190683e-01   1.7338766e-01   4.7240624e-01   1.9835481e-01   2.3281804e-01   5.2796257e-01   0.0000000e+00   3.4862739e-01   4.8844729e-02   1.3804267e-01   3.2181883e-01   3.4148167e-01   3.9738324e-01   3.8315196e-01   1.6630173e-01   1.5689591e-01  -1.1411503e-01  -3.7140900e-02  -1.5043303e-01   2.0025417e-01  -4.6450568e-02   4.7990388e-01   1.9246800e-01   7.9769290e-02  -2.3859197e-02  -6.4324766e-02   5.1005152e-02   2.5279847e-02   1.5818883e-01   2.3635967e-01   0.0000000e+00   1.5145278e-03  -2.2287807e-01  -1.3544608e-01  -7.0847943e-02  -2.5751225e-01   1.5770507e-01   2.3076426e-01   2.9252514e-01   1.4132256e-01   1.8166499e-01   1.6139465e-01   2.6524953e-01  -1.0663832e-01   4.0511073e-01   1.2332073e-01   4.0897246e-02  -1.4420222e-01   2.3089981e-02   1.2283833e-01   1.7958690e-02   6.9769811e-03  -8.2409332e-02   5.6185951e-02  -1.1252304e-02  -1.7298229e-01  -5.3794071e-02  -1.2067260e-01   2.6986206e-03   6.4078912e-02  -5.3043389e-02   1.4321224e-01   1.2706045e-01   3.4216820e-01  -4.8426820e-03   2.7556159e-01   2.2353171e-01   0.0000000e+00   0.0000000e+00   3.2668733e-01   0.0000000e+00  -1.3958428e-01  -2.7868040e-01   1.1217730e-01
   0.0000000e+00   0.0000000e+00   0.0000000e+00   0.0000000e+00   0.0000000e+00   0.0000000e+00   0.0000000e+00   0.0000000e+00   0.0000000e+00   0.0000000e+00   0.0000000e+00   0.0000000e+00   0.0000000e+00   0.0000000e+00   0.0000000e+00   0.0000000e+00   0.0000000e+00   0.0000000e+00   0.0000000e+00   0.0000000e+00   0.0000000e+00   0.0000000e+00   0.0000000e+00   0.0000000e+00   0.0000000e+00   0.0000000e+00   0.0000000e+00   0.0000000e+00   0.0000000e+00   0.0000000e+00   0.0000000e+00   0.0000000e+00   0.0000000e+00   0.0000000e+00   0.0000000e+00   0.0000000e+00   0.0000000e+00   0.0000000e+00   0.0000000e+00   0.0000000e+00   0.0000000e+00   0.0000000e+00   0.0000000e+00   0.0000000e+00   0.0000000e+00   0.0000000e+00   0.0000000e+00   0.0000000e+00   0.0000000e+00   0.0000000e+00   0.0000000e+00   0.0000000e+00   0.0000000e+00   0.0000000e+00   0.0000000e+00   0.0000000e+00   0.0000000e+00   0.0000000e+00   0.0000000e+00   0.0000000e+00   0.0000000e+00   0.0000000e+00   0.0000000e+00   0.0000000e+00   0.0000000e+00   0.0000000e+00   0.0000000e+00   0.0000000e+00   0.0000000e+00   0.0000000e+00   0.0000000e+00   0.0000000e+00   0.0000000e+00   0.0000000e+00   0.0000000e+00   0.0000000e+00   0.0000000e+00   0.0000000e+00   0.0000000e+00   0.0000000e+00   0.0000000e+00   0.0000000e+00   0.0000000e+00   0.0000000e+00   0.0000000e+00   0.0000000e+00   0.0000000e+00   0.0000000e+00   0.0000000e+00   0.0000000e+00   0.0000000e+00   0.0000000e+00   0.0000000e+00   0.0000000e+00   0.0000000e+00   0.0000000e+00   0.0000000e+00   0.0000000e+00   0.0000000e+00   0.0000000e+00   0.0000000e+00   0.0000000e+00   0.0000000e+00   0.0000000e+00   0.0000000e+00   0.0000000e+00   0.0000000e+00   0.0000000e+00   0.0000000e+00   0.0000000e+00   0.0000000e+00   0.0000000e+00   0.0000000e+00   0.0000000e+00   0.0000000e+00   0.0000000e+00   0.0000000e+00   0.0000000e+00
   4.3542260e-01   0.0000000e+00   0.0000000e+00   1.8340060e-01   5.7186817e-02   0.0000000e+00   0.0000000e+00  -5.4682023e-02  -9.1406688e-02  -9.7976091e-02   5.0105748e-01  -1.2371435e-02  -4.8566874e-02   1.8371159e-01   2.3250825e-01   2.9222544e-01   0.0000000e+00   1.5245407e-01   2.4489066e-01   3.7898130e-02   2.1315305e-01   1.3499227e-01   1.3166260e-01   1.8859653e-01   9.8769772e-03   1.9630289e-01   7.6637442e-02   9.3155639e-02   1.3634714e-01   2.2682033e-02   1.8761758e-01   9.0565460e-03  -4.8254717e-02   4.6519823e-02  -9.2205745e-02   1.6732833e-01   6.0023216e-02   1.5529611e-01   1.4093813e-01   2.6383112e-01   5.6974341e-02  -3.8651055e-02   1.6387515e-01   3.9042293e-02  -7.4411506e-02   2.5066600e-02   2.0747094e-01   5.7640053e-02  -1.2705912e-01   1.8156614e-01   0.0000000e+00   6.1434881e-02   2.6873586e-02   3.2063038e-01   1.2681655e-01   1.0714267e-01  -1.0176390e-01   9.5422187e-02   1.7778937e-01   2.1813602e-01   3.6296977e-02  -5.1873546e-02  -9.1449138e-02   1.6399391e-01  -1.1960027e-01   2.3320844e-01   9.3812872e-02   4.1099212e-01   4.9780313e-01  -3.5383469e-03   9.9305006e-02   2.7233846e-01   1.0406348e-01   7.4603406e-02   0.0000000e+00   4.9083554e-01   3.9218331e-01   1.8038656e-01   5.0475847e-02   1.8533921e-01  -2.3669521e-02   1.7843133e-01   2.3468185e-01   9.5446346e-02   2.4521823e-01   2.4474854e-01   3.3855998e-01   2.7945185e-01   2.6742660e-01   2.9983551e-01   2.5890251e-01   3.9202439e-03   3.8793368e-02   3.6617411e-01   7.9229440e-02   1.5729195e-02  -1.3035374e-01  -1.9075325e-02   2.1185051e-02  -3.7011625e-02  -8.0646386e-02  -1.7586768e-01  -1.3988975e-01   8.9199147e-02  -4.5068997e-02   3.0384747e-02  -8.4352520e-02   3.2324826e-02   3.3380380e-02   2.0857898e-01   2.6572793e-01   0.0000000e+00   0.0000000e+00   1.3415657e-01   0.0000000e+00   1.4460090e-02   8.7319222e-02   3.7525832e-01
   1.9411558e-02   0.0000000e+00   0.0000000e+00  -3.1427640e-02  -1.5213255e-01   0.0000000e+00  -5.4682023e-02   0.0000000e+00   7.3617291e-02  -9.6682598e-02  -1.0076954e-01  -3.8627024e-02   2.2799182e-01  -2.9806660e-02   4.5650711e-03  -1.5460403e-01   0.0000000e+00  -2.5267221e-02  -1.9561707e-02   2.9700960e-03  -3.2571211e-02  -3.4773030e-02  -1.1927127e-02  -1.6583871e-02  -6.2693202e-02   7.0231162e-02  -4.0137994e-02   1.4527994e-02   1.6568257e-02  -4.1093270e-02   1.7383463e-02  -1.1838733e-01  -7.6553937e-02  -6.7121441e-02  -3.2724644e-02  -4.1905958e-02   7.0674105e-03  -4.7819596e-02  -5.5566963e-02   4.6936560e-02  -2.9678204e-02  -9.7392377e-02   2.4896126e-02  -1.3920625e-01  -3.8354225e-02  -1.3049221e-01  -4.6846643e-02   1.0058336e-01  -3.8560119e-02  -7.1413536e-02   0.0000000e+00  -2.5465311e-01  -1.0052718e-01  -8.3493630e-02  -2.4680042e-01  -1.4479987e-01  -1.1414804e-01  -1.3599610e-01  -1.0630610e-02  -1.3631136e-02   1.9369369e-02  -1.4402092e-02  -8.0337371e-02  -1.6298459e-01  -4.4319667e-03  -1.1661798e-01   2.3199510e-02  -4.4193419e-02   7.2160612e-03   1.4970885e-01  -1.5541559e-01   6.5298898e-02   8.0798812e-02  -1.4738291e-02   0.0000000e+00  -5.7346602e-05   1.6684737e-01   3.1339328e-02   9.3478648e-03   2.9418819e-01  -1.6257601e-01  -1.9205124e-01   1.6980207e-03   1.0808286e-01   1.2449226e-02  -4.9353709e-02   2.0721935e-03   1.6759351e-01  -1.3687676e-01   3.8168401e-03   7.6547919e-02   1.0783458e-01  -5.0012258e-02  -1.1576202e-01   8.7146315e-02  -3.7948110e-02   3.2931141e-02  -1.4989224e-01   1.8633050e-01   1.4448395e-01  -1.2485368e-01   7.5558252e-02   4.9405641e-02  -2.7842181e-02   2.7063318e-02   1.0298196e-01  -4.6392062e-02  -2.3570203e-01   1.5061282e-02  -1.8705953e-01   1.2253227e-02   0.0000000e+00   0.0000000e+00  -2.4744651e-01   0.0000000e+00   5.2913794e-01   4.7476925e-01   3.5674694e-02
   7.8417283e-02   0.0000000e+00   0.0000000e+00   1.0615914e-02  -5.1920827e-02   0.0000000e+00  -9.1406688e-02   7.3617291e-02   0.0000000e+00  -1.5730747e-01  -2.4259856e-01  -5.5892569e-02   8.7509567e-02  -1.2911902e-01  -1.1802473e-01  -2.2361507e-01   0.0000000e+00  -1.7217851e-01   1.5875814e-02  -2.2617817e-01  -1.7106985e-01  -3.1296474e-01  -1.4089416e-01  -1.8691318e-01  -2.2374592e-01  -7.3354505e-02  -1.2381013e-01  -2.2108627e-01  -1.8842434e-01  -9.5853607e-02  -2.3891305e-01  -1.6264743e-01   2.1521477e-01   2.1114482e-01   7.5799244e-02  -9.6884199e-02   3.0753408e-02   2.2949407e-02   1.0693668e-01  -1.1857658e-01   8.6067832e-02   1.7262033e-01   4.7244593e-02   7.5498317e-02  -9.8909520e-02   4.4881655e-02  -1.3937314e-01   6.0588306e-02   2.8544101e-01  -9.1554840e-02   0.0000000e+00   1.9012302e-02   1.9082681e-01  -1.4662123e-01  -2.0375988e-01  -1.4153063e-01   3.6580263e-02  -1.4978645e-01  -1.6673717e-02  -1.5456101e-01  -4.3612310e-02  -1.4437665e-01   1.1771441e-01   2.0409300e-01   3.5881994e-01  -1.0711251e-01   2.7094147e-01   2.4172853e-01   1.6023299e-01   1.9660535e-01  -1.8810785e-01   1.9625276e-02   1.2189018e-01  -5.0559478e-02   0.0000000e+00   7.1261883e-02   1.4472478e-01   1.0820972e-01   1.7156155e-01  -3.1594150e-02  -5.8859096e-02  -1.1607190e-01  -3.4065499e-01   1.1828934e-02  -4.0463593e-02   2.8854142e-02  -4.7744848e-02   6.6484357e-03  -7.7364984e-02   2.0641420e-01   3.0747547e-01   2.7099299e-01   2.0592336e-01   3.1043920e-02   2.0393198e-01   3.0610706e-01   5.3456661e-01   2.6209081e-01   4.8457909e-01   4.0723351e-01   3.4898009e-01   3.1156081e-01   4.3057119e-01   2.3641736e-02   3.9399727e-01   3.2494745e-01   2.1230052e-01   1.4427101e-01   3.8795664e-01   6.1659042e-02   1.8352868e-01   0.0000000e+00   0.0000000e+00  -1.3756876e-02   0.0000000e+00   2.6582297e-02  -4.2669749e-03  -2.4070702e-01
  -1.2340197e-01   0.0000000e+00   0.0000000e+00   1.1687606e-01   2.7102155e-01   0.0000000e+00  -9.7976091e-02  -9.6682598e-02  -1.5730747e-01   0.0000000e+00   4.2053252e-01   3.2834971e-01  -6.4239523e-02   1.7754198e-01   2.7249402e-01   1.8648940e-01   0.0000000e+00   1.6902374e-01   2.5413371e-01   3.4625985e-01   4.2191645e-01   5.5747742e-01   1.9463954e-01   3.2545730e-01   5.1922498e-01   3.5784239e-01   4.6452451e-01   4.2360173e-01   3.8957422e-01   3.4337422e-01   1.6498320e-01   6.5131749e-01   3.5236817e-01   2.9485370e-01   4.9413050e-01   5.7856836e-01   5.8010770e-01   6.0043490e-01   2.6055232e-01   4.9076451e-01   4.4915784e-01   3.1678977e-01   1.2400662e-01   6.3298022e-01   4.1853285e-01   2.7458896e-01   4.2710745e-01   3.1315440e-01   2.2911542e-01   2.9260080e-01   0.0000000e+00   2.4462999e-01   1.0327284e-01   9.1211353e-02   1.9338910e-01   1.9877326e-01   2.2436294e-01   1.7050611e-01   2.0566219e-01   2.5672057e-01  -7.9907430e-02   1.6496572e-01   9.4718228e-03   2.2078198e-02   3.5739997e-02   1.3456603e-01   9.8430903e-03  -1.2430924e-01  -2.8095380e-01  -1.1887275e-01   5.8497805e-02  -1.3207526e-01   1.4366294e-01   1.0480455e-01   0.0000000e+00  -3.0770168e-01  -2.2104382e-01  -1.0306940e-01  -9.1006893e-02  -4.1083092e-01   1.3273697e-01   1.3351973e-01   2.8926393e-01  -1.6256254e-01  -8.6949940e-02  -1.5269664e-01  -4.6284964e-02  -3.2440510e-01   1.0975004e-02  -1.3104603e-01  -6.0114897e-02  -1.4790355e-01  -3.1918434e-03  -1.2229931e-01   1.1696801e-01   1.2375906e-01  -6.7920224e-02   3.1226751e-01   4.6506179e-02  -6.8035002e-02   8.9600676e-02   4.9015916e-02   1.4635529e-01   1.4331030e-01  -4.1297803e-02   7.4591501e-03   3.3354271e-02   2.6344980e-01  -1.4346326e-01  -4.7045671e-02  -5.5611772e-02   0.0000000e+00   0.0000000e+00   6.5716537e-02   0.0000000e+00  -3.5943676e-03  -2.9151487e-01  -1.3397390e-01
   2.7274544e-02   0.0000000e+00   0.0000000e+00   3.7552037e-01   3.4247511e-01   0.0000000e+00   5.0105748e-01  -1.0076954e-01  -2.4259856e-01   4.2053252e-01   0.0000000e+00   2.0604985e-01  -2.2131940e-01   2.8006058e-01   4.7563011e-01   4.9268032e-01   0.0000000e+00   3.2599685e-01   4.3556393e-01   2.9499089e-01   6.5267889e-01   6.5109627e-01   3.5320932e-01   5.8172449e-01   5.6510187e-01   3.7213526e-01   2.9111323e-01   5.5481336e-01   4.6147677e-01   2.8975887e-01   3.2323101e-01   4.7315102e-01   1.8911880e-01   2.5959983e-01   2.7588337e-01   5.6115476e-01   4.5106310e-01   5.5166017e-01   2.8807377e-01   8.0989734e-01   3.2847100e-01   1.2924325e-01   2.6535008e-01   4.1730320e-01   1.1616734e-01   1.5752255e-01   6.1693367e-01   4.8226555e-01   1.0364492e-01   3.6710605e-01   0.0000000e+00   1.4333952e-01   2.1166664e-02   4.1922570e-01   2.4571920e-01   3.3711896e-01   6.9448642e-02   3.4169541e-01   4.0986793e-01   4.1785487e-01  -7.5581923e-02   1.0972330e-01  -1.6155119e-01   1.1119480e-01  -1.3729319e-01   2.7059083e-01   6.9671891e-02   1.5751357e-01  -2.7520234e-02  -3.1467799e-01   8.0915930e-03   1.8092409e-03   7.7903353e-02   6.6411077e-02   0.0000000e+00   6.0295249e-02  -1.7440307e-01  -1.6696977e-01  -3.1651519e-01  -2.7885077e-01  -7.3747619e-03   2.0602858e-01   5.2606091e-01  -1.3459850e-01   9.8492413e-02   7.6826089e-02   2.9243500e-01  -1.3189438e-01   1.8818108e-01   1.7449196e-01  -4.4353132e-02  -3.9287201e-01  -3.3989420e-02   1.1786768e-01   1.6066075e-01   9.8668875e-02  -1.8832772e-01   9.3067495e-02   4.9335211e-02  -5.1115429e-02  -1.7098595e-01  -1.9190468e-01  -1.3538124e-01   1.1435515e-01  -2.0421552e-01  -5.1302344e-02  -8.8639861e-02   1.6558713e-01  -2.1147746e-01   2.0310905e-01   1.6258190e-01   0.0000000e+00   0.0000000e+00   3.0039706e-02   0.0000000e+00   1.8231973e-03  -2.2859762e-01   2.4948636e-01
  -5.2773977e-02   0.0000000e+00   0.0000000e+00   2.3577098e-02   2.9320270e-01   0.0000000e+00  -1.2371435e-02  -3.8627024e-02  -5.5892569e-02   3.2834971e-01   2.0604985e-01   0.0000000e+00  -4.7326164e-02   2.4105308e-01   2.8757057e-01   1.3158616e-01   0.0000000e+00   5.7311902e-01   1.8854721e-01   5.3276558e-01   1.3134373e-01   2.0535300e-01  -5.2677065e-02   9.9681099e-02   2.6885040e-01   2.2822354e-01   5.8059218e-01   2.4893536e-01   4.0505664e-01   5.4132589e-01   4.3369125e-01   4.4154719e-01   4.4695422e-01   2.9921020e-01   6.0721258e-01   2.7640369e-01   2.4648388e-01   2.4096206e-01  -2.0107211e-02   1.7643124e-01   2.2085279e-01   3.3050189e-01   5.8708530e-01   3.7827009e-01   5.0851754e-01   4.8677890e-01   1.2660189e-01   3.2526096e-01   2.7020933e-01   4.2329294e-01   0.0000000e+00   1.6602001e-01   4.3376580e-02   1.4009201e-01   1.7143903e-01   5.4288040e-01   2.8385867e-01   4.2852050e-01   4.5752178e-01   1.1863408e-01   1.7687324e-02   3.6352522e-02  -1.1274358e-01   4.6845946e-01   1.0401599e-01   4.0759160e-01   3.6876614e-01   9.1586235e-02   8.4209391e-02   1.8578479e-01   2.3599581e-01   1.5589650e-02   2.6797860e-01   3.7106411e-01   0.0000000e+00   8.4508541e-02  -4.5912419e-02  -5.5718137e-02  -1.2266776e-02  -1.0416616e-01   2.1465883e-01   2.0332879e-01   2.1279667e-01   2.4834117e-01   2.1515879e-01   2.4897237e-01   3.5553536e-01  -5.6185206e-02   3.5395572e-01   2.0399531e-01   2.5039788e-01  -3.7612375e-02   1.1365084e-01   1.9648390e-01   2.0122669e-01   1.3657306e-01   5.8415045e-02   1.8639155e-01   1.5519572e-01  -1.2390065e-01  -1.0135162e-01   6.1697501e-02  -4.2275205e-03   1.8920259e-01  -1.6109251e-02   1.1232309e-01  -1.3790249e-01   2.7491729e-01  -3.9652325e-01   2.2800174e-01   3.0617307e-01   0.0000000e+00   0.0000000e+00   8.2757444e-02   0.0000000e+00  -1.0444539e-01  -1.4894033e-01   8.5567727e-02
  -1.3754426e-02   0.0000000e+00   0.0000000e+00   3.7347758e-02  -2.3923615e-01   0.0000000e+00  -4.8566874e-02   2.2799182e-01   8.7509567e-02  -6.4239523e-02  -2.2131940e-01  -4.7326164e-02   0.0000000e+00   1.4515403e-01  -3.7173599e-02  -4.8177725e-02   0.0000000e+00  -2.8124455e-02   1.3669472e-01  -2.1895500e-03   2.1828323e-02  -2.4245776e-02   1.1022694e-01  -1.2963084e-01  -9.3056312e-02   7.5324677e-02  -1.0304271e-01  -8.0397820e-02  -2.4738209e-01  -2.0622101e-01  -2.3373561e-01  -5.3636884e-02   4.4248436e-03  -9.1552313e-02   9.7841511e-02  -1.0297252e-01  -3.8785836e-02  -9.8108254e-03  -1.4925047e-01  -1.8396806e-01   7.3112803e-02   1.1927015e-01  -6.8686536e-02  -8.1689950e-02  -3.7120994e-02   1.0354186e-01  -6.0271697e-03   4.0750883e-02  -6.3850703e-03  -2.1171493e-01   0.0000000e+00  -1.7085324e-01   3.9989001e-03   3.0736824e-03   3.6993749e-02   5.7029591e-02   4.0934895e-02  -6.1143282e-02   1.6032474e-01  -1.3188814e-01   2.8106599e-01   9.6516436e-02   3.1856531e-01  -1.0684711e-02  -4.3597231e-02  -6.6528433e-02  -1.0408357e-01  -4.5541380e-02   1.0365004e-01   3.2300438e-01   1.2033388e-02   1.2295698e-01   1.1237032e-01  -1.7595873e-02   0.0000000e+00   8.5762174e-02   3.2969939e-01   1.7160075e-01   2.4306612e-01   3.1949740e-01  -9.8073886e-02  -8.6751990e-02  -2.1901503e-01   1.0682849e-01  -1.3610920e-01  -1.9314104e-01  -1.5393737e-01   1.3834520e-01  -7.8766248e-02  -6.8494283e-02   9.8195966e-03   4.6499916e-01   4.4881599e-02  -1.4255455e-01   7.9060705e-02   1.9604969e-01   1.9485571e-01   1.8400720e-01   2.0391645e-01   2.4045252e-01   2.6265532e-02   3.7235737e-01   8.4400070e-02   3.3894775e-02   3.4890082e-01  -2.8348311e-02  -3.6502160e-02  -2.8271618e-02   1.4128981e-01  -1.7528409e-01  -1.1080428e-01   0.0000000e+00   0.0000000e+00  -1.3829093e-02   0.0000000e+00   1.2939490e-01   3.7894773e-01   1.2352045e-02
  -3.5256829e-02   0.0000000e+00   0.0000000e+00   1.5777292e-01   2.7263450e-01   0.0000000e+00   1.8371159e-01  -2.9806660e-02  -1.2911902e-01   1.7754198e-01   2.8006058e-01   2.4105308e-01   1.4515403e-01   0.0000000e+00   1.7039183e-01   1.8912018e-01   0.0000000e+00   4.4122055e-01   1.4991789e-01   4.6022748e-01   2.2530594e-01   4.2380415e-01   2.6549189e-01   2.3622999e-01   2.5093621e-01   5.5705008e-01   5.6243011e-01   5.8907462e-01   1.9143689e-01   1.7047422e-01   3.8233171e-01   4.0525148e-01   7.2249533e-03   2.3006178e-02   1.6096150e-01   1.7091361e-01   1.9391643e-01   1.1351106e-01   2.0662499e-01   2.0271781e-01   2.6325300e-01   1.0082751e-01   3.5675526e-01   1.7419897e-01   2.0846270e-01   1.1490032e-01   3.4687118e-01   1.7404679e-01   2.3264665e-02   3.3105277e-01   0.0000000e+00   1.9309170e-01   1.5256407e-01   2.5971755e-01   3.4905766e-02   1.5808377e-01   3.6387724e-01   2.9591727e-01   1.8085861e-01   2.2007277e-01   2.3384993e-01   1.9620547e-01   2.5558306e-01   5.4773431e-02  -1.6359752e-02   1.2670490e-01   2.9516371e-01   3.0204543e-01   1.7655982e-01   2.5089549e-01   3.5287336e-01   3.4216433e-01   1.3972114e-01   1.4369091e-01   0.0000000e+00   3.8800187e-01   7.7308017e-02  -6.3014081e-02   2.8073725e-01   1.4004078e-01   2.1698686e-01   6.1117965e-01   5.7497175e-01   4.3919463e-01   4.2775756e-01   1.9332296e-01   2.1082873e-01   2.6621594e-01   2.9875777e-01   2.0606436e-01   2.0170673e-01   2.8241364e-01   1.2536569e-01   2.0836931e-01   9.8016179e-02  -1.5132330e-02  -7.5078083e-02  -1.2249978e-02   3.0250655e-02  -7.6486771e-02  -3.9871606e-02  -9.2043646e-02   1.0302147e-01   5.0184556e-02  -1.7858586e-02   3.5331944e-02  -2.1299008e-02   1.4513170e-01  -4.8439127e-02   1.0862858e-01   1.6374119e-01   0.0000000e+00   0.0000000e+00   4.5175951e-02   0.0000000e+00   7.3320501e-03   3.0940090e-02   4.7852026e-01
  -1.6531700e-01   0.0000000e+00   0.0000000e+00   2.7152398e-01   2.0170881e-01   0.0000000e+00   2.3250825e-01   4.5650711e-03  -1.1802473e-01   2.7249402e-01   4.7563011e-01   2.8757057e-01  -3.7173599e-02   1.7039183e-01   0.0000000e+00   6.1252904e-01   0.0000000e+00   3.6844389e-01   3.0040439e-01   3.5558592e-01   4.3897243e-01   3.9194914e-01   2.5200383e-01   4.8927543e-01   4.8161254e-01   1.4475120e-01   3.2457795e-01   1.9354316e-01   6.4688768e-01   4.2438426e-01   3.5675957e-01   2.4636997e-01   2.0517635e-01   4.0491723e-01   2.2009454e-01   6.2913893e-01   5.0278218e-01   2.2059437e-01   1.6545471e-01   3.6260953e-01   4.3901572e-02   2.5696201e-01   4.0048935e-01   3.9824961e-01   4.4803923e-01   5.0716240e-01   4.8625824e-01   4.6084741e-01   4.3238152e-01   3.3823503e-01   0.0000000e+00   3.8087670e-01   1.0635689e-01   3.6858641e-01   3.3301156e-01   7.6028612e-01   1.6644450e-01   4.6172871e-01   4.2315990e-01   3.7970636e-01  -1.3489260e-01  -3.9208551e-02  -3.0821916e-01   3.4912747e-01  -1.1425756e-01   4.2041507e-01   5.7546535e-02   8.8122131e-02   3.9273547e-02  -3.0222080e-01  -1.0459816e-01  -1.1158506e-01   1.2854241e-01   1.0963047e-01   0.0000000e+00   7.7131119e-02  -1.0174513e-01  -2.4695962e-01  -3.1062265e-01  -2.2089484e-01  -4.3010691e-02   1.5288036e-01   3.5511681e-01  -9.6583530e-02   2.2061125e-01   1.7931638e-01   4.8833801e-01  -1.0535614e-01   2.6148908e-01   2.5433087e-01  -7.4221121e-02  -3.5666004e-01  -1.1042455e-01   1.6010265e-01   1.6055257e-01   6.7083224e-02  -1.9828361e-01  -6.0153690e-02  -3.2487858e-02  -2.7020528e-02  -3.4298212e-01  -1.6201446e-01  -1.7016474e-01   1.8485783e-01  -7.7585825e-02   3.6693243e-02  -1.7355873e-02   2.5778658e-01  -1.4383250e-01   2.9829589e-01   3.9823734e-01   0.0000000e+00   0.0000000e+00   2.6224997e-02   0.0000000e+00   7.6082937e-02  -1.6775154e-01   2.1580190e-01
  -1.0667998e-02   0.0000000e+00   0.0000000e+00   2.8735929e-01   2.7457746e-01   0.0000000e+00   2.9222544e-01  -1.5460403e-01  -2.2361507e-01   1.8648940e-01   4.9268032e-01   1.3158616e-01  -4.8177725e-02   1.8912018e-01   6.1252904e-01   0.0000000e+00   0.0000000e+00   2.6316217e-01   4.2411437e-01   2.7977312e-01   3.5953081e-01   3.5240845e-01   2.1394844e-01   3.4307974e-01   3.8708450e-01   8.5669955e-02   2.2885462e-01   2.3936030e-01   2.9887975e-01   2.6301000e-01   1.5299504e-01   2.4849492e-01   1.8128998e-01   2.5160911e-01   1.4187689e-01   4.2173796e-01   3.1448916e-01   1.8286996e-01   2.1924291e-01   2.8016302e-01   1.2058506e-01   1.9780500e-01   2.3393754e-01   3.0983227e-01   2.1712749e-01   3.5866438e-01   5.0227782e-01   2.9850403e-01   1.8202930e-01   3.4315389e-01   0.0000000e+00   3.0248710e-01   8.8076654e-02   5.4592722e-01   7.0833279e-01   5.5053577e-01   1.7914840e-01   4.4463277e-01   3.6144893e-01   1.9289545e-01  -1.1627600e-01  -3.4869294e-02  -1.4953288e-01   2.7181942e-01  -1.2065501e-01   5.0276642e-01  -2.5871934e-02   1.1662330e-01  -1.2225254e-02  -2.7940936e-01  -3.5855613e-02   3.1087184e-03   1.1010726e-01   1.3510393e-01   0.0000000e+00   2.3572234e-02  -1.8956639e-01  -1.8521230e-01  -1.7322792e-01  -2.6935334e-01   7.9892004e-03   1.9362905e-01   2.3059118e-01  -8.3637524e-02   1.1013311e-01   4.3919065e-02   2.3956537e-01  -1.8906864e-01   3.0229554e-01   1.1517513e-01  -1.7246705e-01  -2.3526859e-01  -5.7493521e-02   1.8150389e-01   1.6036135e-01   3.1580025e-02  -2.8181839e-01   4.1225799e-02  -1.8102919e-01  -6.7305183e-02  -1.7659758e-01  -1.1685045e-01  -2.4616734e-01   1.5868716e-01   2.5449566e-02  -7.2331045e-02   1.3136576e-02   3.5611663e-01  -6.9190183e-02   3.9658852e-01   2.0538182e-01   0.0000000e+00   0.0000000e+00   2.6735106e-01   0.0000000e+00  -3.7944310e-03  -2.7635937e-01   1.4656806e-01
   0.0000000e+00   0.0000000e+00   0.0000000e+00   0.0000000e+00   0.0000000e+00   0.0000000e+00   0.0000000e+00   0.0000000e+00   0.0000000e+00   0.0000000e+00   0.0000000e+00   0.0000000e+00   0.0000000e+00   0.0000000e+00   0.0000000e+00   0.0000000e+00   0.0000000e+00   0.0000000e+00   0.0000000e+00   0.0000000e+00   0.0000000e+00   0.0000000e+00   0.0000000e+00   0.0000000e+00   0.0000000e+00   0.0000000e+00   0.0000000e+00   0.0000000e+00   0.0000000e+00   0.0000000e+00   0.0000000e+00   0.0000000e+00   0.0000000e+00   0.0000000e+00   0.0000000e+00   0.0000000e+00   0.0000000e+00   0.0000000e+00   0.0000000e+00   0.0000000e+00   0.0000000e+00   0.0000000e+00   0.0000000e+00   0.0000000e+00   0.0000000e+00   0.0000000e+00   0.0000000e+00   0.0000000e+00   0.0000000e+00   0.0000000e+00   0.0000000e+00   0.0000000e+00   0.0000000e+00   0.0000000e+00   0.0000000e+00   0.0000000e+00   0.0000000e+00   0.0000000e+00   0.0000000e+00   0.0000000e+00   0.0000000e+00   0.0000000e+00   0.0000000e+00   0.0000000e+00   0.0000000e+00   0.0000000e+00   0.0000000e+00   0.0000000e+00   0.0000000e+00   0.0000000e+00   0.0000000e+00   0.0000000e+00   0.0000000e+00   0.0000000e+00   0.0000000e+00   0.0000000e+00   0.0000000e+00   0.0000000e+00   0.0000000e+00   0.0000000e+00   0.0000000e+00   0.0000000e+00   0.0000000e+00   0.0000000e+00   0.0000000e+00   0.0000000e+00   0.0000000e+00   0.0000000e+00   0.0000000e+00   0.0000000e+00   0.0000000e+00   0.0000000e+00   0.0000000e+00   0.0000000e+00   0.0000000e+00   0.0000000e+00   0.0000000e+00   0.0000000e+00   0.0000000e+00   0.0000000e+00   0.0000000e+00   0.0000000e+00   0.0000000e+00   0.0000000e+00   0.0000000e+00   0.0000000e+00   0.0000000e+00   0.0000000e+00   0.0000000e+00   0.0000000e+00   0.0000000e+00   0.0000000e+00   0.0000000e+00   0.0000000e+00   0.0000000e+00   0.0000000e+00   0.0000000e+00   0.0000000e+00
  -1.4854881e-01   0.0000000e+00   0.0000000e+00   1.5419095e-01   4.6557799e-01   0.0000000e+00   1.5245407e-01  -2.5267221e-02  -1.7217851e-01   1.6902374e-01   3.2599685e-01   5.7311902e-01  -2.8124455e-02   4.4122055e-01   3.6844389e-01   2.6316217e-01   0.0000000e+00   0.0000000e+00   1.2681196e-01   7.6775050e-01   1.3372234e-01   2.6864065e-01  -2.2240672e-02   1.6081906e-01   2.4094737e-01   2.9804336e-01   6.7737791e-01   3.1288898e-01   5.0412818e-01   3.8020558e-01   7.3898721e-01   3.5681334e-01   1.7886626e-01   1.5022781e-01   2.6418921e-01   2.2592130e-01   1.0353373e-01   1.1159183e-01   7.7453397e-02   2.0232826e-01   1.5368827e-01   9.0637879e-02   6.4833382e-01   1.9975627e-01   3.7951424e-01   3.6042001e-01   3.3334076e-01   3.7084556e-01   2.1954382e-01   5.9880103e-01   0.0000000e+00   3.2035717e-01   5.3750339e-02   1.3863281e-01   2.3327018e-01   6.1723877e-01   2.5954609e-01   5.5225710e-01   3.2359223e-01   2.1239356e-01   2.2589211e-02   2.4463598e-02  -1.4727812e-01   3.4487706e-01  -1.0672654e-01   3.9632822e-01   3.1820502e-01   1.1658871e-01   2.6411219e-01   1.4970077e-01   3.0684014e-01   2.2720626e-01   3.3867134e-01   2.6882743e-01   0.0000000e+00   3.0419280e-01  -3.0261323e-02  -1.4888809e-01   9.6301563e-02  -1.0993076e-02   2.4093418e-01   4.0533108e-01   4.7512273e-01   5.1775502e-01   4.2806402e-01   4.0861709e-01   6.6555189e-01   1.2047754e-01   6.7266194e-01   2.9485509e-01   2.6344804e-01  -2.0677427e-02   1.4167403e-01   2.3311082e-01   5.0334385e-02  -9.1916289e-03  -1.6105558e-01  -4.0804741e-02  -1.5487238e-02  -2.3432524e-01  -2.0622171e-01  -1.0373343e-01  -8.1267712e-02   5.4000304e-02  -1.2896429e-01   8.9420718e-02  -1.6445544e-01   1.9062198e-01  -3.1459906e-01   1.8161637e-01   4.9965277e-01   0.0000000e+00   0.0000000e+00   7.5889755e-02   0.0000000e+00  -1.3460504e-01  -3.4849010e-02   3.9172751e-01
  -6.5462177e-03   0.0000000e+00   0.0000000e+00   4.1853467e-01   1.1290951e-01   0.0000000e+00   2.4489066e-01  -1.9561707e-02   1.5875814e-02   2.5413371e-01   4.3556393e-01   1.8854721e-01   1.3669472e-01   1.4991789e-01   3.0040439e-01   4.2411437e-01   0.0000000e+00   1.2681196e-01   0.0000000e+00   1.3940122e-01   2.9808869e-01   2.5251902e-01   1.9499967e-01   1.4313913e-01   2.6883363e-01   1.3779872e-01   1.7667880e-01   1.1937509e-01   8.8395532e-02   6.2138911e-02  -3.5506825e-02   2.9164684e-01   2.7586676e-01   3.2062867e-01   2.9405279e-01   2.6642825e-01   2.3706636e-01   3.5472553e-01   1.1699967e-01   2.5680092e-01   3.8348439e-01   2.1917440e-01   1.7342481e-01   3.6491197e-01   4.5823034e-02   2.7716530e-01   3.7995754e-01   2.6244090e-01   1.1090682e-01   2.3844721e-01   0.0000000e+00   6.4402475e-02   1.8900893e-01   3.8503189e-01   4.3038242e-01   3.3950754e-01   2.8006172e-01   1.9844364e-01   6.5637767e-01   1.5453252e-01  -3.9138488e-02   2.7055279e-02  -4.1125106e-02   2.8013705e-01  -8.9228798e-02   3.3140855e-01  -3.8554985e-02   1.3740150e-01  -6.0097938e-02  -1.5023619e-01  -1.7795884e-01   1.3957736e-01   6.8974245e-02   1.9547780e-02   0.0000000e+00  -3.7281360e-02  -1.0617914e-01  -7.7514699e-02  -1.2255008e-01  -1.9673362e-01   7.2968411e-02   9.3214802e-03   3.7827532e-02  -1.5560799e-01  -2.2876085e-02  -8.8208427e-02   6.4155533e-02  -1.5248929e-01   1.2349187e-01   7.9454075e-02  -6.3869799e-02  -1.1182026e-01   1.6902420e-01   1.1357135e-01   5.2875736e-01   2.7172924e-01  -4.2295244e-02   3.5520886e-01   2.2541674e-01   2.6123461e-01   2.6419483e-02   1.2756591e-01  -6.6900265e-02   2.7129975e-01   2.4623107e-01  -3.7279849e-02  -7.0016402e-02   2.1113877e-01  -7.3436282e-02   2.0928489e-01   1.2101485e-01   0.0000000e+00   0.0000000e+00   2.0996776e-01   0.0000000e+00  -8.7363581e-03  -1.7101686e-01  -6.1140135e-04
  -1.6029986e-01   0.0000000e+00   0.0000000e+00   7.3941071e-02   4.1372822e-01   0.0000000e+00   3.7898130e-02   2.9700960e-03  -2.2617817e-01   3.4625985e-01   2.9499089e-01   5.3276558e-01  -2.1895500e-03   4.6022748e-01   3.5558592e-01   2.7977312e-01   0.0000000e+00   7.6775050e-01   1.3940122e-01   0.0000000e+00   2.0219800e-01   3.9657322e-01  -6.3577728e-03   1.8743406e-01   3.7249459e-01   3.1387041e-01   8.5434447e-01   3.7887328e-01   5.9294750e-01   5.4355486e-01   8.0869424e-01   4.6825676e-01   2.8075578e-01   2.4902440e-01   3.1870193e-01   2.4232467e-01   1.7711631e-01   1.2316959e-01   5.4255155e-02   2.1343584e-01   1.6447160e-01   1.0862883e-01   5.4112323e-01   2.4972733e-01   5.1843735e-01   2.9974434e-01   3.9706591e-01   2.6664220e-01   2.5347030e-01   4.8239281e-01   0.0000000e+00   2.9065541e-01  -4.0013046e-02   2.3836368e-01   2.7323085e-01   4.8378575e-01   4.1674657e-01   4.3891121e-01   2.6728465e-01   2.4451273e-01  -2.2834066e-02   1.1301208e-02  -1.8385974e-01   2.1247243e-01  -2.3614922e-02   3.5403513e-01   2.9273565e-01   1.0590320e-01   1.1404917e-01   1.1495748e-01   4.0123084e-01   8.3348629e-02   2.7028696e-01   1.8420240e-01   0.0000000e+00   1.4252467e-01  -1.3173308e-01  -2.2066254e-01  -1.7722273e-02  -8.6379402e-02   1.6432406e-01   3.7996461e-01   5.1450499e-01   4.5105725e-01   3.1806072e-01   2.4629355e-01   3.9736636e-01   1.1234464e-02   4.6132071e-01   1.6856771e-01   1.1923995e-01  -7.8414613e-02   4.8300838e-02   9.3840834e-02   1.4118519e-01  -2.7769352e-03  -1.3139038e-01  -7.3811440e-02  -2.8272482e-02  -2.5238821e-01  -2.3788781e-01  -8.2862506e-02  -4.2277089e-03   1.1712311e-01  -6.1597013e-02   2.6531554e-02   1.1171723e-03   2.7971015e-01  -2.5353769e-01   1.6529894e-01   1.9372518e-01   0.0000000e+00   0.0000000e+00   1.0925043e-01   0.0000000e+00  -4.3494043e-02  -6.4302017e-02   3.5593663e-01
  -7.9895564e-02   0.0000000e+00   0.0000000e+00   2.8305291e-01   8.6752905e-02   0.0000000e+00   2.1315305e-01  -3.2571211e-02  -1.7106985e-01   4.2191645e-01   6.5267889e-01   1.3134373e-01   2.1828323e-02   2.2530594e-01   4.3897243e-01   3.5953081e-01   0.0000000e+00   1.3372234e-01   2.9808869e-01   2.0219800e-01   0.0000000e+00   7.8166863e-01   5.7318908e-01   7.0782937e-01   5.7269188e-01   3.8234526e-01   2.0755912e-01   3.9472646e-01   3.5584024e-01   2.4777294e-01   1.3426264e-01   3.4031143e-01   1.5243347e-01   3.0187857e-01   3.7609739e-01   5.9890501e-01   5.7744599e-01   5.6571236e-01   1.7957333e-01   6.6913088e-01   1.9328835e-01   3.0707882e-01   1.0369118e-01   3.2156513e-01   1.1773400e-01   2.5951383e-01   4.0864261e-01   5.1543993e-01   2.1493791e-01   9.4931434e-02   0.0000000e+00   8.5567828e-03  -1.7909631e-02   3.5051175e-01   2.0305370e-01   2.9264445e-01   3.6679914e-02   3.3170075e-01   3.4668668e-01   3.9044608e-01  -6.3666412e-02   7.4231453e-02  -1.0491320e-01   2.4393807e-02  -5.8118746e-02   8.1854034e-02  -1.2279714e-02  -3.5469602e-02  -1.7359539e-01  -3.0513846e-01   1.4580371e-02  -6.9429965e-02   6.1396524e-02   2.6401821e-02   0.0000000e+00  -4.8093984e-02  -1.9180717e-01  -2.4248564e-01  -3.1496427e-01  -2.3418785e-01  -1.4227946e-01   5.1577545e-02   3.2700153e-01  -2.1083358e-01  -6.8995814e-02  -8.5510586e-02   7.1896408e-02  -1.9690162e-01  -1.2574251e-01   9.6152800e-02  -1.2747542e-01  -3.0536723e-01  -1.7262787e-01  -8.1196628e-02   9.7105075e-02   7.9733143e-02  -1.7831228e-01   1.0255223e-01  -5.5590614e-02  -4.1509068e-02  -2.1736965e-01  -1.4310250e-01  -1.1373637e-01   8.8186153e-02  -6.8768559e-02  -8.5467959e-02  -5.0183660e-02   1.4074441e-01  -1.5083079e-01   1.9041253e-02  -1.6696579e-02   0.0000000e+00   0.0000000e+00  -1.5518011e-02   0.0000000e+00   1.4938457e-01  -2.0265235e-01   2.3668598e-01
