   0.0000000e+00   0.0000000e+00   0.0000000e+00   0.0000000e+00   0.0000000e+00   0.0000000e+00   0.0000000e+00   0.0000000e+00   0.0000000e+00   0.0000000e+00   0.0000000e+00   0.0000000e+00   0.0000000e+00   0.0000000e+00   0.0000000e+00   0.0000000e+00   0.0000000e+00   0.0000000e+00   0.0000000e+00   0.0000000e+00   0.0000000e+00   0.0000000e+00   0.0000000e+00   0.0000000e+00   0.0000000e+00   0.0000000e+00   0.0000000e+00   0.0000000e+00   0.0000000e+00   0.0000000e+00   0.0000000e+00   0.0000000e+00   0.0000000e+00   0.0000000e+00   0.0000000e+00   0.0000000e+00   0.0000000e+00   0.0000000e+00   0.0000000e+00   0.0000000e+00   0.0000000e+00   0.0000000e+00   0.0000000e+00   0.0000000e+00   0.0000000e+00   0.0000000e+00   0.0000000e+00   0.0000000e+00   0.0000000e+00   0.0000000e+00   0.0000000e+00   0.0000000e+00   0.0000000e+00   0.0000000e+00   0.0000000e+00   0.0000000e+00   0.0000000e+00   0.0000000e+00   0.0000000e+00   0.0000000e+00   0.0000000e+00   0.0000000e+00   0.0000000e+00   0.0000000e+00   0.0000000e+00   0.0000000e+00   0.0000000e+00   0.0000000e+00   0.0000000e+00   0.0000000e+00   0.0000000e+00   0.0000000e+00   0.0000000e+00   0.0000000e+00   0.0000000e+00   0.0000000e+00   0.0000000e+00   0.0000000e+00   0.0000000e+00   0.0000000e+00   0.0000000e+00   0.0000000e+00   0.0000000e+00   0.0000000e+00   0.0000000e+00   0.0000000e+00   0.0000000e+00   0.0000000e+00   0.0000000e+00   0.0000000e+00   0.0000000e+00   0.0000000e+00   0.0000000e+00   0.0000000e+00   0.0000000e+00   0.0000000e+00   0.0000000e+00   0.0000000e+00   0.0000000e+00   0.0000000e+00   0.0000000e+00   0.0000000e+00   0.0000000e+00   0.0000000e+00   0.0000000e+00   0.0000000e+00   0.0000000e+00   0.0000000e+00   0.0000000e+00   0.0000000e+00   0.0000000e+00   0.0000000e+00   0.0000000e+00   0.0000000e+00   0.0000000e+00   0.0000000e+00   0.0000000e+00   0.0000000e+00
   0.0000000e+00   0.0000000e+00   0.0000000e+00   0.0000000e+00   0.0000000e+00   0.0000000e+00   0.0000000e+00   0.0000000e+00   0.0000000e+00   0.0000000e+00   0.0000000e+00   0.0000000e+00   0.0000000e+00   0.0000000e+00   0.0000000e+00   0.0000000e+00   0.0000000e+00   0.0000000e+00   0.0000000e+00   0.0000000e+00   0.0000000e+00   0.0000000e+00   0.0000000e+00   0.0000000e+00   0.0000000e+00   0.0000000e+00   0.0000000e+00   0.0000000e+00   0.0000000e+00   0.0000000e+00   0.0000000e+00   0.0000000e+00   0.0000000e+00   0.0000000e+00   0.0000000e+00   0.0000000e+00   0.0000000e+00   0.0000000e+00   0.0000000e+00   0.0000000e+00   0.0000000e+00   0.0000000e+00   0.0000000e+00   0.0000000e+00   0.0000000e+00   0.0000000e+00   0.0000000e+00   0.0000000e+00   0.0000000e+00   0.0000000e+00   0.0000000e+00   0.0000000e+00   0.0000000e+00   0.0000000e+00   0.0000000e+00   0.0000000e+00   0.0000000e+00   0.0000000e+00   0.0000000e+00   0.0000000e+00   0.0000000e+00   0.0000000e+00   0.0000000e+00   0.0000000e+00   0.0000000e+00   0.0000000e+00   0.0000000e+00   0.0000000e+00   0.0000000e+00   0.0000000e+00   0.0000000e+00   0.0000000e+00   0.0000000e+00   0.0000000e+00   0.0000000e+00   0.0000000e+00   0.0000000e+00   0.0000000e+00   0.0000000e+00   0.0000000e+00   0.0000000e+00   0.0000000e+00   0.0000000e+00   0.0000000e+00   0.0000000e+00   0.0000000e+00   0.0000000e+00   0.0000000e+00   0.0000000e+00   0.0000000e+00   0.0000000e+00   0.0000000e+00   0.0000000e+00   0.0000000e+00   0.0000000e+00   0.0000000e+00   0.0000000e+00   0.0000000e+00   0.0000000e+00   0.0000000e+00   0.0000000e+00   0.0000000e+00   0.0000000e+00   0.0000000e+00   0.0000000e+00   0.0000000e+00   0.0000000e+00   0.0000000e+00   0.0000000e+00   0.0000000e+00   0.0000000e+00   0.0000000e+00   0.0000000e+00   0.0000000e+00   0.0000000e+00   0.0000000e+00   0.0000000e+00   0.0000000e+00
   0.0000000e+00   0.0000000e+00   0.0000000e+00   0.0000000e+00   0.0000000e+00   0.0000000e+00   0.0000000e+00   0.0000000e+00   0.0000000e+00   0.0000000e+00   0.0000000e+00   0.0000000e+00   0.0000000e+00   0.0000000e+00   0.0000000e+00   0.0000000e+00   0.0000000e+00   0.0000000e+00   0.0000000e+00   0.0000000e+00   0.0000000e+00   0.0000000e+00   0.0000000e+00   0.0000000e+00   0.0000000e+00   0.0000000e+00   0.0000000e+00   0.0000000e+00   0.0000000e+00   0.0000000e+00   0.0000000e+00   0.0000000e+00   0.0000000e+00   0.0000000e+00   0.0000000e+00   0.0000000e+00   0.0000000e+00   0.0000000e+00   0.0000000e+00   0.0000000e+00   0.0000000e+00   0.0000000e+00   0.0000000e+00   0.0000000e+00   0.0000000e+00   0.0000000e+00   0.0000000e+00   0.0000000e+00   0.0000000e+00   0.0000000e+00   0.0000000e+00   0.0000000e+00   0.0000000e+00   0.0000000e+00   0.0000000e+00   0.0000000e+00   0.0000000e+00   0.0000000e+00   0.0000000e+00   0.0000000e+00   0.0000000e+00   0.0000000e+00   0.0000000e+00   0.0000000e+00   0.0000000e+00   0.0000000e+00   0.0000000e+00   0.0000000e+00   0.0000000e+00   0.0000000e+00   0.0000000e+00   0.0000000e+00   0.0000000e+00   0.0000000e+00   0.0000000e+00   0.0000000e+00   0.0000000e+00   0.0000000e+00   0.0000000e+00   0.0000000e+00   0.0000000e+00   0.0000000e+00   0.0000000e+00   0.0000000e+00   0.0000000e+00   0.0000000e+00   0.0000000e+00   0.0000000e+00   0.0000000e+00   0.0000000e+00   0.0000000e+00   0.0000000e+00   0.0000000e+00   0.0000000e+00   0.0000000e+00   0.0000000e+00   0.0000000e+00   0.0000000e+00   0.0000000e+00   0.0000000e+00   0.0000000e+00   0.0000000e+00   0.0000000e+00   0.0000000e+00   0.0000000e+00   0.0000000e+00   0.0000000e+00   0.0000000e+00   0.0000000e+00   0.0000000e+00   0.0000000e+00   0.0000000e+00   0.0000000e+00   0.0000000e+00   0.0000000e+00   0.0000000e+00   0.0000000e+00   0.0000000e+00
   0.0000000e+00   0.0000000e+00   0.0000000e+00   0.0000000e+00   0.0000000e+00   0.0000000e+00   0.0000000e+00   0.0000000e+00   0.0000000e+00   0.0000000e+00   0.0000000e+00   0.0000000e+00   0.0000000e+00   0.0000000e+00   0.0000000e+00   0.0000000e+00   0.0000000e+00   0.0000000e+00   0.0000000e+00   0.0000000e+00   0.0000000e+00   0.0000000e+00   0.0000000e+00   0.0000000e+00   0.0000000e+00   0.0000000e+00   0.0000000e+00   0.0000000e+00   0.0000000e+00   0.0000000e+00   0.0000000e+00   0.0000000e+00   0.0000000e+00   0.0000000e+00   0.0000000e+00   0.0000000e+00   0.0000000e+00   0.0000000e+00   0.0000000e+00   0.0000000e+00   0.0000000e+00   0.0000000e+00   0.0000000e+00   0.0000000e+00   0.0000000e+00   0.0000000e+00   0.0000000e+00   0.0000000e+00   0.0000000e+00   0.0000000e+00   0.0000000e+00   0.0000000e+00   0.0000000e+00   0.0000000e+00   0.0000000e+00   0.0000000e+00   0.0000000e+00   0.0000000e+00   0.0000000e+00   0.0000000e+00   0.0000000e+00   0.0000000e+00   0.0000000e+00   0.0000000e+00   0.0000000e+00   0.0000000e+00   0.0000000e+00   0.0000000e+00   0.0000000e+00   0.0000000e+00   0.0000000e+00   0.0000000e+00   0.0000000e+00   0.0000000e+00   0.0000000e+00   0.0000000e+00   0.0000000e+00   0.0000000e+00   0.0000000e+00   0.0000000e+00   0.0000000e+00   0.0000000e+00   0.0000000e+00   0.0000000e+00   0.0000000e+00   0.0000000e+00   0.0000000e+00   0.0000000e+00   0.0000000e+00   0.0000000e+00   0.0000000e+00   0.0000000e+00   0.0000000e+00   0.0000000e+00   0.0000000e+00   0.0000000e+00   0.0000000e+00   0.0000000e+00   0.0000000e+00   0.0000000e+00   0.0000000e+00   0.0000000e+00   0.0000000e+00   0.0000000e+00   0.0000000e+00   0.0000000e+00   0.0000000e+00   0.0000000e+00   0.0000000e+00   0.0000000e+00   0.0000000e+00   0.0000000e+00   0.0000000e+00   0.0000000e+00   0.0000000e+00   0.0000000e+00   0.0000000e+00   0.0000000e+00
   0.0000000e+00   0.0000000e+00   0.0000000e+00   0.0000000e+00   0.0000000e+00   5.6863595e-01   3.6820160e-01   1.8285474e-01  -8.7895387e-02   1.0494939e-01   2.6895049e-01   0.0000000e+00   1.7484471e-01   9.6066053e-02   2.1730825e-01   8.8484887e-02   5.5133000e-01   3.9932720e-01   2.2842871e-01   2.6930490e-01   1.2251112e-01   7.7171991e-02   3.0776132e-02  -5.5337030e-03   4.5179187e-02   5.4636010e-02   5.6008322e-01   4.3289582e-01   2.7930389e-01   3.5348672e-01   2.8287243e-01   2.5336535e-01   4.1951440e-01   1.6807459e-01   6.8788934e-02   2.2027275e-01   1.9046440e-01   1.4521967e-01   1.5218735e-01   1.7029420e-01   1.6794294e-01   1.0695831e-01   3.7726597e-01   1.3500487e-01   1.6655125e-01   2.5101955e-01   5.7353798e-01   2.5383938e-01   1.7936148e-01   5.2903775e-01   0.0000000e+00   1.5328399e-01   2.0633439e-01   2.8241390e-01   2.9574110e-01   2.2376939e-01   3.5273340e-01   2.0341398e-01   1.1494618e-01   7.4423748e-02   1.5294542e-01   1.5468010e-01  -2.4406692e-01   0.0000000e+00   1.9004088e-01   0.0000000e+00   1.6321447e-01   3.1774033e-01   2.4408773e-01   2.5945796e-01   2.5606148e-01   0.0000000e+00   0.0000000e+00   0.0000000e+00   0.0000000e+00   2.3437049e-01   2.7761246e-01   2.9368285e-01   4.4675385e-01   2.1242133e-01   3.6009259e-01   2.3997757e-01   3.6107887e-01   3.0685343e-01   5.9211062e-01   2.2950396e-01   2.5773081e-01   2.2478702e-01   5.3752037e-01   2.2010456e-01   2.3472276e-01   4.1150155e-01  -3.4302681e-02   1.1802574e-01   2.7410813e-02   1.2901769e-01   1.4652285e-01   8.2852855e-02   1.5085196e-01   1.5902996e-01   2.8337825e-01   1.4336266e-01   2.3127576e-01   1.5561590e-02   5.4535675e-03   1.7358901e-01   7.0401697e-02   1.3009886e-01   1.6241762e-01   4.2989083e-03   1.8962723e-01   0.0000000e+00   0.0000000e+00   2.6833534e-01   0.0000000e+00   2.0498399e-01   4.7487117e-02   3.3228552e-01
   0.0000000e+00   0.0000000e+00   0.0000000e+00   0.0000000e+00   5.6863595e-01   0.0000000e+00   2.6459005e-01   1.9722532e-01   1.7967071e-01   2.8780768e-02   2.4447407e-01   0.0000000e+00   5.6352280e-02   6.0073772e-02   3.8922696e-02   1.0554590e-02   3.6326387e-01   1.9910928e-01   1.2742944e-01   7.1929569e-02  -1.2178844e-01   4.9776116e-03  -6.7398358e-02   1.2279465e-02  -2.1050621e-02  -4.5836866e-02   3.5514668e-01   9.5607591e-02   7.2559880e-02   4.3925197e-02   7.1509131e-02  -5.9904249e-03   8.3181964e-02   4.8541146e-02  -3.6589643e-02   9.8816566e-02   8.0274220e-02   6.6232763e-02   1.4159984e-01   3.6550752e-02   8.9584021e-02   1.8934144e-03   9.1712473e-02  -3.0200890e-02   1.1458126e-01   1.2204124e-02   3.0955450e-01   9.2473625e-02   6.6833991e-02   3.5349567e-01   0.0000000e+00   1.7505709e-02   1.1886778e-01   2.0547108e-01   1.7066393e-01   1.5245652e-01   2.3626336e-01   1.2431296e-01  -8.0161237e-02  -5.9471712e-03   4.7933584e-02   1.3313528e-01  -1.5992586e-01   0.0000000e+00   2.5687459e-02   0.0000000e+00   1.2390336e-01   1.9025303e-01   1.1558708e-01   1.9774528e-01   1.1247232e-01   0.0000000e+00   0.0000000e+00   0.0000000e+00   0.0000000e+00   8.6584908e-02   1.8210992e-01   3.0228544e-01   3.3783497e-01   4.3377759e-02   2.2925085e-01   8.0944394e-02   3.2076272e-01   1.0234187e-01   3.3285148e-01   1.1889889e-01   1.3328461e-01   2.1345437e-01   3.0336593e-01   8.4022915e-02   2.1631851e-02   3.1219755e-01   2.7722129e-02   8.6853461e-02  -1.3771989e-02  -8.1458051e-03   1.1047848e-01  -1.9355454e-02   3.3656986e-02   4.2502745e-02   1.2740419e-01   5.9253157e-02   7.9154300e-02  -3.7662270e-02  -1.4081980e-02   1.1386377e-01   5.6239499e-02   1.1285311e-01   1.2994172e-01   5.3222350e-02   5.8308273e-02   0.0000000e+00   0.0000000e+00   2.1081095e-01   0.0000000e+00   1.8500250e-01   6.3443868e-02   1.4185791e-01
   0.0000000e+00   0.0000000e+00   0.0000000e+00   0.0000000e+00   3.6820160e-01   2.6459005e-01   0.0000000e+00   2.4576224e-01   5.9575429e-02   1.2381341e-01   2.7928091e-01   0.0000000e+00   1.7701823e-01   8.2925769e-02   2.2652706e-01   1.3967626e-01   1.9654470e-01   2.5576319e-01   1.7319870e-01   2.1654431e-01   1.2250674e-01   1.8447106e-02   1.3229446e-01   4.1440905e-02   2.0630551e-01   1.0070107e-01   2.6056558e-01   3.7303330e-01   1.8113197e-01   1.9311517e-01   1.4425820e-01   2.0053376e-01   4.5478479e-01   2.4576934e-01   1.3221563e-01   1.7866225e-01   1.5090723e-01   2.5205381e-01   1.7999568e-01   3.3032572e-01   1.8531414e-01   2.8116234e-01   3.5929977e-01   1.1696226e-01  -3.7530635e-02   2.4079887e-01   2.1461402e-01   2.1464689e-01   1.7375145e-01   4.4124625e-01   0.0000000e+00   5.2757441e-02   2.4063636e-01   1.8649431e-01   3.2614967e-01   3.1507674e-01   1.4685963e-01   1.5837500e-01   7.6714040e-02   1.6484718e-01   1.5058391e-04  -5.1205600e-02  -2.1900134e-01   0.0000000e+00   1.9954237e-01   0.0000000e+00   2.4059298e-01   4.3744929e-01   3.7848011e-01   2.2998776e-01   1.8936256e-01   0.0000000e+00   0.0000000e+00   0.0000000e+00   0.0000000e+00   4.0685393e-01   5.0513751e-01   2.0563605e-01   3.0756393e-01   1.3132460e-01   1.4540786e-01   3.3304443e-01   3.4565003e-01   2.9655667e-01   2.6984346e-01   1.6748391e-01   3.6279116e-01   1.9637692e-01   3.8272725e-01   3.6303601e-01   2.7550755e-01   6.8382207e-02   9.2800019e-02   3.2501857e-02   1.6726781e-01   1.3472929e-01   9.2951328e-02   5.4564554e-02   5.2611005e-02   1.7502299e-01   9.3430140e-02   6.5589349e-02   7.7597607e-02   8.7254313e-03  -3.7251824e-02   1.4120768e-01   1.2140654e-01   5.1736949e-02   1.7619144e-01   1.6697443e-01   1.5888278e-01   0.0000000e+00   0.0000000e+00   1.4910495e-01   0.0000000e+00   2.5152697e-01   2.1231888e-01   2.6265749e-01
   0.0000000e+00   0.0000000e+00   0.0000000e+00   0.0000000e+00   1.8285474e-01   1.9722532e-01   2.4576224e-01   0.0000000e+00   1.3336560e-01   8.5492604e-02   2.2556540e-01   0.0000000e+00   2.8537557e-01   1.9236222e-01   2.6509079e-01   1.7421159e-01   2.8640888e-01   1.6473288e-01   1.4522967e-03   2.6548106e-01   1.2323458e-01   7.6885786e-02   1.1003353e-01   8.7640267e-02   1.1828083e-01   6.8777979e-02   3.4261129e-02   1.7031077e-01   2.0274815e-01   1.7800743e-01   2.3136154e-01   7.8390988e-02   2.5362652e-01   3.0602035e-01   1.9207197e-01   9.8822450e-02   3.7350338e-02   1.1456642e-01  -1.2258500e-02   3.3370520e-01   1.3223637e-01   1.0147311e-01   6.8516385e-02  -1.1220000e-01   1.4934905e-01   2.5704729e-01   1.3509520e-01   3.4203996e-01   2.5892949e-01   1.9232366e-01   0.0000000e+00   3.0937455e-02   5.8773432e-02   1.6998552e-01   2.7968580e-01   3.5235951e-01   1.9445218e-02   2.8504530e-01  -7.7977566e-02  -1.9065063e-01  -2.1620404e-01  -3.0965378e-01  -2.4932530e-01   0.0000000e+00   2.8322689e-01   0.0000000e+00   2.7819269e-01   1.5998339e-01   2.7235796e-01   8.3155204e-02   2.2225124e-01   0.0000000e+00   0.0000000e+00   0.0000000e+00   0.0000000e+00   1.7535516e-01   2.4169800e-01   4.5495244e-02   6.3548760e-02   4.1041018e-02  -2.5164510e-01   2.5494551e-01   1.8709883e-01   9.3951141e-02  -3.4441682e-02   1.2984752e-01   2.1333147e-01  -1.3157396e-01   7.6998391e-02   2.2279023e-01  -1.1904837e-02  -5.6467645e-02   7.8352349e-02  -8.3714685e-02  -5.5986692e-02   1.3917208e-01   2.7134154e-02  -1.4888836e-01  -1.5233240e-01   1.7971619e-01  -1.6033083e-02  -1.3042815e-02  -7.3260680e-02  -3.9171899e-01  -9.8796914e-02   3.5451270e-01   1.2912675e-01   6.1803708e-02   6.9697982e-02   8.6500540e-02   1.1764523e-01   0.0000000e+00   0.0000000e+00   1.0826622e-01   0.0000000e+00   6.2146106e-01   2.3704334e-01   1.7830719e-01
   0.0000000e+00   0.0000000e+00   0.0000000e+00   0.0000000e+00  -8.7895387e-02   1.7967071e-01   5.9575429e-02   1.3336560e-01   0.0000000e+00   8.1256345e-02   1.3398962e-01   0.0000000e+00  -6.3797048e-02  -1.1332793e-02  -1.9838289e-02   1.1508154e-01   3.9669667e-02  -3.9886645e-02  -1.1639601e-01  -1.8691498e-01  -1.8039652e-01  -2.4860406e-01  -2.0743197e-01  -1.4467213e-01  -2.0140201e-01  -2.0200010e-01  -5.0286121e-02  -1.9221371e-01   3.6194837e-02  -5.3493501e-02  -1.5546889e-01  -1.6878325e-01  -1.9028874e-01  -1.4387049e-01  -1.4690578e-01   2.4717967e-02  -9.4004867e-02   1.1048433e-01   1.0300244e-01  -5.3426705e-02   1.1161569e-01  -1.1427785e-01  -3.7797545e-03  -4.5950830e-02  -1.0123891e-01  -9.4166447e-02  -2.2451252e-02   1.1544594e-01   1.5291401e-01  -4.4068219e-02   0.0000000e+00   7.8723445e-02  -6.8573987e-02   9.7393154e-02   3.2466212e-02   4.2975674e-02  -5.7514097e-02   9.8355643e-02  -7.6798790e-02  -1.3369156e-01  -1.8602810e-01  -7.6992966e-02  -1.4443037e-01   0.0000000e+00   1.4949563e-01   0.0000000e+00   1.3022652e-01   6.9859571e-03  -7.5413020e-02   5.9457721e-02  -1.3727399e-01   0.0000000e+00   0.0000000e+00   0.0000000e+00   0.0000000e+00   1.3393571e-02   4.7678666e-02   5.7161269e-02   5.5703670e-02  -1.5703471e-01  -6.2046459e-02  -1.0859815e-01  -9.0246322e-02  -1.3311140e-01  -7.4124735e-02  -7.1720868e-02   1.1095568e-01  -6.1572804e-02  -2.6340551e-02   8.4439069e-03  -2.2164468e-02   4.7496322e-02   1.1007449e-01   1.0988004e-01   8.4387810e-02   4.4304004e-02   6.4496550e-02   1.7806538e-01   1.5569085e-01   7.6931421e-02  -2.0432943e-02   2.3170967e-01  -4.5525127e-03  -9.4166123e-02   6.9272743e-02   1.5585379e-01   1.0716654e-01   1.2449243e-01   1.1361767e-01   3.0029080e-01   1.8231475e-01   0.0000000e+00   0.0000000e+00   1.4252855e-01   0.0000000e+00   1.1670758e-01   4.1079688e-02  -8.3275708e-02
   0.0000000e+00   0.0000000e+00   0.0000000e+00   0.0000000e+00   1.0494939e-01   2.8780768e-02   1.2381341e-01   8.5492604e-02   8.1256345e-02   0.0000000e+00   1.0345255e-01   0.0000000e+00   2.2812508e-01   1.2630780e-01   1.1984991e-01   3.8160729e-04   1.0606237e-01   2.5507972e-01   3.7709545e-02   2.6136072e-01   1.6486771e-01   1.9577604e-01   1.8253372e-01   1.4440473e-01   2.3817787e-01   1.3068537e-01   6.2492635e-02   1.3920595e-02   1.1653490e-01   6.0885827e-02   7.0424999e-02   1.6168732e-01   1.4985134e-01   1.6207702e-01   2.2671933e-01  -1.1660364e-02   9.1435818e-02   2.6459779e-02  -1.0002408e-01   1.6211325e-01   4.3957484e-02   9.2190858e-02   1.7652262e-01  -2.1207607e-02   1.8397891e-02   1.5502027e-01   7.8338030e-02   2.3339277e-01   1.7742883e-01   6.3856473e-02   0.0000000e+00  -4.7327817e-02   1.4974932e-01   2.3149727e-01   1.3489422e-01   1.1168760e-01   5.0583570e-02   6.3082379e-02   2.6625050e-02   1.6416813e-01   8.6316803e-02  -6.3533361e-03  -5.8894487e-02   0.0000000e+00   1.1514417e-01   0.0000000e+00   1.0264563e-01   2.2598807e-01   2.2464274e-01   6.6542939e-02   1.8847662e-01   0.0000000e+00   0.0000000e+00   0.0000000e+00   0.0000000e+00   1.7456312e-01   2.1182583e-01  -1.2978619e-01  -1.7158186e-02   1.3390212e-01  -9.7745455e-02   1.4453312e-01   1.6124713e-01   2.5687075e-01   1.8014497e-02   1.9974701e-01   1.6437206e-01  -1.4634505e-02  -9.0201172e-02   2.3272578e-01   1.6247020e-01  -1.0950662e-01   6.5058658e-02  -5.1525069e-02   3.8193621e-02   1.4086933e-01   3.9712722e-02   7.4609316e-02   5.5430989e-02   8.5445382e-02  -4.7972269e-02  -4.3396139e-02   1.2874520e-01  -3.5442108e-02   7.5333957e-02   1.6708676e-01   6.2089181e-02   1.5064614e-01   1.4809648e-01  -3.5335239e-02   5.3023155e-02   0.0000000e+00   0.0000000e+00   7.9533811e-02   0.0000000e+00   8.3427966e-02   1.5676205e-01   2.1007661e-01
   0.0000000e+00   0.0000000e+00   0.0000000e+00   0.0000000e+00   2.6895049e-01   2.4447407e-01   2.7928091e-01   2.2556540e-01   1.3398962e-01   1.0345255e-01   0.0000000e+00   0.0000000e+00   2.2056961e-01   5.0990388e-02   3.0918375e-01   3.5068842e-01   2.9560750e-01   2.5267351e-01   1.5444595e-01   2.1743032e-01   1.1013921e-01  -3.7697390e-02  -7.1412719e-02   4.2810231e-02  -4.2493380e-02  -8.8533471e-02   2.2824508e-01   6.8511618e-02   2.5904630e-01   1.4070246e-01   7.1758080e-02   3.4028328e-02   2.1491014e-01   1.9027533e-01   9.8137413e-02   4.0117220e-01   2.6510537e-01   2.8340805e-01   1.8884109e-01   3.9430437e-01   2.8595922e-01   2.0135259e-01   2.4825372e-01   1.1919201e-01   3.1350901e-02   3.2682173e-01   3.0338960e-01   3.8011913e-01   3.0176613e-01   2.3867517e-01   0.0000000e+00   2.9086785e-01   2.2659931e-01   2.6416225e-01   4.1842166e-01   3.3584123e-01   2.1154467e-01   2.5879671e-01   8.4411762e-02  -6.7681840e-02  -1.2735617e-01  -5.4644957e-02  -2.3919453e-01   0.0000000e+00   2.0608543e-01   0.0000000e+00   1.7036421e-01   2.1212725e-01   3.1278453e-01   9.9141647e-02   1.8910282e-02   0.0000000e+00   0.0000000e+00   0.0000000e+00   0.0000000e+00   1.5064121e-01   1.4763273e-01   7.4376839e-03   6.5466901e-02  -8.5142677e-02  -1.5799605e-02  -6.8257466e-03   3.8828525e-02   7.9869772e-02   2.7740186e-02   2.4128724e-01   3.1950667e-01  -3.7409176e-02   9.4276128e-02   6.5432307e-02   1.0326994e-01   2.0457837e-02   9.2310546e-03   2.0515406e-01   6.6601979e-02   2.1154144e-01   1.3602874e-01   1.4861827e-01   4.8713608e-02   2.6978539e-01  -1.0111627e-02   3.4815867e-01  -5.4509275e-02  -1.3835264e-01   6.3117227e-02   2.6669906e-01   6.9575361e-02   2.2544590e-01   8.0143138e-02   1.2943479e-01   3.4660151e-01   0.0000000e+00   0.0000000e+00   2.5718469e-01   0.0000000e+00   1.2162991e-01  -5.7325573e-02   6.4772930e-02
   0.0000000e+00   0.0000000e+00   0.0000000e+00   0.0000000e+00   0.0000000e+00   0.0000000e+00   0.0000000e+00   0.0000000e+00   0.0000000e+00   0.0000000e+00   0.0000000e+00   0.0000000e+00   0.0000000e+00   0.0000000e+00   0.0000000e+00   0.0000000e+00   0.0000000e+00   0.0000000e+00   0.0000000e+00   0.0000000e+00   0.0000000e+00   0.0000000e+00   0.0000000e+00   0.0000000e+00   0.0000000e+00   0.0000000e+00   0.0000000e+00   0.0000000e+00   0.0000000e+00   0.0000000e+00   0.0000000e+00   0.0000000e+00   0.0000000e+00   0.0000000e+00   0.0000000e+00   0.0000000e+00   0.0000000e+00   0.0000000e+00   0.0000000e+00   0.0000000e+00   0.0000000e+00   0.0000000e+00   0.0000000e+00   0.0000000e+00   0.0000000e+00   0.0000000e+00   0.0000000e+00   0.0000000e+00   0.0000000e+00   0.0000000e+00   0.0000000e+00   0.0000000e+00   0.0000000e+00   0.0000000e+00   0.0000000e+00   0.0000000e+00   0.0000000e+00   0.0000000e+00   0.0000000e+00   0.0000000e+00   0.0000000e+00   0.0000000e+00   0.0000000e+00   0.0000000e+00   0.0000000e+00   0.0000000e+00   0.0000000e+00   0.0000000e+00   0.0000000e+00   0.0000000e+00   0.0000000e+00   0.0000000e+00   0.0000000e+00   0.0000000e+00   0.0000000e+00   0.0000000e+00   0.0000000e+00   0.0000000e+00   0.0000000e+00   0.0000000e+00   0.0000000e+00   0.0000000e+00   0.0000000e+00   0.0000000e+00   0.0000000e+00   0.0000000e+00   0.0000000e+00   0.0000000e+00   0.0000000e+00   0.0000000e+00   0.0000000e+00   0.0000000e+00   0.0000000e+00   0.0000000e+00   0.0000000e+00   0.0000000e+00   0.0000000e+00   0.0000000e+00   0.0000000e+00   0.0000000e+00   0.0000000e+00   0.0000000e+00   0.0000000e+00   0.0000000e+00   0.0000000e+00   0.0000000e+00   0.0000000e+00   0.0000000e+00   0.0000000e+00   0.0000000e+00   0.0000000e+00   0.0000000e+00   0.0000000e+00   0.0000000e+00   0.0000000e+00   0.0000000e+00   0.0000000e+00   0.0000000e+00
   0.0000000e+00   0.0000000e+00   0.0000000e+00   0.0000000e+00   1.7484471e-01   5.6352280e-02   1.7701823e-01   2.8537557e-01  -6.3797048e-02   2.2812508e-01   2.2056961e-01   0.0000000e+00   0.0000000e+00   3.6344020e-01   3.1948995e-01   6.8916344e-02   2.2824377e-01   3.1169899e-01   1.0031447e-01   6.6707693e-01   3.3967999e-01   1.7117261e-01   3.9541272e-01   2.6433697e-01   2.7064539e-01   3.1564098e-01   6.8341131e-02   2.4656819e-01   2.9813897e-01   3.0729762e-01   3.4734579e-01   2.4964955e-01   4.1673146e-01   4.1839448e-01   4.3332909e-01   1.7642232e-01   2.2816041e-01   1.4081964e-01   2.5583526e-02   4.2990712e-01   1.8423709e-01   3.5707560e-01   3.9297363e-01   1.8460249e-02   1.1735569e-01   4.5229805e-01   2.0598947e-01   4.5131682e-01   4.1760441e-01   1.3267258e-01   0.0000000e+00   1.0265524e-02   9.7712741e-02   3.2244543e-01   3.2982145e-01   4.6033624e-01   1.3936591e-01   2.1223559e-01   2.4823637e-02   5.1742901e-02   3.5682159e-02  -1.5075337e-01   3.2174209e-02   0.0000000e+00   1.2208648e-01   0.0000000e+00   9.9045506e-02   1.7820389e-01   4.0544444e-01   3.7784172e-01   4.0316345e-01   0.0000000e+00   0.0000000e+00   0.0000000e+00   0.0000000e+00   2.6761655e-01   2.9465260e-01  -7.3010597e-02   8.1126354e-02   6.9468301e-02  -1.4839671e-01   2.9504020e-01   2.2906533e-01   3.7445520e-01  -8.2947561e-02   2.6288981e-01   3.7183278e-01  -1.7785885e-01  -1.3156820e-02   3.1329340e-01   2.9846514e-01   1.2063785e-02   6.0620236e-02  -3.8211475e-02   1.0629117e-02   2.1115616e-01   2.6653446e-03   4.4149805e-02  -6.9391135e-02   2.3115926e-01  -4.0327855e-02  -4.2175987e-02   8.5895672e-02  -1.9070988e-01   8.6092788e-02   3.3098928e-01  -2.2238882e-03   9.1522792e-02   1.1246181e-01  -7.0524070e-02   1.8831597e-01   0.0000000e+00   0.0000000e+00   1.1781041e-01   0.0000000e+00   2.4274292e-01   8.0418534e-02   2.1565023e-01
   0.0000000e+00   0.0000000e+00   0.0000000e+00   0.0000000e+00   9.6066053e-02   6.0073772e-02   8.2925769e-02   1.9236222e-01  -1.1332793e-02   1.2630780e-01   5.0990388e-02   0.0000000e+00   3.6344020e-01   0.0000000e+00   5.4898247e-02  -6.5638797e-02   7.7805747e-02   6.2316453e-02   6.3480183e-02   1.8704692e-01   1.5069474e-01   1.9558210e-01   2.2924235e-01   1.3073433e-01   2.9380610e-01   1.6758700e-01   4.4272561e-02   1.1786915e-01  -1.7670991e-02   4.4554945e-02   7.6304208e-02   4.6938872e-02   1.3598707e-01   6.2929774e-02   9.6205527e-02  -1.7451261e-02  -4.8272069e-02   1.3260685e-02  -9.3983751e-02   1.2732791e-01   5.0261849e-02   1.1329945e-01   1.0524471e-01  -5.1057307e-02   7.1249121e-02   8.2934357e-02  -2.1154124e-02   8.3919064e-02   9.3722577e-02   1.4410716e-01   0.0000000e+00  -1.4466854e-01   2.2508866e-02   9.4744407e-02  -1.0305283e-05   6.5285161e-02   1.1834308e-01   1.1274505e-01   2.7036423e-02   2.4923734e-02   1.1297306e-01  -7.7451135e-02   1.0419320e-01   0.0000000e+00  -2.9301234e-02   0.0000000e+00  -3.0425251e-03   1.6100209e-01   2.1557887e-01   1.8720499e-01   2.0822143e-01   0.0000000e+00   0.0000000e+00   0.0000000e+00   0.0000000e+00   1.7875982e-01   2.7695158e-01   1.0873149e-01   1.6037592e-01   2.1731082e-01  -7.2688407e-02   2.9986400e-01   2.7916487e-01   1.7073168e-01   2.2791707e-03   1.1704936e-01   9.1264398e-02   6.4333209e-02   1.2007188e-01   2.4568678e-01   6.0352010e-02   3.8892056e-02   3.0685775e-02  -6.8798484e-02  -5.5923068e-03  -1.4046073e-02  -7.9596473e-02  -4.1875875e-02  -1.5398008e-02   9.2941899e-02   8.3766306e-03  -1.3401846e-01   8.3451102e-02  -7.2157911e-02   1.9020439e-01   2.3742011e-01   9.6169509e-02  -5.9831103e-02   1.7041429e-01  -6.4755086e-02  -8.4554748e-02   0.0000000e+00   0.0000000e+00  -9.6271776e-03   0.0000000e+00   2.3254464e-01   2.8099071e-01   2.6943798e-01
   0.0000000e+00   0.0000000e+00   0.0000000e+00   0.0000000e+00   2.1730825e-01   3.8922696e-02   2.2652706e-01   2.6509079e-01  -1.9838289e-02   1.1984991e-01   3.0918375e-01   0.0000000e+00   3.1948995e-01   5.4898247e-02   0.0000000e+00   3.6488497e-01   1.9765235e-01   2.2588726e-01   1.9556821e-01   3.4656081e-01   2.0443941e-01   8.0851899e-02   4.0817251e-02   1.9584909e-02   4.3944029e-02   1.0252869e-02   2.2525869e-01   2.1625875e-01   6.0213042e-01   3.1458112e-01   2.8674953e-01   7.0032265e-02   3.9703414e-01   3.4290169e-01   1.4535701e-01   4.0387648e-01   3.1326501e-01   1.2167439e-01   4.1684111e-02   2.2039142e-01   1.5539789e-01   2.0996538e-01   2.9510672e-01   7.3869174e-02   1.3964102e-01   4.0267791e-01   3.1018044e-01   5.7975746e-01   5.0734417e-01   1.8470210e-01   0.0000000e+00   2.8235519e-01   1.6122681e-01   1.8303891e-01   3.8668340e-01   5.1721030e-01   2.4920200e-01   2.3819261e-01   2.1752842e-01   2.3585919e-02  -1.2261569e-01  -1.2888544e-01  -2.3939653e-01   0.0000000e+00   2.5845513e-01   0.0000000e+00   2.4985606e-01   7.8633043e-02   2.4842031e-01   6.6439164e-02   7.0618859e-02   0.0000000e+00   0.0000000e+00   0.0000000e+00   0.0000000e+00   1.4440811e-01   1.5233714e-01   3.0907153e-02   9.1132042e-02  -3.2586623e-02  -5.3653323e-02   1.0287812e-01   4.3013856e-02   1.2248383e-01   2.6290657e-02   1.1105573e-01   3.9528916e-01  -9.4001361e-02   6.2701204e-02   4.8102756e-02   5.8000497e-02   1.6456244e-02  -8.2419777e-02  -9.2599943e-03   3.7276003e-02   1.2201529e-01   2.3241600e-01  -8.9639596e-02  -1.0707050e-01   1.0731245e-01   3.0953515e-02   1.7432427e-01  -1.1973409e-01  -1.4808456e-01   1.0944263e-01   3.3054816e-01   7.6027275e-02   1.2490052e-01   9.2451985e-02   1.2468241e-01   5.4627542e-01   0.0000000e+00   0.0000000e+00   3.3043780e-01   0.0000000e+00   2.1096305e-01  -5.9545122e-02   1.1089918e-01
   0.0000000e+00   0.0000000e+00   0.0000000e+00   0.0000000e+00   8.8484887e-02   1.0554590e-02   1.3967626e-01   1.7421159e-01   1.1508154e-01   3.8160729e-04   3.5068842e-01   0.0000000e+00   6.8916344e-02  -6.5638797e-02   3.6488497e-01   0.0000000e+00   9.9037209e-02   4.4473056e-02   4.4663125e-02   1.1552026e-01   1.6055322e-01  -5.0367516e-02  -3.1666780e-02  -3.1606329e-02  -3.5205445e-02  -7.7984730e-02   1.4574575e-01   8.5747879e-02   2.7364354e-01   1.5486691e-01   3.0239427e-02   3.5569215e-02   2.1217241e-01   1.7901640e-01   4.5122576e-02   3.7882374e-01   1.8394342e-01   1.1406108e-01   1.2434229e-01   1.3402418e-01   1.5874532e-01   1.5313866e-01   1.2425616e-01   6.3008607e-02  -5.6624665e-02   2.5110907e-01   2.1182452e-01   3.6725045e-01   2.5619340e-01   1.0683778e-01   0.0000000e+00   2.8967910e-01   1.5630203e-01   1.9539083e-01   5.8008607e-01   2.8565120e-01   2.5777433e-01   9.5800661e-02   4.4032760e-02  -4.3710347e-02  -1.8287387e-01  -9.7714157e-02  -1.2806407e-01   0.0000000e+00   2.0347647e-01   0.0000000e+00   1.9159000e-01   2.4149737e-02   1.2637111e-01   7.8636131e-02  -6.2147086e-02   0.0000000e+00   0.0000000e+00   0.0000000e+00   0.0000000e+00  -3.2281551e-02   7.1829116e-02   4.5352123e-02   4.0354066e-02  -1.2071848e-01   3.3685648e-02  -4.3296732e-02  -5.8072629e-02  -2.4557840e-02   3.7280793e-02   3.2718515e-02   1.7787227e-01  -8.1031960e-04   6.4538075e-02  -8.7759182e-02   5.7520255e-02   8.9870367e-02  -1.6572213e-02   2.3553026e-01   1.6628269e-01   1.1820976e-01   1.2025290e-01   1.2929054e-02   1.2656186e-02  -2.0931752e-02  -2.5822178e-02   2.3561804e-01  -1.8505929e-01  -1.1261979e-01   2.5838785e-01   2.0681530e-01   1.3787620e-01   1.8112153e-01   1.3153855e-01   3.0191455e-01   3.3319603e-01   0.0000000e+00   0.0000000e+00   2.0343133e-01   0.0000000e+00   1.4553226e-01  -4.8910403e-02  -2.8929561e-02
   0.0000000e+00   0.0000000e+00   0.0000000e+00   0.0000000e+00   5.5133000e-01   3.6326387e-01   1.9654470e-01   2.8640888e-01   3.9669667e-02   1.0606237e-01   2.9560750e-01   0.0000000e+00   2.2824377e-01   7.7805747e-02   1.9765235e-01   9.9037209e-02   0.0000000e+00   5.6427458e-01   5.1608931e-02   4.4444317e-01   1.9850088e-01   4.4776453e-02   1.1589407e-03   7.3731432e-02   2.1184572e-02   4.8997669e-02   3.4347145e-01   2.8376989e-01   3.6341764e-01   4.1530718e-01   4.1694262e-01   1.4482364e-01   3.4439642e-01   2.9469634e-01   1.3642972e-01   2.1050507e-01   1.5762350e-01   1.5595354e-01   4.1749509e-02   1.8393425e-01   1.5093968e-01   5.0225426e-02   1.1452628e-01   1.0522965e-03   2.0214534e-01   1.8196078e-01   3.1202721e-01   3.6703383e-01   2.2825133e-01   2.9607733e-01   0.0000000e+00   1.6223880e-01   4.1504346e-02   1.3826712e-01   2.2415412e-01   3.2649758e-01   2.8087091e-01   1.4305017e-01  -7.3053580e-02   4.9039620e-02  -3.4444499e-02  -5.2205695e-02  -2.8490982e-01   0.0000000e+00   1.4013200e-01   0.0000000e+00   1.6727671e-01   5.5278485e-02   1.2843998e-01   1.9742736e-01   2.3683995e-01   0.0000000e+00   0.0000000e+00   0.0000000e+00   0.0000000e+00   7.5927895e-02   9.5358910e-02   1.1958950e-01   1.6669913e-01   7.1122002e-02   7.3220676e-02   1.1483193e-01   1.5155097e-01   1.7568594e-01   2.5224418e-01   2.9266438e-01   2.8188450e-01   3.2461139e-02   2.6814215e-01   8.4035987e-02   9.1410606e-02   1.8394405e-01  -3.9283077e-03  -4.7456005e-02  -6.6309780e-02   9.9977845e-02   1.7461279e-01   2.9574714e-02  -2.1478964e-02   7.4706123e-02   8.8016348e-02   1.3836604e-01   1.7478302e-01  -3.2376048e-02  -1.8286662e-02   1.2706029e-01  -1.3778305e-02   5.1032086e-02   4.0010991e-02   2.7452107e-02   1.9976887e-01   0.0000000e+00   0.0000000e+00   1.5468892e-01   0.0000000e+00   2.2129900e-01   3.1770505e-02   5.0971684e-02
   0.0000000e+00   0.0000000e+00   0.0000000e+00   0.0000000e+00   3.9932720e-01   1.9910928e-01   2.5576319e-01   1.6473288e-01  -3.9886645e-02   2.5507972e-01   2.5267351e-01   0.0000000e+00   3.1169899e-01   6.2316453e-02   2.2588726e-01   4.4473056e-02   5.6427458e-01   0.0000000e+00   1.2443878e-02   6.7801299e-01   3.6928617e-01   1.2541723e-01   2.2582655e-01   1.0605678e-01   2.3892694e-01   1.3763943e-01   3.0660809e-01   3.8896317e-01   4.0643030e-01   4.5834455e-01   4.7539667e-01   1.2310846e-01   4.0592208e-01   3.4544222e-01   2.3057086e-01   6.6721197e-02   1.0685734e-01   1.1584221e-01  -7.1661291e-02   3.5957012e-01   1.5398382e-01   1.5437486e-01   4.1468941e-01   1.0029650e-01   1.2916548e-01   3.7790799e-01   3.0590843e-01   3.1436724e-01   3.4351928e-01   3.7220317e-01   0.0000000e+00   2.0423782e-02   1.4797242e-01   1.5605410e-01   2.3535505e-01   2.9109539e-01   1.8614016e-01   1.8848006e-01   7.0892103e-02   2.0299286e-01   4.4805388e-02  -9.2589523e-02  -3.4786389e-01   0.0000000e+00   1.5111004e-01   0.0000000e+00   2.6817866e-01   2.8857128e-01   3.5024613e-01   1.3106002e-01   3.5718553e-01   0.0000000e+00   0.0000000e+00   0.0000000e+00   0.0000000e+00   3.7207434e-01   3.2434978e-01   2.8766758e-02   1.7133983e-01   1.3052091e-01   2.8927112e-02   2.2043063e-01   3.4365384e-01   4.1406977e-01   2.2374647e-01   4.4951125e-01   4.4920392e-01   2.9881760e-02   2.3100021e-01   3.6186162e-01   3.3883868e-01  -5.2081427e-03  -6.5320104e-02  -1.8532134e-01   8.6544667e-03   1.0188321e-01   1.2209894e-01  -1.4046228e-02  -1.4330213e-02   8.0984377e-02   3.3487798e-02  -5.3085439e-02   2.9822985e-01  -6.2586464e-02  -1.0705835e-01   8.9770330e-02  -1.2268300e-02  -4.6507521e-02  -8.3947023e-03  -1.1326055e-01   2.1247285e-01   0.0000000e+00   0.0000000e+00   1.4096587e-01   0.0000000e+00   1.6667177e-01   2.3623455e-02   2.0740941e-01
   0.0000000e+00   0.0000000e+00   0.0000000e+00   0.0000000e+00   2.2842871e-01   1.2742944e-01   1.7319870e-01   1.4522967e-03  -1.1639601e-01   3.7709545e-02   1.5444595e-01   0.0000000e+00   1.0031447e-01   6.3480183e-02   1.9556821e-01   4.4663125e-02   5.1608931e-02   1.2443878e-02   0.0000000e+00   3.3041152e-02  -2.8221005e-02   7.6509092e-02   3.3840732e-03  -8.9239858e-02  -3.2228265e-02   1.9798575e-02   2.0758081e-01  -1.2826034e-02   6.2907670e-02   4.9898965e-02  -3.7157013e-02   1.0957589e-01   1.9679762e-01   1.1916678e-01   6.3353720e-02   1.9672617e-01   1.6335199e-01   1.6575798e-01   8.0390605e-02   3.2719017e-02  -2.0914964e-02   1.1530839e-01   2.8464653e-01   7.1227072e-02  -5.4571562e-02   9.7795008e-02   2.4972432e-01   5.4383122e-02  -2.7286320e-02   1.1240599e-01   0.0000000e+00   2.0535755e-01   1.1789471e-01   1.1368792e-01   7.5273650e-02   1.0996206e-02   1.3788272e-01   6.4902690e-02   6.5708254e-01   1.2849409e-01   3.2174982e-02   7.3914673e-02  -5.6234714e-02   0.0000000e+00  -5.8116053e-02   0.0000000e+00   2.6236097e-02   9.5579707e-02   1.7702034e-01   7.5036831e-02  -4.9246878e-03   0.0000000e+00   0.0000000e+00   0.0000000e+00   0.0000000e+00   1.1552803e-01   1.3012207e-01  -7.9885541e-03   1.3060908e-01   4.6186010e-02   1.3287569e-01   7.3963860e-02   3.8873360e-02   4.0249429e-02   1.1256631e-01   4.4743846e-02   1.4859001e-01   3.8862691e-02   1.0225413e-01   3.1441935e-02   6.3700215e-02   1.8878784e-01  -1.6428024e-01   1.9143905e-01   2.3590072e-01   3.2632826e-02   7.8258166e-02   9.4081290e-03   8.9736074e-02   1.8031485e-02  -1.5473758e-02  -2.6181444e-03  -6.8232510e-02   7.6908490e-02   1.2545131e-01   1.2718000e-01   1.1685756e-01   7.4271904e-02   1.9202009e-01   1.8349870e-01   1.4177552e-01   0.0000000e+00   0.0000000e+00   1.8544095e-01   0.0000000e+00  -2.5788796e-02   1.6423533e-02   7.9564414e-02
   0.0000000e+00   0.0000000e+00   0.0000000e+00   0.0000000e+00   2.6930490e-01   7.1929569e-02   2.1654431e-01   2.6548106e-01  -1.8691498e-01   2.6136072e-01   2.1743032e-01   0.0000000e+00   6.6707693e-01   1.8704692e-01   3.4656081e-01   1.1552026e-01   4.4444317e-01   6.7801299e-01   3.3041152e-02   0.0000000e+00   7.3953250e-01   3.8082455e-01   5.4666247e-01   3.2679247e-01   5.0607477e-01   3.9879999e-01   3.2137548e-01   3.6983528e-01   4.6634375e-01   4.7261623e-01   7.0938783e-01   2.9266917e-01   6.1148391e-01   6.2357493e-01   6.1826973e-01   2.1787596e-01   1.5787229e-01   1.7501744e-01  -9.4186315e-02   5.0711578e-01   1.5643365e-01   3.2333297e-01   3.5456576e-01   6.7924070e-02   1.7717366e-01   4.4796399e-01   2.8233340e-01   5.3163127e-01   4.7259628e-01   2.9632621e-01   0.0000000e+00   5.8041038e-03   1.6395473e-01   2.2761809e-01   3.2618262e-01   4.5750277e-01   2.8442846e-01   1.2783868e-01   3.2351529e-02   2.7506667e-01   1.4733636e-01  -1.1049715e-01  -1.4155024e-01   0.0000000e+00   1.5679439e-01   0.0000000e+00   1.8108048e-01   2.6405986e-01   3.3248182e-01   1.5295155e-01   5.0906705e-01   0.0000000e+00   0.0000000e+00   0.0000000e+00   0.0000000e+00   3.1948463e-01   2.9881688e-01  -9.9465840e-02   8.4179059e-02   1.3345173e-01  -7.2547290e-02   3.8979112e-01   4.2796643e-01   5.8909452e-01   4.8255239e-02   3.5955149e-01   4.6341521e-01   1.5749954e-02   4.2485828e-02   3.4136707e-01   3.2669655e-01  -8.7728986e-02  -4.9790524e-02  -1.9285224e-01  -2.5012589e-02   1.1097865e-01   2.2383179e-02  -6.1156648e-02  -1.5476876e-01   1.1860461e-01  -4.2745997e-02  -1.5305692e-01   1.3930833e-01  -6.6512970e-02   1.5824703e-02   1.3629314e-01  -6.0330634e-02   1.5956854e-03   3.6157153e-02  -1.6508285e-01   1.7940010e-01   0.0000000e+00   0.0000000e+00   4.9763605e-02   0.0000000e+00   2.2604594e-01   9.7895857e-02   2.6406032e-01
   0.0000000e+00   0.0000000e+00   0.0000000e+00   0.0000000e+00   1.2251112e-01  -1.2178844e-01   1.2250674e-01   1.2323458e-01  -1.8039652e-01   1.6486771e-01   1.1013921e-01   0.0000000e+00   3.3967999e-01   1.5069474e-01   2.0443941e-01   1.6055322e-01   1.9850088e-01   3.6928617e-01  -2.8221005e-02   7.3953250e-01   0.0000000e+00   4.1042160e-01   4.0297061e-01   2.7319475e-01   4.9054545e-01   2.6201964e-01   1.2241732e-01   2.8085949e-01   3.7438879e-01   4.3364422e-01   4.8025928e-01   2.5711357e-01   4.2112133e-01   4.8643002e-01   4.1514427e-01   1.9420090e-01   1.2334679e-01   1.3859171e-01  -6.9355295e-02   4.3951168e-01   1.0386248e-01   2.1562791e-01   2.3491551e-01   7.7602262e-02   1.5070275e-01   3.4040335e-01   1.3641005e-01   3.5876192e-01   3.3384155e-01   1.5830605e-01   0.0000000e+00  -7.2969187e-03   1.2870442e-01   1.4553808e-01   3.0777432e-01   2.6613322e-01   2.2687115e-01   1.0511336e-01  -1.0985606e-02   2.5742346e-01   1.0809720e-01  -7.6120730e-02  -6.1366768e-02   0.0000000e+00   1.3949281e-01   0.0000000e+00   8.0185181e-02   7.7803930e-02   1.9373081e-01   2.4808588e-02   2.8593395e-01   0.0000000e+00   0.0000000e+00   0.0000000e+00   0.0000000e+00   1.4668855e-01   1.4452910e-01  -1.6236622e-01  -4.2556453e-02   4.5480259e-02  -1.1002649e-01   1.6087752e-01   2.0393404e-01   3.3412641e-01  -4.3880957e-03   1.1112045e-01   2.3202438e-01  -2.5047342e-02  -5.0598977e-02   1.0750499e-01   2.1649812e-01  -1.3118893e-01  -1.5850773e-02  -1.8290148e-01  -9.3177924e-03   8.8797686e-02  -7.3317485e-02  -9.3184885e-03  -1.3076650e-01   7.3603149e-02  -8.9829550e-02  -1.1770040e-01  -4.1616474e-03  -7.4584527e-03   5.8626961e-02   5.7648705e-02  -3.0674878e-02   1.9616466e-02  -7.5013327e-02  -1.7319663e-01   9.3590298e-02   0.0000000e+00   0.0000000e+00  -3.0505252e-02   0.0000000e+00   7.6588124e-02   1.1612811e-02   2.0627158e-01
