   0.0000000e+00   0.0000000e+00   0.0000000e+00  -8.2451246e-03   1.5198677e-02  -6.1279186e-02   3.2672295e-01  -4.6587765e-02   1.3832534e-01   5.0877007e-03   1.4760763e-01  -9.2153899e-02  -1.7947251e-01  -2.7102593e-01   9.6493125e-02   6.8917277e-02   0.0000000e+00  -1.8056507e-01   8.9737212e-02   8.6641232e-02  -7.9124482e-02  -2.4950327e-01   5.6452754e-03   1.3156392e-02  -4.7005573e-03   5.7851422e-02  -1.2906754e-01  -4.1980674e-02  -1.2732317e-02   5.4385872e-03  -2.0987608e-01  -1.0222990e-01   1.1585992e-01  -1.1015412e-01  -1.1223190e-01  -1.1216199e-01  -3.5743676e-02  -4.7513063e-02   4.1153395e-02  -1.3606359e-02   4.0475810e-02  -4.6419884e-02   8.2505911e-03   6.0621198e-02  -1.6116419e-01  -5.7881877e-02   2.4393008e-02   2.7480073e-02  -1.1462935e-01  -8.5728988e-03   0.0000000e+00   4.8491478e-03  -3.1861749e-02  -8.8002632e-03  -5.9478580e-03   9.0824583e-02  -1.3532038e-01  -6.6860693e-02   1.0495756e-01   5.4535381e-02  -4.0368158e-02  -5.3019948e-02  -2.6064839e-01   1.6100835e-03  -1.6896973e-01   1.1705661e-01   1.3573239e-01   1.3604842e-01   1.0567142e-01  -2.6741167e-02  -4.3834817e-02   0.0000000e+00   1.8428007e-01  -6.6754612e-02   0.0000000e+00   3.0838035e-01   3.1242275e-01   1.2971331e-01   1.5273934e-01   1.8570270e-01   4.4198361e-02  -1.8123958e-01  -1.0011689e-01   2.1588656e-02  -3.9851814e-02  -7.3244968e-02   1.0692779e-01   1.8827735e-01   1.1735506e-01   1.5456600e-02  -3.8129204e-02   3.5542414e-02  -6.7217915e-02   2.0332738e-01   9.8908494e-02   7.9537767e-02  -1.3256836e-01   1.3267160e-02  -3.4150639e-02   5.5152264e-03  -6.8273480e-02  -7.1021452e-02   6.0897826e-03  -2.5201554e-03  -1.4635935e-01  -5.8188880e-02   3.6420635e-02   2.6400972e-02  -1.0481734e-01   1.8847449e-01   9.6903514e-02   0.0000000e+00   0.0000000e+00   0.0000000e+00   0.0000000e+00   9.5416427e-02   1.5021911e-01   1.1227309e-01
   0.0000000e+00   0.0000000e+00   0.0000000e+00   0.0000000e+00   0.0000000e+00   0.0000000e+00   0.0000000e+00   0.0000000e+00   0.0000000e+00   0.0000000e+00   0.0000000e+00   0.0000000e+00   0.0000000e+00   0.0000000e+00   0.0000000e+00   0.0000000e+00   0.0000000e+00   0.0000000e+00   0.0000000e+00   0.0000000e+00   0.0000000e+00   0.0000000e+00   0.0000000e+00   0.0000000e+00   0.0000000e+00   0.0000000e+00   0.0000000e+00   0.0000000e+00   0.0000000e+00   0.0000000e+00   0.0000000e+00   0.0000000e+00   0.0000000e+00   0.0000000e+00   0.0000000e+00   0.0000000e+00   0.0000000e+00   0.0000000e+00   0.0000000e+00   0.0000000e+00   0.0000000e+00   0.0000000e+00   0.0000000e+00   0.0000000e+00   0.0000000e+00   0.0000000e+00   0.0000000e+00   0.0000000e+00   0.0000000e+00   0.0000000e+00   0.0000000e+00   0.0000000e+00   0.0000000e+00   0.0000000e+00   0.0000000e+00   0.0000000e+00   0.0000000e+00   0.0000000e+00   0.0000000e+00   0.0000000e+00   0.0000000e+00   0.0000000e+00   0.0000000e+00   0.0000000e+00   0.0000000e+00   0.0000000e+00   0.0000000e+00   0.0000000e+00   0.0000000e+00   0.0000000e+00   0.0000000e+00   0.0000000e+00   0.0000000e+00   0.0000000e+00   0.0000000e+00   0.0000000e+00   0.0000000e+00   0.0000000e+00   0.0000000e+00   0.0000000e+00   0.0000000e+00   0.0000000e+00   0.0000000e+00   0.0000000e+00   0.0000000e+00   0.0000000e+00   0.0000000e+00   0.0000000e+00   0.0000000e+00   0.0000000e+00   0.0000000e+00   0.0000000e+00   0.0000000e+00   0.0000000e+00   0.0000000e+00   0.0000000e+00   0.0000000e+00   0.0000000e+00   0.0000000e+00   0.0000000e+00   0.0000000e+00   0.0000000e+00   0.0000000e+00   0.0000000e+00   0.0000000e+00   0.0000000e+00   0.0000000e+00   0.0000000e+00   0.0000000e+00   0.0000000e+00   0.0000000e+00   0.0000000e+00   0.0000000e+00   0.0000000e+00   0.0000000e+00   0.0000000e+00   0.0000000e+00   0.0000000e+00
   0.0000000e+00   0.0000000e+00   0.0000000e+00   0.0000000e+00   0.0000000e+00   0.0000000e+00   0.0000000e+00   0.0000000e+00   0.0000000e+00   0.0000000e+00   0.0000000e+00   0.0000000e+00   0.0000000e+00   0.0000000e+00   0.0000000e+00   0.0000000e+00   0.0000000e+00   0.0000000e+00   0.0000000e+00   0.0000000e+00   0.0000000e+00   0.0000000e+00   0.0000000e+00   0.0000000e+00   0.0000000e+00   0.0000000e+00   0.0000000e+00   0.0000000e+00   0.0000000e+00   0.0000000e+00   0.0000000e+00   0.0000000e+00   0.0000000e+00   0.0000000e+00   0.0000000e+00   0.0000000e+00   0.0000000e+00   0.0000000e+00   0.0000000e+00   0.0000000e+00   0.0000000e+00   0.0000000e+00   0.0000000e+00   0.0000000e+00   0.0000000e+00   0.0000000e+00   0.0000000e+00   0.0000000e+00   0.0000000e+00   0.0000000e+00   0.0000000e+00   0.0000000e+00   0.0000000e+00   0.0000000e+00   0.0000000e+00   0.0000000e+00   0.0000000e+00   0.0000000e+00   0.0000000e+00   0.0000000e+00   0.0000000e+00   0.0000000e+00   0.0000000e+00   0.0000000e+00   0.0000000e+00   0.0000000e+00   0.0000000e+00   0.0000000e+00   0.0000000e+00   0.0000000e+00   0.0000000e+00   0.0000000e+00   0.0000000e+00   0.0000000e+00   0.0000000e+00   0.0000000e+00   0.0000000e+00   0.0000000e+00   0.0000000e+00   0.0000000e+00   0.0000000e+00   0.0000000e+00   0.0000000e+00   0.0000000e+00   0.0000000e+00   0.0000000e+00   0.0000000e+00   0.0000000e+00   0.0000000e+00   0.0000000e+00   0.0000000e+00   0.0000000e+00   0.0000000e+00   0.0000000e+00   0.0000000e+00   0.0000000e+00   0.0000000e+00   0.0000000e+00   0.0000000e+00   0.0000000e+00   0.0000000e+00   0.0000000e+00   0.0000000e+00   0.0000000e+00   0.0000000e+00   0.0000000e+00   0.0000000e+00   0.0000000e+00   0.0000000e+00   0.0000000e+00   0.0000000e+00   0.0000000e+00   0.0000000e+00   0.0000000e+00   0.0000000e+00   0.0000000e+00   0.0000000e+00   0.0000000e+00
  -8.2451246e-03   0.0000000e+00   0.0000000e+00   0.0000000e+00   2.4928131e-02  -5.3821216e-02   8.2778505e-02   6.8639260e-02  -9.5645350e-02   5.9412073e-02   1.5548564e-01  -3.7347428e-02   5.1173425e-02   1.9199167e-01   3.7447410e-03   5.1227621e-02   0.0000000e+00   1.3342740e-01   3.3711455e-02  -2.6244300e-02   1.0320809e-01  -5.2618139e-02   3.0725991e-01   2.4642512e-01   1.1066003e-02   6.3202388e-02  -2.2209744e-03   8.2626692e-02   1.5474341e-03   6.3956599e-02   1.2849937e-01   2.7378829e-02  -2.5191728e-02  -5.0199604e-02   7.7784997e-02  -5.6484166e-02  -4.4786593e-02   1.8028491e-01   8.7302164e-02   2.0771686e-01   1.8082525e-01   9.0229748e-02  -1.2996880e-01   7.7007935e-02   1.5471318e-01   6.8502948e-03   4.9225464e-02   1.1366004e-01  -3.1300166e-03   5.5608408e-02   0.0000000e+00  -7.0598553e-02  -4.6345011e-02   1.1998221e-01  -1.6858509e-02   2.7386405e-02  -4.4776129e-03   2.5980657e-02   6.4691584e-02  -6.5290869e-02   3.5154105e-03  -3.5786077e-02   4.0717643e-02   1.3923654e-02   2.2012398e-02   1.1417151e-03  -1.0395232e-01  -8.1197842e-02  -4.7619118e-02   2.4982814e-02   1.4799866e-01   0.0000000e+00  -3.6399230e-02  -2.0649622e-02   0.0000000e+00  -9.0202928e-02  -1.1980402e-01  -8.8449220e-02  -1.5466634e-01   1.4704760e-02  -1.7954940e-01   6.7219589e-02   8.1493978e-02   1.0658533e-02  -9.3297983e-02  -7.6694062e-02  -9.7611171e-02  -1.3620260e-01  -1.1500039e-01   8.2370303e-03  -8.1361894e-02  -1.0189216e-01   3.7508847e-02  -1.3745995e-01  -8.2856657e-02   7.0768165e-02   1.1817056e-02   5.2498662e-02  -7.7282781e-02  -3.5534698e-02  -3.2137023e-02   3.9272303e-02  -8.3530114e-03  -1.1553034e-01  -2.0304717e-02  -1.0582871e-01   1.6846758e-02  -6.3315382e-02  -2.5645022e-02  -4.3455069e-02  -8.4205753e-02   0.0000000e+00   0.0000000e+00   0.0000000e+00   0.0000000e+00   8.5381698e-02  -2.3214081e-02   9.7756336e-02
   1.5198677e-02   0.0000000e+00   0.0000000e+00   2.4928131e-02   0.0000000e+00   3.4030903e-01   6.9707354e-02   5.0669239e-03  -1.6682181e-01   2.5615821e-01   1.7981821e-01   9.8377107e-02   3.3873536e-01   1.0418068e-01   2.0303737e-01   1.4340154e-02   0.0000000e+00   3.1399163e-01   2.1463873e-01   3.1825531e-01   2.4405673e-01   1.5859234e-01  -9.0508789e-06  -5.0011371e-03   2.8773812e-01   1.5139253e-01   4.6323778e-01   2.4064180e-01   2.8375595e-01   2.1834420e-01   3.0680731e-01   1.4663259e-01   8.8660132e-02   2.0501381e-01   9.1175116e-02   2.0747411e-01   6.9331102e-02  -3.5945519e-02  -7.8735478e-02   1.0125307e-01   1.2184132e-01  -6.0372230e-02   2.5533695e-01  -8.4208447e-02   2.0059534e-01   7.3563536e-02   3.5976674e-01   9.6833023e-02   3.5278221e-01   3.1949746e-01   0.0000000e+00   2.9152333e-01   8.4040498e-02   1.2855392e-01   1.0436596e-01   2.6641545e-01   3.9161604e-01   1.5079045e-01   1.6636192e-01   8.6505815e-03  -1.9845733e-01  -1.1107000e-01   6.0646064e-02   2.6740132e-01   1.7612279e-01   2.2030330e-01   1.0238619e-01   1.8942750e-02   1.5464031e-01   3.2886728e-01  -6.0711306e-02   0.0000000e+00   8.4464853e-02   2.1372898e-02   0.0000000e+00  -5.9343075e-02  -1.2969168e-01   2.6203466e-02   7.3718448e-02  -9.7004791e-02   1.3577856e-01   3.8272744e-01   1.6733488e-01   2.8060946e-01   4.0192358e-01   1.3818478e-01   2.9440578e-01   1.5373361e-01   2.9796063e-01  -1.8666500e-01  -4.6050159e-02   3.1559462e-01  -1.6588918e-01   1.0230346e-01   7.6161696e-02  -1.1143835e-01  -3.7136104e-02  -1.1306057e-01  -1.9554784e-01  -1.2435281e-01   7.7303238e-02  -1.7722322e-01  -1.9085782e-01  -1.1071128e-01   4.4692869e-02   1.3290913e-01  -5.5341314e-02   1.5867633e-01  -5.7154461e-02   1.2446718e-01   1.8445089e-01   0.0000000e+00   0.0000000e+00   0.0000000e+00   0.0000000e+00  -1.3403689e-02  -6.5157139e-02  -1.9880358e-01
  -6.1279186e-02   0.0000000e+00   0.0000000e+00  -5.3821216e-02   3.4030903e-01   0.0000000e+00   1.2272521e-02   6.0209850e-02  -1.6146056e-01   9.1544903e-02   3.4709534e-03   1.7470834e-01   1.4570178e-01   4.7066759e-02   1.0486587e-01   2.2773032e-02   0.0000000e+00   2.1626971e-01   2.4992752e-02   4.3884904e-02  -5.1335779e-02   7.8587990e-02  -1.1062161e-01  -1.0297687e-01   1.1508777e-01   3.5154149e-02   3.9410605e-01   7.3428476e-02   1.6082844e-01   3.4993632e-02   1.9542859e-01   1.8092549e-01   4.6081290e-02   1.3556277e-01   5.6346921e-02   1.6164388e-01  -5.6038262e-02  -2.3851297e-02   7.0426866e-02  -6.4270573e-02  -2.4830324e-02   4.0011679e-02   2.0201971e-01  -2.2185530e-02   1.2324137e-01   5.2779310e-02   1.0235947e-01   1.6348116e-01   1.2742353e-01   2.1720920e-01   0.0000000e+00   1.4232274e-01   9.2587080e-02   1.0000674e-01   8.7183449e-02   1.2647532e-01   2.9608482e-01   1.4795430e-01   9.8319953e-02  -9.1696059e-02  -1.4022720e-01   1.3788006e-02   1.0221416e-01   1.9452073e-01   1.9642701e-01   8.0802873e-02   9.1542299e-02   1.6188742e-01   9.7632786e-02   2.1825849e-01   3.0405879e-02   0.0000000e+00   1.5578505e-01   1.5345317e-01   0.0000000e+00   2.1668924e-03  -4.3679881e-02   1.0472452e-01   2.6553665e-01   1.1028085e-02   4.8003174e-02   2.5250308e-01   2.3051271e-01   9.7023363e-02   2.2878448e-01   1.6568059e-01   1.7736792e-01   9.3622553e-02   1.6032620e-01  -3.2788275e-02   2.0206588e-02   2.5109075e-01  -4.4145929e-02  -3.2509605e-02   9.4897937e-02   6.9151042e-02  -1.9113011e-02  -4.9488989e-02  -7.7293826e-02  -3.0759683e-02   2.1918028e-01  -1.1579723e-01   1.5497997e-02  -2.9214212e-02   4.1215185e-02   1.6613665e-01   4.6604414e-02   1.1799107e-01   3.8091789e-02   4.8497276e-02   3.3811121e-02   0.0000000e+00   0.0000000e+00   0.0000000e+00   0.0000000e+00   1.1519750e-02  -9.9714310e-02  -1.9142090e-01
   3.2672295e-01   0.0000000e+00   0.0000000e+00   8.2778505e-02   6.9707354e-02   1.2272521e-02   0.0000000e+00   1.7614798e-01  -2.2491035e-02  -1.5101042e-01   1.8343460e-01   1.1342509e-01  -4.2551905e-02   4.8500637e-02   8.8041233e-02   5.5670367e-02   0.0000000e+00  -1.6706294e-01   5.4492483e-02   1.2209623e-01   7.6942111e-02  -2.0447575e-01   1.4220915e-01   1.2110736e-01   4.6874252e-02   1.7318956e-02  -1.1793293e-01   5.9953467e-02   5.6422771e-02   1.9996696e-01  -5.1029501e-02  -2.0838789e-01   5.1985840e-02   1.2523155e-01  -1.4200609e-02  -1.1784076e-01   6.8066323e-03   1.7903955e-02  -2.7171710e-02   1.7824416e-01   4.8721750e-02  -3.9446412e-02  -6.8450189e-02  -2.5176019e-02  -2.1844070e-02   1.2140333e-01   7.6138944e-02   6.2978152e-02   1.3339299e-02   1.2937337e-01   0.0000000e+00   3.9597720e-02   4.1183134e-02   1.2609868e-01   1.2658024e-01   1.7297749e-01  -1.2764297e-01   3.0023263e-02   1.3206217e-02   3.9749611e-02   3.4576535e-02  -5.7161550e-02  -7.8932728e-02   1.6100417e-01  -4.9652137e-02   3.2039161e-01   2.3754001e-01   2.1378045e-01   2.9182245e-01  -7.2399329e-02   2.0397687e-02   0.0000000e+00   1.4197130e-01  -2.9389745e-01   0.0000000e+00   2.1124489e-01   1.5520354e-02   1.0138391e-01   1.3724996e-01   1.0944282e-01   1.7579551e-02  -9.1636827e-02   1.9711714e-01   3.7683681e-02  -4.4887302e-02  -1.6307293e-01   1.2525727e-01   2.0037737e-01   1.7226310e-01  -1.9389009e-02  -8.9609218e-02   5.7476890e-02   1.7585977e-02   2.2569723e-01   1.2931579e-01   7.7119074e-02  -8.7280820e-02  -6.3504754e-02  -1.3386650e-01  -6.0463076e-02  -2.0983234e-01  -1.0904919e-01  -2.1559065e-01  -1.3313336e-01   8.3714748e-03  -4.2931142e-03   1.7702152e-01   1.1923755e-01   4.5170043e-02   1.9206155e-01   1.8429817e-01   0.0000000e+00   0.0000000e+00   0.0000000e+00   0.0000000e+00   2.9408221e-01   1.2771174e-01   7.7442896e-02
  -4.6587765e-02   0.0000000e+00   0.0000000e+00   6.8639260e-02   5.0669239e-03   6.0209850e-02   1.7614798e-01   0.0000000e+00  -1.3748682e-01  -8.6703346e-02   3.1935327e-02  -1.2265246e-01  -4.6905852e-02  -1.5157664e-03   3.5500305e-02   1.0417831e-01   0.0000000e+00   2.9217158e-03  -4.3183468e-02  -5.2238910e-02  -1.3796237e-01  -1.6920707e-02  -1.3769640e-01  -6.7762074e-02  -6.0370482e-02  -3.8875103e-02  -1.3790215e-03   5.1359613e-02   3.3690774e-03   1.9028139e-02  -1.8582968e-03  -3.1873607e-02  -1.2001979e-02   3.6776803e-02   6.6780739e-03  -1.2740000e-01  -1.2822535e-01  -7.0555900e-02  -5.0801490e-02  -2.3852921e-02  -5.0256386e-02  -7.1924465e-02  -5.3462998e-02  -1.1039912e-01  -1.0020860e-01  -9.3053532e-03   2.3069428e-02   1.2857875e-01   1.1653811e-03   4.7790455e-02   0.0000000e+00  -6.2649079e-02  -2.2608580e-02   5.3557624e-02  -3.7207643e-02   6.9152373e-02  -7.4298534e-02   4.2875374e-02  -8.6800630e-02  -9.9462782e-03   1.4553713e-02   2.2399001e-02  -4.3608547e-02  -6.4771652e-02  -1.0507961e-01  -6.1075389e-02   1.5059198e-01   1.4038838e-01   1.0831797e-01  -8.8359292e-02  -6.2938944e-02   0.0000000e+00  -6.4796677e-03  -2.1132573e-02   0.0000000e+00   1.1924452e-01  -4.9818896e-02   1.5775004e-01   1.4409607e-02   1.3397749e-01  -4.0321164e-02  -5.2715764e-02   8.1561782e-02  -1.6557707e-02  -1.2419238e-01   6.3139711e-02   2.7038847e-02   6.4362246e-02   7.9490055e-02   1.6563227e-01  -1.5354041e-01  -1.1111235e-01   2.8146836e-02  -4.9756289e-02  -8.2345593e-02  -1.3828463e-02  -1.4707444e-01  -1.3340367e-01  -2.1792116e-01  -4.5638682e-02  -3.7521027e-03  -1.5221848e-01  -7.2335314e-02  -9.0174537e-02  -1.4834366e-02   2.8584465e-02   8.3343977e-02   2.8468899e-02   3.2930769e-02  -6.0883166e-02  -1.8688917e-02   0.0000000e+00   0.0000000e+00   0.0000000e+00   0.0000000e+00   7.0000941e-01   6.1772579e-02  -2.9502722e-03
   1.3832534e-01   0.0000000e+00   0.0000000e+00  -9.5645350e-02  -1.6682181e-01  -1.6146056e-01  -2.2491035e-02  -1.3748682e-01   0.0000000e+00  -1.0383627e-01  -9.3613526e-02  -1.5627180e-01  -2.6376946e-01  -7.3592198e-02  -1.7853337e-01  -1.0262527e-01   0.0000000e+00  -2.2913648e-01  -7.2251987e-02  -1.9582351e-01  -2.4540245e-01  -3.3376630e-02  -9.3047558e-03  -1.1871248e-01  -2.4178263e-01  -4.5428050e-02  -2.5192844e-01  -1.1507125e-01  -3.5350771e-01  -1.5423719e-01  -1.9106022e-01  -1.0083831e-01  -2.2932173e-01  -2.3970350e-01  -1.4719591e-01  -2.4287475e-01  -2.9988774e-01   7.9905611e-02   1.3837590e-01   2.8409485e-02   4.1910019e-02   5.0718863e-02  -1.9106624e-01   1.0975942e-01  -1.0424854e-01  -2.7774394e-01  -2.2271247e-01  -2.0749365e-02  -2.2194753e-01  -8.0353645e-02   0.0000000e+00  -2.9240185e-01  -6.6710293e-02  -5.9457896e-02  -1.5352407e-01  -1.3004442e-01  -2.7147182e-01  -7.6253623e-02  -2.3513294e-01   1.2772055e-02   1.6169554e-01   1.0017586e-01  -5.9877348e-02  -2.4259017e-01  -1.2942969e-01  -1.7115076e-01  -1.1083148e-02  -1.8918815e-02  -1.5468476e-02  -6.1810404e-02   1.3485457e-01   0.0000000e+00  -3.1107921e-02   3.3107826e-03   0.0000000e+00   1.6354447e-01   3.7166292e-01  -4.3208243e-02   1.0867290e-01   9.6675332e-03  -1.1607896e-02  -1.4961987e-01  -1.1689014e-01  -1.0790102e-01  -2.3017820e-02  -1.1268271e-01  -1.3196938e-01  -7.5744765e-02  -1.6259851e-01   1.0872299e-01   8.3241821e-03   5.3471348e-02   1.7430238e-01   2.0034988e-02   1.1586453e-01   1.1443708e-01   1.9391371e-01   1.1979725e-01   2.7474695e-01   9.0133613e-02  -9.0126809e-02   2.0502602e-01   2.8816530e-01   4.7243041e-02   6.0098113e-02  -1.7783165e-02   9.1270069e-02  -2.1777056e-02   1.8337543e-01   5.0482806e-02  -8.6239606e-02   0.0000000e+00   0.0000000e+00   0.0000000e+00   0.0000000e+00  -1.3360118e-01   1.1066382e-01   5.0054681e-02
   5.0877007e-03   0.0000000e+00   0.0000000e+00   5.9412073e-02   2.5615821e-01   9.1544903e-02  -1.5101042e-01  -8.6703346e-02  -1.0383627e-01   0.0000000e+00   2.4463886e-01  -7.3671561e-02   1.8898476e-01   2.2747283e-02   3.9998037e-02  -5.7533964e-02   0.0000000e+00   2.2619494e-01   4.8744620e-02   1.3052814e-01   2.8932083e-01   1.5287730e-01   6.1374088e-02   1.9325704e-01   2.4299358e-01   8.3641219e-02   4.2511997e-01   3.2893150e-01   1.5545515e-01   1.9499061e-01   2.4067269e-01   3.3184410e-01   3.0522508e-01  -1.8876808e-02   2.2359551e-01   3.4009754e-01   1.3705179e-01   1.5884887e-01   1.8302066e-01   2.5705212e-01   2.1488243e-01   1.1075956e-01   2.8779600e-01   1.5316752e-01   1.7972474e-01   1.3093672e-01   3.3485352e-01  -3.6000230e-02   8.0317238e-02   1.3062870e-02   0.0000000e+00   2.9051394e-01   8.3262107e-02  -1.0202207e-01  -5.1130929e-03   5.1075749e-02   3.8217921e-01  -4.3668859e-02   1.7025065e-01   9.0454003e-02  -1.5841330e-01  -8.2406276e-02  -3.9439832e-02  -2.0895664e-02  -2.1038465e-03  -6.6205736e-02  -2.4407380e-01  -2.4625595e-01  -5.8487698e-02   1.3794341e-01  -3.1551402e-02   0.0000000e+00   7.5295053e-02   1.5363054e-01   0.0000000e+00  -2.2518952e-01  -9.1067680e-02  -1.7773548e-01   2.1008658e-02  -1.6961282e-01   1.3611254e-02   2.1552754e-01  -3.4956246e-02   5.3678170e-02   1.4037816e-01   4.8601747e-02   8.8524158e-02  -8.0079536e-02  -8.8835087e-02  -2.5122073e-01   1.8647656e-02   7.2384860e-02  -2.8288697e-01  -4.0906437e-02  -1.3905629e-01  -1.2148078e-01  -1.5752753e-01   9.1748679e-02  -1.0093552e-01  -1.2534313e-01   1.4553692e-01  -2.9105608e-02  -9.0632062e-02   4.9519214e-02  -2.4191996e-01  -1.8850446e-01  -1.1700809e-01  -1.0311336e-01  -2.5819560e-01  -1.5319787e-01  -9.9840053e-02   0.0000000e+00   0.0000000e+00   0.0000000e+00   0.0000000e+00  -1.2342933e-01  -1.8275168e-01  -7.8606724e-02
   1.4760763e-01   0.0000000e+00   0.0000000e+00   1.5548564e-01   1.7981821e-01   3.4709534e-03   1.8343460e-01   3.1935327e-02  -9.3613526e-02   2.4463886e-01   0.0000000e+00  -1.8446617e-01   1.0692351e-01   1.5796479e-01   1.3654474e-01   1.6529520e-01   0.0000000e+00   9.2048645e-02  -1.2325141e-02   9.0042009e-02   1.9425254e-01   6.1433039e-02   3.0501862e-01   2.9383772e-01   1.2260592e-01   2.5154049e-01   7.3521237e-02   2.6863727e-01   1.8298360e-02   3.1583384e-01   1.6174580e-01   7.0190357e-02   9.1438624e-02   8.9202559e-02   1.2561383e-01   6.4940098e-02   1.0857450e-02   2.3578073e-01   2.4705786e-01   4.8125710e-01   3.9794224e-01   1.7803987e-01   1.4457643e-02   2.0056472e-01   1.7819925e-01   5.6745568e-02   1.1355737e-01   6.2755746e-02   1.1663089e-04   1.1631607e-01   0.0000000e+00   8.1154136e-02  -4.2517336e-02   1.6630746e-01   7.6682058e-02   1.0948247e-01  -1.1273993e-02   5.9153974e-02   2.8393358e-02   7.4486578e-02  -1.2607440e-02  -1.1146023e-01   1.3937203e-01  -1.5340079e-04  -6.0678759e-02  -3.8339557e-03  -2.6797997e-03  -3.8199268e-02   9.2295611e-02  -3.4857136e-02   1.3572674e-01   0.0000000e+00   1.2502885e-01   6.3134059e-02   0.0000000e+00  -6.2296199e-02  -3.2064678e-02  -5.5830214e-02  -9.0091562e-02  -4.8283260e-02  -1.0762843e-01   7.6662433e-02   1.4094071e-01   1.4529457e-02   2.5790931e-02   3.2025318e-02  -2.8967799e-02  -1.1605270e-02   2.6878059e-03  -7.4335184e-02  -1.3567747e-01  -8.3978889e-02  -1.4347359e-01   3.5668626e-02  -8.7800553e-02   2.0437572e-02  -3.5090287e-02   1.4617722e-01  -1.3933251e-01  -1.1105568e-01   4.0860655e-03  -3.3903248e-02  -1.1035303e-01  -1.0305293e-01  -8.3885050e-02  -9.1722069e-02   3.4361692e-02  -4.2656391e-02  -2.0247398e-02  -3.5239946e-03   2.6443351e-02   0.0000000e+00   0.0000000e+00   0.0000000e+00   0.0000000e+00   6.8969165e-02  -1.1595038e-03   4.5575517e-02
  -9.2153899e-02   0.0000000e+00   0.0000000e+00  -3.7347428e-02   9.8377107e-02   1.7470834e-01   1.1342509e-01  -1.2265246e-01  -1.5627180e-01  -7.3671561e-02  -1.8446617e-01   0.0000000e+00   2.5251828e-01   8.8234696e-02   2.4510007e-02   1.5719517e-03   0.0000000e+00   1.3121444e-01   1.1855974e-01   2.1042235e-02   2.8406408e-01   1.6438048e-01   1.2756165e-02  -1.4734125e-02   1.8362764e-01  -2.0413934e-02   1.9786589e-01   1.7083699e-02   2.0236000e-01   3.3526177e-02   1.8702033e-01   1.4132075e-01   1.6202312e-01   2.8411536e-01   9.3896312e-03   3.7255896e-01   2.7970771e-01  -1.8723618e-02  -5.4022099e-02  -7.1157153e-02  -1.0195807e-01   3.2308011e-02   2.6481968e-01   5.1574656e-02   1.9651187e-01   3.5060910e-01   6.9523545e-02   7.5536704e-02   1.4867946e-01   1.3481475e-01   0.0000000e+00   2.1323103e-01   1.7607774e-01   8.8218615e-02   1.0715928e-01   1.2305343e-01   2.2110452e-01   1.0198406e-01   2.3364725e-01  -4.7785026e-02   3.4804682e-04   4.2587693e-02   1.2576869e-01   2.6137695e-01   9.6630575e-02   2.8766023e-01  -1.5685384e-01   7.4055511e-02   1.8250701e-02   8.4561019e-02  -6.2327224e-02   0.0000000e+00  -6.2906423e-02  -1.9733807e-01   0.0000000e+00  -1.5675359e-01  -1.1816597e-01   5.7007860e-03   8.8594476e-02  -5.6193787e-04   1.0439970e-01   1.6106149e-01   8.0923042e-02   3.6720648e-02   1.2040378e-01  -7.4346758e-02  -3.4078521e-03   4.7830377e-02  -1.6776796e-02  -1.1371835e-01   2.0274072e-01   1.6305272e-01  -1.2677842e-01   4.6248681e-02   1.1622792e-01   7.2993017e-03  -1.8351337e-02   6.5402807e-02   8.9122555e-02   6.7832505e-02   1.0041587e-01   4.3864909e-03  -1.2427822e-01   4.4899262e-02  -3.7078572e-02   5.4105518e-02   4.5166655e-02   1.1660148e-01  -6.3302045e-02   1.3001656e-02   1.0062886e-01   0.0000000e+00   0.0000000e+00   0.0000000e+00   0.0000000e+00  -8.5688347e-02  -9.8387361e-02  -1.4132153e-01
  -1.7947251e-01   0.0000000e+00   0.0000000e+00   5.1173425e-02   3.3873536e-01   1.4570178e-01  -4.2551905e-02  -4.6905852e-02  -2.6376946e-01   1.8898476e-01   1.0692351e-01   2.5251828e-01   0.0000000e+00   3.1093956e-01   2.7546601e-01   1.5376123e-01   0.0000000e+00   3.5941244e-01   4.7527509e-02   3.4461202e-01   6.1833081e-01   5.0566348e-01   1.8289236e-01   2.4544686e-01   3.0556903e-01   5.4106534e-02   4.5445784e-01   2.9987566e-01   3.4031499e-01   4.5425791e-01   4.7819525e-01   1.9974084e-01   4.0432713e-02   2.7197229e-01   2.9761855e-01   2.5468317e-01   2.2815847e-01  -3.9070532e-02  -1.2149238e-01   5.7922082e-02  -6.9973380e-04  -9.8522826e-02   2.6473218e-01  -1.4382834e-01   3.7208824e-01   2.8737405e-01   2.2686755e-01   1.4733436e-01   4.6565303e-01   2.4301325e-01   0.0000000e+00   2.8501130e-01   2.3854272e-02   1.3605429e-01   1.7301481e-01   3.3814251e-01   3.8046960e-01   1.1887700e-01   2.0981795e-01  -5.9394189e-02  -5.1518628e-02  -7.8404668e-03   3.5662047e-01   2.0729730e-01   1.4742958e-01   1.1453315e-02  -1.5202519e-01  -5.0069960e-02   5.7021542e-02   2.0252502e-01   6.5849348e-03   0.0000000e+00   5.8207181e-03   3.7276900e-02   0.0000000e+00  -1.4389054e-01  -3.4584679e-01  -2.3560455e-02  -5.7120733e-02  -1.5510903e-01   5.2346496e-02   5.2531066e-01   2.0252392e-01   2.5684425e-01   2.2756799e-01   2.4163486e-01   1.8840752e-01   8.7843038e-02   1.0882882e-01  -1.6966006e-01   3.3640434e-02   1.1046647e-01  -1.4793304e-01  -2.8716380e-02  -1.8593426e-01  -8.2573139e-02  -5.6694074e-03  -1.5283762e-01  -2.6163004e-01  -5.5559718e-02   1.9818437e-01  -1.3852473e-02  -2.6783351e-01  -1.2044926e-01   5.9950788e-02   8.9295302e-02  -4.6645429e-02   7.8046238e-02  -5.3899822e-02  -4.8003949e-02   1.4019889e-01   0.0000000e+00   0.0000000e+00   0.0000000e+00   0.0000000e+00  -3.9404034e-02  -2.6974707e-01  -1.9142975e-01
  -2.7102593e-01   0.0000000e+00   0.0000000e+00   1.9199167e-01   1.0418068e-01   4.7066759e-02   4.8500637e-02  -1.5157664e-03  -7.3592198e-02   2.2747283e-02   1.5796479e-01   8.8234696e-02   3.1093956e-01   0.0000000e+00  -1.1482906e-02   3.2271397e-02   0.0000000e+00   8.2818745e-02  -3.7857482e-02   1.7873152e-03   2.1489352e-01   3.9979126e-01   4.7168675e-01   3.4369426e-01   1.7634004e-01   1.5212837e-01   9.9754037e-02   1.9959290e-01  -1.6223159e-01   2.4158319e-01   1.7942629e-01  -7.5477224e-02  -1.4818227e-01   1.0567753e-01   1.0394447e-01  -1.5589588e-02   7.4479318e-02   2.0948805e-01   1.4556540e-01   2.8283829e-01   1.9342373e-01   5.2722094e-02  -1.1688811e-01   2.0055434e-02   3.0748743e-01   9.9957991e-02   2.3640220e-04   1.0199219e-01   7.5666281e-02   1.3130162e-01   0.0000000e+00  -5.7717614e-02   2.5109321e-03   2.5807491e-01   2.0062125e-02  -3.7520992e-02   3.9290784e-02  -1.7991614e-03  -5.7374234e-02  -8.6394639e-02   3.2224101e-01   1.1458055e-01   7.1929589e-01  -4.7456292e-02  -8.8195326e-02  -6.7928847e-02  -1.6539628e-01   4.1459354e-02   4.5285084e-02   1.8702756e-02   3.4384487e-01   0.0000000e+00  -9.4175340e-02  -1.8023888e-01   0.0000000e+00  -6.1096265e-02  -2.4583262e-01  -1.5798589e-01  -9.0565577e-02  -6.7553141e-02  -7.8551419e-02   2.9163072e-01   4.2058186e-01   3.3739228e-03  -6.2776937e-02  -7.1466747e-02  -8.7886455e-02   1.6891969e-03  -5.4537605e-02  -2.3656906e-02  -8.5046508e-02  -1.2155014e-02  -6.1918775e-02   2.0142781e-02  -8.8776939e-02  -3.9841040e-02   1.0756526e-01   6.5974705e-02  -8.6831176e-02  -7.5405302e-02  -1.2812747e-01   9.8037382e-02  -1.1693523e-01  -9.4786191e-02   2.2862068e-01   1.0997501e-02  -2.4180920e-02  -3.7237957e-02   1.8705992e-01   5.2705742e-02  -6.4601992e-02   0.0000000e+00   0.0000000e+00   0.0000000e+00   0.0000000e+00   5.1657903e-02  -2.2703255e-01  -3.1369420e-02
   9.6493125e-02   0.0000000e+00   0.0000000e+00   3.7447410e-03   2.0303737e-01   1.0486587e-01   8.8041233e-02   3.5500305e-02  -1.7853337e-01   3.9998037e-02   1.3654474e-01   2.4510007e-02   2.7546601e-01  -1.1482906e-02   0.0000000e+00   2.3963220e-01   0.0000000e+00   3.6333514e-02   3.6749837e-02   1.3883260e-01   2.4793236e-01   1.5440196e-01  -4.7291740e-02   9.4467648e-03   1.8099866e-01  -1.5811897e-01   1.6939405e-01  -2.5399036e-02   2.8262563e-01   2.1008603e-01   1.6151237e-01   2.0467575e-02   1.2296424e-01   1.0133923e-01   2.2438177e-02   5.3634249e-02   4.3943677e-02  -1.5250424e-01  -1.0813000e-01  -3.8744564e-02  -7.2679331e-02  -1.5280024e-01   1.7772766e-01  -1.8311181e-01   3.8186321e-03   7.5348799e-02   1.7879781e-01   1.3867895e-01   1.8281068e-01   1.9066133e-01   0.0000000e+00   2.2392323e-01  -3.8375011e-02   1.2210384e-01   3.2038607e-01   4.2835283e-01   1.5504937e-01   1.1431738e-01   2.0747827e-01  -2.3984629e-02  -8.1703285e-02  -4.5203553e-02  -1.7921421e-02   1.4304810e-01   7.0133824e-02   7.2392529e-02   4.7558228e-02   3.7753600e-02   7.0655516e-02   5.3286172e-02  -7.8500231e-02   0.0000000e+00  -5.3146366e-05  -4.4319259e-02   0.0000000e+00   2.5881009e-02  -1.3228544e-01   8.5376092e-02   5.9577750e-02  -4.8131832e-02   4.9550573e-03   1.6558744e-01   1.3298079e-02   5.9878776e-02   6.4310354e-02   1.4869893e-01   1.1325548e-01   1.1790350e-01   1.4364852e-01  -1.0335270e-01  -8.1662315e-02   4.1026654e-02  -1.6085523e-01   5.4967672e-02  -4.9769106e-03  -5.3941979e-02  -1.2124478e-01  -2.5052294e-01  -2.6968672e-01  -6.8661640e-02   5.0519828e-02  -1.3018739e-01  -2.1695658e-01  -8.3355455e-02  -2.6356651e-02   1.1078457e-01  -3.5600900e-02   1.7401524e-01  -7.5799980e-02   2.8753115e-02   2.2051171e-01   0.0000000e+00   0.0000000e+00   0.0000000e+00   0.0000000e+00   3.2716758e-02  -2.5046060e-02  -1.1965072e-01
   6.8917277e-02   0.0000000e+00   0.0000000e+00   5.1227621e-02   1.4340154e-02   2.2773032e-02   5.5670367e-02   1.0417831e-01  -1.0262527e-01  -5.7533964e-02   1.6529520e-01   1.5719517e-03   1.5376123e-01   3.2271397e-02   2.3963220e-01   0.0000000e+00   0.0000000e+00   2.5104403e-02   7.9436016e-02   1.3464615e-01   6.7589384e-02   1.6089573e-01  -5.7884821e-02  -6.5923509e-02   2.7392639e-02  -1.7990099e-02   5.8102673e-02  -2.0592490e-02   1.6884190e-01   4.2048339e-02   4.1854737e-02   3.0160371e-02   4.3055744e-02   1.5545085e-01  -5.6118502e-02  -1.5366563e-02   8.7857916e-02  -1.2254694e-01  -5.3719056e-02  -1.6223598e-02  -3.5736021e-02  -5.2849585e-02   8.9313929e-02  -1.1455750e-01  -6.6428990e-02   9.2768054e-02   2.8486619e-02   2.8091257e-01   1.8628043e-01   1.7975276e-01   0.0000000e+00   1.3899123e-01   3.9476986e-02   1.9884578e-01   4.5717124e-01   3.8985039e-01   1.2120149e-01   1.8707079e-01   1.1196526e-01  -4.3594635e-02   6.0317495e-02   3.1456859e-02   4.8621705e-02   1.3598383e-01   5.8576219e-02   7.4637318e-02   1.1648873e-01   1.6681414e-01   1.5584251e-01   3.1279943e-02  -2.3558400e-02   0.0000000e+00  -7.9141086e-02  -3.3509446e-02   0.0000000e+00   1.9130461e-01   3.1331254e-02   1.8503868e-01   1.2289154e-01   1.7611025e-02   9.3476841e-02   4.2797740e-02   1.2619635e-01   7.3513758e-02   1.6578195e-02   1.2370825e-01   4.9243244e-02   1.8294893e-01   1.7713732e-01   1.1730759e-01  -3.2643423e-02   6.0401909e-03   1.7519694e-03   5.2731749e-02  -5.4326644e-02   2.8217464e-03  -2.6396260e-02  -1.3682822e-01  -9.1525410e-02   1.8705654e-02   1.3919303e-02  -5.6782243e-02  -4.0069783e-02  -8.3644530e-02   7.0211525e-02   2.0748245e-01   9.8808064e-02   2.3572003e-01   6.3017242e-02   7.5113695e-02   1.3049561e-01   0.0000000e+00   0.0000000e+00   0.0000000e+00   0.0000000e+00   3.1877565e-02   4.0185786e-03   4.9981467e-02
   0.0000000e+00   0.0000000e+00   0.0000000e+00   0.0000000e+00   0.0000000e+00   0.0000000e+00   0.0000000e+00   0.0000000e+00   0.0000000e+00   0.0000000e+00   0.0000000e+00   0.0000000e+00   0.0000000e+00   0.0000000e+00   0.0000000e+00   0.0000000e+00   0.0000000e+00   0.0000000e+00   0.0000000e+00   0.0000000e+00   0.0000000e+00   0.0000000e+00   0.0000000e+00   0.0000000e+00   0.0000000e+00   0.0000000e+00   0.0000000e+00   0.0000000e+00   0.0000000e+00   0.0000000e+00   0.0000000e+00   0.0000000e+00   0.0000000e+00   0.0000000e+00   0.0000000e+00   0.0000000e+00   0.0000000e+00   0.0000000e+00   0.0000000e+00   0.0000000e+00   0.0000000e+00   0.0000000e+00   0.0000000e+00   0.0000000e+00   0.0000000e+00   0.0000000e+00   0.0000000e+00   0.0000000e+00   0.0000000e+00   0.0000000e+00   0.0000000e+00   0.0000000e+00   0.0000000e+00   0.0000000e+00   0.0000000e+00   0.0000000e+00   0.0000000e+00   0.0000000e+00   0.0000000e+00   0.0000000e+00   0.0000000e+00   0.0000000e+00   0.0000000e+00   0.0000000e+00   0.0000000e+00   0.0000000e+00   0.0000000e+00   0.0000000e+00   0.0000000e+00   0.0000000e+00   0.0000000e+00   0.0000000e+00   0.0000000e+00   0.0000000e+00   0.0000000e+00   0.0000000e+00   0.0000000e+00   0.0000000e+00   0.0000000e+00   0.0000000e+00   0.0000000e+00   0.0000000e+00   0.0000000e+00   0.0000000e+00   0.0000000e+00   0.0000000e+00   0.0000000e+00   0.0000000e+00   0.0000000e+00   0.0000000e+00   0.0000000e+00   0.0000000e+00   0.0000000e+00   0.0000000e+00   0.0000000e+00   0.0000000e+00   0.0000000e+00   0.0000000e+00   0.0000000e+00   0.0000000e+00   0.0000000e+00   0.0000000e+00   0.0000000e+00   0.0000000e+00   0.0000000e+00   0.0000000e+00   0.0000000e+00   0.0000000e+00   0.0000000e+00   0.0000000e+00   0.0000000e+00   0.0000000e+00   0.0000000e+00   0.0000000e+00   0.0000000e+00   0.0000000e+00   0.0000000e+00   0.0000000e+00
  -1.8056507e-01   0.0000000e+00   0.0000000e+00   1.3342740e-01   3.1399163e-01   2.1626971e-01  -1.6706294e-01   2.9217158e-03  -2.2913648e-01   2.2619494e-01   9.2048645e-02   1.3121444e-01   3.5941244e-01   8.2818745e-02   3.6333514e-02   2.5104403e-02   0.0000000e+00   0.0000000e+00   1.2166231e-01   1.5090513e-01   2.4886520e-01   1.8833868e-01   2.5534012e-02   9.1516546e-02   2.2632569e-01   8.2299232e-02   4.5765695e-01   1.9347251e-01   2.3468274e-01   1.0175278e-01   3.7595796e-01   2.1860190e-01   9.5378198e-02   1.3961843e-01   2.1872646e-01   2.9850157e-01   1.9562918e-02   9.3649866e-02   6.0003997e-02   1.2338492e-01   1.2094561e-01   2.1313713e-01   2.7619235e-01   8.1456174e-02   3.4453288e-01   1.4307365e-01   2.6768805e-01   1.5387545e-01   3.3353156e-01   1.3186980e-01   0.0000000e+00   1.8308334e-01   8.8355543e-02  -1.1274964e-02   5.5752651e-02   1.1462964e-01   4.2144452e-01   2.2882878e-01   2.2506635e-01   2.9092920e-02  -1.6982853e-01  -5.7401771e-02   1.2870477e-01   2.0210591e-01   2.5324256e-01   6.9517934e-02  -8.4517458e-02  -1.7138639e-01  -1.2269906e-02   3.2055425e-01  -6.0628285e-02   0.0000000e+00   3.3873387e-02   1.6488233e-01   0.0000000e+00  -2.3816603e-01  -2.4943458e-01  -3.6546452e-02  -6.3842488e-02  -8.0686037e-02  -5.0354459e-02   3.3233723e-01   1.3397188e-01   2.7284207e-01   1.9605838e-01   2.1652649e-01   1.9917117e-01  -7.1399858e-02   3.3026775e-02  -5.6362688e-02   9.9440508e-02   2.7264219e-02  -1.2253677e-01  -2.4137353e-01  -5.4391153e-02   2.0797125e-02  -4.5557344e-02   5.0625451e-02  -1.1222547e-01  -4.4807936e-02   2.2101898e-01  -8.3527832e-02  -4.9063254e-02  -4.5771851e-02  -1.0369950e-01  -3.0301099e-02  -5.3481259e-02  -1.6269836e-02  -1.3712271e-01  -2.2275321e-01   1.8794967e-02   0.0000000e+00   0.0000000e+00   0.0000000e+00   0.0000000e+00  -5.2587823e-02  -1.4042471e-01  -1.2228600e-01
   8.9737212e-02   0.0000000e+00   0.0000000e+00   3.3711455e-02   2.1463873e-01   2.4992752e-02   5.4492483e-02  -4.3183468e-02  -7.2251987e-02   4.8744620e-02  -1.2325141e-02   1.1855974e-01   4.7527509e-02  -3.7857482e-02   3.6749837e-02   7.9436016e-02   0.0000000e+00   1.2166231e-01   0.0000000e+00   2.1268268e-01   1.5024635e-01   6.9695905e-02  -2.9399832e-02   5.4249904e-02   1.3914844e-01   1.0055871e-01   6.9918143e-02  -8.9045453e-03   1.2604895e-01  -1.8905528e-02   1.8049094e-02   4.4123657e-02   1.0400483e-01   5.4564347e-02  -3.7027504e-02   2.0882347e-01   1.3285058e-01  -1.9780001e-02  -3.9392834e-02  -1.1183578e-01   1.1175929e-01   6.0348637e-02   2.4270000e-01   9.3783973e-02   5.2029607e-02   1.4414539e-01   2.2102696e-01   9.0515755e-02   1.6322916e-01   1.5871621e-01   0.0000000e+00   1.8380673e-01   3.2771840e-01   1.2736936e-01   2.4615778e-01   1.0474948e-01   2.4586198e-01   5.8762003e-02   4.9649759e-01   1.3654072e-02  -9.2733908e-02   7.8566364e-02   6.0813534e-03   3.3942014e-01   3.9908604e-02   3.6141039e-01   7.5069306e-02   1.8256426e-01   9.0741542e-02   1.8320547e-01  -1.3134124e-01   0.0000000e+00  -2.8743451e-02  -5.8487862e-02   0.0000000e+00   9.1661078e-02   4.6989551e-02   1.4312784e-01   1.5219134e-01   8.5081978e-02   2.4622073e-01   1.1205158e-01   9.1221089e-02   6.9525999e-02   2.4936646e-01  -8.1570229e-02   1.5553045e-01   2.2922802e-01   2.4450121e-01  -1.2326225e-01   1.6738022e-01   2.6430083e-01  -6.5406919e-02   3.3559784e-01   3.0966678e-01   5.8233309e-02   4.3829303e-02   1.2075994e-01   2.0899216e-01   1.3142802e-01  -5.7610214e-02   6.5078473e-03  -7.3654052e-02   1.0231871e-01   9.1892254e-02   1.1196334e-01   5.4319237e-02   2.3469600e-01  -6.0183539e-03   2.6512221e-01   2.4996818e-01   0.0000000e+00   0.0000000e+00   0.0000000e+00   0.0000000e+00   6.8654033e-03  -3.9764152e-02  -4.5230589e-02
   8.6641232e-02   0.0000000e+00   0.0000000e+00  -2.6244300e-02   3.1825531e-01   4.3884904e-02   1.2209623e-01  -5.2238910e-02  -1.9582351e-01   1.3052814e-01   9.0042009e-02   2.1042235e-02   3.4461202e-01   1.7873152e-03   1.3883260e-01   1.3464615e-01   0.0000000e+00   1.5090513e-01   2.1268268e-01   0.0000000e+00   4.8011835e-01   1.6786417e-01   1.5416472e-01   2.8860622e-01   3.4655672e-01   2.7649828e-01   2.7544711e-01   2.3825299e-01   2.0960545e-01   2.8232970e-01   1.8548570e-01   8.4946478e-02   1.1049799e-01   1.3331694e-01   1.9046949e-01   8.9798206e-02   2.0571479e-01   1.7110381e-02  -3.8466800e-02   3.7809941e-02   8.8305831e-02   5.9254614e-02   2.2942304e-01   4.9728771e-02   5.8039352e-02   1.6582867e-01   2.2915203e-01   1.8450551e-02   3.6455228e-01   1.5314200e-01   0.0000000e+00   2.1489718e-01   1.2457416e-01   1.1418626e-01   1.5419140e-01   1.9308424e-01   2.2900802e-01   7.9143789e-02   2.9831291e-01   2.5291056e-01   1.1542817e-01   2.0583518e-01  -2.9376003e-02   2.0714802e-01   9.3639270e-02   1.7019542e-01   1.2364805e-01   8.2368748e-02   7.8367392e-02   1.9522105e-01  -1.2860915e-01   0.0000000e+00   4.6697090e-02  -4.0807693e-02   0.0000000e+00   1.0157674e-01  -3.4835939e-02   1.4691981e-01  -9.7816949e-03  -5.5959091e-02   3.8857934e-01   2.1095507e-01   2.2952449e-01   5.5077119e-01   2.3970030e-01   2.1939393e-01   2.6932355e-01   3.0261815e-01   1.9892301e-01   5.2787992e-02   3.6893933e-02   1.1549581e-01  -8.8867529e-02   1.6984582e-01   6.6199825e-02   5.5181588e-03   3.5245002e-02   4.0293036e-02  -4.8708156e-02   5.7425923e-02  -1.6863040e-02  -6.1671272e-02  -1.4008925e-01   2.6477415e-01   3.1826319e-02   3.7441407e-02  -9.6573424e-02   1.4813075e-01  -6.6094725e-02   1.1782981e-01   2.5208027e-01   0.0000000e+00   0.0000000e+00   0.0000000e+00   0.0000000e+00  -6.7736336e-02  -1.0350727e-01   1.1785307e-01
  -7.9124482e-02   0.0000000e+00   0.0000000e+00   1.0320809e-01   2.4405673e-01  -5.1335779e-02   7.6942111e-02  -1.3796237e-01  -2.4540245e-01   2.8932083e-01   1.9425254e-01   2.8406408e-01   6.1833081e-01   2.1489352e-01   2.4793236e-01   6.7589384e-02   0.0000000e+00   2.4886520e-01   1.5024635e-01   4.8011835e-01   0.0000000e+00   4.0220596e-01   2.9493621e-01   5.0311378e-01   5.0585301e-01   1.3693098e-01   3.2661737e-01   3.2664539e-01   3.1731714e-01   4.2923481e-01   4.4002696e-01   1.4660533e-01   1.9914489e-01   3.0858779e-01   2.2050660e-01   3.7947042e-01   3.0704425e-01   9.1645461e-02  -1.3624281e-02   1.7112069e-01   1.2717975e-01   4.4610811e-02   3.4642393e-01   5.7586758e-02   2.7014308e-01   4.3555235e-01   3.0055450e-01   6.0422439e-02   3.2121656e-01   1.5445889e-01   0.0000000e+00   3.8802489e-01   1.1905135e-01   1.5021742e-01   1.4999901e-01   3.1145617e-01   3.5715465e-01   2.2163499e-02   3.4628307e-01   1.3170509e-01   5.9464550e-02   7.6405291e-02   1.5749409e-01   2.6315390e-01   1.2645435e-01   1.7845174e-01  -1.6539874e-01  -7.1339914e-02   3.8865746e-03   1.1266702e-01  -6.9209049e-02   0.0000000e+00  -2.2979889e-02  -3.0138432e-02   0.0000000e+00  -2.3140730e-01  -3.0570698e-01  -6.9839135e-02  -1.2015319e-01  -1.4765039e-01   1.2199843e-01   3.4385893e-01   1.6063315e-01   1.1764125e-01   1.5857066e-01   3.4421837e-02   3.6972612e-02   6.9876207e-02  -1.2691171e-02  -2.4061998e-01   8.2415646e-02   7.6344915e-02  -2.5365267e-01   8.3198890e-02  -8.1097577e-02  -4.1056358e-02  -4.0463506e-02   4.3381000e-02  -9.2279094e-02  -6.6739478e-03   1.0005580e-03   3.3374805e-02  -2.8824598e-01   1.1294615e-01  -4.0165009e-02  -8.5873862e-02  -1.1795242e-01   4.2163276e-02  -2.0236085e-01   6.9925930e-02   1.8350788e-01   0.0000000e+00   0.0000000e+00   0.0000000e+00   0.0000000e+00  -1.0631657e-01  -2.4369754e-01  -7.6059631e-02
