   0.0000000e+00   7.7745261e-02   0.0000000e+00   1.0900675e-01   6.4608066e-02   6.6775801e-02   3.4936143e-01   1.6420666e-02  -3.9044071e-02   1.0743499e-01   9.1003073e-02   0.0000000e+00  -5.8641570e-03   7.9092359e-02  -2.1187196e-02   2.0743338e-02  -2.8093545e-02   1.4187786e-01   1.6116511e-01   9.8194621e-02   1.1898151e-01  -3.6235601e-02   1.6450977e-02   3.1897924e-02   2.8272683e-02   1.4939107e-01   8.1812086e-02   2.2144600e-01   9.2944920e-02   4.8704390e-02   4.1577655e-02   2.7143704e-01   4.0055329e-02   2.9659568e-02   1.9852775e-01   1.8587457e-01   5.3822381e-02   9.4545918e-02  -7.7682033e-03   2.6080123e-01   1.0891642e-01   7.7306929e-02   1.4965177e-01   1.8637684e-01   1.1467752e-01   1.2370236e-01   7.7507544e-02   2.9723757e-02  -2.1637635e-03  -4.5999474e-03   0.0000000e+00  -8.9056709e-03   1.3190135e-01   9.5852678e-03  -5.1444869e-02  -5.1617939e-02  -3.3306578e-02  -3.3976362e-02   6.2274334e-02  -1.1343126e-02  -3.4496972e-02  -9.0920911e-03   6.9828285e-02   9.3356415e-02  -9.0760462e-02   1.0656437e-01  -6.2733638e-02   1.9813358e-01   1.4087980e-01   1.5084728e-01   1.2189828e-02   1.0459435e-01   0.0000000e+00   2.3892689e-01   0.0000000e+00   1.2050837e-01   3.0571617e-01   3.2311682e-01   1.7914196e-01   4.1858777e-02   4.2330523e-02   4.1640300e-02   2.5894652e-02   1.3102716e-01   1.1950541e-01   8.2670078e-02   3.5266541e-02   1.0375005e-01   3.4409743e-01   1.4592022e-01   1.5184760e-01   1.3302687e-01   1.3286914e-01   9.8672123e-02   6.8980583e-02   5.4918532e-02   2.5113507e-02   4.1991923e-02   1.8924889e-03   8.2615249e-02   7.0982055e-02   9.8434937e-02   1.5495378e-01   2.1460951e-02   4.2538101e-02  -4.0592453e-02   6.6956178e-02  -2.6821303e-02  -7.0882125e-03  -8.7468570e-02   2.9587342e-03   1.5402998e-01   1.0393844e-01   5.9727182e-02   0.0000000e+00   2.2259743e-02   7.9717604e-02   6.6674253e-02
   7.7745261e-02   0.0000000e+00   0.0000000e+00   1.5923222e-01   2.6458438e-02   2.0092201e-01   1.3896780e-01   4.5200758e-02  -1.9105874e-01  -6.5630890e-02  -4.0969821e-02   0.0000000e+00   1.3095750e-02   5.3717160e-02  -9.5721806e-02  -1.2437490e-01  -2.0783427e-02   1.1616479e-01   1.3559139e-01   1.5975115e-01   3.9455543e-02   6.5164828e-02   1.3277626e-01   1.2740320e-01   6.9620560e-02   1.1800927e-01  -6.0188143e-02  -4.8600493e-02   1.8514014e-01   1.4990099e-01   1.7096207e-01   1.2177181e-01   2.3365952e-02   6.3624584e-02   5.0701767e-02   7.2659100e-02   1.8795459e-02   7.9783601e-03  -7.9933996e-02   8.2363145e-02  -1.1222089e-02   5.9917930e-02  -5.6113511e-02   1.7580610e-02   5.2906576e-03   8.1515891e-02  -5.7895672e-02  -7.8126545e-02   1.3320844e-01   9.1654712e-02   0.0000000e+00  -3.6155963e-03  -1.2161442e-02  -1.7944765e-02  -1.2276010e-01   1.1660986e-01  -1.6391340e-01  -3.9660149e-02   6.0953937e-02   2.3963383e-01   4.0943989e-02   1.0084701e-01  -2.5705532e-02   6.2948038e-02   3.6381296e-03   9.1607393e-03   3.5776029e-02   1.2310976e-01   1.9397668e-01   4.7419318e-02   1.9052518e-02   1.4775266e-01   0.0000000e+00  -6.7982076e-02   0.0000000e+00   1.2109451e-01   5.6310480e-04  -2.6847012e-02   2.4647395e-01   1.6294347e-01   1.3963705e-01  -5.8450605e-03   1.1630821e-01   2.3131069e-01  -2.8043447e-02   2.2339756e-01   2.1301624e-01   1.5363298e-01   2.8036359e-01   1.4335530e-01   1.0041091e-01  -1.3814263e-02   1.4344397e-02   5.8154194e-02  -1.6754043e-02  -2.4559664e-02  -9.8232753e-02  -1.4334074e-01  -7.4472382e-02  -6.3704268e-02  -7.2146484e-02  -1.2027195e-01   1.3641521e-01   6.4838195e-02   3.4294289e-02  -1.3305257e-01   9.3036802e-05  -2.6488854e-02  -4.6126333e-02  -4.9387373e-02   2.0637353e-02  -3.2660877e-02   4.9414592e-02  -9.5619524e-02   0.0000000e+00   2.9453814e-02   2.3021968e-01   1.3972079e-01
   0.0000000e+00   0.0000000e+00   0.0000000e+00   0.0000000e+00   0.0000000e+00   0.0000000e+00   0.0000000e+00   0.0000000e+00   0.0000000e+00   0.0000000e+00   0.0000000e+00   0.0000000e+00   0.0000000e+00   0.0000000e+00   0.0000000e+00   0.0000000e+00   0.0000000e+00   0.0000000e+00   0.0000000e+00   0.0000000e+00   0.0000000e+00   0.0000000e+00   0.0000000e+00   0.0000000e+00   0.0000000e+00   0.0000000e+00   0.0000000e+00   0.0000000e+00   0.0000000e+00   0.0000000e+00   0.0000000e+00   0.0000000e+00   0.0000000e+00   0.0000000e+00   0.0000000e+00   0.0000000e+00   0.0000000e+00   0.0000000e+00   0.0000000e+00   0.0000000e+00   0.0000000e+00   0.0000000e+00   0.0000000e+00   0.0000000e+00   0.0000000e+00   0.0000000e+00   0.0000000e+00   0.0000000e+00   0.0000000e+00   0.0000000e+00   0.0000000e+00   0.0000000e+00   0.0000000e+00   0.0000000e+00   0.0000000e+00   0.0000000e+00   0.0000000e+00   0.0000000e+00   0.0000000e+00   0.0000000e+00   0.0000000e+00   0.0000000e+00   0.0000000e+00   0.0000000e+00   0.0000000e+00   0.0000000e+00   0.0000000e+00   0.0000000e+00   0.0000000e+00   0.0000000e+00   0.0000000e+00   0.0000000e+00   0.0000000e+00   0.0000000e+00   0.0000000e+00   0.0000000e+00   0.0000000e+00   0.0000000e+00   0.0000000e+00   0.0000000e+00   0.0000000e+00   0.0000000e+00   0.0000000e+00   0.0000000e+00   0.0000000e+00   0.0000000e+00   0.0000000e+00   0.0000000e+00   0.0000000e+00   0.0000000e+00   0.0000000e+00   0.0000000e+00   0.0000000e+00   0.0000000e+00   0.0000000e+00   0.0000000e+00   0.0000000e+00   0.0000000e+00   0.0000000e+00   0.0000000e+00   0.0000000e+00   0.0000000e+00   0.0000000e+00   0.0000000e+00   0.0000000e+00   0.0000000e+00   0.0000000e+00   0.0000000e+00   0.0000000e+00   0.0000000e+00   0.0000000e+00   0.0000000e+00   0.0000000e+00   0.0000000e+00   0.0000000e+00   0.0000000e+00   0.0000000e+00   0.0000000e+00
   1.0900675e-01   1.5923222e-01   0.0000000e+00   0.0000000e+00   7.6505270e-02   8.2055179e-02   3.9867644e-02   8.5241950e-02  -3.3801869e-02   6.9197814e-02   1.6519892e-01   0.0000000e+00  -9.3794161e-02   8.3410507e-02   6.1057438e-03   1.0140216e-01  -8.6875955e-02   4.7388431e-02   8.6969196e-02   6.6884020e-02   3.2297383e-02   8.0606215e-03   1.6820959e-01   1.2128242e-01  -2.2819430e-02   5.6044924e-02   8.0968946e-03   6.9843197e-02   4.7443671e-02   9.0024167e-02  -1.5712597e-03   6.4102121e-02   4.9502428e-02   3.0068064e-02   1.2153996e-01  -3.3197474e-02  -1.3980389e-02   9.3565747e-02  -4.7428108e-02   1.6502473e-01   1.0162386e-01   4.8628782e-02   4.9311599e-02   8.3672982e-02   2.4127603e-01   4.7820779e-02   9.9927014e-02   7.6896037e-02   8.2915210e-02  -1.2901841e-02   0.0000000e+00  -5.5297151e-02   6.8464914e-03   2.2124408e-01   1.2576580e-02   1.2287311e-01  -9.4933324e-02   3.7270261e-02   8.8384034e-02   1.6053561e-01   1.8188012e-02  -6.2516588e-02  -3.3169887e-02   4.7017349e-03   2.5230821e-02  -2.9913862e-02  -8.4406721e-02   5.2566029e-02  -5.6545336e-02   1.8331134e-02   5.2547781e-02   2.3205253e-01   0.0000000e+00  -1.3358549e-01   0.0000000e+00  -9.4000548e-03  -5.0762746e-02   9.3049506e-03  -2.4092466e-02   5.0737885e-02  -6.2516113e-03  -7.1078598e-03   3.4410681e-02   8.7714673e-02  -6.2252907e-02  -4.6872491e-02  -7.1818487e-02  -1.2512233e-02   4.0451608e-03   2.5409907e-02   7.6724371e-02  -8.0298424e-02   3.1445952e-02   4.3623633e-02   1.1267697e-02   1.0282281e-01  -8.3513182e-02   9.4798647e-03   1.3499818e-02   7.3599806e-02  -2.2823995e-02  -5.8106740e-02   8.6446944e-02   1.2692882e-02  -9.4913941e-02  -7.2867986e-02   5.8573495e-02  -9.5903324e-04   1.0264646e-01  -4.6094681e-02  -1.0142167e-01   1.5757707e-01   1.1318717e-01   1.7928098e-02   0.0000000e+00   8.6159061e-02   5.0177606e-02   1.3570952e-02
   6.4608066e-02   2.6458438e-02   0.0000000e+00   7.6505270e-02   0.0000000e+00   3.8779246e-01   4.2249140e-01   3.2685813e-02  -2.3673024e-01   2.3612641e-02  -1.4746538e-02   0.0000000e+00   1.2724270e-03   1.9819666e-01   1.7732663e-01   1.0121629e-01   2.4533326e-01   3.3188227e-01   9.9783573e-02   6.6389348e-01   1.1809704e-01   1.0711350e-01   6.9031799e-02   3.5702584e-02   1.7410970e-01   1.8874372e-01   6.6097843e-01   3.5680671e-01   3.2106205e-01   1.5967173e-01   4.8525442e-01   3.0081777e-01  -6.2101097e-02  -4.4839806e-02  -3.6248186e-02   1.5118992e-01   1.4408051e-01  -1.7146602e-01  -7.8581240e-02   8.5322669e-02  -5.7018310e-02  -1.0650017e-01   5.7984605e-02   1.0158652e-01  -6.1691196e-02   4.2339663e-02   4.2085860e-01   7.7622672e-02   1.3506007e-01   5.7415481e-01   0.0000000e+00   1.3425965e-01  -4.1642722e-03   1.1285781e-01   1.3230059e-01   2.1847099e-01   2.7784475e-01  -5.9033944e-02   9.1012286e-03   1.9496472e-01   8.7611969e-04   1.4628010e-01  -3.5993578e-02  -2.3192187e-01  -2.8970706e-01   1.3359477e-01  -9.9109473e-03   1.0743470e-01   8.5975824e-02   3.1499172e-01   1.3340141e-02   5.7681770e-02   0.0000000e+00   8.0202844e-02   0.0000000e+00   9.5767608e-02  -1.3562683e-01   1.3466747e-01   3.7012205e-01   1.4181018e-01   5.5812138e-01   4.5529023e-01   4.9398636e-01   4.6949372e-01   5.7260177e-01   1.0519722e-01   3.0701829e-01   2.9341303e-01   2.2513536e-01   8.4026880e-02   8.8014168e-02   4.5664066e-01   7.2612360e-02   1.2520412e-01   5.5680147e-02  -1.7541870e-01  -2.0613385e-01  -1.6951981e-01  -2.2352067e-01   1.0858227e-02   2.7265076e-01  -1.7342454e-01   6.8503653e-02  -2.5119080e-02   7.4022501e-02  -9.4285143e-03  -9.1977074e-02  -1.1503264e-01  -6.7169411e-02  -1.4724466e-01   1.2857543e-01   3.9502332e-04   2.3510732e-02   1.4881557e-01   0.0000000e+00  -1.0812830e-01   5.2930061e-02   1.0453778e-01
   6.6775801e-02   2.0092201e-01   0.0000000e+00   8.2055179e-02   3.8779246e-01   0.0000000e+00   1.0062511e-01  -8.2578916e-02  -1.1907305e-01  -1.6606940e-01  -8.0142563e-02   0.0000000e+00  -1.4602059e-01   1.3969035e-02   4.8204681e-02   7.2517652e-02   9.4504262e-02   1.7363073e-01   6.7507889e-02   2.2596979e-01  -7.2867452e-02  -5.8508550e-02  -6.5130365e-03  -3.1177929e-02  -3.4487235e-02   1.6661317e-04   1.4747038e-01   9.4948072e-02   1.6950566e-01   9.6830749e-02   2.3989655e-01   3.3385677e-01  -1.1334874e-01  -2.7443206e-02  -6.9154944e-02  -7.3805758e-02   8.1920974e-05  -1.8196455e-01  -2.0586156e-01  -7.1246566e-02  -1.7658380e-01  -4.5249455e-02  -5.6997424e-02  -4.2095887e-02  -2.3608576e-01  -4.1999103e-02   6.5248212e-02  -8.6871893e-02   2.0000521e-01   3.0289606e-01   0.0000000e+00   2.2267326e-01  -1.1571324e-01   4.2123583e-02  -8.2840646e-02   1.1216741e-01   3.5840271e-02  -2.1825221e-03   1.9169189e-02   5.0875241e-02  -7.5170808e-02   7.2473444e-03  -1.7989211e-01  -2.4007774e-02   9.4353671e-03   1.2383562e-02   1.6674424e-01   1.9816613e-01   1.8477496e-01   1.1023836e-01   2.3794679e-02   1.4251118e-01   0.0000000e+00  -4.0445490e-02   0.0000000e+00   1.8877209e-01  -8.4055642e-02  -4.6535610e-02   3.2473525e-01   1.2951281e-01   3.8262146e-01   2.9644720e-01   1.8161819e-01   2.0643981e-01   1.2417244e-01   5.1210380e-02   2.4233730e-01   3.0317325e-01   1.9128219e-01   1.7076388e-01   2.3603481e-01   1.9276121e-01   1.1324484e-01   1.4068900e-01   1.0541633e-02  -1.3447607e-01  -1.9560902e-01  -1.5622846e-01  -3.8207287e-02   9.5599720e-02  -8.4242728e-03  -2.3799187e-01   1.1092782e-01  -4.8181312e-02   1.8831893e-02  -3.7159642e-03   1.1996454e-02  -2.7872520e-02  -1.7770257e-02  -8.0440353e-03   1.5060428e-01  -3.0236672e-03  -4.2408021e-02  -1.1988092e-02   0.0000000e+00  -2.3024647e-02   9.6941096e-02   3.1767400e-02
   3.4936143e-01   1.3896780e-01   0.0000000e+00   3.9867644e-02   4.2249140e-01   1.0062511e-01   0.0000000e+00  -5.9259219e-02  -2.6238846e-01   6.5927936e-02   1.3387275e-01   0.0000000e+00  -1.8435241e-02   1.4914649e-01   1.4670209e-01  -7.2401128e-02  -2.1057013e-02   1.0436392e-01  -4.7090566e-04   4.5047569e-01   4.3960132e-02  -1.4502068e-02   1.4161274e-01   1.3352400e-01   6.9834139e-02   8.4844876e-02   2.6500185e-01   1.9457114e-01   4.1653410e-01   3.2560421e-01   4.8028696e-01   2.0132885e-01   2.5199194e-01   2.4570891e-01   5.1283515e-02   1.7153800e-01   2.4159632e-02  -2.2270831e-01  -8.5424512e-02   1.5564071e-01  -9.0889466e-02  -1.4492301e-01   3.7260037e-02  -1.6429558e-02  -4.3887265e-02  -1.0074089e-02   2.1149595e-02   3.3229306e-02   3.9187821e-02   1.7157188e-01   0.0000000e+00  -5.3427229e-02  -4.5788894e-02  -1.8059642e-02  -5.5372057e-03   1.5920542e-01  -1.6794045e-02   2.5757855e-02   9.2128123e-02   1.1249612e-01  -1.6148264e-01   1.7326394e-02  -1.2416892e-01   8.1298802e-02  -1.6480529e-01   3.6717540e-01   1.2875017e-01   3.5025871e-01   1.9817559e-01   1.5824856e-01   8.8533281e-02   9.7902582e-02   0.0000000e+00   3.7517585e-01   0.0000000e+00   2.6468097e-01  -1.0826310e-01   1.4074414e-01   1.3055230e-01   2.2495514e-01   2.7243564e-01   2.6303785e-01   1.9615557e-01   4.3108554e-01   3.2935338e-01   1.4222062e-01   4.1403791e-01   2.9557471e-01   2.9534045e-01   6.7828777e-02   1.3860265e-01   2.9002018e-02  -8.1924561e-02   1.4972581e-01  -1.1005775e-01  -1.3870948e-01  -3.2545475e-01  -2.9043133e-01  -2.6247198e-01  -5.7713304e-02   2.2150502e-01  -2.7340514e-01   1.1395608e-01  -7.0119787e-02  -2.6114699e-02  -1.3300958e-01  -5.3808231e-02  -6.8552523e-02  -1.8669155e-01  -4.9258925e-02   1.3907606e-01   5.3231738e-02   1.1846638e-01   1.0422987e-02   0.0000000e+00  -1.2975448e-01   1.1431146e-01   2.5233719e-01
   1.6420666e-02   4.5200758e-02   0.0000000e+00   8.5241950e-02   3.2685813e-02  -8.2578916e-02  -5.9259219e-02   0.0000000e+00   1.8278631e-01   3.8263125e-01   1.9829037e-01   0.0000000e+00   1.8049841e-01   6.9463111e-02   4.8867911e-02   1.7543065e-01   1.1759443e-01   1.2961788e-02   1.9386092e-02  -3.2017244e-02   2.1510141e-01   2.4456356e-01   5.9054202e-02   6.1685141e-02   2.2766483e-01   2.9984988e-02   7.0129619e-02   1.1508536e-02   2.6187473e-02  -1.1186784e-01  -8.6736263e-02  -1.7160318e-02   2.9210902e-01   1.1975366e-02   7.2733901e-02   2.5228466e-01   2.9530097e-01   2.0847937e-01   1.8816962e-01   1.7826557e-01   1.7054942e-01   1.5742129e-01   3.4067679e-02   1.7704980e-01   8.3632495e-02   1.3999331e-01   1.5179626e-01   1.2818168e-01   7.8851357e-02   1.8853992e-02   0.0000000e+00  -6.3081532e-02   1.4146234e-01   2.2689514e-01   1.8002926e-01   1.0727018e-01   1.3504874e-01   2.2389942e-02   9.1389684e-02   1.1349234e-01   1.1544020e-01   9.3141919e-02   6.7323324e-02   2.3257198e-02  -6.2562371e-02  -1.9133204e-02  -5.4368600e-02  -3.0338951e-02  -1.9020173e-01  -1.6590847e-01   3.8133710e-02   1.9822789e-01   0.0000000e+00  -9.6502126e-02   0.0000000e+00  -1.5442035e-02   1.3282884e-02  -3.6847430e-02  -7.1430243e-02  -1.2623442e-02  -7.6568775e-02  -2.9012586e-02   7.4480709e-02  -6.0234402e-02   1.6973760e-02  -8.8314508e-02  -1.5206063e-01  -1.4007272e-01  -1.3075206e-01  -1.5375615e-01  -1.5135084e-01  -7.1325677e-02  -6.9325425e-03  -9.1884782e-02   2.3789769e-02   1.4711414e-01   6.8058213e-02   1.4386358e-01   1.2872622e-01   1.0467123e-01   5.9667979e-02   3.9701365e-02  -1.8743484e-01   3.8999699e-02   2.3351563e-02   1.1840033e-01  -3.5547446e-02   3.0130391e-02   8.8781236e-02  -9.9928273e-02  -2.5138319e-02   1.1236897e-01   7.1400074e-02   1.3667609e-01   0.0000000e+00   6.4542170e-01   4.5201608e-01   5.9561031e-02
  -3.9044071e-02  -1.9105874e-01   0.0000000e+00  -3.3801869e-02  -2.3673024e-01  -1.1907305e-01  -2.6238846e-01   1.8278631e-01   0.0000000e+00   1.2196602e-01   9.8976889e-03   0.0000000e+00   5.6012665e-02  -1.3836969e-01  -5.2290508e-02   8.9025985e-02   5.0989450e-02  -1.1701951e-01   9.9552799e-02  -3.0441032e-01  -5.0121564e-02   2.6869165e-02  -2.2181100e-01  -1.4968124e-01   6.8577149e-03  -1.9920504e-01  -9.9512814e-02  -6.9234617e-02  -2.1130930e-01  -2.2329833e-01  -3.9772396e-01  -1.1163901e-01   1.6341915e-02   3.6456311e-02  -4.1680262e-02   1.3511918e-01   2.2971193e-01   3.4742334e-01   3.5965484e-01  -4.3418353e-02   1.5214533e-01   2.6221746e-01   1.9615647e-01   2.2696312e-01   1.8284425e-02   1.8451501e-01   3.6912349e-02   1.3397600e-01   9.2521194e-02  -1.7866305e-01   0.0000000e+00   1.2578545e-01   2.2095039e-01   1.2728077e-01   2.8707476e-02  -9.6610617e-02   6.4910450e-02   2.0320438e-01   9.8551021e-02  -1.4333447e-01   4.4852222e-03  -1.4516045e-02  -9.4316992e-03   2.1846874e-01   3.8109845e-01  -1.0871028e-01   2.3331825e-03   2.2736147e-02  -3.6472709e-02  -1.1299128e-01  -1.6726608e-01  -8.3196549e-02   0.0000000e+00   5.6535007e-02   0.0000000e+00  -1.2585732e-01   1.5707255e-01   4.3506881e-02  -1.2116533e-01  -1.9184505e-01  -2.6325638e-01  -2.0936094e-01  -1.9160954e-01  -3.8965334e-01  -1.9880182e-01   2.3659745e-03  -1.9914509e-01  -1.0330551e-01  -7.1200182e-02  -1.8819007e-01   7.5417832e-02  -4.3212099e-03   9.0903855e-02  -1.4273957e-02   2.7495341e-01   3.1223981e-01   3.6941961e-01   5.5220357e-01   7.1112187e-01   1.8673186e-01  -3.2402363e-02   3.7453701e-01  -1.2022205e-01  -1.7341073e-02   2.4250891e-02   3.6012980e-01   1.7830072e-01   1.9547344e-01   2.1114165e-01   3.7998579e-01   1.5556265e-02   1.3806150e-02  -6.6420996e-03   1.0462846e-01   0.0000000e+00   2.1971016e-01  -1.3074712e-01  -2.5091040e-01
   1.0743499e-01  -6.5630890e-02   0.0000000e+00   6.9197814e-02   2.3612641e-02  -1.6606940e-01   6.5927936e-02   3.8263125e-01   1.2196602e-01   0.0000000e+00   2.8700616e-01   0.0000000e+00   1.1762735e-01   2.5947392e-01   4.7331921e-02   2.1060323e-01   3.7861790e-02  -6.3090045e-02   1.3602801e-01  -2.1222817e-02   3.6253208e-01   3.9694214e-01   1.2957009e-01   9.3599306e-02   3.9899206e-01   1.4461350e-01   1.2153832e-01   1.6451602e-02   2.6258257e-02  -2.0979248e-01  -1.2666245e-01  -1.6038139e-01   4.5870035e-01  -1.1485748e-02   2.0204289e-02   4.2974238e-01   4.6646652e-01   2.6450732e-01   3.1499842e-01   3.0711698e-01   2.5778622e-01   1.7530449e-01  -7.1916154e-03   2.0445905e-01   2.2465538e-01   1.3421025e-01   1.5989839e-01   1.2567293e-01   9.3671890e-03  -9.3910081e-02   0.0000000e+00  -2.1951552e-01   1.1025063e-01   2.3325162e-01   1.6224422e-01   3.9582494e-02   1.2643666e-01   1.1290868e-01   1.4914528e-01   1.2965208e-01   1.0639385e-01   1.2505463e-01   2.0296581e-01  -1.8721634e-03  -1.1566848e-02  -5.4010842e-02  -2.2995432e-02   1.5299144e-01  -1.4624635e-01  -2.5003087e-01  -6.9133341e-02   2.5260673e-01   0.0000000e+00  -1.8580443e-02   0.0000000e+00   3.2910781e-02  -9.6503321e-02  -2.5278560e-05  -2.0286617e-01   1.0754194e-01  -1.8928575e-01  -1.5608023e-01   1.0014997e-01  -6.3783769e-02   3.1769936e-02  -1.8460900e-01  -3.4027468e-01  -6.5838928e-02  -1.3845117e-01  -2.5535074e-01  -1.1587269e-01  -2.7865249e-01  -2.0961917e-01   2.3344207e-02   4.1295819e-02   1.5210713e-01  -5.4249501e-02   1.0657056e-01   1.0122353e-01   7.2536306e-02   3.5134324e-01  -4.1260624e-03  -8.5758492e-02   8.3021651e-03   7.9774305e-02   1.0819212e-01  -1.1664172e-02  -2.1700593e-02   7.0802647e-02  -6.2605150e-02  -7.4686625e-02   1.9210520e-01   1.5746685e-01  -4.2442625e-02   0.0000000e+00   3.0576662e-01   1.9746052e-01   1.5622229e-01
   9.1003073e-02  -4.0969821e-02   0.0000000e+00   1.6519892e-01  -1.4746538e-02  -8.0142563e-02   1.3387275e-01   1.9829037e-01   9.8976889e-03   2.8700616e-01   0.0000000e+00   0.0000000e+00  -3.8368414e-02   1.1661140e-01   7.4428460e-02   7.0857256e-02  -3.5932662e-02  -3.0172213e-02   1.4264904e-01   1.0104746e-02   2.6563397e-01   1.3218509e-01   1.8956382e-01   1.6047171e-01   1.3434102e-01   7.6331189e-02  -4.7448420e-02  -4.8281201e-02   1.3325178e-01   7.6126802e-02  -4.0935728e-02  -6.9270457e-02   2.9555886e-01   1.9082135e-01   8.4915441e-02   1.0968636e-01   1.2346720e-01   1.6756778e-01   3.1645126e-02   4.4852575e-01   3.1531585e-01   1.1385827e-01  -1.7389631e-02   1.8187162e-01   2.3606674e-01   3.7581113e-02   4.5106473e-02   1.2783057e-01  -4.5520550e-02  -1.5476636e-01   0.0000000e+00  -1.8069166e-01   1.3800588e-01   2.5699703e-01   2.0223154e-02   9.6143971e-02  -9.8207778e-02  -2.8088249e-02   2.3143094e-01   1.8028531e-01   1.8612065e-02   6.2665212e-02   6.5501168e-02   2.0717550e-01   1.8999822e-02   1.9351190e-01   3.8482635e-03   1.5542799e-01  -5.4770765e-02  -1.7128671e-01   7.1446414e-02   1.7986266e-01   0.0000000e+00   4.7378982e-03   0.0000000e+00   6.1655067e-02  -9.8204718e-02  -4.8717830e-02  -1.8876918e-01   9.7640709e-02  -2.2946576e-01  -1.1846583e-01   3.7055625e-02  -1.8039720e-02  -1.2716454e-01  -5.6959559e-02  -7.7389410e-02  -4.4433125e-02  -9.4669227e-02  -1.7736297e-01  -5.2415298e-02  -2.6079781e-01  -1.0036576e-01   3.9469165e-03   5.8480836e-02   1.9098651e-01  -4.3106553e-02   6.6031572e-02  -2.4614648e-02   6.3776144e-02   8.4085421e-03  -1.3546051e-02   1.1018204e-02   5.5903856e-02  -7.5098095e-02  -5.7964592e-02   5.2735485e-02   7.1867663e-02   5.2598497e-02  -6.4531449e-03   2.2561063e-02   1.0305184e-01   9.2363801e-02  -4.1158616e-02   0.0000000e+00   1.3675589e-01   2.8110838e-02   1.4142978e-01
   0.0000000e+00   0.0000000e+00   0.0000000e+00   0.0000000e+00   0.0000000e+00   0.0000000e+00   0.0000000e+00   0.0000000e+00   0.0000000e+00   0.0000000e+00   0.0000000e+00   0.0000000e+00   0.0000000e+00   0.0000000e+00   0.0000000e+00   0.0000000e+00   0.0000000e+00   0.0000000e+00   0.0000000e+00   0.0000000e+00   0.0000000e+00   0.0000000e+00   0.0000000e+00   0.0000000e+00   0.0000000e+00   0.0000000e+00   0.0000000e+00   0.0000000e+00   0.0000000e+00   0.0000000e+00   0.0000000e+00   0.0000000e+00   0.0000000e+00   0.0000000e+00   0.0000000e+00   0.0000000e+00   0.0000000e+00   0.0000000e+00   0.0000000e+00   0.0000000e+00   0.0000000e+00   0.0000000e+00   0.0000000e+00   0.0000000e+00   0.0000000e+00   0.0000000e+00   0.0000000e+00   0.0000000e+00   0.0000000e+00   0.0000000e+00   0.0000000e+00   0.0000000e+00   0.0000000e+00   0.0000000e+00   0.0000000e+00   0.0000000e+00   0.0000000e+00   0.0000000e+00   0.0000000e+00   0.0000000e+00   0.0000000e+00   0.0000000e+00   0.0000000e+00   0.0000000e+00   0.0000000e+00   0.0000000e+00   0.0000000e+00   0.0000000e+00   0.0000000e+00   0.0000000e+00   0.0000000e+00   0.0000000e+00   0.0000000e+00   0.0000000e+00   0.0000000e+00   0.0000000e+00   0.0000000e+00   0.0000000e+00   0.0000000e+00   0.0000000e+00   0.0000000e+00   0.0000000e+00   0.0000000e+00   0.0000000e+00   0.0000000e+00   0.0000000e+00   0.0000000e+00   0.0000000e+00   0.0000000e+00   0.0000000e+00   0.0000000e+00   0.0000000e+00   0.0000000e+00   0.0000000e+00   0.0000000e+00   0.0000000e+00   0.0000000e+00   0.0000000e+00   0.0000000e+00   0.0000000e+00   0.0000000e+00   0.0000000e+00   0.0000000e+00   0.0000000e+00   0.0000000e+00   0.0000000e+00   0.0000000e+00   0.0000000e+00   0.0000000e+00   0.0000000e+00   0.0000000e+00   0.0000000e+00   0.0000000e+00   0.0000000e+00   0.0000000e+00   0.0000000e+00   0.0000000e+00   0.0000000e+00
  -5.8641570e-03   1.3095750e-02   0.0000000e+00  -9.3794161e-02   1.2724270e-03  -1.4602059e-01  -1.8435241e-02   1.8049841e-01   5.6012665e-02   1.1762735e-01  -3.8368414e-02   0.0000000e+00   0.0000000e+00   3.4321180e-01   2.1698131e-02   4.0163127e-02   1.1308666e-01   1.9343392e-01   2.3939421e-02   1.1896926e-01   3.1786907e-01   4.4451835e-01   1.2814039e-01   7.0733028e-02   3.2263713e-01   2.8626301e-01   1.6382516e-01   8.9256574e-02  -1.2484455e-01  -8.7296423e-02  -9.0492799e-02  -1.5757164e-01  -7.2504963e-02  -1.9508918e-01   1.3443148e-01   3.2639496e-01   1.7464429e-01   1.7421885e-01   2.9566590e-01   1.0913754e-01   9.7136596e-02   2.4463331e-01   1.8276901e-01   1.0550721e-01   1.3959720e-01   1.3683784e-01   1.9432506e-01   1.7719859e-01   2.2524648e-02   4.5990249e-02   0.0000000e+00  -9.3029689e-02   1.4030449e-01   1.8875605e-01   1.7939658e-01   1.1471898e-02   4.4698831e-01   1.9179136e-03   9.0735742e-02   5.6260982e-02   4.2357058e-01   2.0703296e-01   4.8786060e-01   1.0799325e-01   1.1030528e-02   4.7297834e-02  -5.9880879e-02  -6.7172515e-02   9.5282584e-02   1.7606332e-01   8.4976116e-02  -1.0615457e-01   0.0000000e+00  -2.0591266e-02   0.0000000e+00   7.8010487e-02   1.4675305e-01  -4.7211570e-02   9.3642940e-03  -1.0268474e-01   9.1475812e-02   5.8441887e-02   8.5805241e-02   1.6393408e-02   1.6386008e-01   8.4226842e-02  -1.0568028e-01  -1.7415940e-01  -1.0486405e-01  -3.6499785e-02  -8.4261674e-02   1.3119310e-01  -1.0548267e-01   6.0902681e-02   4.9218882e-02  -1.2124616e-02   2.8103715e-01   1.6654142e-01   1.6204704e-02  -7.4372290e-03   6.4298622e-02   1.8484370e-01  -5.2423665e-02   8.9650833e-02   6.2572684e-01   1.9103752e-01  -1.5471139e-01   1.8394286e-03   2.4487444e-01   1.1006800e-03   7.6717517e-02  -1.7113194e-01   4.5661111e-02   1.0343425e-01   0.0000000e+00  -8.5158890e-02   1.8223695e-02   1.3246780e-01
   7.9092359e-02   5.3717160e-02   0.0000000e+00   8.3410507e-02   1.9819666e-01   1.3969035e-02   1.4914649e-01   6.9463111e-02  -1.3836969e-01   2.5947392e-01   1.1661140e-01   0.0000000e+00   3.4321180e-01   0.0000000e+00   6.9310122e-02   8.4017525e-02  -7.1141996e-02  -4.8952168e-02   1.1780171e-01   2.6233240e-01   4.8942437e-01   5.6843723e-01   2.6623453e-01   2.2045440e-01   4.7072130e-01   5.0116626e-01   2.2767037e-01   3.1095989e-01   3.1177833e-02   7.9217671e-02   1.0041007e-01   7.6315646e-02   2.0162155e-01  -7.2474584e-02   2.0289869e-01   2.8421091e-01   9.4092846e-02   3.5764623e-02   1.3505049e-01   3.3923307e-01   1.1578751e-01   5.5253782e-02  -8.9784837e-03   1.1668753e-01   1.8649954e-01   1.3302596e-02   3.9713424e-01   4.9349156e-02   2.5562399e-02  -5.1986892e-02   0.0000000e+00  -1.7402823e-01   9.8272907e-02   3.3987931e-01  -1.0504377e-02   2.9529258e-02   4.9448868e-01  -4.0689237e-02   6.4892255e-02   2.4236512e-01   2.4243067e-01   1.9669950e-01   4.8506573e-01   2.0855463e-02  -1.2113096e-01   1.2048940e-01  -5.7074235e-02   2.6941776e-01   3.8742154e-02  -4.0707193e-03   1.6715671e-01   1.0297876e-01   0.0000000e+00  -1.0145686e-01   0.0000000e+00   1.8292266e-01  -3.8562978e-02  -4.7256971e-02  -7.2981609e-02   1.4794291e-01   3.4272980e-02   1.9470607e-01   2.3010081e-01   1.5330609e-01   5.1976281e-02  -4.3232795e-02  -1.1273587e-01   1.6439979e-02  -7.0579141e-02  -5.5773794e-02  -6.9132627e-02  -1.0248064e-01  -1.0977916e-01   8.8520852e-02   9.2770876e-03  -3.4205009e-02  -2.5434742e-02  -3.3951920e-02  -1.0602509e-01   2.0195777e-01   1.5874185e-01  -3.0921628e-02  -2.3121611e-02  -3.7868678e-02   5.2725706e-01   4.6730529e-02  -4.7246895e-02  -7.8718170e-02   8.7458712e-02  -4.0359335e-02  -3.2997256e-02   7.7421441e-02   1.6891720e-01  -8.5624909e-02   0.0000000e+00  -1.2205532e-01  -1.7292913e-03   4.2300915e-01
  -2.1187196e-02  -9.5721806e-02   0.0000000e+00   6.1057438e-03   1.7732663e-01   4.8204681e-02   1.4670209e-01   4.8867911e-02  -5.2290508e-02   4.7331921e-02   7.4428460e-02   0.0000000e+00   2.1698131e-02   6.9310122e-02   0.0000000e+00   2.1993264e-01   2.3024223e-01   1.3030984e-01   2.4098329e-02   1.9442166e-01   1.6860853e-01   8.9970134e-02  -4.3063752e-02   9.6466565e-02   1.4375914e-01  -5.0673856e-02   1.3956222e-01   7.2701849e-02   2.4633315e-01   6.1132964e-02   1.8476827e-01   1.6792644e-03   1.0954910e-01   1.2622825e-01  -9.2038760e-02   1.3333514e-01   9.1276227e-02  -6.3860152e-02   2.3235196e-02   6.2602863e-02  -1.8883659e-02   4.5791202e-02  -8.2011062e-02  -2.0172154e-02  -2.1074561e-02   8.0938045e-02   4.5957593e-02   1.9401164e-01   2.1795020e-01   1.1540277e-01   0.0000000e+00  -2.1040329e-02  -2.2985787e-02   1.1132634e-01   2.4454363e-01   4.2936988e-01   9.2235661e-02   8.1284327e-02   2.2892775e-01   1.2854707e-01  -3.6462697e-02  -8.3118970e-03  -9.5988078e-02   1.2558712e-01  -1.0354618e-01   1.3976745e-01   9.1959099e-02   1.1160940e-01  -2.9704575e-02  -4.6679302e-02  -1.2774501e-01  -2.2521334e-02   0.0000000e+00  -3.9232796e-02   0.0000000e+00   6.5175249e-02  -1.5045913e-01  -4.8351553e-02  -4.3988772e-02   8.8072670e-02   3.5716348e-02   9.9281613e-02   5.7017664e-02   6.4948532e-02   7.9529410e-02  -3.2563059e-02   3.8658790e-02   1.8405864e-02  -7.4344001e-02  -9.0019273e-02  -1.0403618e-01   1.0770539e-02   5.2843320e-03   3.8132445e-02  -6.8277891e-02  -2.9461960e-02  -1.4994165e-01  -1.0947527e-01  -1.4349140e-01   7.1061250e-02   2.6485862e-02  -6.5987380e-02  -1.7032488e-02   2.5599432e-02  -3.5362027e-03   3.6097199e-02  -4.6446533e-02   1.1177265e-01  -9.2666517e-02   2.0510226e-02   1.5992059e-01   1.7650639e-02   1.4767060e-01   7.7946926e-02   0.0000000e+00   5.5514743e-02   3.8878761e-03   5.9287652e-02
   2.0743338e-02  -1.2437490e-01   0.0000000e+00   1.0140216e-01   1.0121629e-01   7.2517652e-02  -7.2401128e-02   1.7543065e-01   8.9025985e-02   2.1060323e-01   7.0857256e-02   0.0000000e+00   4.0163127e-02   8.4017525e-02   2.1993264e-01   0.0000000e+00   2.0066864e-01   1.3016076e-01   2.1157425e-01   5.1659187e-02   1.4959707e-01   1.5131846e-01   4.7915068e-02   3.2377472e-02   1.6195645e-01  -1.8817922e-02   1.1269328e-01  -7.9331784e-02   5.2836463e-04  -1.3982226e-01   2.7266812e-02  -1.1832366e-01   5.1669780e-02  -1.0408268e-01  -9.8934924e-02   2.0526214e-01   2.2627447e-01   1.0104413e-01   1.1985228e-01  -9.4424899e-03   1.2289395e-01   1.8236104e-01  -1.6678030e-02   5.8162259e-02  -7.0359691e-02   1.3596769e-01   8.9928404e-02   1.9043994e-01   1.3072499e-01   1.7056760e-01   0.0000000e+00   8.7892775e-02   1.4884335e-02   1.8342735e-01   5.5048836e-01   2.2706306e-01   1.3501592e-01   6.7061228e-02   2.1831018e-01   3.7662710e-02   4.9801680e-02   3.3334064e-03   4.3793878e-03   1.1411151e-01   4.1152121e-02   1.1477822e-01   7.1015042e-02   8.9744648e-02  -1.9189583e-02  -3.0736041e-02  -1.1024720e-01  -1.5564448e-02   0.0000000e+00  -8.3451115e-02   0.0000000e+00   5.6163963e-02  -7.0922192e-02  -7.5948267e-02  -3.1421156e-03   3.7697108e-02   8.5702718e-02   1.7683044e-02   4.5333487e-02   1.6966828e-03   1.3134398e-01  -4.8347601e-02  -6.2377846e-02  -1.2539745e-02  -1.1565087e-01  -3.8085732e-02  -2.8232530e-02   6.5259268e-02  -3.3471957e-02   1.0223343e-01   1.5954860e-01   8.3210479e-02   1.3897240e-02   1.4924529e-02   3.8477483e-02   6.8941326e-02   7.2214031e-02  -2.1912963e-02  -5.7620664e-02  -3.6110792e-02   1.6030027e-02   2.1015278e-01  -9.4064794e-03   1.4140156e-01   7.8675090e-02   8.6738482e-02   1.4039195e-01   2.6529936e-01   1.0893732e-01   1.8092545e-01   0.0000000e+00   1.0264181e-01   5.2188663e-02   1.2603593e-02
  -2.8093545e-02  -2.0783427e-02   0.0000000e+00  -8.6875955e-02   2.4533326e-01   9.4504262e-02  -2.1057013e-02   1.1759443e-01   5.0989450e-02   3.7861790e-02  -3.5932662e-02   0.0000000e+00   1.1308666e-01  -7.1141996e-02   2.3024223e-01   2.0066864e-01   0.0000000e+00   4.9130019e-01   4.4875307e-02   2.1557737e-01   1.9324414e-01   1.0448365e-01   1.4931051e-01   9.3496700e-02   1.1657521e-01   3.6438094e-02   2.1835871e-01   5.3211478e-03   3.0133785e-02  -1.4176384e-01   7.3473746e-02  -5.5506769e-02  -9.9500999e-02  -5.5601684e-02  -1.5167978e-01   2.4783035e-01   2.0522753e-01   1.0922569e-01   1.3925294e-01   3.3533637e-02   3.4592900e-02   2.7198665e-01   1.7867150e-01   1.5150019e-01   3.6476817e-02   2.2960110e-01   8.5885323e-02   3.6009179e-01   2.8589993e-01   3.8631078e-01   0.0000000e+00   9.0246165e-02   5.9195304e-02   7.0777247e-02   2.0138629e-01   1.6412621e-01   1.3931174e-01   4.2271125e-02   1.5149524e-01   7.1408972e-02   1.8593063e-01   7.7488689e-02   4.5719871e-02  -1.8508563e-02  -1.0642393e-01   7.7614869e-02   4.2882063e-02   9.3285489e-03  -2.1740666e-02   8.0829502e-02  -1.8536451e-01   1.5729968e-03   0.0000000e+00   2.4220881e-02   0.0000000e+00  -1.1226243e-02  -7.9248170e-02  -7.7348897e-02   6.6829549e-02  -7.8894043e-03   1.5532797e-01  -6.2980215e-03   1.1911143e-01  -3.8532225e-02   2.0295975e-01   1.4693585e-01   7.0010870e-02   5.7197199e-02  -8.6924257e-02  -2.4569209e-02  -3.6109685e-02   1.7121291e-01   4.8828418e-02  -3.5544817e-03   4.3084065e-02   3.6288125e-02   1.1792111e-01   9.6468101e-02   4.1979121e-02   7.5589881e-03   1.2700539e-01   1.0421078e-01   1.3449295e-01   1.0145550e-01   6.3215438e-02   9.8565670e-02   1.7305282e-02   1.4155146e-01   7.4362194e-02   2.7865249e-03   1.9464348e-01   1.2192931e-03   3.4982173e-02   6.3601197e-02   0.0000000e+00   2.0756141e-01  -8.4212733e-02  -1.0769507e-01
   1.4187786e-01   1.1616479e-01   0.0000000e+00   4.7388431e-02   3.3188227e-01   1.7363073e-01   1.0436392e-01   1.2961788e-02  -1.1701951e-01  -6.3090045e-02  -3.0172213e-02   0.0000000e+00   1.9343392e-01  -4.8952168e-02   1.3030984e-01   1.3016076e-01   4.9130019e-01   0.0000000e+00   7.7016254e-02   3.4864697e-01   1.4320052e-01   7.7748372e-03   1.5170023e-01   1.8705432e-02   8.4104288e-02   1.8391455e-01   2.4975534e-01   7.5701457e-02   1.2550437e-01   3.8027647e-02   1.7906915e-01   6.7269181e-02  -1.7110603e-01  -9.4384172e-02   8.0495022e-02   2.2596207e-01   7.2171428e-02   1.2883571e-01   1.3961108e-01   7.6680217e-02   1.3019127e-01   2.2478001e-01   3.5306570e-01   2.5197675e-01   6.6876617e-02   2.3588924e-01   1.2415556e-01   3.2524959e-01   2.2700787e-01   4.0862421e-01   0.0000000e+00   1.2543026e-01   1.6317792e-01   7.2572225e-02   2.2305805e-01   2.4564833e-01   2.3855638e-01  -2.9801463e-03   2.0428623e-01   9.6183227e-02   1.7259474e-01   1.1973441e-01   1.8466847e-02   2.0474489e-03   1.9285469e-03   1.3198008e-01  -1.1114167e-02  -2.7246950e-02   1.5898415e-01   5.1832796e-01  -8.9198675e-03  -1.4454364e-03   0.0000000e+00   8.8249779e-02   0.0000000e+00   1.9733298e-02   1.0203910e-01   1.3531314e-01   2.5376747e-01   4.7518617e-02   3.1063943e-01   6.2337323e-02   2.1233088e-01   2.9654401e-01   2.8905286e-01   2.9661004e-01   1.9745668e-01   1.0946705e-01   1.2676466e-01   1.8059963e-01   1.2779715e-01   4.0492500e-01   9.6537936e-02   1.5610551e-01   9.9019154e-02   1.0901234e-01   1.9200815e-01   1.0019468e-01  -2.5908907e-02   3.4474306e-02   1.2065786e-01   1.0202579e-01   1.8625739e-01   7.9673147e-02   1.9166768e-01  -8.7837998e-03  -1.6276436e-02   1.0261848e-01  -6.5963515e-03  -3.6914154e-02   2.2437045e-01   9.4929752e-03   4.3920503e-02   1.5578611e-01   0.0000000e+00  -1.0361185e-02  -5.1099807e-02  -4.7269551e-02
   1.6116511e-01   1.3559139e-01   0.0000000e+00   8.6969196e-02   9.9783573e-02   6.7507889e-02  -4.7090566e-04   1.9386092e-02   9.9552799e-02   1.3602801e-01   1.4264904e-01   0.0000000e+00   2.3939421e-02   1.1780171e-01   2.4098329e-02   2.1157425e-01   4.4875307e-02   7.7016254e-02   0.0000000e+00   4.7911335e-02   1.2296903e-01   9.9718158e-02   1.1033208e-01   9.7066824e-02   1.0298987e-01   7.8083533e-02   1.2530005e-01   3.6528034e-02   5.1605245e-02  -1.0660889e-01  -4.2499096e-02   7.8983102e-02  -2.9129675e-02  -1.0993872e-01  -2.0248158e-02   3.2452981e-01   3.3500920e-01   2.4041156e-01   1.7720674e-01   2.0080037e-01   1.6021433e-01   2.6777401e-01   1.3554086e-02   2.8718185e-01  -6.6843876e-02   2.5243385e-01   1.0633766e-01   1.0614566e-01   4.4362959e-02   1.1644666e-01   0.0000000e+00   1.5401180e-01   6.6536415e-02   2.5694749e-01   5.6995670e-02  -2.8794935e-02   4.5135625e-02   1.3003657e-01   4.0129408e-01   2.3685506e-02   1.9623272e-03   7.4597786e-02   7.1569635e-02   1.6135901e-01   6.4041245e-02   9.6903721e-02   2.4041913e-02   2.1705338e-01   9.9603719e-02  -5.7938670e-04  -9.0544706e-02   8.8873787e-02   0.0000000e+00  -1.0549445e-01   0.0000000e+00   1.4548227e-01  -2.4780792e-02   2.8692073e-02   1.3467969e-01   7.6559895e-02   8.7579321e-02   2.6142276e-02   9.5270548e-02  -6.3801433e-03   1.1625264e-01   3.0093205e-02  -7.6230604e-02   9.6963656e-02   1.8198404e-01  -1.4419456e-02   7.3314078e-02   1.0779964e-01   7.3067518e-02   2.8409014e-01   3.8223780e-01   1.4378258e-01   4.1398080e-02   7.1380495e-02   1.0782944e-01   1.4126560e-01   8.6240053e-02   5.0467432e-02   2.8953209e-02  -1.1996322e-02   1.5934901e-01   1.7060059e-01   4.1991595e-02   1.1965997e-01   1.3676012e-01   1.5967583e-01   1.0390345e-01   1.1662964e-01   4.6184917e-02   1.2074138e-02   0.0000000e+00  -1.4542348e-02   1.0824379e-01   7.6691667e-02
   9.8194621e-02   1.5975115e-01   0.0000000e+00   6.6884020e-02   6.6389348e-01   2.2596979e-01   4.5047569e-01  -3.2017244e-02  -3.0441032e-01  -2.1222817e-02   1.0104746e-02   0.0000000e+00   1.1896926e-01   2.6233240e-01   1.9442166e-01   5.1659187e-02   2.1557737e-01   3.4864697e-01   4.7911335e-02   0.0000000e+00   2.0402084e-01   1.2342230e-01   1.1731651e-01   1.5082135e-01   2.5816342e-01   1.7709469e-01   5.4687912e-01   1.6660401e-01   4.8724135e-01   4.2126770e-01   7.6806975e-01   2.4293512e-01   4.6685065e-02   1.3883869e-01   5.0550120e-03   5.2453099e-02   1.3358397e-02  -2.1910514e-01  -1.5546204e-01   9.0345850e-02  -1.5639550e-01  -1.1006988e-01   1.2154927e-01   1.5819134e-02  -7.7347140e-02   1.9358433e-02   2.3361453e-01   5.8846207e-02   2.6451049e-01   4.7075944e-01   0.0000000e+00   1.2064461e-01  -9.5238504e-02   6.3778200e-02   1.2482979e-01   3.3867000e-01   2.8977223e-01  -7.1835907e-02   4.6767954e-02   3.0487140e-01   6.9904104e-02   2.3874072e-01  -6.3304586e-02  -1.0576535e-02  -2.0976051e-01   3.0377336e-01   1.4003597e-01   1.1517042e-01   1.8580695e-01   4.3993061e-01   4.5761301e-02  -6.7309317e-02   0.0000000e+00   2.5926244e-02   0.0000000e+00   1.1191218e-01  -6.7020615e-02   2.9191052e-02   2.7783556e-01   2.3774792e-01   4.3727237e-01   2.7845802e-01   4.0946468e-01   7.1832550e-01   4.0957145e-01   1.8469131e-01   5.6926393e-01   2.9039425e-01   1.9761880e-01   1.8442393e-01   7.6677420e-02   3.0367720e-01   2.0503384e-02   1.7951827e-01  -7.8257369e-02  -2.4105573e-01  -2.5085353e-01  -3.0427403e-01  -3.2589165e-01  -3.8199582e-02   1.0750756e-01  -2.5508310e-01   1.0083971e-01  -7.7968354e-03   7.7185338e-02  -1.0561248e-01  -5.8596080e-02  -5.6171521e-02  -1.5454554e-01  -7.6855052e-02   3.3028457e-01  -1.5260133e-02   9.8293014e-02   9.5596396e-02   0.0000000e+00  -1.3948284e-01   6.7240740e-02   3.0914555e-01
   1.1898151e-01   3.9455543e-02   0.0000000e+00   3.2297383e-02   1.1809704e-01  -7.2867452e-02   4.3960132e-02   2.1510141e-01  -5.0121564e-02   3.6253208e-01   2.6563397e-01   0.0000000e+00   3.1786907e-01   4.8942437e-01   1.6860853e-01   1.4959707e-01   1.9324414e-01   1.4320052e-01   1.2296903e-01   2.0402084e-01   0.0000000e+00   6.3689810e-01   3.9928567e-01   3.1861772e-01   7.6701733e-01   3.8803757e-01   1.6400339e-01   1.0294041e-01   1.3456416e-01   2.9509301e-02   9.3627969e-02  -6.7349291e-02   1.2523263e-01  -1.7013656e-02   7.5087603e-02   3.8168843e-01   2.0719073e-01   3.5393202e-01   2.8081502e-01   4.6071692e-01   2.7171163e-01   2.8202434e-01   9.8212989e-02   2.6865010e-01   3.4352785e-01   2.6556918e-01   2.4144649e-01   1.8013871e-01   1.2296699e-01   4.4973666e-02   0.0000000e+00  -1.5187570e-01   2.8797908e-01   2.0724645e-01   1.3435178e-01   1.3639294e-01   3.5666325e-01  -9.4329834e-03   2.3656063e-01   5.3956352e-01   4.2606427e-01   3.1276634e-01   3.1398490e-01   5.8635287e-02  -1.4973587e-01  -1.0853919e-02  -1.5480430e-01   8.9341674e-02  -5.1314799e-02  -4.5225310e-02  -8.4928624e-02   4.0578089e-02   0.0000000e+00  -3.9573549e-02   0.0000000e+00  -1.1423460e-02  -7.2548802e-02   4.3932192e-02  -5.1361856e-02   6.3457556e-02  -3.3345303e-02  -6.2525145e-02   2.8649332e-01   7.0294008e-02   6.5197422e-02   1.3557228e-02  -1.9153370e-01  -5.6409042e-02  -3.5448752e-02  -1.5739496e-01  -1.8592946e-01   1.4179970e-02  -1.0068889e-01   1.7609484e-02   7.0389461e-02   7.6996962e-02   2.4213581e-02   1.5347729e-01  -8.7110056e-02   1.5413191e-01   1.4273250e-01   8.7801690e-02   8.8653423e-02   4.0694540e-01   3.3620583e-01  -3.0181391e-03  -1.7054089e-02   3.1327631e-02   9.1607617e-02  -8.5446820e-02   3.1164436e-02   1.7370452e-03  -7.8487171e-03  -4.5949082e-02   0.0000000e+00   1.1471235e-01   2.9118728e-03   1.8166262e-01
