   0.0000000e+00   0.0000000e+00   0.0000000e+00   9.6370770e-02   5.1473759e-02   0.0000000e+00   3.0851486e-01   2.2329608e-01   6.3585961e-02   0.0000000e+00   8.1719915e-02   0.0000000e+00  -1.1527432e-01   4.4100928e-02   2.7910841e-02   1.2549230e-01  -1.2843004e-02  -1.2943235e-02   1.6191984e-01  -1.3328413e-01  -9.2698059e-02  -7.1564002e-02   1.6532796e-01  -2.3935418e-02  -2.6685348e-02   1.9348022e-01  -4.4102703e-02  -1.7423104e-01  -2.2212000e-02  -6.9812996e-02  -5.7907460e-02  -4.0535561e-02  -1.4025243e-01   0.0000000e+00  -5.8201154e-02   2.2837181e-02   2.9911449e-02  -9.1301199e-02  -1.8175207e-01   1.5699736e-01   1.8610389e-02   1.5124237e-03   1.0140794e-01   6.9373004e-02   8.3018925e-03   8.9161455e-02  -3.8725543e-03  -5.6096262e-02   7.1553643e-02  -2.5032494e-02   0.0000000e+00  -9.1227321e-02   1.0810953e-02  -6.2632829e-02   6.2405061e-03  -2.0399414e-02  -9.1364945e-02  -2.0562932e-02   9.3480439e-02   1.2841668e-01  -6.4892514e-02   7.6920773e-02   1.3796751e-01   1.5119986e-01   5.2047968e-03   3.2936085e-02   3.9999309e-02   1.2012147e-01   1.2328831e-01   6.1137701e-02  -9.7648127e-04   1.7630207e-01   5.6579003e-01   4.5142832e-01   0.0000000e+00   3.0209842e-02   1.2576917e-01   2.3370447e-01   1.7623850e-01   1.0327915e-01   5.3871385e-02   2.8941356e-02  -2.3243196e-02  -9.4387554e-02  -5.3778064e-02  -4.6908610e-02   2.8163429e-02   1.3308342e-01  -5.7872046e-02  -7.7876651e-02   2.3911936e-02   1.5811545e-01   2.0985839e-02   5.3189707e-03  -8.2540470e-02   2.9204531e-02   5.3441210e-02   8.1358879e-02   2.0939908e-01   1.1516600e-02   1.5964574e-01  -3.8740009e-02   2.1697182e-01   1.1265945e-01   9.9762674e-02  -2.6407106e-02   4.6095174e-02   2.8451382e-03   1.0946546e-01   1.2587290e-01  -6.5320474e-03   1.6575463e-01   3.1503611e-03   7.0046408e-02   1.2655646e-01   1.5149419e-01   1.8292987e-01   1.7466717e-02
   0.0000000e+00   0.0000000e+00   0.0000000e+00   0.0000000e+00   0.0000000e+00   0.0000000e+00   0.0000000e+00   0.0000000e+00   0.0000000e+00   0.0000000e+00   0.0000000e+00   0.0000000e+00   0.0000000e+00   0.0000000e+00   0.0000000e+00   0.0000000e+00   0.0000000e+00   0.0000000e+00   0.0000000e+00   0.0000000e+00   0.0000000e+00   0.0000000e+00   0.0000000e+00   0.0000000e+00   0.0000000e+00   0.0000000e+00   0.0000000e+00   0.0000000e+00   0.0000000e+00   0.0000000e+00   0.0000000e+00   0.0000000e+00   0.0000000e+00   0.0000000e+00   0.0000000e+00   0.0000000e+00   0.0000000e+00   0.0000000e+00   0.0000000e+00   0.0000000e+00   0.0000000e+00   0.0000000e+00   0.0000000e+00   0.0000000e+00   0.0000000e+00   0.0000000e+00   0.0000000e+00   0.0000000e+00   0.0000000e+00   0.0000000e+00   0.0000000e+00   0.0000000e+00   0.0000000e+00   0.0000000e+00   0.0000000e+00   0.0000000e+00   0.0000000e+00   0.0000000e+00   0.0000000e+00   0.0000000e+00   0.0000000e+00   0.0000000e+00   0.0000000e+00   0.0000000e+00   0.0000000e+00   0.0000000e+00   0.0000000e+00   0.0000000e+00   0.0000000e+00   0.0000000e+00   0.0000000e+00   0.0000000e+00   0.0000000e+00   0.0000000e+00   0.0000000e+00   0.0000000e+00   0.0000000e+00   0.0000000e+00   0.0000000e+00   0.0000000e+00   0.0000000e+00   0.0000000e+00   0.0000000e+00   0.0000000e+00   0.0000000e+00   0.0000000e+00   0.0000000e+00   0.0000000e+00   0.0000000e+00   0.0000000e+00   0.0000000e+00   0.0000000e+00   0.0000000e+00   0.0000000e+00   0.0000000e+00   0.0000000e+00   0.0000000e+00   0.0000000e+00   0.0000000e+00   0.0000000e+00   0.0000000e+00   0.0000000e+00   0.0000000e+00   0.0000000e+00   0.0000000e+00   0.0000000e+00   0.0000000e+00   0.0000000e+00   0.0000000e+00   0.0000000e+00   0.0000000e+00   0.0000000e+00   0.0000000e+00   0.0000000e+00   0.0000000e+00   0.0000000e+00   0.0000000e+00   0.0000000e+00
   0.0000000e+00   0.0000000e+00   0.0000000e+00   0.0000000e+00   0.0000000e+00   0.0000000e+00   0.0000000e+00   0.0000000e+00   0.0000000e+00   0.0000000e+00   0.0000000e+00   0.0000000e+00   0.0000000e+00   0.0000000e+00   0.0000000e+00   0.0000000e+00   0.0000000e+00   0.0000000e+00   0.0000000e+00   0.0000000e+00   0.0000000e+00   0.0000000e+00   0.0000000e+00   0.0000000e+00   0.0000000e+00   0.0000000e+00   0.0000000e+00   0.0000000e+00   0.0000000e+00   0.0000000e+00   0.0000000e+00   0.0000000e+00   0.0000000e+00   0.0000000e+00   0.0000000e+00   0.0000000e+00   0.0000000e+00   0.0000000e+00   0.0000000e+00   0.0000000e+00   0.0000000e+00   0.0000000e+00   0.0000000e+00   0.0000000e+00   0.0000000e+00   0.0000000e+00   0.0000000e+00   0.0000000e+00   0.0000000e+00   0.0000000e+00   0.0000000e+00   0.0000000e+00   0.0000000e+00   0.0000000e+00   0.0000000e+00   0.0000000e+00   0.0000000e+00   0.0000000e+00   0.0000000e+00   0.0000000e+00   0.0000000e+00   0.0000000e+00   0.0000000e+00   0.0000000e+00   0.0000000e+00   0.0000000e+00   0.0000000e+00   0.0000000e+00   0.0000000e+00   0.0000000e+00   0.0000000e+00   0.0000000e+00   0.0000000e+00   0.0000000e+00   0.0000000e+00   0.0000000e+00   0.0000000e+00   0.0000000e+00   0.0000000e+00   0.0000000e+00   0.0000000e+00   0.0000000e+00   0.0000000e+00   0.0000000e+00   0.0000000e+00   0.0000000e+00   0.0000000e+00   0.0000000e+00   0.0000000e+00   0.0000000e+00   0.0000000e+00   0.0000000e+00   0.0000000e+00   0.0000000e+00   0.0000000e+00   0.0000000e+00   0.0000000e+00   0.0000000e+00   0.0000000e+00   0.0000000e+00   0.0000000e+00   0.0000000e+00   0.0000000e+00   0.0000000e+00   0.0000000e+00   0.0000000e+00   0.0000000e+00   0.0000000e+00   0.0000000e+00   0.0000000e+00   0.0000000e+00   0.0000000e+00   0.0000000e+00   0.0000000e+00   0.0000000e+00   0.0000000e+00   0.0000000e+00   0.0000000e+00
   9.6370770e-02   0.0000000e+00   0.0000000e+00   0.0000000e+00   1.0977249e-01   0.0000000e+00   5.7785757e-02   6.7420476e-02   6.5524877e-02   0.0000000e+00   6.0426688e-02   0.0000000e+00   6.9452649e-02   2.6823460e-02   7.7436799e-02   1.3803157e-01  -1.0732486e-03   4.3286286e-02   2.0119627e-01   1.2944266e-01   1.1795440e-01   1.6173648e-01   1.5444477e-01  -7.7278433e-02   9.9828311e-02   1.7984240e-01   2.0553582e-01   1.3368900e-01   6.4803581e-02   5.6215197e-02   2.2961319e-02   2.1449997e-01  -1.4227144e-02   0.0000000e+00   8.6204128e-02   2.0107296e-01  -3.1736314e-02   7.4408744e-02   4.4094411e-02   1.4009819e-01   1.1244678e-01   1.2627127e-01  -3.2209798e-02   1.5910818e-01  -5.2168554e-02   5.3659430e-02   1.8651404e-01   2.0494623e-01   3.3790258e-02   1.0496975e-01   0.0000000e+00  -2.2494932e-02   4.2210300e-02   1.9186926e-01   5.0821648e-02   1.6389201e-01   1.4278455e-01  -4.2563126e-02   1.3201890e-01   4.8341331e-03   9.5422613e-02   1.4431592e-01   8.8899124e-02   1.1104980e-01  -6.9132616e-03   2.9579391e-02   1.7915885e-02   6.7051215e-02   6.0375606e-02   1.1054582e-01  -7.5211977e-04   2.7038234e-02   6.2088447e-02   1.0234674e-02   0.0000000e+00   1.3832050e-01   4.5267138e-02   8.8611322e-02   3.4165452e-02  -4.5188941e-02   3.8162848e-02  -1.3497393e-02   2.2226665e-01   1.2593102e-02   2.9183162e-02  -3.9964827e-02  -1.2925726e-01   4.0718771e-02  -6.1517685e-02  -2.2774429e-02  -2.1327285e-02   1.3425355e-01   2.1894762e-02  -3.3609343e-02  -3.5757488e-02   1.8972043e-02   2.4859188e-02   1.1179882e-01   1.0465298e-01   9.8665778e-02   6.6895539e-02  -3.1185818e-02   6.5218051e-03   5.5658873e-02   9.0960798e-02   6.8801985e-02   1.1704080e-01   1.0901406e-03   1.2482062e-01  -3.7031947e-02  -7.3320148e-02   3.2427405e-02  -4.4468769e-03   1.1119302e-01   6.6952046e-02   7.0852736e-02  -6.2380401e-02   7.7343233e-02
   5.1473759e-02   0.0000000e+00   0.0000000e+00   1.0977249e-01   0.0000000e+00   0.0000000e+00   1.0458789e-01  -5.0154373e-02  -8.0960612e-02   0.0000000e+00   5.2305856e-03   0.0000000e+00  -3.0065771e-02  -9.4904765e-02   4.9642302e-02  -9.6011119e-02   1.7342807e-01   1.6748488e-02   1.2254787e-01   1.8898796e-01  -6.3580749e-02  -2.7962917e-02  -2.1208701e-02   6.5517073e-02   1.3877481e-01   1.4626609e-01   8.9155428e-02   1.4135446e-01   9.6174009e-02   1.4816958e-01   2.1649301e-01   1.3111887e-01   1.6401709e-02   0.0000000e+00   1.0683856e-01  -2.6979105e-02  -9.4199180e-02  -6.4906861e-02   1.6944857e-02  -1.1082725e-01   8.7252539e-02  -2.9319783e-02   2.7025656e-01  -8.7665040e-02  -3.1313360e-02   9.4129682e-02   2.5367403e-01   4.8461608e-03  -1.9028366e-02   1.5068712e-01   0.0000000e+00  -6.5099689e-02  -5.7810535e-02   6.2890723e-02  -9.9375029e-02  -3.6044944e-02  -5.6937572e-02   2.8077866e-02  -6.1844972e-03   2.0863682e-01   1.7103436e-02   1.0437782e-01  -6.7420408e-02   6.4899865e-02  -2.2696915e-02   2.5177521e-01   1.5854050e-02   1.8915727e-01   2.2119416e-01   1.8886384e-01  -8.2679462e-02   1.2930270e-01  -3.3646301e-03  -5.1813964e-02   0.0000000e+00   6.5446836e-02   1.2520297e-01   7.3289828e-02   3.4526352e-01   3.3613657e-02   3.7475375e-01   3.1028952e-01   1.7648848e-01   2.5779295e-01   2.9791173e-01   8.8366722e-02   2.5858592e-01   1.9634758e-01   3.2941051e-01   2.4462888e-01   2.0471678e-01   1.4335344e-01   1.4101212e-01   8.1536399e-03   5.6574208e-02  -2.2809377e-02  -1.7568379e-01  -1.9288003e-01   9.0526743e-03  -2.0100861e-02   3.4979578e-02   1.8254845e-02   1.9114188e-03   1.8273930e-01  -8.6412767e-02   2.7565355e-02  -7.0769376e-03  -2.0286345e-01  -4.8019831e-02   1.7606249e-02  -4.6467528e-02  -2.5459691e-02   6.8828313e-02   1.2806760e-02   1.2466046e-01  -9.9394676e-02  -3.6894344e-02   1.4235169e-01
   0.0000000e+00   0.0000000e+00   0.0000000e+00   0.0000000e+00   0.0000000e+00   0.0000000e+00   0.0000000e+00   0.0000000e+00   0.0000000e+00   0.0000000e+00   0.0000000e+00   0.0000000e+00   0.0000000e+00   0.0000000e+00   0.0000000e+00   0.0000000e+00   0.0000000e+00   0.0000000e+00   0.0000000e+00   0.0000000e+00   0.0000000e+00   0.0000000e+00   0.0000000e+00   0.0000000e+00   0.0000000e+00   0.0000000e+00   0.0000000e+00   0.0000000e+00   0.0000000e+00   0.0000000e+00   0.0000000e+00   0.0000000e+00   0.0000000e+00   0.0000000e+00   0.0000000e+00   0.0000000e+00   0.0000000e+00   0.0000000e+00   0.0000000e+00   0.0000000e+00   0.0000000e+00   0.0000000e+00   0.0000000e+00   0.0000000e+00   0.0000000e+00   0.0000000e+00   0.0000000e+00   0.0000000e+00   0.0000000e+00   0.0000000e+00   0.0000000e+00   0.0000000e+00   0.0000000e+00   0.0000000e+00   0.0000000e+00   0.0000000e+00   0.0000000e+00   0.0000000e+00   0.0000000e+00   0.0000000e+00   0.0000000e+00   0.0000000e+00   0.0000000e+00   0.0000000e+00   0.0000000e+00   0.0000000e+00   0.0000000e+00   0.0000000e+00   0.0000000e+00   0.0000000e+00   0.0000000e+00   0.0000000e+00   0.0000000e+00   0.0000000e+00   0.0000000e+00   0.0000000e+00   0.0000000e+00   0.0000000e+00   0.0000000e+00   0.0000000e+00   0.0000000e+00   0.0000000e+00   0.0000000e+00   0.0000000e+00   0.0000000e+00   0.0000000e+00   0.0000000e+00   0.0000000e+00   0.0000000e+00   0.0000000e+00   0.0000000e+00   0.0000000e+00   0.0000000e+00   0.0000000e+00   0.0000000e+00   0.0000000e+00   0.0000000e+00   0.0000000e+00   0.0000000e+00   0.0000000e+00   0.0000000e+00   0.0000000e+00   0.0000000e+00   0.0000000e+00   0.0000000e+00   0.0000000e+00   0.0000000e+00   0.0000000e+00   0.0000000e+00   0.0000000e+00   0.0000000e+00   0.0000000e+00   0.0000000e+00   0.0000000e+00   0.0000000e+00   0.0000000e+00   0.0000000e+00   0.0000000e+00
   3.0851486e-01   0.0000000e+00   0.0000000e+00   5.7785757e-02   1.0458789e-01   0.0000000e+00   0.0000000e+00   3.4937273e-02   5.0229212e-02   0.0000000e+00  -4.4784235e-02   0.0000000e+00  -1.1096456e-01  -4.2580201e-02   3.3314089e-03   2.5958286e-03   1.3803799e-01  -1.9440864e-03   2.7987525e-01   6.6722037e-03  -1.5812933e-01  -6.0379528e-02   6.4408044e-02  -9.5960806e-02   3.9568629e-02   2.2362949e-01   4.5288134e-02  -9.6866200e-02   3.4478567e-02   2.3793475e-02  -5.9639846e-02  -4.3248470e-02  -1.4494143e-01   0.0000000e+00   1.1102837e-02   1.6652761e-01   4.4523058e-02   5.1132245e-02  -9.1095004e-02   4.7691267e-02   1.7961565e-01   8.9009531e-03   1.8764571e-01   1.6325093e-01   3.4394207e-02   1.4724483e-01   1.1034133e-02  -5.8693878e-02  -4.1539684e-03   9.3976174e-02   0.0000000e+00   2.3372528e-01   6.7698907e-02  -2.5668387e-02  -2.3461860e-02  -1.3646935e-02  -3.4857269e-02  -5.1381844e-02  -3.7624866e-02   8.2912597e-02  -8.2924466e-02   5.8449973e-02   5.1273965e-02   2.6609945e-01  -7.4363709e-02   2.2191062e-01   1.1431105e-03   2.7577378e-02   5.2953025e-02   2.2682007e-01  -2.2729875e-02   4.9656423e-02   3.3915211e-01   1.6204647e-01   0.0000000e+00  -1.5314337e-01   7.8332385e-03   2.4566020e-01   1.2595201e-01   8.2909987e-02   2.6009577e-01   6.9400609e-03  -9.1987437e-02  -3.0956975e-02   1.4679360e-01  -5.1637067e-02   2.5899944e-02  -8.1796736e-02   1.3760315e-01  -1.4555289e-01   7.1292676e-02   2.3818153e-01   1.4252575e-01   2.3879602e-01   3.3111601e-01   7.4433846e-02   6.1311862e-02   1.7473423e-01   2.1074163e-01   1.0881316e-01   2.7500393e-01   2.4205904e-01   1.8885440e-01   2.2488670e-01   1.3716304e-01  -6.5935036e-02  -5.5810671e-03   8.1445989e-02   9.6269224e-02   2.6253781e-01  -4.6394764e-03  -4.8037249e-02  -2.4549922e-02   1.3382481e-01   1.5602093e-01  -1.2819725e-02   4.5791643e-02  -1.1976153e-01
   2.2329608e-01   0.0000000e+00   0.0000000e+00   6.7420476e-02  -5.0154373e-02   0.0000000e+00   3.4937273e-02   0.0000000e+00   1.6186936e-01   0.0000000e+00   8.2750483e-02   0.0000000e+00  -8.7810925e-03   2.9088356e-02  -2.3928809e-02   1.0225257e-01  -7.3905489e-02   1.3698380e-03   1.0678871e-01  -5.6919431e-02   9.1165355e-02  -1.2008481e-02  -9.4974569e-03  -5.5910582e-03  -1.0132118e-01   9.0817340e-02  -1.2201220e-02  -1.4261972e-01  -1.2650426e-01  -9.3404980e-02  -8.1284399e-02   2.1236474e-02   2.2327391e-02   0.0000000e+00   1.2953132e-01   8.0423501e-02   5.6403354e-02   8.7429734e-02   8.2273767e-02   8.3936471e-02  -3.8522533e-02   1.0251965e-01   4.3158766e-02  -5.7203534e-02   3.3530617e-02  -3.8161287e-03   7.2427760e-02  -1.5370626e-02   9.5218948e-02  -9.4657477e-02   0.0000000e+00  -8.6133572e-02  -5.6610212e-03   5.3852250e-02   5.6713810e-02   3.6528338e-02  -1.0262890e-01   1.8915207e-02   1.1714803e-01   7.7043226e-02  -8.0070328e-03   9.6469773e-03   1.2918500e-01   7.0162871e-02  -6.9238515e-02  -7.0640552e-04   1.0267808e-01   3.9870446e-02   2.9494257e-01   6.1044689e-02   8.5458014e-02   2.2267893e-01   2.8473231e-02   2.2007646e-02   0.0000000e+00   6.2439908e-02   1.5667559e-01   1.9653961e-01   3.9719994e-02  -1.4257487e-03  -8.3501461e-02  -2.1079517e-02  -2.8611711e-02  -1.1832579e-01  -1.0792656e-01  -1.1092341e-01  -2.8292424e-02   5.7159158e-02  -1.3879355e-01  -1.0080790e-01  -3.4251798e-02   5.0772502e-02  -1.4015589e-01  -8.2787784e-04  -8.9663898e-02   3.6405138e-03   1.4837412e-03  -8.9186611e-02   6.4062945e-02  -4.0758867e-02  -7.1970729e-02  -1.0703955e-01   2.6233055e-01  -2.8323374e-02   9.8510842e-02  -3.0946092e-02   1.2141909e-01   1.5067854e-02   2.1515388e-01   2.8297444e-01   6.3256639e-03   1.7910910e-01   1.4043719e-01   8.1747526e-02   8.8026812e-02   6.0715024e-01   2.2313352e-01   7.2084887e-02
   6.3585961e-02   0.0000000e+00   0.0000000e+00   6.5524877e-02  -8.0960612e-02   0.0000000e+00   5.0229212e-02   1.6186936e-01   0.0000000e+00   0.0000000e+00   8.4283665e-04   0.0000000e+00  -8.4130182e-02   6.8379395e-02   2.6423092e-02  -9.9169040e-03  -1.0831905e-01   1.0329353e-01   1.3247451e-01  -1.4422401e-01  -1.7794918e-02  -1.3918795e-01   3.4781126e-02  -1.8055476e-01  -2.0748872e-01  -6.9987949e-02  -2.0983799e-01  -2.5347836e-01   2.9631787e-03   6.5715202e-03  -1.6430409e-01  -1.8123342e-01  -8.1093283e-02   0.0000000e+00  -3.9090389e-02   4.0579060e-02   6.1777214e-02  -9.0997853e-02  -7.0382186e-02   6.0772774e-02   6.0921068e-02   6.2419633e-02   1.1449031e-02   1.5333655e-01   1.0632517e-01   2.0441859e-01  -1.2727412e-01   1.6189175e-02   3.7847753e-01   3.2711286e-02   0.0000000e+00   1.4129569e-01   1.5796937e-01   8.2515983e-02  -6.5977365e-03   1.0455365e-01  -1.9401771e-01   2.8653472e-01   1.5682984e-01  -9.5658881e-02  -8.4741283e-02  -1.0968449e-01   1.9702248e-01  -9.5875836e-03   4.9882372e-01  -1.3629139e-01   2.2440399e-01   3.7847484e-02   5.8500377e-02  -4.0133323e-02  -3.2781301e-02  -7.2508845e-02   1.8603418e-02   1.2579851e-01   0.0000000e+00   9.8989629e-02  -7.2955387e-02   1.3231578e-01  -2.0304110e-02   1.0338447e-01  -1.2668170e-01  -7.8326495e-02  -2.2547146e-01  -1.6306478e-01  -1.5787094e-01  -1.2758165e-02  -2.3752635e-02  -3.6424866e-02  -1.0931777e-01  -3.6788333e-02   3.8209299e-02   4.2570156e-02   1.7490059e-02   1.2391436e-01   5.3804542e-02   3.1391798e-01   5.0483472e-01   2.4382182e-01   2.3614089e-01   1.6585468e-01   1.2167038e-01   1.0169488e-01   2.3069278e-01   2.8066719e-02   1.7490265e-01   4.1944516e-01   3.1975433e-01   1.7584269e-01   2.8136977e-01   1.5192945e-01   4.2557568e-01  -2.1351623e-02   3.3683847e-02   6.6246877e-02   1.4396631e-01   1.5781499e-01   6.5512428e-02  -1.3199084e-01
   0.0000000e+00   0.0000000e+00   0.0000000e+00   0.0000000e+00   0.0000000e+00   0.0000000e+00   0.0000000e+00   0.0000000e+00   0.0000000e+00   0.0000000e+00   0.0000000e+00   0.0000000e+00   0.0000000e+00   0.0000000e+00   0.0000000e+00   0.0000000e+00   0.0000000e+00   0.0000000e+00   0.0000000e+00   0.0000000e+00   0.0000000e+00   0.0000000e+00   0.0000000e+00   0.0000000e+00   0.0000000e+00   0.0000000e+00   0.0000000e+00   0.0000000e+00   0.0000000e+00   0.0000000e+00   0.0000000e+00   0.0000000e+00   0.0000000e+00   0.0000000e+00   0.0000000e+00   0.0000000e+00   0.0000000e+00   0.0000000e+00   0.0000000e+00   0.0000000e+00   0.0000000e+00   0.0000000e+00   0.0000000e+00   0.0000000e+00   0.0000000e+00   0.0000000e+00   0.0000000e+00   0.0000000e+00   0.0000000e+00   0.0000000e+00   0.0000000e+00   0.0000000e+00   0.0000000e+00   0.0000000e+00   0.0000000e+00   0.0000000e+00   0.0000000e+00   0.0000000e+00   0.0000000e+00   0.0000000e+00   0.0000000e+00   0.0000000e+00   0.0000000e+00   0.0000000e+00   0.0000000e+00   0.0000000e+00   0.0000000e+00   0.0000000e+00   0.0000000e+00   0.0000000e+00   0.0000000e+00   0.0000000e+00   0.0000000e+00   0.0000000e+00   0.0000000e+00   0.0000000e+00   0.0000000e+00   0.0000000e+00   0.0000000e+00   0.0000000e+00   0.0000000e+00   0.0000000e+00   0.0000000e+00   0.0000000e+00   0.0000000e+00   0.0000000e+00   0.0000000e+00   0.0000000e+00   0.0000000e+00   0.0000000e+00   0.0000000e+00   0.0000000e+00   0.0000000e+00   0.0000000e+00   0.0000000e+00   0.0000000e+00   0.0000000e+00   0.0000000e+00   0.0000000e+00   0.0000000e+00   0.0000000e+00   0.0000000e+00   0.0000000e+00   0.0000000e+00   0.0000000e+00   0.0000000e+00   0.0000000e+00   0.0000000e+00   0.0000000e+00   0.0000000e+00   0.0000000e+00   0.0000000e+00   0.0000000e+00   0.0000000e+00   0.0000000e+00   0.0000000e+00   0.0000000e+00   0.0000000e+00
   8.1719915e-02   0.0000000e+00   0.0000000e+00   6.0426688e-02   5.2305856e-03   0.0000000e+00  -4.4784235e-02   8.2750483e-02   8.4283665e-04   0.0000000e+00   0.0000000e+00   0.0000000e+00  -9.9989359e-03  -5.8909634e-02   7.9376676e-02   1.3644778e-01  -9.1714222e-02   1.3329981e-02   1.3971226e-01   7.1409284e-02   7.6169741e-02   1.7040006e-02  -3.4598195e-02   1.2486731e-02   2.4372906e-02   3.8508705e-02  -3.9899342e-02  -6.9463812e-02  -8.4393707e-02  -2.9328769e-02   5.5171299e-02   1.5280115e-01  -2.1122600e-02   0.0000000e+00   7.8290926e-02   3.6287480e-02   1.3192635e-02   2.4725293e-01   2.3835575e-01   3.3660825e-01   8.8269173e-02   1.5545252e-01   9.6359617e-02   8.6229735e-02   1.4656333e-02  -1.2739907e-02   1.8588897e-01   1.2400401e-01  -7.3837081e-02  -1.2291485e-01   0.0000000e+00  -6.4791106e-02   8.5192903e-02   5.0673346e-03   1.4425782e-01   5.5735132e-03  -8.8205008e-02   8.3518624e-02   1.3408529e-01   3.8953227e-02  -6.5861743e-02  -5.6015930e-02  -6.0779400e-02   2.2801718e-01   4.0971225e-02   1.5190644e-01   7.7217396e-04   9.7605041e-03   8.1324577e-02   4.0138232e-02   5.4011070e-02   1.6987686e-02   1.2019234e-01   5.0176877e-02   0.0000000e+00   7.1353541e-03   8.9979248e-02   4.7784432e-02  -3.8837261e-02  -1.4612052e-01  -9.8338565e-02  -3.5802360e-02   3.2270058e-02  -5.3754818e-02  -2.4502715e-02   3.4152256e-02   1.8499092e-02   5.7033180e-03  -3.8994825e-02  -3.0021796e-02  -3.1845272e-04  -1.3886007e-01  -1.7042918e-01  -5.8926042e-02  -1.1273885e-01  -7.6151018e-02  -7.6157580e-03  -7.1651296e-02   1.3195697e-02  -9.2179724e-02  -3.6706698e-02  -1.9826672e-01   1.1720061e-01  -9.3051255e-02  -4.9575881e-02  -8.6175019e-04   4.2700740e-02  -8.0740336e-02   9.2017958e-03   6.0398670e-02   1.4203329e-01   6.5987105e-02   3.1512413e-02   3.6697370e-02   4.6990765e-02   1.3476772e-02   4.5617053e-02  -4.2011182e-03
   0.0000000e+00   0.0000000e+00   0.0000000e+00   0.0000000e+00   0.0000000e+00   0.0000000e+00   0.0000000e+00   0.0000000e+00   0.0000000e+00   0.0000000e+00   0.0000000e+00   0.0000000e+00   0.0000000e+00   0.0000000e+00   0.0000000e+00   0.0000000e+00   0.0000000e+00   0.0000000e+00   0.0000000e+00   0.0000000e+00   0.0000000e+00   0.0000000e+00   0.0000000e+00   0.0000000e+00   0.0000000e+00   0.0000000e+00   0.0000000e+00   0.0000000e+00   0.0000000e+00   0.0000000e+00   0.0000000e+00   0.0000000e+00   0.0000000e+00   0.0000000e+00   0.0000000e+00   0.0000000e+00   0.0000000e+00   0.0000000e+00   0.0000000e+00   0.0000000e+00   0.0000000e+00   0.0000000e+00   0.0000000e+00   0.0000000e+00   0.0000000e+00   0.0000000e+00   0.0000000e+00   0.0000000e+00   0.0000000e+00   0.0000000e+00   0.0000000e+00   0.0000000e+00   0.0000000e+00   0.0000000e+00   0.0000000e+00   0.0000000e+00   0.0000000e+00   0.0000000e+00   0.0000000e+00   0.0000000e+00   0.0000000e+00   0.0000000e+00   0.0000000e+00   0.0000000e+00   0.0000000e+00   0.0000000e+00   0.0000000e+00   0.0000000e+00   0.0000000e+00   0.0000000e+00   0.0000000e+00   0.0000000e+00   0.0000000e+00   0.0000000e+00   0.0000000e+00   0.0000000e+00   0.0000000e+00   0.0000000e+00   0.0000000e+00   0.0000000e+00   0.0000000e+00   0.0000000e+00   0.0000000e+00   0.0000000e+00   0.0000000e+00   0.0000000e+00   0.0000000e+00   0.0000000e+00   0.0000000e+00   0.0000000e+00   0.0000000e+00   0.0000000e+00   0.0000000e+00   0.0000000e+00   0.0000000e+00   0.0000000e+00   0.0000000e+00   0.0000000e+00   0.0000000e+00   0.0000000e+00   0.0000000e+00   0.0000000e+00   0.0000000e+00   0.0000000e+00   0.0000000e+00   0.0000000e+00   0.0000000e+00   0.0000000e+00   0.0000000e+00   0.0000000e+00   0.0000000e+00   0.0000000e+00   0.0000000e+00   0.0000000e+00   0.0000000e+00   0.0000000e+00   0.0000000e+00   0.0000000e+00
  -1.1527432e-01   0.0000000e+00   0.0000000e+00   6.9452649e-02  -3.0065771e-02   0.0000000e+00  -1.1096456e-01  -8.7810925e-03  -8.4130182e-02   0.0000000e+00  -9.9989359e-03   0.0000000e+00   0.0000000e+00   2.1410881e-01   2.1035846e-01   3.7325287e-01   5.5178009e-02   1.7560706e-01   1.2406391e-01   6.3230028e-01   6.7927203e-01   4.3032243e-01   1.4339467e-01   1.4293728e-01   3.1223847e-01  -6.7039594e-02   5.4760550e-01   4.2596430e-01   3.0428697e-01   4.4890509e-01  -1.1202526e-01   5.0966297e-01   1.2426872e-01   0.0000000e+00   3.8959806e-01   2.9220433e-01   1.3794735e-01   1.1391117e-01   2.8535427e-01   1.4196288e-02   8.6021392e-02   1.5604272e-01  -3.0112989e-01   1.3413779e-01   2.8283808e-01   1.4558270e-01   2.8788733e-01   3.2973048e-01   3.3978050e-01   1.2992734e-01   0.0000000e+00   2.0819809e-01   1.9485196e-02   1.3774561e-01   3.0105679e-01   2.9800483e-01   6.0353180e-01   6.2788049e-02   2.6842801e-01   1.2912223e-01   1.3858112e-01   1.6497636e-01  -6.8497618e-02   2.8672686e-01   1.0221989e-01   1.2329300e-01   7.1080218e-02  -1.2904721e-01  -1.4494313e-01  -1.1560175e-01  -8.1716031e-02  -1.1580008e-01   3.6149123e-03   1.5758071e-02   0.0000000e+00   1.2719152e-01  -1.8921648e-01  -2.5453414e-01  -2.8755126e-01  -5.1967111e-03   1.4743156e-03  -1.5746760e-01   1.8344625e-01   1.4212560e-01   2.0115369e-01   4.6454090e-03  -1.4062332e-01   1.5018860e-03  -1.4234480e-01   1.6822715e-01  -1.2475781e-01  -1.0242014e-01  -5.3231422e-02  -2.3208015e-02   3.9044951e-02  -2.9042846e-02  -2.1353906e-02  -1.4723950e-01  -2.3718788e-01  -1.4011986e-02   1.0720008e-03   2.3305080e-01  -2.9104275e-01   1.3724759e-01   1.2848864e-01   6.8095945e-02   1.9801424e-03   2.3813042e-01  -9.8330519e-02  -1.9972082e-01   9.7704458e-02   2.2230559e-01   1.2881877e-03   1.7688231e-01   1.1884048e-01   1.3354169e-01  -1.3215163e-02   5.3529593e-02
   4.4100928e-02   0.0000000e+00   0.0000000e+00   2.6823460e-02  -9.4904765e-02   0.0000000e+00  -4.2580201e-02   2.9088356e-02   6.8379395e-02   0.0000000e+00  -5.8909634e-02   0.0000000e+00   2.1410881e-01   0.0000000e+00   3.1444582e-02   9.1514500e-02  -3.2496731e-03  -4.1883257e-02   4.3633491e-02   1.7051182e-02   4.4921750e-01   1.0410325e-01   1.0512784e-01  -1.2776846e-01   2.6310901e-01   8.5036785e-02   1.1981107e-01   6.6507969e-02   1.2373462e-01   6.3802929e-02  -6.2077421e-02   1.7633585e-01   1.2239087e-01   0.0000000e+00   4.3329414e-02   6.8651357e-02  -2.2841721e-02  -1.6641812e-02   3.0088431e-02   8.6764204e-03  -2.2273556e-02   3.8027972e-02  -1.8646004e-01   3.3139225e-02   1.0179884e-01   1.5505404e-03   9.0922643e-02  -2.4263083e-02   2.8956987e-02  -1.4595043e-01   0.0000000e+00   3.1490045e-02   2.1776048e-02   4.1469614e-02   6.4493232e-02  -6.6903639e-02   3.4845111e-01  -1.6466228e-02   7.7539492e-02   8.4659211e-02  -2.8478694e-02  -1.7694559e-02   2.1563563e-01  -2.7193640e-02   3.6412802e-02  -1.3304570e-01   3.2567038e-02   1.8534756e-02  -3.4216094e-02   5.2820201e-04  -1.4249644e-03   1.0305675e-02  -1.0526366e-01   1.2424106e-01   0.0000000e+00   1.4451083e-02  -9.8825052e-02  -2.3030655e-02  -1.7616323e-01   2.0419523e-03  -5.9091087e-02  -1.3412258e-01   4.9712486e-02  -1.5403421e-01  -7.0157452e-02  -3.2672014e-02  -1.8892372e-01  -2.8195743e-03  -2.1149977e-01  -1.1045575e-01  -9.2914358e-02   1.0344874e-01  -9.5386313e-02  -4.7995057e-02   3.0803851e-02   1.8919907e-02   4.5544450e-02   7.9003106e-02  -1.3296124e-02   2.6093875e-02  -2.4749307e-02   3.3612943e-02  -4.5386435e-02   4.4842708e-02   4.0966804e-01   3.9362749e-02   5.9804059e-02   2.2327399e-02   8.9427366e-02  -4.3542587e-03  -2.6362985e-02   1.2408704e-01   7.2405647e-02   1.4483847e-01   9.5508434e-03   8.8118545e-02   8.9744431e-02  -4.3018781e-03
   2.7910841e-02   0.0000000e+00   0.0000000e+00   7.7436799e-02   4.9642302e-02   0.0000000e+00   3.3314089e-03  -2.3928809e-02   2.6423092e-02   0.0000000e+00   7.9376676e-02   0.0000000e+00   2.1035846e-01   3.1444582e-02   0.0000000e+00   3.1155247e-01  -1.2229198e-02   1.1476791e-02   1.5040730e-01   3.9368185e-01   1.1549129e-01   8.9628092e-02   4.4357986e-02   1.0127109e-01   1.2958364e-01  -4.8728571e-02   2.8042254e-01   9.3010510e-02   1.3851642e-01   1.5587961e-01  -9.5581818e-02   2.7590043e-01   1.6050323e-01   0.0000000e+00   1.5897798e-01   1.2846996e-01   1.8870928e-02  -5.4030245e-02   9.8041690e-02   1.4297067e-01   6.3711801e-02   7.9057771e-02  -1.7641723e-01   5.6719389e-02   9.1258201e-02   5.2954084e-02   2.0545299e-01   2.6555955e-01   1.6980662e-01   3.2838419e-02   0.0000000e+00   4.0933374e-02   5.3039370e-02   1.8730458e-01   7.0676977e-02   1.4483297e-01   8.7969029e-02   5.4000918e-02   2.3944425e-01   6.1953418e-02  -2.9029480e-04  -3.5178136e-02  -8.8918383e-02   2.5456614e-01  -2.7289035e-02   2.3078370e-01  -1.7054264e-03  -3.0421649e-02  -4.2249003e-02  -1.5000461e-01  -1.6362634e-01  -1.0660800e-01   1.0072262e-01   1.0639580e-01   0.0000000e+00  -1.6241772e-02  -2.0474966e-01  -2.1499416e-01  -1.9396628e-01   6.0407801e-02  -1.2481848e-01  -1.4328524e-01   8.2449772e-02  -1.2466143e-01   1.7440511e-02  -1.6885964e-01  -1.5664579e-01  -3.1963604e-02  -5.7836250e-02   8.4044256e-03  -2.4019387e-01  -1.2048462e-01  -1.4368055e-01   5.2467485e-03   2.0192282e-02  -2.0933202e-02  -2.8587605e-02  -4.1639757e-02  -1.3423846e-01   2.5625201e-02  -2.1108951e-02   2.5345202e-03  -1.5864096e-01   4.9880858e-02   2.9201127e-02  -7.6690005e-03  -3.5637221e-02  -9.0475980e-03  -1.0946298e-01  -3.0708080e-02   1.7852872e-01   6.6057891e-03   1.0382370e-01   9.8163818e-02   2.5020478e-01  -2.6450152e-02  -1.6153470e-02  -2.2895650e-02
   1.2549230e-01   0.0000000e+00   0.0000000e+00   1.3803157e-01  -9.6011119e-02   0.0000000e+00   2.5958286e-03   1.0225257e-01  -9.9169040e-03   0.0000000e+00   1.3644778e-01   0.0000000e+00   3.7325287e-01   9.1514500e-02   3.1155247e-01   0.0000000e+00  -2.8521631e-02   7.4292708e-02   1.4576312e-01   3.1972606e-01   2.9636531e-01   1.6413552e-01   1.5817663e-01   5.4680557e-02   2.1062714e-01   1.7238138e-04   3.0133112e-01   2.2339543e-01   7.1350114e-02   1.8152117e-01  -2.1623431e-01   3.0875255e-01   1.4149772e-01   0.0000000e+00   2.2265544e-01   1.9102002e-01   2.0642528e-01   6.6111810e-02   2.5882084e-01   2.2639836e-01   1.1800720e-01   1.3682210e-01  -2.3598820e-01   2.2747748e-01   1.7024956e-01   6.2872119e-02   2.4288729e-01   1.5148235e-01   1.2799103e-01   5.3855059e-02   0.0000000e+00   1.2887392e-01   6.5408220e-02   2.9444894e-01   5.5385779e-01   1.9580761e-01   3.2565385e-01   3.1183492e-02   3.8841398e-01   1.0888961e-01  -5.6157522e-03   1.9124839e-02  -6.5469749e-03   2.5441567e-01  -3.7634668e-02   1.4674846e-01   3.5776370e-02  -4.3811354e-02  -4.3807265e-02  -1.2241246e-01   5.3366407e-02  -1.2114076e-01   2.4092790e-01   1.9856261e-01   0.0000000e+00   2.8635961e-02  -1.4533957e-01  -1.6388775e-01  -2.5216639e-01   7.2215637e-02  -1.0746682e-01  -2.1921458e-01   1.6399347e-02  -9.0101206e-02   6.5297749e-02  -8.2422119e-02  -1.7937859e-01  -5.5566753e-02  -7.4950773e-02  -1.4347083e-02  -1.5942378e-01  -1.6690928e-01  -1.6160674e-01   1.4666612e-01   5.7004896e-02  -9.2097388e-03   5.7457168e-02   2.8640090e-02  -1.6770892e-01  -2.5420069e-02   8.2303194e-02   9.1771091e-02  -8.1707723e-02   1.0432983e-01   6.8242588e-02   4.8267757e-02  -1.1442758e-02   2.2529906e-01  -3.3983780e-02   2.6305287e-02   1.4694611e-01   3.1716327e-01   2.2389669e-01   2.7757746e-01   2.4135479e-01   1.8205637e-01   1.0058552e-01  -3.6941521e-02
  -1.2843004e-02   0.0000000e+00   0.0000000e+00  -1.0732486e-03   1.7342807e-01   0.0000000e+00   1.3803799e-01  -7.3905489e-02  -1.0831905e-01   0.0000000e+00  -9.1714222e-02   0.0000000e+00   5.5178009e-02  -3.2496731e-03  -1.2229198e-02  -2.8521631e-02   0.0000000e+00   1.9422325e-01   1.1302405e-01   1.1455330e-01  -7.0669648e-02  -8.6741809e-02  -7.6386284e-02  -6.5448085e-02   6.8777309e-02   4.2415133e-02   1.2957664e-01   1.9144849e-01   7.9603791e-02   6.1856246e-02   1.2688369e-01   4.6627594e-02   6.6099561e-02   0.0000000e+00   2.5497506e-02   3.1826399e-03   9.7013001e-03  -2.4365474e-02  -3.9067847e-02  -1.9131280e-01   1.8061827e-02   1.5967216e-02   2.7701996e-01  -4.8237887e-02  -7.2126788e-02   2.8867399e-01   3.6443510e-02   7.2398563e-02   9.8425364e-02   2.1862955e-01   0.0000000e+00   1.3082601e-02   2.1509956e-02  -8.5660364e-03  -2.1610798e-02   8.9123564e-02   8.9071412e-03  -5.8765403e-03   6.0984656e-02   1.6625609e-01  -1.3717975e-02   3.2650842e-02   1.0791831e-02   8.0075080e-02  -9.0652471e-02   2.1224891e-01   1.6986920e-02   1.0724811e-01   5.2992445e-02   1.0752984e-01  -1.6147527e-01   5.4780678e-02  -1.3442810e-02   3.3241223e-02   0.0000000e+00   8.3744984e-02  -5.2205993e-02  -1.5084666e-02   1.4881433e-01   1.4717836e-01   1.8080957e-01   1.5950458e-01  -2.6422777e-02   2.5907875e-01   2.5198864e-01   4.2736421e-03   2.7752595e-01   7.1839571e-02   3.2990016e-01   2.3098212e-01   7.0002780e-02   7.9803896e-02   2.3750353e-01   1.1846504e-01   2.5523107e-01   3.9714825e-02  -3.0812507e-02  -1.8072874e-01  -5.6676913e-02  -2.6035985e-02  -1.7730794e-02   9.5879712e-02  -4.0808646e-02   1.9589927e-01   5.6192188e-02  -4.4351880e-02  -2.0724239e-02   6.4913128e-02  -2.0210157e-02   2.7422962e-02  -1.2449174e-02  -5.3832651e-03  -4.0402649e-02   2.0904739e-02   1.1571794e-01  -8.9306308e-02   4.2971549e-02  -9.5430190e-03
  -1.2943235e-02   0.0000000e+00   0.0000000e+00   4.3286286e-02   1.6748488e-02   0.0000000e+00  -1.9440864e-03   1.3698380e-03   1.0329353e-01   0.0000000e+00   1.3329981e-02   0.0000000e+00   1.7560706e-01  -4.1883257e-02   1.1476791e-02   7.4292708e-02   1.9422325e-01   0.0000000e+00   2.0251046e-01   5.3535105e-02   2.6965036e-02   2.2820447e-02   5.4501394e-02   1.1442705e-02   8.6479739e-03  -1.2943550e-01   1.1501221e-01   7.2839275e-02   6.2998788e-02   7.8189320e-02  -1.1051822e-01  -4.2081097e-02  -1.0123212e-01   0.0000000e+00  -9.4015169e-02   2.8726984e-02   1.5686040e-01  -5.5426320e-02  -7.2449555e-02  -8.6820112e-02   3.9521541e-02  -5.3283915e-02  -9.2176637e-02   1.6002481e-02   1.1394142e-01   2.2114395e-01   3.3522397e-02   3.3033818e-01   2.7941177e-01   1.6743758e-01   0.0000000e+00   1.7245396e-01   1.5142767e-02   9.7375391e-02   5.3834714e-02   2.1642601e-01   9.6773141e-02   9.0102288e-02   2.0832023e-01   1.5882248e-02  -1.2492090e-02   5.9772989e-03   1.7451390e-02   8.1201706e-02   9.0710284e-02   1.2982808e-01   1.7337983e-01   3.7792163e-02  -5.8782719e-02   5.1570446e-02  -2.9463991e-02  -1.3783819e-01   3.0406546e-02   5.8315588e-02   0.0000000e+00   1.0104342e-01  -7.8056442e-02  -8.2827913e-02   7.9071320e-03   1.0116877e-01   1.0855272e-01  -1.8986531e-02  -8.6902628e-02   1.9755300e-01   2.0671067e-01   3.8580626e-02   6.6287194e-02   5.6357107e-02   1.1514420e-01   8.9854921e-02   1.8589640e-03  -4.8871107e-03   3.6880033e-02   1.9340934e-01   1.5803490e-01   5.9846563e-02   5.3411503e-02  -7.7248560e-02  -6.2129268e-02   9.5156500e-02   2.7449294e-02   1.8538512e-01   2.6973487e-02   9.4088750e-02  -3.5847306e-02   1.7269586e-01   5.4292814e-02   1.9171536e-01   1.2410055e-02  -6.1778231e-02   1.1352159e-01   7.7283225e-03   8.1017604e-02   1.2837734e-01   1.5195560e-01   9.1227489e-02  -5.1615445e-02  -1.0514987e-02
   1.6191984e-01   0.0000000e+00   0.0000000e+00   2.0119627e-01   1.2254787e-01   0.0000000e+00   2.7987525e-01   1.0678871e-01   1.3247451e-01   0.0000000e+00   1.3971226e-01   0.0000000e+00   1.2406391e-01   4.3633491e-02   1.5040730e-01   1.4576312e-01   1.1302405e-01   2.0251046e-01   0.0000000e+00   1.6457311e-01   6.1128140e-02   7.6545236e-02   1.3866008e-01  -7.5732214e-02   1.1672094e-01   9.3460337e-02   2.4174073e-01   9.6163366e-02   3.3358386e-02   9.7791015e-02  -1.4661171e-02   2.0014555e-01  -9.5845374e-02   0.0000000e+00   1.5903148e-01   3.2856309e-01   1.5497955e-02   1.5127746e-01   1.6431992e-01   1.4411409e-01   1.4923315e-01   2.6043405e-01   1.5260178e-01   3.4031781e-01   6.3456316e-02   2.7113658e-01   1.5728182e-01   2.1247193e-01   1.4907508e-01   1.3877477e-01   0.0000000e+00   2.3666823e-01   1.8847514e-01   1.0156756e-01   6.5875669e-02   1.3188022e-01   1.4475428e-01   4.6865652e-02   3.1005220e-01   1.2565195e-01  -1.6777733e-02   1.3053375e-01   9.1493298e-02   2.7070133e-01   1.7274260e-02   1.8330176e-01   6.2652543e-02   1.9292172e-01   5.9671049e-02   2.3026708e-02  -6.3960296e-02   4.3724531e-02   1.3312770e-01   2.1735145e-01   0.0000000e+00   9.8979859e-02   6.8351878e-02   8.8214928e-02  -1.5262552e-03   1.0664709e-01   9.0296588e-02  -7.0816782e-02   4.6787945e-02   1.4820243e-02   1.7173347e-01  -1.8555779e-02  -2.9910963e-02   1.1612263e-01   5.1987574e-02   4.3343180e-02   1.5836879e-02   1.1674198e-01   6.7413501e-02   3.0969390e-01   3.2481834e-01   1.9608643e-01   1.4734764e-01   1.8909262e-01   1.7085489e-01   1.5363252e-01   1.2710226e-01   2.5894971e-01  -1.8379193e-02   2.6920224e-01   7.4173067e-02  -4.3117771e-03   7.5176052e-02   1.3583710e-01   1.0322020e-01   5.6271270e-02   9.6558618e-02   1.2459304e-01   6.1219829e-02   2.8581227e-01   1.5782469e-01   1.1145785e-01   8.9165514e-02  -2.2537239e-02
  -1.3328413e-01   0.0000000e+00   0.0000000e+00   1.2944266e-01   1.8898796e-01   0.0000000e+00   6.6722037e-03  -5.6919431e-02  -1.4422401e-01   0.0000000e+00   7.1409284e-02   0.0000000e+00   6.3230028e-01   1.7051182e-02   3.9368185e-01   3.1972606e-01   1.1455330e-01   5.3535105e-02   1.6457311e-01   0.0000000e+00   4.7823135e-01   3.8802575e-01   1.5257656e-01   2.0694556e-01   4.1771712e-01   1.4583528e-01   6.1419191e-01   4.9009108e-01   3.7007136e-01   5.9066903e-01   7.2639443e-02   6.4505404e-01   2.9579803e-01   0.0000000e+00   6.1360729e-01   2.7003515e-01   7.4485896e-02   2.1597321e-01   3.8112703e-01   8.3890030e-02   1.8896002e-01   2.6246927e-01  -6.7309534e-02   5.4062656e-02   2.5290546e-01   1.4508164e-01   4.6054264e-01   2.7254320e-01   1.6131396e-01   1.8986500e-01   0.0000000e+00   2.0621297e-01  -5.0960191e-02   1.0266618e-01   2.1164524e-01   2.1733412e-01   4.0094249e-01   4.0293728e-02   3.1403727e-01   3.1047267e-01   1.9836130e-01   2.0684110e-01  -1.3489125e-01   5.0963542e-01  -6.2787582e-03   3.9050242e-01  -5.1161064e-02  -9.8866495e-02  -7.1297030e-02   5.3676416e-02  -1.7293059e-01  -1.3773675e-01  -5.3282480e-02  -4.2015949e-02   0.0000000e+00   3.1690592e-02  -1.0035712e-01  -2.3762352e-01  -2.1292070e-01   1.0876726e-02   1.1993440e-01  -1.4826140e-01   3.4085551e-01   2.0678552e-01   2.5066700e-01  -4.4823510e-02  -7.5507541e-02  -2.9397727e-03  -4.0637903e-02   2.9343313e-01  -4.6381370e-02  -1.3977161e-01   6.4707331e-03   3.2713298e-02  -1.6240864e-02  -8.3945865e-02  -1.2907963e-01  -1.8959388e-01  -2.9644334e-01  -3.5429111e-02  -3.5472483e-02   2.2724377e-01  -3.5009525e-01   2.6599248e-01  -1.3141242e-01  -2.4651808e-02  -7.1931298e-02   2.8518537e-02  -1.9518277e-01  -9.9205807e-02   5.1231274e-02   6.4047577e-02   3.7487882e-02   1.2154939e-01   1.5539764e-01   5.4835639e-02  -1.0162243e-01   1.6844840e-01
  -9.2698059e-02   0.0000000e+00   0.0000000e+00   1.1795440e-01  -6.3580749e-02   0.0000000e+00  -1.5812933e-01   9.1165355e-02  -1.7794918e-02   0.0000000e+00   7.6169741e-02   0.0000000e+00   6.7927203e-01   4.4921750e-01   1.1549129e-01   2.9636531e-01  -7.0669648e-02   2.6965036e-02   6.1128140e-02   4.7823135e-01   0.0000000e+00   4.2691480e-01   1.3147620e-01   6.2503102e-02   3.5561955e-01  -2.1586661e-02   4.2917481e-01   2.9596104e-01   2.3052941e-01   3.6327795e-01  -5.5017143e-02   5.6735290e-01   2.0495905e-01   0.0000000e+00   4.6084875e-01   2.7732888e-01   2.9386989e-02   2.2326899e-01   3.2275791e-01   1.5616901e-01   3.6495705e-02   2.9675638e-01  -2.6308820e-01   8.5456615e-02   2.9079447e-01   8.4940662e-02   2.5369359e-01   2.2484014e-01   9.5096669e-02  -8.3245448e-02   0.0000000e+00   1.4604563e-01  -9.5501263e-03   1.0566280e-01   2.5807022e-01   1.7127215e-01   5.3242813e-01   1.0294611e-01   2.9035696e-01   2.4007729e-01   6.9540222e-02   1.0045027e-01  -5.1024585e-02   1.8392735e-01   1.1389058e-01  -1.6748369e-02  -3.7218822e-02  -6.9235097e-02  -1.3343897e-01  -2.1447220e-01   2.5458698e-02   4.0193398e-03  -6.4215470e-02  -2.4782390e-02   0.0000000e+00   3.4593078e-02  -1.4035624e-01  -1.6050973e-01  -2.7716838e-01  -1.1004061e-01  -2.9266550e-02  -2.5187241e-01   2.1301604e-01  -3.5206876e-02   7.5035069e-02   1.6428399e-03  -2.2376226e-01  -5.2020924e-02  -3.0600115e-01   1.4764182e-01  -9.0857146e-02  -1.6888823e-01  -5.9740816e-02  -7.0707909e-02  -5.9749359e-02  -5.0745211e-02  -4.0847386e-02  -1.0263066e-01  -1.9390196e-01  -2.0942424e-02  -3.5844574e-02   1.4244229e-01  -2.4865790e-01   1.3415153e-01   1.3230384e-01   1.2282530e-01   6.2708119e-02   1.4951651e-01  -6.2362304e-02  -1.7972122e-01   5.3278983e-03   2.8647247e-02   2.5457274e-02   3.5692381e-02   8.5509586e-03   2.0637744e-01  -1.0222173e-01   1.3490154e-02
