   0.0000000e+00   0.0000000e+00   0.0000000e+00   9.8086598e-02   3.9560396e-02   1.3023924e-01   4.4682695e-01  -3.5296521e-02   9.8183447e-02   0.0000000e+00   3.2087473e-01   1.2591567e-01   3.1193875e-02   1.1512431e-01  -6.4306631e-02   6.5744585e-02   0.0000000e+00  -1.0421692e-01   1.5744930e-01   9.6389574e-03  -1.2434398e-01   1.9265048e-02  -8.9963141e-02  -2.5251435e-02   2.3707658e-02   1.0926243e-01   1.0985270e-01  -2.2531755e-02  -6.9128923e-02  -2.8895510e-02   8.2873827e-03  -4.8103430e-02   2.8372052e-01   3.2620891e-02  -4.5769457e-02  -6.4440256e-02   9.1292575e-02   4.6990933e-03   5.4689860e-02   4.8309191e-02   6.7670045e-02   5.8660031e-02   9.8353631e-02   8.5181910e-02  -1.5279267e-02   4.3247488e-02   9.2228163e-02  -2.7581731e-02  -4.8958246e-02   7.9933333e-02   0.0000000e+00   2.1753475e-01   1.7844242e-02   1.0409749e-01  -7.4736999e-03   5.3840140e-02   9.0348001e-02  -1.1346051e-03   6.9809982e-02  -5.6193602e-02   3.0876788e-02   2.3828259e-02   7.3718908e-02   2.1683975e-01  -1.5626924e-02   1.8164854e-01  -7.8759180e-02   2.3598938e-01   1.4207733e-01   1.1946090e-01   9.2144352e-02   0.0000000e+00   4.3119740e-01   2.5884652e-01   0.0000000e+00   2.2190443e-01   2.8476099e-01   1.1763008e-01   1.9752426e-01  -5.1131560e-02   1.7715899e-01   1.0857028e-01   8.7640856e-02   9.4392502e-02   1.8977466e-01  -2.4025331e-02  -2.8748656e-02   1.7358791e-01   1.5498077e-01  -1.1370765e-02   8.0289119e-02   2.2426678e-02  -2.3194632e-02   1.8509573e-02  -6.0194654e-03   7.4075505e-02   5.0471947e-02   1.5133698e-01   6.3071023e-02   4.4064597e-02   3.4476973e-02   1.2308692e-01   3.4502213e-02   1.2829838e-02   8.1744489e-02  -4.7307449e-02  -3.5437552e-02   1.0912691e-01  -4.6546479e-02   2.2693098e-01  -1.3222388e-01   7.6538877e-02   1.6569141e-01   2.5835880e-02   5.5011166e-02   1.2111892e-01   7.5111147e-02   1.8178518e-01
   0.0000000e+00   0.0000000e+00   0.0000000e+00   0.0000000e+00   0.0000000e+00   0.0000000e+00   0.0000000e+00   0.0000000e+00   0.0000000e+00   0.0000000e+00   0.0000000e+00   0.0000000e+00   0.0000000e+00   0.0000000e+00   0.0000000e+00   0.0000000e+00   0.0000000e+00   0.0000000e+00   0.0000000e+00   0.0000000e+00   0.0000000e+00   0.0000000e+00   0.0000000e+00   0.0000000e+00   0.0000000e+00   0.0000000e+00   0.0000000e+00   0.0000000e+00   0.0000000e+00   0.0000000e+00   0.0000000e+00   0.0000000e+00   0.0000000e+00   0.0000000e+00   0.0000000e+00   0.0000000e+00   0.0000000e+00   0.0000000e+00   0.0000000e+00   0.0000000e+00   0.0000000e+00   0.0000000e+00   0.0000000e+00   0.0000000e+00   0.0000000e+00   0.0000000e+00   0.0000000e+00   0.0000000e+00   0.0000000e+00   0.0000000e+00   0.0000000e+00   0.0000000e+00   0.0000000e+00   0.0000000e+00   0.0000000e+00   0.0000000e+00   0.0000000e+00   0.0000000e+00   0.0000000e+00   0.0000000e+00   0.0000000e+00   0.0000000e+00   0.0000000e+00   0.0000000e+00   0.0000000e+00   0.0000000e+00   0.0000000e+00   0.0000000e+00   0.0000000e+00   0.0000000e+00   0.0000000e+00   0.0000000e+00   0.0000000e+00   0.0000000e+00   0.0000000e+00   0.0000000e+00   0.0000000e+00   0.0000000e+00   0.0000000e+00   0.0000000e+00   0.0000000e+00   0.0000000e+00   0.0000000e+00   0.0000000e+00   0.0000000e+00   0.0000000e+00   0.0000000e+00   0.0000000e+00   0.0000000e+00   0.0000000e+00   0.0000000e+00   0.0000000e+00   0.0000000e+00   0.0000000e+00   0.0000000e+00   0.0000000e+00   0.0000000e+00   0.0000000e+00   0.0000000e+00   0.0000000e+00   0.0000000e+00   0.0000000e+00   0.0000000e+00   0.0000000e+00   0.0000000e+00   0.0000000e+00   0.0000000e+00   0.0000000e+00   0.0000000e+00   0.0000000e+00   0.0000000e+00   0.0000000e+00   0.0000000e+00   0.0000000e+00   0.0000000e+00   0.0000000e+00   0.0000000e+00   0.0000000e+00
   0.0000000e+00   0.0000000e+00   0.0000000e+00   0.0000000e+00   0.0000000e+00   0.0000000e+00   0.0000000e+00   0.0000000e+00   0.0000000e+00   0.0000000e+00   0.0000000e+00   0.0000000e+00   0.0000000e+00   0.0000000e+00   0.0000000e+00   0.0000000e+00   0.0000000e+00   0.0000000e+00   0.0000000e+00   0.0000000e+00   0.0000000e+00   0.0000000e+00   0.0000000e+00   0.0000000e+00   0.0000000e+00   0.0000000e+00   0.0000000e+00   0.0000000e+00   0.0000000e+00   0.0000000e+00   0.0000000e+00   0.0000000e+00   0.0000000e+00   0.0000000e+00   0.0000000e+00   0.0000000e+00   0.0000000e+00   0.0000000e+00   0.0000000e+00   0.0000000e+00   0.0000000e+00   0.0000000e+00   0.0000000e+00   0.0000000e+00   0.0000000e+00   0.0000000e+00   0.0000000e+00   0.0000000e+00   0.0000000e+00   0.0000000e+00   0.0000000e+00   0.0000000e+00   0.0000000e+00   0.0000000e+00   0.0000000e+00   0.0000000e+00   0.0000000e+00   0.0000000e+00   0.0000000e+00   0.0000000e+00   0.0000000e+00   0.0000000e+00   0.0000000e+00   0.0000000e+00   0.0000000e+00   0.0000000e+00   0.0000000e+00   0.0000000e+00   0.0000000e+00   0.0000000e+00   0.0000000e+00   0.0000000e+00   0.0000000e+00   0.0000000e+00   0.0000000e+00   0.0000000e+00   0.0000000e+00   0.0000000e+00   0.0000000e+00   0.0000000e+00   0.0000000e+00   0.0000000e+00   0.0000000e+00   0.0000000e+00   0.0000000e+00   0.0000000e+00   0.0000000e+00   0.0000000e+00   0.0000000e+00   0.0000000e+00   0.0000000e+00   0.0000000e+00   0.0000000e+00   0.0000000e+00   0.0000000e+00   0.0000000e+00   0.0000000e+00   0.0000000e+00   0.0000000e+00   0.0000000e+00   0.0000000e+00   0.0000000e+00   0.0000000e+00   0.0000000e+00   0.0000000e+00   0.0000000e+00   0.0000000e+00   0.0000000e+00   0.0000000e+00   0.0000000e+00   0.0000000e+00   0.0000000e+00   0.0000000e+00   0.0000000e+00   0.0000000e+00   0.0000000e+00   0.0000000e+00   0.0000000e+00
   9.8086598e-02   0.0000000e+00   0.0000000e+00   0.0000000e+00  -5.3311600e-02   1.7421955e-02   1.3608919e-01   4.8581242e-02   2.3168023e-02   0.0000000e+00   1.2959071e-01  -2.1639169e-02   1.3035850e-01   2.0480192e-01   1.0994580e-01   5.9669643e-02   0.0000000e+00  -2.6750406e-02   2.4430599e-01   3.4574833e-02   1.4125508e-01   2.3901982e-01   2.9686235e-01   2.0057678e-01   2.1168610e-01   1.9130319e-01  -5.0578367e-02   1.9982947e-01   2.2119322e-02   3.9493801e-02   1.4361743e-02   1.9689138e-02   1.1199398e-01   3.9581054e-02  -9.1488268e-02   1.0848242e-01   1.3478330e-01   4.8197459e-03  -1.7226718e-02   3.2391142e-01   2.0744196e-01   5.4051917e-02   5.5219677e-02   8.7761177e-02   8.0915606e-02   5.5130829e-02   2.0128483e-01   2.7553291e-01   1.0811223e-01   3.1367606e-03   0.0000000e+00   1.6191041e-01   6.0894658e-02   3.2300191e-01   1.7426116e-01   1.5229367e-01   5.9132267e-02   8.6201265e-02   8.1064225e-02  -6.4582913e-02   1.2142107e-01   1.1402017e-01   1.1322950e-01   8.3273362e-02  -4.8389176e-02  -2.1736716e-03   1.0861681e-01   9.3210500e-02   6.0273104e-03  -3.4670777e-02   1.1576090e-01   0.0000000e+00  -9.5953388e-02  -2.3694102e-02   0.0000000e+00  -1.9285885e-02   3.7281174e-02  -5.0673577e-02  -9.5252968e-02   3.9450233e-02  -1.1995682e-01   1.2254981e-01   1.3714066e-01   2.1841041e-02   1.3715163e-02   3.0184805e-03  -5.0359671e-02  -5.5078890e-02  -1.4353524e-01   1.7938322e-01  -1.1957140e-01  -1.2608836e-01  -9.8163510e-02  -2.2441028e-01  -2.1506769e-02   1.4470906e-01  -1.9148377e-01   1.6432231e-01  -1.0182613e-02   6.3721600e-02  -2.0169762e-01  -1.6591679e-01  -7.5440256e-02  -3.0852209e-02  -1.8102056e-02   1.1666534e-01   6.4415787e-02  -1.6004582e-02   1.1926832e-01   6.1179352e-03   2.4371616e-02   2.5292944e-01   1.6135863e-01   1.1100175e-01   6.9608943e-02   5.3644924e-02   4.3723833e-02   1.5880002e-01
   3.9560396e-02   0.0000000e+00   0.0000000e+00  -5.3311600e-02   0.0000000e+00   4.0114191e-01   9.2977229e-02  -2.9676804e-02  -2.6362762e-02   0.0000000e+00   4.0749008e-03   8.5861289e-04   6.6008219e-02  -1.3134342e-01   1.2913353e-03   1.2012219e-02   0.0000000e+00   3.0542784e-01   8.6686487e-02   2.4077122e-01  -4.3322958e-02   5.5190706e-02  -2.9670119e-01  -1.6474098e-01   1.1101022e-01  -1.4493346e-02   5.1810036e-01  -1.1847661e-01   2.4960850e-02  -1.1992163e-02   1.7161015e-01   5.1022576e-02   9.9443944e-02   5.1816025e-03   1.5707712e-01  -2.9996007e-02   1.5003035e-02   1.5720533e-02  -3.1397056e-02  -5.8016291e-02   5.1731172e-02  -1.5750413e-02   1.6149007e-01  -6.3362294e-02  -2.5310655e-01  -1.0276668e-02   3.8037032e-01   5.4617915e-02   9.7440413e-02   5.6137902e-01   0.0000000e+00   2.5097951e-01   2.2187135e-03   8.9935579e-02   7.3307797e-02   1.6812385e-03   4.8043171e-01  -3.6103877e-02   3.0802770e-03   2.5874259e-02  -1.3764371e-01  -4.9109853e-02  -1.6258260e-02   4.8837663e-02   1.2408107e-02   1.1021829e-01  -2.8126737e-01   1.6338022e-01  -8.7860844e-02   2.5973851e-01  -1.0532553e-03   0.0000000e+00   9.9550263e-02   1.1798356e-01   0.0000000e+00  -5.6191035e-03  -3.1669778e-02  -4.1608473e-02   3.4216590e-01  -5.0851132e-02   4.2611049e-01   2.7131495e-02   1.3152679e-01   1.6233648e-01   1.0249720e-01  -7.3722804e-02   5.1200284e-02   6.9295693e-02   2.5219750e-01  -2.4901960e-01   1.8612859e-02   4.1362216e-01   4.8727979e-02   1.7428186e-01   6.3945386e-02  -6.4209444e-02  -2.4275443e-02  -8.5089725e-02   2.3165766e-02  -1.0122238e-01   1.2334102e-01   1.1733734e-01  -6.1838218e-02   9.7862412e-03   1.0232729e-01   1.3536419e-02   1.6394551e-01   1.4818105e-01   1.4552713e-01   7.4180696e-02  -2.1736765e-02   4.0756567e-02   3.5801914e-02   2.0426470e-01   1.7601250e-01  -4.7818311e-02   4.5537321e-02  -1.3699414e-02
   1.3023924e-01   0.0000000e+00   0.0000000e+00   1.7421955e-02   4.0114191e-01   0.0000000e+00   1.7704945e-01  -9.0363424e-03   2.9636933e-02   0.0000000e+00   2.0436701e-01   7.7358085e-02   1.6327149e-01   3.2837613e-02   5.0610939e-02   1.9991849e-01   0.0000000e+00   9.8266597e-02   4.2352295e-02   1.6110376e-01  -3.0605020e-02   1.1734990e-02  -2.0644357e-01  -7.5182095e-02   5.6538978e-02   1.3394833e-02   2.4224508e-01  -2.2017482e-01  -3.0096083e-02   6.2573223e-02   1.2143197e-01  -1.4590726e-01   2.5910856e-01   1.7423502e-02  -3.1239052e-02  -1.0772350e-01   1.5914829e-02  -1.2182123e-01  -1.3969836e-01   1.9220902e-02   4.6497415e-02  -5.3534906e-03   1.7929314e-02  -1.9992152e-02  -1.4975504e-01  -1.6100283e-01   1.9843047e-01   8.1096457e-02  -3.0869358e-02   5.4340994e-01   0.0000000e+00   2.8150345e-01  -6.2375545e-02   7.7866342e-02   8.7385882e-02   1.1365288e-01   2.4335253e-01  -5.9402652e-04  -1.0200971e-01  -4.6506578e-02  -3.1863781e-02  -3.0399503e-02   1.5841074e-02   1.4065097e-01   6.7350710e-02   1.1677823e-01  -8.1560539e-02   9.2535383e-02   1.6959341e-02   1.6285050e-01   6.6872308e-02   0.0000000e+00   5.3866329e-02   1.8034670e-01   0.0000000e+00   5.5245786e-02   8.1315380e-02  -8.7368468e-03   1.2712037e-01   4.9957758e-03   2.3115225e-01   4.9148569e-02   2.3844105e-01   1.2566501e-01   3.1778849e-02  -8.0994885e-02   3.0184151e-03   7.7080676e-02   1.0354944e-01  -1.1376625e-01  -3.8545850e-02   1.4643893e-01   1.9711305e-02  -9.3358425e-02   1.9629043e-02  -3.0608886e-02  -7.0514027e-02  -6.1383205e-02  -3.7728898e-02  -1.4341097e-01  -6.7995734e-02   9.2273400e-03  -4.8721081e-02   2.2866635e-02   1.7964576e-02  -3.1276897e-02   4.8582061e-02   8.9544891e-02   7.9590071e-02   5.9104037e-02  -6.8853589e-03   1.6605714e-01   1.2120591e-01   2.0265974e-01   1.3679593e-01   6.4776519e-02  -5.5447566e-02   2.0721628e-01
   4.4682695e-01   0.0000000e+00   0.0000000e+00   1.3608919e-01   9.2977229e-02   1.7704945e-01   0.0000000e+00   4.1139011e-02  -4.9399214e-02   0.0000000e+00   3.1902399e-01  -8.6315587e-03   6.5861656e-02   3.9132470e-01  -8.7646534e-02   1.0383431e-01   0.0000000e+00  -2.7418973e-02   2.1246444e-01   9.2065326e-02  -7.9358959e-02   7.8507571e-02   9.7056520e-02   2.8094208e-02   4.4544147e-02   1.6823412e-01  -1.0068241e-01   1.3856039e-02  -1.6257987e-01   8.8237406e-02   2.9989183e-02  -7.9221367e-02   2.7607372e-01  -7.9219423e-02  -1.7450433e-01  -3.6253193e-01  -1.2174782e-01  -2.5056915e-01  -2.2951322e-01   7.6526700e-02  -1.1222540e-01  -1.8660854e-01   5.7282757e-02  -1.6284413e-01   2.1746227e-02  -1.4012310e-01   4.8211209e-02   1.0174703e-01  -1.3650799e-02   1.5449096e-01   0.0000000e+00   6.7620115e-02  -1.8491224e-01   2.5594040e-01   6.0110352e-02   4.1091887e-02  -2.2687197e-02  -1.0151579e-02  -5.7435605e-02  -1.5082039e-02   6.7767490e-02   4.5675657e-02  -3.2596801e-02   3.6656661e-01  -9.7443765e-02   2.9714035e-01   1.5067638e-01   3.5517568e-01   2.3410669e-01   8.8126747e-02   1.6221692e-01   0.0000000e+00   4.0880202e-01   3.0716666e-01   0.0000000e+00   3.7984049e-01   2.5878753e-01   1.4138202e-01   7.1198365e-03   1.8453026e-02   7.7870108e-02   3.8274900e-01   2.7553994e-01   1.5223700e-01   3.6036334e-01  -9.9252944e-02   2.8844061e-01   1.3094505e-01  -1.7746472e-01   1.9140748e-01   7.8858808e-02  -1.0985447e-01  -1.1578461e-01  -3.6810298e-02   4.1987204e-02   3.0670703e-02  -1.2378372e-02  -1.1856491e-01  -1.9230163e-01  -1.5082055e-01  -2.1636776e-01  -1.8108845e-01  -2.1826232e-01  -1.3528338e-01  -1.4588001e-01   3.9770220e-02  -7.1082870e-02  -5.5650751e-02  -4.2565819e-02   9.8346593e-02   7.2727630e-03   1.6019047e-01   1.5712642e-01  -1.2414056e-01  -5.2051281e-02   2.1659501e-01   1.3119672e-01   4.6542144e-01
  -3.5296521e-02   0.0000000e+00   0.0000000e+00   4.8581242e-02  -2.9676804e-02  -9.0363424e-03   4.1139011e-02   0.0000000e+00   2.4237083e-01   0.0000000e+00  -6.0901677e-03  -1.7699797e-01   1.4996879e-01   9.7832661e-02   1.8193674e-01   1.0064751e-01   0.0000000e+00   3.5245610e-02  -9.9593257e-02   4.6590591e-02   9.0621277e-02  -2.0033618e-02   7.5363530e-03  -3.0689293e-01  -1.9511620e-01  -2.3255742e-01  -9.1381631e-02   1.9884472e-01   1.6752890e-01   7.6603097e-02   6.2293018e-02   7.2307111e-02  -2.4659849e-02   2.2318222e-01   6.0510305e-02  -7.6836810e-03  -9.4387635e-02  -5.0759617e-02  -2.3271609e-01   6.5487295e-02  -1.0785746e-01  -1.8034135e-02   3.6994959e-02  -2.2125429e-01  -9.4863018e-02   2.6827193e-02   1.0040404e-01   2.8935227e-01   1.2710521e-01  -1.2299258e-01   0.0000000e+00   9.2422232e-03  -1.7224815e-01   1.2993031e-01   6.8611545e-02   1.3983712e-01   1.0716864e-02   2.3692374e-01  -1.6014464e-02  -5.1048364e-02  -2.2525067e-01  -2.7087574e-01  -3.2297799e-01  -9.9254989e-02   1.3783600e-01  -1.5358601e-01   2.5248079e-01  -1.9532956e-02   4.6106246e-01   9.2708131e-03   1.2636883e-01   0.0000000e+00   4.9767154e-02  -1.7210425e-02   0.0000000e+00   1.6047407e-01   2.4591210e-01   8.1768434e-02  -1.0028853e-01  -2.5833283e-01  -2.0099587e-01   1.1126693e-01  -5.3181567e-02  -1.1825385e-01   1.1030512e-01   1.3966628e-01   1.9379854e-01  -2.9466989e-01  -2.0299728e-01   1.1612454e-01   2.5964980e-04  -2.7319188e-01  -2.9560488e-02  -4.1864148e-02   7.4160813e-02  -2.9958795e-02   4.1638957e-02  -3.0911548e-01  -3.2927054e-01  -3.1898730e-02  -1.6428867e-01  -1.8161082e-01  -3.2722400e-02  -2.6822512e-01  -9.0140924e-02   4.9182251e-01   2.5744059e-01  -5.6965289e-02   1.1207958e-01  -5.2954524e-02   1.9480283e-01  -1.0156043e-01  -1.0146726e-01  -1.3445023e-01  -5.4667599e-02   4.8175253e-01   2.7967721e-01  -8.1142561e-02
   9.8183447e-02   0.0000000e+00   0.0000000e+00   2.3168023e-02  -2.6362762e-02   2.9636933e-02  -4.9399214e-02   2.4237083e-01   0.0000000e+00   0.0000000e+00  -7.7495983e-02  -2.4923873e-02   2.4077562e-01  -2.1658350e-01   1.1670165e-01   1.5127594e-01   0.0000000e+00  -3.5548202e-02   1.4493502e-02  -2.1855603e-03   8.4730442e-02   4.7848215e-02  -4.9354959e-02  -1.1175952e-01  -6.2287833e-02   2.0655970e-02   1.0716612e-01   2.9032954e-01   2.3336776e-01   1.3983550e-01   1.0243997e-01   2.9249972e-01   5.4867920e-02   2.0676503e-01   1.8117558e-01   2.2058885e-01   1.1794651e-01   3.8084386e-01   1.0777577e-01   1.3184611e-01   2.2569327e-01   1.1596552e-01   1.8029987e-01   9.2202564e-02  -5.8864339e-02   3.4815771e-01   1.4931633e-01   8.6054832e-02   7.9231051e-02  -8.4088531e-02   0.0000000e+00   8.0909599e-02   1.6635927e-01   1.7248463e-01   2.4693249e-01   1.1782072e-01   1.4989247e-01   1.4630082e-02   5.3766429e-02  -4.7469603e-02  -1.3890824e-01  -9.4229702e-02   7.2947830e-02  -2.2559243e-02   3.4035283e-02   5.7754409e-03   4.4811122e-02   6.0407078e-02   3.1270847e-01   3.5084471e-02  -4.4014685e-02   0.0000000e+00  -5.0370441e-02  -1.0693822e-01   0.0000000e+00   6.1369575e-02   2.5664211e-01  -1.0520334e-01   1.4109698e-01  -2.0342284e-01  -1.1260508e-01  -1.2335233e-01  -1.9390647e-01  -1.4415103e-01  -3.7130157e-02   2.7824937e-02   3.4732817e-02  -2.0686364e-01   3.5009246e-02  -2.7141346e-02   1.1803130e-01   7.8464799e-03   2.0351612e-01   7.1158341e-02   1.9925732e-01   1.3110966e-01   1.8146961e-01   6.8483214e-02   1.6241435e-01   1.6860563e-01  -1.0733209e-02   1.7038142e-01   2.0704511e-01   1.8432304e-02   3.3203431e-01   1.4949907e-01   2.4669461e-01   3.0082559e-01   2.9269162e-01   3.8322144e-01   2.5201385e-01   7.8004946e-02   8.1471464e-02   8.1975968e-02   9.8169659e-03  -4.7758555e-02  -5.0155092e-02  -2.4304302e-01
   0.0000000e+00   0.0000000e+00   0.0000000e+00   0.0000000e+00   0.0000000e+00   0.0000000e+00   0.0000000e+00   0.0000000e+00   0.0000000e+00   0.0000000e+00   0.0000000e+00   0.0000000e+00   0.0000000e+00   0.0000000e+00   0.0000000e+00   0.0000000e+00   0.0000000e+00   0.0000000e+00   0.0000000e+00   0.0000000e+00   0.0000000e+00   0.0000000e+00   0.0000000e+00   0.0000000e+00   0.0000000e+00   0.0000000e+00   0.0000000e+00   0.0000000e+00   0.0000000e+00   0.0000000e+00   0.0000000e+00   0.0000000e+00   0.0000000e+00   0.0000000e+00   0.0000000e+00   0.0000000e+00   0.0000000e+00   0.0000000e+00   0.0000000e+00   0.0000000e+00   0.0000000e+00   0.0000000e+00   0.0000000e+00   0.0000000e+00   0.0000000e+00   0.0000000e+00   0.0000000e+00   0.0000000e+00   0.0000000e+00   0.0000000e+00   0.0000000e+00   0.0000000e+00   0.0000000e+00   0.0000000e+00   0.0000000e+00   0.0000000e+00   0.0000000e+00   0.0000000e+00   0.0000000e+00   0.0000000e+00   0.0000000e+00   0.0000000e+00   0.0000000e+00   0.0000000e+00   0.0000000e+00   0.0000000e+00   0.0000000e+00   0.0000000e+00   0.0000000e+00   0.0000000e+00   0.0000000e+00   0.0000000e+00   0.0000000e+00   0.0000000e+00   0.0000000e+00   0.0000000e+00   0.0000000e+00   0.0000000e+00   0.0000000e+00   0.0000000e+00   0.0000000e+00   0.0000000e+00   0.0000000e+00   0.0000000e+00   0.0000000e+00   0.0000000e+00   0.0000000e+00   0.0000000e+00   0.0000000e+00   0.0000000e+00   0.0000000e+00   0.0000000e+00   0.0000000e+00   0.0000000e+00   0.0000000e+00   0.0000000e+00   0.0000000e+00   0.0000000e+00   0.0000000e+00   0.0000000e+00   0.0000000e+00   0.0000000e+00   0.0000000e+00   0.0000000e+00   0.0000000e+00   0.0000000e+00   0.0000000e+00   0.0000000e+00   0.0000000e+00   0.0000000e+00   0.0000000e+00   0.0000000e+00   0.0000000e+00   0.0000000e+00   0.0000000e+00   0.0000000e+00   0.0000000e+00   0.0000000e+00
   3.2087473e-01   0.0000000e+00   0.0000000e+00   1.2959071e-01   4.0749008e-03   2.0436701e-01   3.1902399e-01  -6.0901677e-03  -7.7495983e-02   0.0000000e+00   0.0000000e+00   1.3455984e-01   1.4259427e-01   2.0576491e-01  -6.6876403e-02   2.2821850e-02   0.0000000e+00  -5.0696918e-02   1.3613507e-02   9.7854762e-02   1.1656312e-01   2.7663751e-01   2.1762424e-01   1.5624564e-01   8.8797266e-02   1.6477859e-01   9.4452940e-02   1.9734088e-02  -4.6065669e-02  -6.1869485e-03  -1.6999073e-01  -8.9672274e-03   4.2329441e-01   1.0166285e-02  -1.6979652e-01   1.2427539e-01   3.2772755e-01  -1.7836811e-01   5.8686196e-02   3.4471497e-01   1.7158417e-01   8.9371859e-03  -8.2467092e-02   6.2112767e-02   6.3539538e-02  -9.4261999e-02   2.6687768e-01   1.0675228e-01  -2.4904811e-01   5.1951322e-02   0.0000000e+00   2.5223360e-01   5.8458099e-02   2.3734104e-02   3.3993354e-02   4.6652727e-02   6.0885600e-02  -7.5346540e-02  -1.4936098e-01  -7.9438537e-02   4.0723123e-03  -5.4187448e-03   1.2283777e-01   1.1779390e-01  -4.4348143e-02   5.4503761e-02  -7.0860421e-02  -4.0385759e-02   1.9505815e-02  -5.8146007e-02   6.1528676e-02   0.0000000e+00   2.6670961e-01   4.8154351e-01   0.0000000e+00  -5.8398647e-02   6.7302238e-03   6.3458672e-03  -5.3098213e-02  -4.9409556e-02  -8.9777388e-02   7.6557049e-02   1.7948102e-01  -2.8644636e-02  -8.2559915e-02  -1.5780915e-01  -2.2004046e-01   2.0568883e-02   3.3546611e-02  -9.6863340e-02  -1.9500543e-01  -1.4769086e-01   5.7371536e-03  -2.5191751e-01  -1.0619150e-01   5.4727409e-02  -6.3694575e-02   8.2607509e-02  -6.3941596e-02  -1.8162450e-01  -7.6899238e-02  -8.7128411e-02  -6.5862697e-02  -5.2964955e-02  -1.2244406e-01  -1.2140334e-01  -1.7629132e-01  -1.9890765e-01  -5.9015087e-02   7.7519052e-02  -1.5084954e-01   3.4189758e-02   1.0955316e-01  -4.6492139e-03   7.2095589e-02  -5.3595388e-02  -6.9814524e-02   1.8736340e-01
   1.2591567e-01   0.0000000e+00   0.0000000e+00  -2.1639169e-02   8.5861289e-04   7.7358085e-02  -8.6315587e-03  -1.7699797e-01  -2.4923873e-02   0.0000000e+00   1.3455984e-01   0.0000000e+00   1.6460085e-01  -9.5901986e-02   6.0052658e-02   1.8096588e-02   0.0000000e+00  -8.8762470e-02   7.6575501e-02   8.3813466e-02  -9.9190386e-03   1.0680725e-01  -3.7566578e-02   9.6130498e-02   3.9285915e-02   2.9074827e-02   2.7063737e-01  -1.9291092e-01  -6.8517988e-02  -1.4747952e-01  -1.9031608e-03  -3.9620339e-02   1.0121915e-01   8.6304885e-02   1.6565551e-01   1.4662815e-01   1.5559267e-01   9.9599371e-02   1.9670730e-01  -1.8232994e-01   1.1263063e-01   1.2015208e-01   6.5030220e-02   2.6824684e-01  -4.3825359e-02   8.3158249e-02  -3.6043659e-02  -4.5787406e-02  -1.2473662e-01  -4.1948096e-02   0.0000000e+00   1.2372238e-01   2.6121562e-01  -6.5759718e-02   8.7596395e-02   2.1235314e-02   1.0984646e-01  -3.0788097e-02  -4.9256177e-02   1.1231463e-02   1.5026177e-01   1.1395742e-01   9.4929174e-02   1.1625006e-01   6.0214963e-02   1.4191968e-01  -2.1562527e-01  -3.0930110e-02  -1.5637762e-01   1.4856758e-02  -1.5578547e-01   0.0000000e+00   4.0314008e-02   1.1082148e-01   0.0000000e+00  -1.8692346e-01  -1.3745276e-01  -2.8715698e-02   1.4381287e-01   4.4193303e-02   1.3552478e-01  -1.4999565e-01  -3.4501469e-02   1.3185740e-01  -2.5429405e-01  -2.6598888e-01  -2.6677866e-01   1.9796252e-01   1.8954371e-01  -1.5048047e-01  -3.5553480e-02   2.0600691e-01   4.7312493e-02   2.3586107e-04   1.8960175e-01   9.1087674e-02   1.6200600e-01   2.0501917e-01   2.2791651e-01   2.1612341e-02   2.2651226e-01   3.1439634e-01   1.1817556e-01   1.4359731e-01   6.2249829e-02  -1.7003115e-01  -1.1337616e-01   5.2316152e-02  -2.4458876e-02   1.3874031e-01  -3.1218351e-02   4.9634407e-02   1.3926643e-01   1.6337808e-01   2.5432924e-01  -1.6748594e-01  -1.3743636e-01   8.0747811e-03
   3.1193875e-02   0.0000000e+00   0.0000000e+00   1.3035850e-01   6.6008219e-02   1.6327149e-01   6.5861656e-02   1.4996879e-01   2.4077562e-01   0.0000000e+00   1.4259427e-01   1.6460085e-01   0.0000000e+00  -2.2886314e-01   4.8835853e-01   3.9486382e-01   0.0000000e+00   2.9968068e-01   2.1307712e-01   6.2942685e-01   6.2055111e-01   3.9026500e-01   3.9236683e-02  -3.1664401e-02   2.7480116e-01  -1.4821355e-01   2.1699456e-01  -1.4187618e-02   5.5148226e-01   4.8891215e-01   5.0883802e-01   1.6547040e-02   3.7795270e-01   5.4290957e-01   4.4903045e-01   3.7712853e-01  -4.4696322e-02   1.4031504e-01  -5.5142915e-02   1.8633590e-02   3.7844484e-02   2.8380646e-01   1.1639233e-01   3.6607741e-02  -6.9966809e-02   2.7794786e-01   3.8935618e-01   5.6633913e-01   3.5242443e-01  -2.6618457e-02   0.0000000e+00   3.9282983e-01   1.2622118e-01   2.8795863e-01   6.5401707e-01   6.5448112e-01   4.4672901e-01   3.4115002e-01   3.2281801e-01   5.3876903e-02  -5.1937730e-02  -2.1080025e-01   2.6452789e-02   4.2541941e-01   4.2681494e-01   3.9157881e-01  -1.5272427e-01  -2.0857709e-03   1.6412456e-01   1.6225229e-01  -8.1880548e-02   0.0000000e+00  -5.7836071e-02   1.3808852e-01   0.0000000e+00  -1.8538367e-01  -8.4613582e-02  -3.9140797e-01  -5.2158753e-02  -1.7758238e-01  -1.8812642e-01  -2.6977066e-01  -7.7942513e-02   9.0703260e-02  -3.6343654e-01  -1.9831404e-01  -1.4057738e-01  -2.4719577e-01  -1.3921594e-01  -1.7077382e-01  -1.6819506e-01   1.9896642e-01  -5.1633058e-02  -1.0766159e-01   1.0567856e-01   2.9146947e-02   1.7508375e-01  -1.3327496e-01  -1.3449617e-01  -6.0881954e-02  -1.1693224e-01   2.3046615e-01  -1.2288608e-01   3.5272510e-02   2.2065403e-01   1.4904265e-01   1.1033545e-01   1.1952663e-01   3.9472193e-01   2.3454111e-01   6.4029046e-01   1.3559047e-01   1.6411068e-01   3.5114939e-01   3.5410699e-01  -1.0600923e-01  -2.0696606e-01  -2.0696264e-02
   1.1512431e-01   0.0000000e+00   0.0000000e+00   2.0480192e-01  -1.3134342e-01   3.2837613e-02   3.9132470e-01   9.7832661e-02  -2.1658350e-01   0.0000000e+00   2.0576491e-01  -9.5901986e-02  -2.2886314e-01   0.0000000e+00  -3.3367591e-01  -9.9013968e-02   0.0000000e+00  -1.9563482e-01  -7.0779815e-02  -7.6478805e-02  -1.8899602e-01   7.4455815e-02   3.7758683e-01   1.2828940e-01  -2.2128814e-02   3.5763124e-01  -2.6533840e-01   1.9161776e-01  -3.1786867e-01  -1.5111462e-01  -1.3907245e-01  -1.7959244e-01  -2.6144075e-02  -2.8518714e-01  -5.1235676e-01  -3.6962439e-01  -1.1518249e-02  -4.1101355e-01  -3.0230955e-01   1.3166900e-01  -1.0049347e-01  -3.1153890e-01  -1.9419466e-01  -1.6624126e-01   2.3205691e-01  -2.4007678e-01  -3.1230214e-02  -6.4637908e-02  -1.6464473e-01   1.4996956e-01   0.0000000e+00  -1.3408308e-01  -2.8176567e-01  -4.5339024e-02  -1.9745835e-01  -2.3216538e-01  -3.5245080e-01  -8.4985006e-02  -1.8252085e-01   4.8510120e-02   3.1783064e-01   3.0716014e-01   7.6516711e-02  -1.3438356e-01  -2.9455280e-01  -2.4125372e-01   4.6865201e-01   2.2041126e-01   1.5474738e-01  -1.0380675e-01   2.6896700e-01   0.0000000e+00   2.1149236e-01   1.2181717e-01   0.0000000e+00   3.2552838e-01   2.3398599e-01   3.2451562e-01  -1.3792085e-01   4.3957292e-01   9.9834186e-02   7.9613936e-01   6.9821608e-01   1.1567946e-01   4.2556653e-01   7.7700765e-02   3.2088506e-01   3.3523738e-01  -2.5561005e-01   5.3365344e-01  -9.2958070e-03  -4.8491670e-01  -2.4698416e-01  -1.9147581e-01  -1.5849788e-01  -3.6525759e-02  -2.6560318e-01  -8.6451404e-02  -2.3110819e-01  -9.4411762e-02  -1.5402196e-01  -4.5500836e-01  -1.3479240e-01  -1.4942170e-01  -3.1438374e-01  -7.1283581e-03  -2.1536664e-01  -3.4825817e-01  -2.0702558e-01  -2.4256501e-01  -3.0012162e-01   4.1372306e-02  -6.3074718e-02  -3.4110784e-01  -2.6223023e-01   4.2139286e-01   5.0512313e-01   6.1623194e-01
  -6.4306631e-02   0.0000000e+00   0.0000000e+00   1.0994580e-01   1.2913353e-03   5.0610939e-02  -8.7646534e-02   1.8193674e-01   1.1670165e-01   0.0000000e+00  -6.6876403e-02   6.0052658e-02   4.8835853e-01  -3.3367591e-01   0.0000000e+00   4.0671866e-01   0.0000000e+00   1.8621269e-01   1.2293484e-01   2.0381725e-01   2.7192297e-01   5.6105175e-02  -1.2882760e-01  -5.9817973e-02   9.4463622e-02  -3.3428922e-01   7.0672695e-02  -1.5527547e-01   3.9541587e-01   2.0898551e-01   2.7251500e-01  -5.1801839e-02   8.5047023e-02   5.5984740e-01   3.1362884e-01   2.3213870e-01  -1.3536418e-01   1.6334751e-01  -5.2991424e-02  -8.3696126e-02  -6.4797692e-02   2.6318480e-01  -9.8727581e-02  -2.2324800e-02  -5.4128383e-02   8.3731265e-02   1.9652977e-01   5.5884123e-01   3.4871539e-01   1.3102439e-02   0.0000000e+00   8.2905912e-02   2.2406144e-02   3.0382749e-01   4.3913285e-01   8.0583002e-01   2.2660632e-01   3.9090901e-01   2.3375073e-01  -7.5639523e-02  -2.3009633e-01  -2.6393360e-01  -2.0452397e-01   2.1712446e-01   4.9452472e-01   1.9888334e-01  -6.2538701e-02  -5.0257350e-02   7.7170650e-02  -1.2075621e-01  -2.5122514e-01   0.0000000e+00  -7.5357711e-02   5.4157764e-02   0.0000000e+00  -2.4667372e-01  -1.5673662e-01  -1.3624377e-01  -2.1908980e-01  -2.8749953e-01  -1.8368834e-01  -2.9323306e-01  -2.0432658e-01  -1.4661621e-01  -3.1497859e-01  -3.5926650e-02  -1.2859287e-01  -3.6022460e-01   2.3172421e-02  -1.9199406e-01  -2.5575856e-01   8.5604011e-02  -3.1469217e-02  -3.0644538e-02   2.3922513e-02   1.5053262e-02   1.8672563e-01  -1.3647487e-01  -1.8888881e-01  -9.3821292e-02   4.5650321e-02   1.2715551e-01  -3.5707235e-03  -2.3412130e-02   5.1467140e-02   2.6857461e-01   1.9282492e-01   9.5604848e-02   2.3668789e-01   9.6332459e-02   5.6828879e-01   1.1091569e-01   1.5860557e-01   4.2241672e-01   4.7397390e-01   3.3792753e-02  -2.8235380e-01  -1.8954246e-01
   6.5744585e-02   0.0000000e+00   0.0000000e+00   5.9669643e-02   1.2012219e-02   1.9991849e-01   1.0383431e-01   1.0064751e-01   1.5127594e-01   0.0000000e+00   2.2821850e-02   1.8096588e-02   3.9486382e-01  -9.9013968e-02   4.0671866e-01   0.0000000e+00   0.0000000e+00   2.0291806e-01   1.8632764e-01   2.3564113e-01   1.8434785e-01   1.4831228e-01   5.5618014e-03  -1.8939839e-02   1.2562366e-01  -1.0990021e-01   1.7000119e-02   1.8623849e-02   2.7750007e-01   2.3292822e-01   3.1682520e-01  -1.7403886e-02   2.7592530e-01   2.9580247e-01   1.1040597e-01   1.4866245e-01  -2.8792595e-02   1.1233929e-01  -2.1035352e-03   6.7156984e-02   3.5656920e-02   1.9000260e-01   3.0459785e-02   6.4475061e-02   1.1302510e-01   1.4328840e-01   2.3142538e-01   3.4164001e-01   2.6942554e-01   9.2610545e-02   0.0000000e+00   2.4849212e-01   6.9508457e-02   4.3455870e-01   6.6758679e-01   4.9306584e-01   1.4513077e-01   1.5867467e-01   2.5619007e-01   6.6100103e-02  -3.7500986e-02  -9.5075126e-02  -3.9424597e-03   3.0897321e-01   1.8602529e-01   3.3687044e-01  -5.3678621e-02   1.6211017e-01   9.1888549e-02   9.9454021e-02  -3.4183514e-02   0.0000000e+00  -3.1133974e-02   9.4747732e-02   0.0000000e+00  -6.7304878e-02   6.8330801e-02  -7.3973177e-02  -6.7850546e-02  -1.2821226e-01  -1.0356452e-01  -1.3599403e-02   3.4441268e-02   5.5540827e-02  -2.0220852e-01   2.5606214e-03  -3.8787936e-03  -1.9205713e-01  -3.0091126e-02  -1.5635143e-02  -1.5184301e-01   4.8266944e-02   9.1270739e-02  -6.7127929e-02   8.5055761e-02   1.4141640e-01   2.1097583e-01  -4.3545700e-02  -1.6145723e-01   4.0474962e-02   2.2027072e-02   1.3467267e-01   5.3971294e-02  -2.7013768e-02   1.9837522e-01   2.1079273e-01   9.6726917e-02   2.0379845e-01   3.5445368e-01   3.1634222e-01   3.2058309e-01   1.7604426e-01   1.2462457e-01   3.9949300e-01   2.2718563e-01   4.0425096e-03  -1.9231487e-01  -3.4690659e-03
   0.0000000e+00   0.0000000e+00   0.0000000e+00   0.0000000e+00   0.0000000e+00   0.0000000e+00   0.0000000e+00   0.0000000e+00   0.0000000e+00   0.0000000e+00   0.0000000e+00   0.0000000e+00   0.0000000e+00   0.0000000e+00   0.0000000e+00   0.0000000e+00   0.0000000e+00   0.0000000e+00   0.0000000e+00   0.0000000e+00   0.0000000e+00   0.0000000e+00   0.0000000e+00   0.0000000e+00   0.0000000e+00   0.0000000e+00   0.0000000e+00   0.0000000e+00   0.0000000e+00   0.0000000e+00   0.0000000e+00   0.0000000e+00   0.0000000e+00   0.0000000e+00   0.0000000e+00   0.0000000e+00   0.0000000e+00   0.0000000e+00   0.0000000e+00   0.0000000e+00   0.0000000e+00   0.0000000e+00   0.0000000e+00   0.0000000e+00   0.0000000e+00   0.0000000e+00   0.0000000e+00   0.0000000e+00   0.0000000e+00   0.0000000e+00   0.0000000e+00   0.0000000e+00   0.0000000e+00   0.0000000e+00   0.0000000e+00   0.0000000e+00   0.0000000e+00   0.0000000e+00   0.0000000e+00   0.0000000e+00   0.0000000e+00   0.0000000e+00   0.0000000e+00   0.0000000e+00   0.0000000e+00   0.0000000e+00   0.0000000e+00   0.0000000e+00   0.0000000e+00   0.0000000e+00   0.0000000e+00   0.0000000e+00   0.0000000e+00   0.0000000e+00   0.0000000e+00   0.0000000e+00   0.0000000e+00   0.0000000e+00   0.0000000e+00   0.0000000e+00   0.0000000e+00   0.0000000e+00   0.0000000e+00   0.0000000e+00   0.0000000e+00   0.0000000e+00   0.0000000e+00   0.0000000e+00   0.0000000e+00   0.0000000e+00   0.0000000e+00   0.0000000e+00   0.0000000e+00   0.0000000e+00   0.0000000e+00   0.0000000e+00   0.0000000e+00   0.0000000e+00   0.0000000e+00   0.0000000e+00   0.0000000e+00   0.0000000e+00   0.0000000e+00   0.0000000e+00   0.0000000e+00   0.0000000e+00   0.0000000e+00   0.0000000e+00   0.0000000e+00   0.0000000e+00   0.0000000e+00   0.0000000e+00   0.0000000e+00   0.0000000e+00   0.0000000e+00   0.0000000e+00   0.0000000e+00   0.0000000e+00
  -1.0421692e-01   0.0000000e+00   0.0000000e+00  -2.6750406e-02   3.0542784e-01   9.8266597e-02  -2.7418973e-02   3.5245610e-02  -3.5548202e-02   0.0000000e+00  -5.0696918e-02  -8.8762470e-02   2.9968068e-01  -1.9563482e-01   1.8621269e-01   2.0291806e-01   0.0000000e+00   0.0000000e+00   6.6347220e-02   5.3312310e-01   1.5746782e-01   7.9090019e-02  -1.2645806e-01  -6.5460248e-02   1.5603449e-01  -1.0027437e-01   1.7487400e-01  -5.3081154e-02   2.6968368e-01   2.7634565e-01   4.2579131e-01  -2.8300355e-02   1.1321858e-01   9.4462533e-02   2.3471957e-01   8.0472379e-02  -1.8479444e-01   1.6396427e-02  -3.8350183e-02  -5.4239673e-02  -6.5237317e-02  -2.0364784e-02   2.3523615e-01  -8.8445414e-02  -2.5702606e-02   9.6788005e-02   1.5704888e-01   2.4543202e-01   4.3628777e-01   1.4291313e-01   0.0000000e+00   1.7576457e-01  -5.7437985e-02   1.3146101e-01   2.8771530e-01   2.0823923e-01   3.2300813e-01   1.3194429e-01   6.4139690e-02   1.8550872e-01  -2.6334950e-02  -1.1407520e-01  -1.5591832e-02   2.3534611e-01   2.0397348e-01   2.0700473e-01  -2.0393128e-01   3.5049945e-04  -4.0347436e-02   5.0417314e-01   2.1017746e-01   0.0000000e+00  -1.2025888e-01   2.7968648e-02   0.0000000e+00  -1.0420204e-02   2.4597001e-02  -1.9812486e-01   1.9355190e-01  -1.4341277e-01   7.2441535e-02  -8.4830857e-02  -6.8558556e-02   3.3598642e-01  -7.0111020e-02   7.2840724e-02   6.9861704e-02  -9.5602101e-02   5.2991173e-02  -1.4828267e-01  -1.0314986e-02   3.7558365e-01  -3.1806644e-02   3.1368220e-02   5.6146200e-02  -9.8837931e-02   1.0015520e-01  -2.1287921e-01  -1.1236027e-01  -7.9831215e-02   1.5723510e-02   7.9966253e-02  -1.5520009e-01   7.8385409e-02   2.1010255e-01   3.8806486e-02   1.4729643e-01   2.0094549e-01   2.2921131e-01   5.7894074e-02   1.7917941e-01   7.8817844e-02   7.8580925e-02   2.4140959e-01   1.3494073e-01  -1.3371237e-01  -8.5219559e-03  -9.3486488e-03
   1.5744930e-01   0.0000000e+00   0.0000000e+00   2.4430599e-01   8.6686487e-02   4.2352295e-02   2.1246444e-01  -9.9593257e-02   1.4493502e-02   0.0000000e+00   1.3613507e-02   7.6575501e-02   2.1307712e-01  -7.0779815e-02   1.2293484e-01   1.8632764e-01   0.0000000e+00   6.6347220e-02   0.0000000e+00   1.7406885e-01   1.6779038e-01   2.1402106e-01   1.8145308e-02   1.1607745e-01   2.5815905e-01   1.4235327e-03   1.3076921e-01   3.1278442e-03   8.9431604e-02   6.5165684e-02   1.1051524e-01   3.4741647e-02   1.9001695e-01   4.6358005e-02   2.0199028e-01   2.2083363e-01   1.0893296e-01   2.3569488e-01   1.4185671e-01   3.0296749e-02   1.0279297e-01   2.5309734e-01   2.1640520e-01   2.1925733e-01  -4.3581912e-02   2.4959922e-01   1.2856935e-01   2.0010589e-01   1.5236922e-01   6.0620923e-02   0.0000000e+00   2.0862007e-01   2.4171234e-01   3.5280196e-01   3.2476597e-01   2.2024741e-01   2.4389749e-01   4.7825495e-02   3.3085717e-01  -3.2814566e-02   9.1364883e-02   1.3718924e-01   7.7373344e-02   3.3008742e-01  -4.5438973e-02   4.2168460e-01  -1.6255029e-01   2.4886706e-01  -1.2500593e-01   2.3336864e-02  -1.3547444e-01   0.0000000e+00  -4.9748654e-02   8.9001994e-02   0.0000000e+00  -7.8701919e-02  -6.0369438e-02  -5.8850887e-02   6.2499164e-02  -5.4657813e-02   8.7625427e-02  -1.4647121e-02   3.1439661e-02   7.9032442e-02  -5.5417295e-02  -1.0381879e-01  -1.0468704e-01   2.5810732e-02   3.8691164e-02  -8.0349920e-02  -1.9257609e-02   1.6431631e-01   2.9164109e-02   2.2134060e-01   4.1755411e-01   2.6125316e-01   8.6926172e-02   2.7085705e-01   1.7053552e-01   6.9387460e-02   3.5803832e-02   2.4008260e-01  -1.3560032e-02   4.2053955e-02   2.5328929e-01   1.0728375e-01   1.1348495e-01   1.4821814e-01   1.8737980e-01   2.4461757e-01   9.3384457e-02   1.7014375e-01   1.4882488e-01   2.2722354e-01   1.4218494e-01  -8.4068633e-02  -1.3023360e-01   1.1306496e-01
   9.6389574e-03   0.0000000e+00   0.0000000e+00   3.4574833e-02   2.4077122e-01   1.6110376e-01   9.2065326e-02   4.6590591e-02  -2.1855603e-03   0.0000000e+00   9.7854762e-02   8.3813466e-02   6.2942685e-01  -7.6478805e-02   2.0381725e-01   2.3564113e-01   0.0000000e+00   5.3312310e-01   1.7406885e-01   0.0000000e+00   4.1009261e-01   3.7810893e-01  -5.4833206e-02   4.0018894e-02   3.6620730e-01  -1.2191267e-01   4.0601814e-01  -1.0821883e-01   2.7826016e-01   3.6158238e-01   6.2081188e-01  -7.2892850e-02   2.1978927e-01   2.3958988e-01   4.9331374e-01   1.0037911e-01  -1.7273728e-01  -8.3297825e-02  -2.1484361e-01  -1.7239105e-01  -1.8526021e-01  -9.8304983e-03   2.1136960e-01  -1.1147553e-01   2.1897972e-02   7.5783126e-02   2.6472812e-01   3.0603891e-01   3.5777801e-01   1.3395537e-01   0.0000000e+00   2.5223178e-01   1.2729504e-02   1.1184913e-01   3.1446386e-01   3.3710299e-01   5.5456223e-01   2.1871623e-01   2.1191097e-01   3.6853783e-01   1.9621429e-01  -3.2655853e-03   4.6289397e-02   3.2763340e-01   2.4139105e-01   2.7396068e-01  -1.8011144e-01   9.3862737e-02   3.1105233e-03   4.0332285e-01   1.2079767e-01   0.0000000e+00   6.1465854e-02   2.7715111e-01   0.0000000e+00  -4.1305236e-02  -6.0380700e-02  -3.6077927e-01   1.0370241e-01   2.0590355e-02   1.1222889e-01  -9.0134989e-02   1.6262172e-01   4.6287277e-01  -1.6809125e-01   2.8062602e-03   1.1379210e-01  -6.4042558e-02  -9.4619213e-02  -6.6230545e-03  -3.3113678e-02   3.2143560e-01  -3.7264849e-02  -7.2948144e-02   3.6247209e-02   1.1644467e-02   1.5193199e-01  -1.3525463e-01  -1.3039086e-01  -1.5500538e-01  -4.4357078e-02   1.8906298e-01  -1.6754079e-01   1.5963309e-01   1.9627913e-01   9.1135916e-02   1.3022806e-01   1.1334027e-01   2.6572205e-01   4.2857500e-02   2.7953682e-01   2.5906638e-02   8.1202451e-02   2.4246679e-01   1.7680085e-01  -1.4062966e-01   1.4517164e-03   2.7072818e-01
  -1.2434398e-01   0.0000000e+00   0.0000000e+00   1.4125508e-01  -4.3322958e-02  -3.0605020e-02  -7.9358959e-02   9.0621277e-02   8.4730442e-02   0.0000000e+00   1.1656312e-01  -9.9190386e-03   6.2055111e-01  -1.8899602e-01   2.7192297e-01   1.8434785e-01   0.0000000e+00   1.5746782e-01   1.6779038e-01   4.1009261e-01   0.0000000e+00   6.7144907e-01   2.2808818e-01   2.0839631e-01   3.2964940e-01  -1.2851683e-01   1.5390759e-01   1.3148353e-01   4.3759862e-01   3.0813357e-01   1.6800278e-01   6.4780718e-02   2.4134039e-01   3.2633031e-01   3.8046518e-01   5.5904527e-01   1.0847141e-01   1.1336123e-01  -6.7416828e-03   1.5575036e-01   3.6579030e-02   3.2556193e-01   7.0587683e-02   2.1214926e-02  -2.1245662e-02   2.6354001e-01   4.4752302e-01   4.4513087e-01   1.5779270e-01  -2.2762277e-01   0.0000000e+00   2.1859552e-01   1.8835641e-01   1.9689675e-01   3.3952662e-01   3.5435484e-01   3.4586918e-01   1.7042326e-01   2.7402460e-01   5.6231758e-02  -2.0470730e-02  -1.3698427e-01   6.6980972e-02   1.9205775e-01   1.9409712e-01   2.0952750e-01  -1.5179861e-01  -1.9625963e-01  -3.5073434e-02  -1.4783980e-01  -2.0725251e-01   0.0000000e+00  -2.0646834e-01  -7.2902290e-02   0.0000000e+00  -2.9885934e-01  -2.2830898e-01  -3.6547359e-01  -2.6278198e-01  -1.3465921e-01  -3.8544342e-01  -3.3117953e-01  -6.5765431e-02  -1.7332414e-01  -3.5878697e-01  -2.2036774e-01  -2.8589539e-01  -3.3683394e-01  -2.4392409e-01  -1.9675176e-01  -2.7124374e-01  -2.9091884e-02  -9.3990918e-02  -1.8243325e-01  -4.0308123e-03   3.4281987e-02  -1.2382412e-02  -6.5909782e-02  -1.1545987e-01  -2.7220783e-02  -1.3724460e-01   1.2913721e-02  -2.5586055e-01   6.3126759e-02   1.1993001e-01   1.4102476e-01  -3.9218028e-02  -1.2764364e-01   2.6067957e-01   5.2127500e-02   3.2691714e-01   3.9234869e-02   7.7679997e-02   1.6617857e-01   1.5568477e-01  -1.8249414e-01  -1.8287520e-01  -4.8723303e-02
