   0.0000000e+00   0.0000000e+00   0.0000000e+00   0.0000000e+00   0.0000000e+00   0.0000000e+00   0.0000000e+00   0.0000000e+00   0.0000000e+00   0.0000000e+00   0.0000000e+00   0.0000000e+00   0.0000000e+00   0.0000000e+00   0.0000000e+00   0.0000000e+00   0.0000000e+00   0.0000000e+00   0.0000000e+00   0.0000000e+00   0.0000000e+00   0.0000000e+00   0.0000000e+00   0.0000000e+00   0.0000000e+00   0.0000000e+00   0.0000000e+00   0.0000000e+00   0.0000000e+00   0.0000000e+00   0.0000000e+00   0.0000000e+00   0.0000000e+00   0.0000000e+00   0.0000000e+00   0.0000000e+00   0.0000000e+00   0.0000000e+00   0.0000000e+00   0.0000000e+00   0.0000000e+00   0.0000000e+00   0.0000000e+00   0.0000000e+00   0.0000000e+00   0.0000000e+00   0.0000000e+00   0.0000000e+00   0.0000000e+00   0.0000000e+00   0.0000000e+00   0.0000000e+00   0.0000000e+00   0.0000000e+00   0.0000000e+00   0.0000000e+00   0.0000000e+00   0.0000000e+00   0.0000000e+00   0.0000000e+00   0.0000000e+00   0.0000000e+00   0.0000000e+00   0.0000000e+00   0.0000000e+00   0.0000000e+00   0.0000000e+00   0.0000000e+00   0.0000000e+00   0.0000000e+00   0.0000000e+00   0.0000000e+00   0.0000000e+00   0.0000000e+00   0.0000000e+00   0.0000000e+00   0.0000000e+00   0.0000000e+00   0.0000000e+00   0.0000000e+00   0.0000000e+00   0.0000000e+00   0.0000000e+00   0.0000000e+00   0.0000000e+00   0.0000000e+00   0.0000000e+00   0.0000000e+00   0.0000000e+00   0.0000000e+00   0.0000000e+00   0.0000000e+00   0.0000000e+00   0.0000000e+00   0.0000000e+00   0.0000000e+00   0.0000000e+00   0.0000000e+00   0.0000000e+00   0.0000000e+00   0.0000000e+00   0.0000000e+00   0.0000000e+00   0.0000000e+00   0.0000000e+00   0.0000000e+00   0.0000000e+00   0.0000000e+00   0.0000000e+00   0.0000000e+00   0.0000000e+00   0.0000000e+00   0.0000000e+00   0.0000000e+00   0.0000000e+00   0.0000000e+00   0.0000000e+00   0.0000000e+00
   0.0000000e+00   0.0000000e+00   0.0000000e+00   0.0000000e+00   0.0000000e+00   0.0000000e+00   0.0000000e+00   0.0000000e+00   0.0000000e+00   0.0000000e+00   0.0000000e+00   0.0000000e+00   0.0000000e+00   0.0000000e+00   0.0000000e+00   0.0000000e+00   0.0000000e+00   0.0000000e+00   0.0000000e+00   0.0000000e+00   0.0000000e+00   0.0000000e+00   0.0000000e+00   0.0000000e+00   0.0000000e+00   0.0000000e+00   0.0000000e+00   0.0000000e+00   0.0000000e+00   0.0000000e+00   0.0000000e+00   0.0000000e+00   0.0000000e+00   0.0000000e+00   0.0000000e+00   0.0000000e+00   0.0000000e+00   0.0000000e+00   0.0000000e+00   0.0000000e+00   0.0000000e+00   0.0000000e+00   0.0000000e+00   0.0000000e+00   0.0000000e+00   0.0000000e+00   0.0000000e+00   0.0000000e+00   0.0000000e+00   0.0000000e+00   0.0000000e+00   0.0000000e+00   0.0000000e+00   0.0000000e+00   0.0000000e+00   0.0000000e+00   0.0000000e+00   0.0000000e+00   0.0000000e+00   0.0000000e+00   0.0000000e+00   0.0000000e+00   0.0000000e+00   0.0000000e+00   0.0000000e+00   0.0000000e+00   0.0000000e+00   0.0000000e+00   0.0000000e+00   0.0000000e+00   0.0000000e+00   0.0000000e+00   0.0000000e+00   0.0000000e+00   0.0000000e+00   0.0000000e+00   0.0000000e+00   0.0000000e+00   0.0000000e+00   0.0000000e+00   0.0000000e+00   0.0000000e+00   0.0000000e+00   0.0000000e+00   0.0000000e+00   0.0000000e+00   0.0000000e+00   0.0000000e+00   0.0000000e+00   0.0000000e+00   0.0000000e+00   0.0000000e+00   0.0000000e+00   0.0000000e+00   0.0000000e+00   0.0000000e+00   0.0000000e+00   0.0000000e+00   0.0000000e+00   0.0000000e+00   0.0000000e+00   0.0000000e+00   0.0000000e+00   0.0000000e+00   0.0000000e+00   0.0000000e+00   0.0000000e+00   0.0000000e+00   0.0000000e+00   0.0000000e+00   0.0000000e+00   0.0000000e+00   0.0000000e+00   0.0000000e+00   0.0000000e+00   0.0000000e+00   0.0000000e+00   0.0000000e+00
   0.0000000e+00   0.0000000e+00   0.0000000e+00   0.0000000e+00   0.0000000e+00   0.0000000e+00   0.0000000e+00   0.0000000e+00   0.0000000e+00   0.0000000e+00   0.0000000e+00   0.0000000e+00   0.0000000e+00   0.0000000e+00   0.0000000e+00   0.0000000e+00   0.0000000e+00   0.0000000e+00   0.0000000e+00   0.0000000e+00   0.0000000e+00   0.0000000e+00   0.0000000e+00   0.0000000e+00   0.0000000e+00   0.0000000e+00   0.0000000e+00   0.0000000e+00   0.0000000e+00   0.0000000e+00   0.0000000e+00   0.0000000e+00   0.0000000e+00   0.0000000e+00   0.0000000e+00   0.0000000e+00   0.0000000e+00   0.0000000e+00   0.0000000e+00   0.0000000e+00   0.0000000e+00   0.0000000e+00   0.0000000e+00   0.0000000e+00   0.0000000e+00   0.0000000e+00   0.0000000e+00   0.0000000e+00   0.0000000e+00   0.0000000e+00   0.0000000e+00   0.0000000e+00   0.0000000e+00   0.0000000e+00   0.0000000e+00   0.0000000e+00   0.0000000e+00   0.0000000e+00   0.0000000e+00   0.0000000e+00   0.0000000e+00   0.0000000e+00   0.0000000e+00   0.0000000e+00   0.0000000e+00   0.0000000e+00   0.0000000e+00   0.0000000e+00   0.0000000e+00   0.0000000e+00   0.0000000e+00   0.0000000e+00   0.0000000e+00   0.0000000e+00   0.0000000e+00   0.0000000e+00   0.0000000e+00   0.0000000e+00   0.0000000e+00   0.0000000e+00   0.0000000e+00   0.0000000e+00   0.0000000e+00   0.0000000e+00   0.0000000e+00   0.0000000e+00   0.0000000e+00   0.0000000e+00   0.0000000e+00   0.0000000e+00   0.0000000e+00   0.0000000e+00   0.0000000e+00   0.0000000e+00   0.0000000e+00   0.0000000e+00   0.0000000e+00   0.0000000e+00   0.0000000e+00   0.0000000e+00   0.0000000e+00   0.0000000e+00   0.0000000e+00   0.0000000e+00   0.0000000e+00   0.0000000e+00   0.0000000e+00   0.0000000e+00   0.0000000e+00   0.0000000e+00   0.0000000e+00   0.0000000e+00   0.0000000e+00   0.0000000e+00   0.0000000e+00   0.0000000e+00   0.0000000e+00   0.0000000e+00
   0.0000000e+00   0.0000000e+00   0.0000000e+00   0.0000000e+00   3.2850278e-02   1.7079735e-02   1.7050435e-01   1.1140070e-02   3.4045392e-02   0.0000000e+00   1.6243406e-01   8.3437790e-02   3.6768755e-02   1.4665011e-01   8.8975916e-02   1.2158295e-01   1.4214646e-01   8.0948355e-02   6.8601817e-02   1.0672659e-01   6.9806585e-02  -6.8455730e-02   2.9630291e-01   2.3792061e-01   1.2187789e-01   1.8151478e-01   4.5048054e-02   2.2447393e-01  -1.2657899e-01  -8.0463095e-02   4.9148682e-02   3.7235553e-02  -1.8203077e-01  -5.0551360e-02  -7.0633047e-02  -1.6236634e-02   1.3733125e-01   1.3668586e-02  -1.5869504e-01   7.8811718e-02   1.2220094e-01  -1.4438652e-02   8.1394642e-02   1.3249340e-01   1.6215431e-01   1.9775402e-02   1.1488236e-01   1.5511924e-01  -7.2525921e-02   1.7002242e-02   0.0000000e+00  -1.5397987e-01   1.3326156e-01   2.5555131e-01  -1.5408270e-02   1.9209530e-01   5.5484140e-02  -8.0794492e-03   1.3819121e-01   9.0634744e-02   1.2015961e-01   4.2012461e-02   1.7449287e-01  -1.4984262e-01  -3.8449275e-02  -1.0291642e-01  -1.1758100e-01   1.2246240e-01   9.7814474e-02  -3.0552965e-02   1.3313290e-01   0.0000000e+00   1.6977300e-01   1.1155167e-01   0.0000000e+00   3.5536572e-02   1.4831957e-01   1.2232721e-01   7.3757520e-02   9.7045374e-02   1.6851706e-01   1.6734159e-01   2.0576548e-01   9.1860424e-02   2.5048951e-02  -4.1779004e-02   4.9757024e-02   7.2780749e-02   1.1677383e-01   9.2572223e-03   1.1539189e-01   1.0822762e-01  -4.3512825e-02   8.6264096e-02   1.1017188e-01   4.0119761e-02   3.4881462e-02   1.7919474e-02   8.3680753e-02   4.6782184e-02  -1.6769368e-02   8.7272567e-02   4.2483530e-02   6.5008832e-02   6.2125303e-03   9.8517753e-02   2.0408046e-01  -5.5627320e-03   2.7579450e-01  -7.9732858e-02  -7.2243542e-02   0.0000000e+00   0.0000000e+00   9.3408974e-02   0.0000000e+00   7.5668732e-02   6.8624277e-02   7.2033674e-02
   0.0000000e+00   0.0000000e+00   0.0000000e+00   3.2850278e-02   0.0000000e+00   6.1250020e-01   2.7070191e-01  -7.4127861e-02   8.8138010e-02   0.0000000e+00   1.6255213e-01   7.7031226e-02   1.4675830e-01   3.9390028e-01   6.5768337e-03   3.3876406e-02   3.8341398e-01   3.8715394e-01   1.3772810e-01   4.2641597e-01   6.6425381e-02   1.5392876e-02   1.4595205e-01   1.8073558e-01   1.1207464e-01   2.4301409e-01   4.0098084e-01   3.7542995e-01   1.0140412e-01   1.6023661e-01   2.2945909e-01   1.0812114e-01  -2.9265916e-02   1.0459586e-01  -5.1413876e-02  -3.5856979e-02   2.3173897e-01  -6.2883729e-03  -8.4037686e-02   1.9763740e-01  -1.1337527e-02  -1.5361753e-01   1.7487650e-01  -5.6873935e-02   3.5238479e-01  -1.3756506e-01   5.0208671e-01   2.1351075e-01   7.3103407e-02   3.0213317e-01   0.0000000e+00  -2.0402509e-01   8.4453747e-02   6.6318598e-02  -1.4233248e-01   1.1440548e-01   2.4678139e-01   1.0385155e-01  -6.0018145e-02   2.3801765e-01   1.6507205e-01   2.3453308e-01   2.7673674e-01   4.6038504e-02   1.4464855e-01   2.3382426e-01   2.7158039e-02   4.7225657e-01   4.0293435e-01   1.7487320e-01   3.0337470e-01   0.0000000e+00   1.4976917e-01   3.5377554e-01   0.0000000e+00   6.7669117e-02   1.6545028e-01   2.4050544e-01   5.1249061e-01   2.7049595e-01   6.7311820e-01   4.6026385e-01   5.9276112e-01   5.8271197e-01   1.4833637e-01   2.7863475e-01   4.1528083e-01   1.0697983e-01   6.0853044e-01   3.5443744e-01   3.8136896e-01   4.0252735e-01   3.2955812e-01   8.4374949e-02   1.7856141e-01   1.9683901e-02   1.5552150e-02   6.3541029e-02   6.9202239e-02   1.0920636e-02   2.4381652e-01   5.4536353e-02   2.5750997e-01   1.4540430e-01   5.7835387e-03  -5.9368233e-03  -1.0141909e-01  -1.9301073e-01  -5.8921691e-02  -7.7899257e-02  -1.2883780e-02   0.0000000e+00   0.0000000e+00   9.8902736e-03   0.0000000e+00   7.0523298e-02   2.6400598e-01   3.7311218e-01
   0.0000000e+00   0.0000000e+00   0.0000000e+00   1.7079735e-02   6.1250020e-01   0.0000000e+00   2.1048078e-01  -3.9836842e-02   7.4848073e-02   0.0000000e+00   1.1933857e-01   1.2519829e-01   1.2952140e-01   3.2255243e-01   2.2241949e-02   4.5840462e-02   2.7836078e-01   4.0364679e-01   1.5282121e-02   4.5228649e-01   9.3997587e-03   1.9683920e-02   9.8393375e-02   1.1192251e-01   6.7042402e-02   1.2521769e-01   3.3392143e-01   2.6940888e-01   9.9221258e-02   1.1079439e-01   2.8484424e-01   4.1446245e-02  -1.0527100e-01   1.4493324e-01  -2.0603673e-02  -3.0584269e-02   2.1011098e-01  -8.0285988e-02  -9.6080429e-02   1.1143877e-01  -5.4856186e-02  -1.4882673e-01   1.1879958e-01  -5.9569815e-02   2.4949707e-01  -5.7739860e-02   3.3185696e-01   5.6926370e-02   1.3184471e-01   2.6107845e-01   0.0000000e+00  -1.7289979e-01  -2.7825317e-02  -5.5335787e-02  -1.1738106e-01  -1.8554869e-02   8.5824882e-02   1.4301207e-01   7.8878881e-03   1.7715557e-01   8.4770148e-02   1.8239293e-01   9.5497189e-02   6.0092712e-02   1.6208219e-01   2.0467782e-01   9.3835763e-02   4.2864295e-01   3.5820586e-01   1.9671129e-01   2.5635124e-01   0.0000000e+00   3.4021645e-03   2.2122700e-01   0.0000000e+00   8.1766546e-02   2.1679301e-01   2.0207510e-01   4.1907811e-01   2.3120398e-01   5.0639357e-01   4.0426926e-01   4.8389750e-01   4.5543136e-01   6.2424875e-02   2.9081683e-01   4.4139554e-01   9.8805527e-02   5.7252394e-01   2.7274877e-01   3.3402813e-01   2.3566735e-01   2.4004913e-01   1.3951967e-01   5.9251096e-02  -1.1332939e-02  -1.5651015e-02  -3.4468052e-02   6.3605081e-02   2.3745583e-02   1.2439420e-01   3.8332974e-02   3.0035598e-01   1.4414567e-01  -9.1170570e-03   1.1886151e-02  -9.3477602e-02  -9.0728864e-03  -5.1950785e-02  -2.8121897e-02   6.8240860e-02   0.0000000e+00   0.0000000e+00   6.8648154e-04   0.0000000e+00   7.3650312e-02   1.6751310e-01   4.0263174e-01
   0.0000000e+00   0.0000000e+00   0.0000000e+00   1.7050435e-01   2.7070191e-01   2.1048078e-01   0.0000000e+00  -3.8713998e-02   4.5503845e-02   0.0000000e+00   2.7465604e-01   1.4610643e-01   1.8972272e-01   2.0437265e-01   1.6817662e-01   1.9816500e-01   2.6274471e-01   2.4423071e-01   2.1548857e-01   2.2252059e-01   5.0454197e-03  -1.9583859e-03   3.4486208e-01   2.5624309e-01   1.1866999e-01   2.3680757e-01   9.1959422e-02   3.3213482e-01  -1.3715208e-01   1.3632888e-02  -3.5552807e-02   9.3495489e-02  -2.4558986e-02   4.2757673e-03  -7.0316455e-02   1.9197264e-01   3.3501880e-01   1.0043744e-01  -5.7611462e-02   2.4156716e-01   3.6440873e-02  -5.3272506e-02   9.9062991e-02   3.9090464e-02   4.0025235e-01  -1.4067576e-02   2.2555092e-01   2.5551490e-01  -2.9274435e-02   2.1103839e-02   0.0000000e+00  -8.4887187e-02   9.4710121e-02   3.6537101e-01   1.3984525e-01   1.3981852e-01   2.1701986e-01   1.0886113e-01   9.9411597e-02   1.5068377e-01   6.3033374e-02   6.3561077e-02   2.1341964e-01  -7.6403130e-02   8.3767335e-02   3.9982929e-02   2.1271010e-02   4.2120982e-01   2.4474885e-01  -4.3979191e-02   1.7203293e-01   0.0000000e+00   2.2209544e-01   1.4799271e-01   0.0000000e+00   1.0880778e-01   3.5383920e-01   1.9164028e-01   1.8166620e-01   8.8882888e-02   2.9739950e-01   3.1276783e-01   2.8981931e-01   2.0799245e-01   1.5546016e-01   7.7710458e-02   2.2182129e-01  -1.2312820e-02   2.6278436e-01   3.0908806e-01   2.4415235e-01   1.4835310e-01   7.0347643e-02   1.4398595e-01   2.0551712e-01   5.7440793e-02   7.7857925e-02   1.6510581e-01   1.9172381e-01   4.8761835e-02   1.7477540e-01   6.4951756e-02   2.1657264e-01   5.3846678e-02   1.2612930e-01   3.5912524e-02   8.1875957e-02   2.7520457e-02   1.4293128e-02   8.3263173e-03   8.6347487e-02   0.0000000e+00   0.0000000e+00   4.4837227e-02   0.0000000e+00  -1.1981718e-01   1.5583400e-01   3.6729413e-01
   0.0000000e+00   0.0000000e+00   0.0000000e+00   1.1140070e-02  -7.4127861e-02  -3.9836842e-02  -3.8713998e-02   0.0000000e+00   5.2722824e-02   0.0000000e+00  -1.2595034e-01  -4.1213186e-02  -2.6574344e-02   1.9937781e-02   2.4504671e-02   8.1904841e-02  -9.3847180e-02  -1.1295693e-01   2.0156064e-02  -1.3270227e-01  -1.2322019e-01  -6.8419569e-03  -1.1382218e-01  -1.0445519e-01   3.1905608e-02  -1.2740238e-01   9.9582157e-03  -1.1531453e-01  -5.2629393e-02  -1.0070847e-01  -1.3692281e-01  -9.8976095e-02  -1.2559317e-01  -1.0016858e-01  -1.6479822e-01  -6.4117064e-02  -1.1187712e-01  -6.1605519e-02  -3.5070752e-02  -5.5011321e-02  -6.8291485e-02  -7.9438861e-02  -8.6301597e-02  -4.5715320e-02  -2.0252823e-01  -4.6813565e-02  -1.6798885e-02   3.4361045e-02   4.9293895e-03   1.8595536e-02   0.0000000e+00  -1.3926578e-01  -1.6510194e-02   3.7827523e-02   2.6259467e-02   2.8819527e-02  -5.2945340e-02  -3.2261418e-02  -2.2012383e-02  -1.6729946e-02  -1.5531169e-01  -2.9438057e-02  -1.8080658e-01  -7.3037759e-02  -1.9211019e-01  -5.0386174e-02  -9.8361863e-03   4.0334662e-03   2.8565972e-02  -1.3105736e-01  -9.9312756e-02   0.0000000e+00  -4.7847739e-02  -3.9965608e-03   0.0000000e+00   3.0779197e-01  -1.0538820e-01  -1.6164374e-02  -3.9545969e-02   1.5431827e-01  -6.1394431e-03   1.0958004e-02  -5.3352181e-02  -5.7846243e-02   5.1565206e-03  -9.1418990e-02  -4.7154514e-03   1.8959599e-01   3.4069252e-02  -1.1666354e-02  -4.7350253e-02  -2.4959578e-02  -5.7903618e-02  -1.2991075e-03   2.6393907e-03  -1.1231520e-02  -1.1563318e-01  -1.2770776e-01  -5.3824569e-02   1.6683810e-02  -1.5212714e-01  -6.6052609e-02  -1.4068255e-01   1.8600672e-02   9.1971363e-02   3.4984802e-02   2.4149016e-01   1.8337052e-01   1.2901793e-01  -6.1724288e-02  -2.6148526e-03   0.0000000e+00   0.0000000e+00   1.5272815e-02   0.0000000e+00   4.4204675e-01   7.3764662e-02  -2.5345190e-02
   0.0000000e+00   0.0000000e+00   0.0000000e+00   3.4045392e-02   8.8138010e-02   7.4848073e-02   4.5503845e-02   5.2722824e-02   0.0000000e+00   0.0000000e+00  -1.1024033e-02  -6.4173631e-02  -2.1238902e-01   1.1912238e-02  -4.3142770e-02   5.1830450e-02  -9.8069190e-02  -1.2173067e-01   5.9787890e-02  -1.5229864e-01  -1.5189574e-01  -5.4641043e-02   1.6355104e-02   7.5860589e-02  -1.2924661e-01   1.2402899e-01  -6.4379853e-02   5.9108153e-02  -1.6284176e-01  -1.3963377e-01  -1.9652697e-01  -2.7502209e-02  -1.1676772e-01  -1.3065174e-01  -1.3353665e-01  -6.4631997e-02  -4.9544448e-02   5.5028460e-02  -1.2124861e-01   5.6526484e-02   1.5234347e-01  -1.5041835e-01  -1.7910658e-01   3.0783049e-02   9.7243718e-02  -2.0158491e-01  -1.4087189e-01   9.0954373e-02  -7.1421446e-02  -8.4351016e-02   0.0000000e+00  -1.2004439e-01  -1.1368635e-01   1.7108399e-01   1.9265844e-02   2.8999272e-02  -4.2348896e-02   1.8466847e-01  -1.2417126e-02   1.1302854e-01   1.5219067e-02   5.4528387e-02   1.4678691e-01  -1.2126062e-01   1.7038625e-01  -1.3917773e-01   3.0694357e-01   4.1778421e-03  -2.6955246e-02  -2.1664961e-02  -2.4808064e-02   0.0000000e+00   1.1778009e-01   9.1068501e-02   0.0000000e+00   5.8177502e-02   2.0114932e-01   8.9712494e-02  -4.5252847e-02   7.9291536e-02   1.5410452e-02   7.1103466e-02   4.1184574e-02  -1.9754703e-02   2.7281313e-02  -1.4093986e-01  -4.1681988e-02  -7.7500164e-02   8.9821045e-02  -6.1531590e-02   1.9368681e-01   1.1039360e-01   3.9803919e-02   3.1916281e-02   1.1226682e-02   8.6288541e-02   2.0891607e-01   1.1006542e-01   6.9304995e-02   3.1322062e-03   4.3923439e-02   2.1429112e-01   2.5873281e-01   7.0659800e-02   1.9169771e-01   1.5430564e-01   1.4410642e-01   1.6485453e-01   1.1250559e-01   8.0333566e-02   3.6548080e-01   0.0000000e+00   0.0000000e+00  -7.1492641e-02   0.0000000e+00  -3.3904785e-03   1.0659388e-02   1.1308467e-01
   0.0000000e+00   0.0000000e+00   0.0000000e+00   0.0000000e+00   0.0000000e+00   0.0000000e+00   0.0000000e+00   0.0000000e+00   0.0000000e+00   0.0000000e+00   0.0000000e+00   0.0000000e+00   0.0000000e+00   0.0000000e+00   0.0000000e+00   0.0000000e+00   0.0000000e+00   0.0000000e+00   0.0000000e+00   0.0000000e+00   0.0000000e+00   0.0000000e+00   0.0000000e+00   0.0000000e+00   0.0000000e+00   0.0000000e+00   0.0000000e+00   0.0000000e+00   0.0000000e+00   0.0000000e+00   0.0000000e+00   0.0000000e+00   0.0000000e+00   0.0000000e+00   0.0000000e+00   0.0000000e+00   0.0000000e+00   0.0000000e+00   0.0000000e+00   0.0000000e+00   0.0000000e+00   0.0000000e+00   0.0000000e+00   0.0000000e+00   0.0000000e+00   0.0000000e+00   0.0000000e+00   0.0000000e+00   0.0000000e+00   0.0000000e+00   0.0000000e+00   0.0000000e+00   0.0000000e+00   0.0000000e+00   0.0000000e+00   0.0000000e+00   0.0000000e+00   0.0000000e+00   0.0000000e+00   0.0000000e+00   0.0000000e+00   0.0000000e+00   0.0000000e+00   0.0000000e+00   0.0000000e+00   0.0000000e+00   0.0000000e+00   0.0000000e+00   0.0000000e+00   0.0000000e+00   0.0000000e+00   0.0000000e+00   0.0000000e+00   0.0000000e+00   0.0000000e+00   0.0000000e+00   0.0000000e+00   0.0000000e+00   0.0000000e+00   0.0000000e+00   0.0000000e+00   0.0000000e+00   0.0000000e+00   0.0000000e+00   0.0000000e+00   0.0000000e+00   0.0000000e+00   0.0000000e+00   0.0000000e+00   0.0000000e+00   0.0000000e+00   0.0000000e+00   0.0000000e+00   0.0000000e+00   0.0000000e+00   0.0000000e+00   0.0000000e+00   0.0000000e+00   0.0000000e+00   0.0000000e+00   0.0000000e+00   0.0000000e+00   0.0000000e+00   0.0000000e+00   0.0000000e+00   0.0000000e+00   0.0000000e+00   0.0000000e+00   0.0000000e+00   0.0000000e+00   0.0000000e+00   0.0000000e+00   0.0000000e+00   0.0000000e+00   0.0000000e+00   0.0000000e+00   0.0000000e+00   0.0000000e+00
   0.0000000e+00   0.0000000e+00   0.0000000e+00   1.6243406e-01   1.6255213e-01   1.1933857e-01   2.7465604e-01  -1.2595034e-01  -1.1024033e-02   0.0000000e+00   0.0000000e+00   7.0901558e-02   5.6827409e-02   1.5439693e-01   3.1794663e-02   4.5050482e-02   1.2316504e-01   1.7516146e-01   1.1512600e-01   1.2743664e-01   1.9464906e-01   5.2971920e-02   3.1766199e-01   2.3246333e-01   2.4579207e-01   1.8571139e-01   1.3497833e-01   3.8539377e-01  -2.0892602e-01  -8.4376060e-04  -2.7486201e-02   2.2716682e-01  -9.4730886e-02  -3.8802082e-02  -3.5961716e-02   2.8122409e-01   2.5294334e-01   1.7734209e-01   7.4094324e-02   2.6996350e-01   1.9352220e-01   6.4564968e-02   9.1121743e-03   1.0638357e-01   2.7031851e-01   5.3356224e-02   2.5449121e-01   1.5428977e-01  -9.8817046e-02  -3.8173607e-03   0.0000000e+00  -1.7128596e-01   1.1451548e-01   1.8743502e-01   7.7098672e-02   1.0426166e-01   1.1370429e-01  -1.3013589e-02  -1.9169359e-02   1.6637461e-01   7.4498428e-02   3.1963664e-02   1.6359995e-01  -9.2345800e-02   2.1402051e-03  -2.7752652e-02  -1.1114828e-01   9.8842459e-02   3.0871431e-03  -1.4111889e-01   8.0134079e-02   0.0000000e+00   2.1592909e-01   1.4351751e-01   0.0000000e+00  -5.6119280e-02   1.6714503e-01  -3.4670464e-02   2.4026038e-02  -5.7878895e-02   1.6404935e-01   1.9353204e-01   2.3468933e-01   2.2086032e-02   2.2341960e-02  -3.3752693e-02  -1.4589240e-03  -9.4868897e-02   3.0210130e-02   1.3560647e-01   4.0185596e-02   3.9098123e-02   8.0946807e-02   3.0251540e-02  -3.1302770e-02   1.0108941e-01  -4.1418205e-04   8.1569370e-02   3.9580687e-02   3.8675657e-02   1.2447902e-01   4.8597584e-02   4.2188638e-02  -7.9086825e-02  -2.1479931e-02  -1.3713435e-01   6.9934289e-02  -1.1191626e-01  -9.7657517e-02  -2.5202293e-01  -1.1024317e-01   0.0000000e+00   0.0000000e+00  -4.1090005e-03   0.0000000e+00  -7.7691191e-02  -2.8618217e-02   1.1423537e-01
   0.0000000e+00   0.0000000e+00   0.0000000e+00   8.3437790e-02   7.7031226e-02   1.2519829e-01   1.4610643e-01  -4.1213186e-02  -6.4173631e-02   0.0000000e+00   7.0901558e-02   0.0000000e+00   2.0581215e-01   8.9488358e-03   1.2887127e-01  -7.7399441e-03   2.9333221e-01   2.8936716e-01  -1.0194431e-01   3.2484765e-01   3.6435740e-02  -6.8392370e-02   1.0131433e-01   2.2685425e-02   6.2749301e-02   3.1720126e-02   2.1858154e-01   1.7629529e-01   1.8089284e-01   1.6274538e-01   3.5263186e-01   1.6205235e-01  -1.1235720e-01   6.4014662e-02   7.1417588e-02  -9.3443996e-02  -3.0179892e-02  -1.0724784e-02  -1.9392410e-01   7.9798279e-02   7.3115775e-03   3.4594198e-02   2.7399882e-01   4.8302957e-03   2.6471753e-01  -1.5087305e-02   1.2936691e-01   2.4508971e-02   1.0668549e-01   1.0050556e-01   0.0000000e+00   1.4951780e-02   3.3516842e-02  -8.3208462e-02  -5.4099492e-02  -1.4508431e-02   1.2054073e-01   7.3549620e-02   1.1741169e-01  -7.1819107e-03   6.1978772e-03  -4.1868513e-02   5.9714117e-02   1.6715352e-01   2.0475214e-01   8.9798896e-02   8.6259048e-02   1.1286740e-01   1.9029661e-01   2.1294972e-01   2.9118034e-01   0.0000000e+00   2.8463769e-01   1.2288188e-01   0.0000000e+00  -6.0421642e-02   5.8223660e-02  -2.3501775e-02   2.3684114e-01   8.9933692e-02   2.8030650e-01   3.3460677e-01   1.9252099e-01   3.4665773e-01   8.5937148e-03   1.9149342e-01   3.2048683e-01   8.3618816e-02   2.8197236e-02   2.1140952e-01   2.7304167e-01   6.7352443e-02   5.9589645e-02  -5.5646643e-02  -6.3335538e-02   6.3743122e-02   1.1993938e-01   9.9758859e-02   1.1782711e-01   8.3989431e-02  -1.4225431e-01  -1.6277532e-01   2.4257889e-01  -4.7460139e-02  -1.4874417e-01   8.1300626e-02  -2.9251180e-03  -7.1428685e-03  -1.4116279e-01  -5.4939437e-03   4.4056819e-02   0.0000000e+00   0.0000000e+00  -6.8221838e-02   0.0000000e+00   9.4647826e-02  -2.5618034e-02   1.2004802e-01
   0.0000000e+00   0.0000000e+00   0.0000000e+00   3.6768755e-02   1.4675830e-01   1.2952140e-01   1.8972272e-01  -2.6574344e-02  -2.1238902e-01   0.0000000e+00   5.6827409e-02   2.0581215e-01   0.0000000e+00   1.3340560e-01   2.8367754e-01   1.0445573e-01   2.9603556e-01   3.1380435e-01   7.3293975e-02   4.4114300e-01   1.5188781e-01   1.3397049e-01   2.4427735e-01   9.1034198e-02   2.1536453e-01   2.0242720e-02   4.2875640e-01   2.2072758e-01   2.5307097e-01   3.3649108e-01   3.3695615e-01   1.4013840e-01  -4.1668450e-02   3.3264933e-01   1.1571093e-01   2.2922047e-02   8.6649234e-02  -1.1473728e-01   9.0606806e-03  -1.0067152e-03  -6.8107324e-02   4.6948386e-02   2.9169916e-01  -1.2893710e-01   2.3353411e-01   1.5239747e-01   3.1799555e-01   2.5954036e-01   2.3833008e-01   2.4137154e-01   0.0000000e+00   3.6519144e-02  -1.4212940e-02   4.8234832e-02   1.5308304e-01   2.0782943e-01   3.4771062e-01   1.0222969e-01   1.1151265e-01  -3.1450402e-02   8.5641087e-02   3.5120626e-02   1.6730326e-02   3.0120449e-01   1.3730155e-01   2.4543924e-01   1.6068902e-01   2.1725431e-01   3.0399936e-01   3.0807245e-01   1.9788629e-01   0.0000000e+00   5.0240561e-02   8.4527405e-02   0.0000000e+00  -7.6198569e-02  -4.0697144e-02  -1.0006267e-01   2.0392192e-01   1.8755986e-02   3.0385570e-01   2.8163588e-01   2.5625906e-01   4.5370277e-01   1.6811993e-01   3.8618804e-01   2.6935541e-01   8.5579496e-02   9.2400263e-02   3.8661185e-01   1.4131566e-01   1.8025439e-01   2.0077636e-01  -1.5701036e-02   2.5597438e-02  -8.4449533e-02  -3.3650366e-03  -3.6285541e-02   1.0241810e-01   7.4484448e-02   3.3824339e-02  -1.0443026e-01   7.7372610e-02  -8.1358492e-02   6.6112957e-02   2.5408210e-01  -4.7794579e-02   1.7064088e-02   1.0726552e-04   1.8791673e-02   2.7846805e-02   0.0000000e+00   0.0000000e+00   1.8970668e-01   0.0000000e+00   5.1306213e-02   1.1083257e-01   2.8754923e-01
   0.0000000e+00   0.0000000e+00   0.0000000e+00   1.4665011e-01   3.9390028e-01   3.2255243e-01   2.0437265e-01   1.9937781e-02   1.1912238e-02   0.0000000e+00   1.5439693e-01   8.9488358e-03   1.3340560e-01   0.0000000e+00  -3.2991244e-02  -4.4716416e-02   1.8761405e-01   1.1704590e-01   1.3803976e-01   2.1589716e-01   3.1095329e-02  -7.8857021e-03   3.2262357e-01   3.6197775e-01   1.2760214e-01   4.3624073e-01   1.3123122e-01   4.5785499e-01  -1.0462028e-01  -6.4146431e-02   3.5875086e-02   1.7727563e-01  -2.1371953e-01  -1.9377776e-02  -3.3861241e-03  -4.3378940e-02   1.7651586e-01   7.6930369e-02  -4.5926884e-02   1.5165640e-01   1.2078032e-01  -7.6175664e-02   1.5048521e-02   1.4638420e-01   4.5402803e-01  -2.0654486e-01   2.4104881e-01   1.0818062e-01  -1.4360836e-01   4.8979514e-03   0.0000000e+00  -3.4857638e-01   1.5638493e-01   3.7820791e-02  -1.4455994e-01  -5.5607529e-03   1.1606537e-01   4.1834783e-02  -4.5410833e-02   3.6814561e-01   2.1404895e-01   2.7896061e-01   5.4208049e-01  -1.0929356e-01   6.5455050e-02  -6.9882985e-02  -1.0986025e-02   3.0527004e-01   2.6543081e-01  -3.5548284e-02   5.1488594e-01   0.0000000e+00   1.8530710e-01   3.3217612e-01   0.0000000e+00   2.7977270e-01   2.4696324e-01   3.1754272e-01   4.2084215e-01   5.9964668e-01   5.8358969e-01   5.0338304e-01   5.5755596e-01   4.1459933e-01   7.3317146e-02   3.7741902e-02   1.5258538e-01   3.2165806e-01   3.0498035e-01   2.2143956e-01   2.6038097e-01   4.1226414e-01   1.5959399e-01   3.0671606e-01   1.2008942e-01   1.0532683e-01  -4.5521983e-02   5.3168032e-02   1.2946628e-01   8.5840135e-02   2.0021151e-01   1.5154915e-01   1.8273109e-01   2.2826367e-01  -9.1652198e-03  -2.3270023e-02  -8.6034980e-02  -1.6912110e-01  -7.6510933e-02  -1.9998433e-01  -1.7109432e-01   0.0000000e+00   0.0000000e+00   2.4829254e-03   0.0000000e+00   2.8991776e-01   3.7724402e-01   3.5166310e-01
   0.0000000e+00   0.0000000e+00   0.0000000e+00   8.8975916e-02   6.5768337e-03   2.2241949e-02   1.6817662e-01   2.4504671e-02  -4.3142770e-02   0.0000000e+00   3.1794663e-02   1.2887127e-01   2.8367754e-01  -3.2991244e-02   0.0000000e+00   1.3881364e-01   2.4642459e-01   1.5692482e-01   1.0181710e-01   8.2594329e-02   1.0937800e-01  -7.3415478e-03   1.1666198e-01   4.2643618e-02   1.2403797e-01  -6.9988733e-02   3.0041899e-02   5.2706712e-02   2.0506210e-01   9.8541001e-02   4.8945142e-02   2.1571405e-02  -1.5273391e-02   2.6312250e-01   6.5170727e-02   2.2861087e-01   1.7287881e-01   2.5654084e-03   7.1570944e-03   1.7846822e-01   3.9622703e-02   5.6642832e-02   6.0986164e-02   5.8923705e-02  -1.3383669e-02   2.3126604e-01   1.1305897e-01   3.1671855e-01   1.4385007e-01   7.2924341e-02   0.0000000e+00   1.0052533e-03  -2.5294426e-02   7.7951892e-02   1.6656961e-01   2.5870355e-01  -5.3601472e-03   1.3447015e-01   2.6502148e-01  -3.6997348e-02   1.3254278e-02  -3.7200120e-02  -8.8769245e-02   1.6768460e-01   3.8827680e-02   3.4001015e-02   5.9350996e-02   1.0380577e-02   7.6517262e-02  -3.5059540e-03  -7.6536390e-02   0.0000000e+00   5.3617561e-02  -4.7696529e-02   0.0000000e+00  -5.6582933e-02  -7.0389072e-02  -2.2352508e-02  -8.9244787e-02  -1.4122603e-01  -3.2714517e-03   3.2514765e-03  -1.8767030e-02  -1.5349962e-02  -7.8022788e-02   2.3610445e-03   4.7711138e-02  -1.0755914e-01   1.6135013e-02  -7.0764434e-03   2.9019821e-02  -1.3323862e-01  -3.7178223e-02  -6.0395221e-02   4.6102149e-02   5.2800656e-02  -7.5522288e-02  -9.6641093e-03  -1.9881404e-02   1.7077249e-02  -1.6278043e-01  -5.1726144e-02  -1.8140854e-02  -1.5733705e-02  -1.0871794e-01   1.5830292e-01  -4.7812950e-02   1.0453649e-01  -4.7593023e-02   9.8531449e-02   9.3567450e-02   0.0000000e+00   0.0000000e+00   5.9430148e-02   0.0000000e+00  -4.8849788e-02  -1.2451920e-01   4.1422167e-02
   0.0000000e+00   0.0000000e+00   0.0000000e+00   1.2158295e-01   3.3876406e-02   4.5840462e-02   1.9816500e-01   8.1904841e-02   5.1830450e-02   0.0000000e+00   4.5050482e-02  -7.7399441e-03   1.0445573e-01  -4.4716416e-02   1.3881364e-01   0.0000000e+00   3.7380663e-02   9.7775249e-02   1.4900649e-01   5.6944476e-02   2.6087900e-02   2.0462063e-01   1.2669692e-01  -3.3488234e-02   1.7904037e-01  -2.1763862e-02   1.1168832e-01   1.1518242e-01   1.1265048e-02   1.6623945e-02  -3.8131634e-02   6.0194110e-02   1.9045716e-01   1.2290323e-01  -6.1515747e-03   2.5845299e-01   1.0334570e-01  -3.8198583e-02   4.3488255e-02   5.7584224e-02  -2.2166231e-02   9.5627574e-03   9.3421388e-02   4.8442185e-03  -3.2922197e-02   2.2106312e-01   1.5213083e-01   1.9142621e-01   1.1897062e-01   2.4096920e-01   0.0000000e+00   2.1877702e-01  -2.2357331e-02   2.7277307e-01   4.9971082e-01   3.3182942e-01   1.8217101e-01   1.9263268e-02   1.5795010e-01  -7.1976975e-02   1.7086623e-02   8.2768592e-02   1.7971709e-03   8.8653083e-02  -2.1883427e-03   1.3036846e-01   8.8676837e-02   1.0376664e-01   1.2498370e-01   3.6843244e-02  -1.1516138e-01   0.0000000e+00  -1.0336383e-01  -1.3801730e-01   0.0000000e+00   5.1081073e-02   1.4187565e-02   7.3154237e-05  -3.4502259e-02  -8.0062401e-02  -1.7268859e-02  -2.5456228e-03   1.9878524e-02  -2.8695248e-03   1.9835436e-01   5.8008367e-02   1.4316772e-02  -1.2407893e-01   3.3845746e-03   5.3418677e-02  -2.9126036e-02   4.1088168e-02   8.9933050e-02  -3.8725770e-02   1.5152277e-01  -5.9877501e-02   9.5428763e-02   2.2633158e-02   3.4643664e-02   6.2875613e-02  -6.9990494e-02   3.8729420e-02  -6.7407375e-02   1.4972114e-02   2.0808689e-01   1.0847206e-01   1.1607754e-01   1.9133924e-01   3.0925204e-01   2.6046237e-01   1.1687959e-01   0.0000000e+00   0.0000000e+00   2.3936995e-01   0.0000000e+00  -8.6736057e-02  -4.2545748e-03   8.1468285e-02
   0.0000000e+00   0.0000000e+00   0.0000000e+00   1.4214646e-01   3.8341398e-01   2.7836078e-01   2.6274471e-01  -9.3847180e-02  -9.8069190e-02   0.0000000e+00   1.2316504e-01   2.9333221e-01   2.9603556e-01   1.8761405e-01   2.4642459e-01   3.7380663e-02   0.0000000e+00   5.0890739e-01  -4.0820302e-02   3.9966772e-01   7.3509795e-02  -5.8140880e-02   1.5339081e-01   1.7770295e-01   1.0724359e-01   9.9927798e-02   3.0935790e-01   2.4263988e-01   2.6889770e-01   2.6514424e-01   3.2091116e-01   1.5489553e-01   2.6884343e-02   2.9798077e-01   5.8185559e-02  -1.5107696e-02   1.1175777e-01  -5.9828701e-02  -1.0404261e-01   1.6974872e-01  -6.7355341e-02  -4.1214280e-02   3.6692710e-01  -2.8243585e-02   1.8045275e-01   1.6946753e-02   3.1666047e-01   2.7003241e-01   2.3232717e-01   2.2856644e-01   0.0000000e+00   2.4250443e-02   3.7713603e-02  -2.9081422e-02   4.5946905e-02   1.7174085e-01   1.9987935e-01   1.5313919e-02   1.5931042e-01   9.8829483e-02   1.4918849e-01   8.3202204e-02   1.2680647e-01   2.0862930e-01   1.2710072e-01   2.3547366e-01   7.9167142e-02   2.9889811e-01   3.5804813e-01   2.6526384e-01   2.4676212e-01   0.0000000e+00   1.5904455e-01   2.7449147e-01   0.0000000e+00  -5.5138935e-02   3.6324981e-02   8.8763357e-02   3.3318391e-01   1.6653345e-01   4.5775578e-01   3.6682140e-01   3.5484416e-01   4.5480001e-01   1.1496592e-01   3.2044864e-01   3.7479079e-01   7.0883195e-02   2.7212724e-01   2.7955318e-01   3.0256666e-01   1.9623563e-01   7.4026251e-02  -1.0150923e-02   1.4046402e-01   1.0821220e-02  -5.5427854e-02   5.7303058e-02   7.3521209e-02   2.4375699e-02   5.0239823e-02  -6.7586852e-02   1.7265721e-01   5.3890949e-02  -1.4012292e-01   3.8395213e-02  -6.1786932e-02  -1.1722210e-01  -6.1113343e-02   2.5289323e-02  -8.9757759e-03   0.0000000e+00   0.0000000e+00  -6.5098877e-03   0.0000000e+00   9.3046554e-02   2.1246347e-01   2.4445458e-01
   0.0000000e+00   0.0000000e+00   0.0000000e+00   8.0948355e-02   3.8715394e-01   4.0364679e-01   2.4423071e-01  -1.1295693e-01  -1.2173067e-01   0.0000000e+00   1.7516146e-01   2.8936716e-01   3.1380435e-01   1.1704590e-01   1.5692482e-01   9.7775249e-02   5.0890739e-01   0.0000000e+00   3.2912370e-02   5.8482598e-01   1.1265411e-01   2.6302563e-02   1.1424829e-01   8.5263492e-02   1.2915367e-01   1.7486728e-02   3.5111056e-01   2.1578461e-01   3.1603197e-01   2.5200258e-01   4.4053006e-01   1.5695234e-01   1.6239779e-01   3.5679506e-01   1.0750413e-01  -1.5938099e-02   1.1098006e-01  -1.4930652e-01  -2.4764430e-02   1.3521364e-01  -7.6542917e-02  -1.0865371e-01   3.9580330e-01  -3.7646818e-02   1.8022986e-01   6.6060600e-02   3.3434853e-01   2.2853488e-01   2.6002919e-01   3.1898819e-01   0.0000000e+00   3.2500397e-02   9.9166697e-02  -3.9906018e-02   1.4206537e-02   1.7531030e-01   2.2406977e-01  -2.9697154e-02   2.3760183e-01   2.3916800e-02   1.6211409e-01   9.0172226e-02   2.4170696e-02   2.8707401e-01   1.5416601e-01   3.5403380e-01  -4.6130873e-03   3.1554321e-01   3.8716734e-01   4.1012972e-01   2.5101463e-01   0.0000000e+00  -2.5842555e-02   1.1482709e-01   0.0000000e+00  -5.3577892e-02   7.1273195e-02   2.8596775e-02   3.3558428e-01   1.1306400e-01   4.0736496e-01   3.4603276e-01   3.9671007e-01   4.6056041e-01   1.8419406e-01   5.0869070e-01   4.9561902e-01   5.7828061e-02   2.8925839e-01   2.8312120e-01   3.2269402e-01   1.4889863e-01   1.6328694e-01  -7.2451048e-02   1.4542495e-01   2.5707465e-02   3.4236756e-02   5.0677493e-02   1.4174542e-01   5.8173908e-02   1.4671013e-01  -9.0534603e-02   1.4015410e-01  -4.7637931e-02  -1.0967904e-01   3.1824165e-02  -5.8534934e-02  -1.0241192e-01  -4.5618192e-02   6.4170449e-02   2.1904937e-02   0.0000000e+00   0.0000000e+00   1.5805445e-01   0.0000000e+00  -6.0135536e-03   1.8169396e-01   3.3395638e-01
   0.0000000e+00   0.0000000e+00   0.0000000e+00   6.8601817e-02   1.3772810e-01   1.5282121e-02   2.1548857e-01   2.0156064e-02   5.9787890e-02   0.0000000e+00   1.1512600e-01  -1.0194431e-01   7.3293975e-02   1.3803976e-01   1.0181710e-01   1.4900649e-01  -4.0820302e-02   3.2912370e-02   0.0000000e+00   1.0278065e-01   4.8045666e-02   4.6179240e-02   2.1268582e-01   1.5028322e-01   1.2989528e-01   1.8472031e-01   2.5586829e-02   1.2248722e-01  -8.3461913e-02  -2.7361422e-02  -4.0790789e-02   3.8290769e-02  -9.8502126e-03  -1.8892727e-02  -9.1658748e-02   1.5114456e-01   1.2506769e-01   7.3305247e-02   2.8740717e-02   8.4198155e-02   1.0451736e-01  -3.2800834e-02  -1.2823699e-02   1.8250773e-01   1.0793186e-01  -1.3389845e-02   1.3567028e-01   8.4020009e-02  -1.5534762e-02   8.0985298e-02   0.0000000e+00  -3.2587944e-02   1.3918561e-01   1.6482388e-01   3.3016002e-02   1.5488226e-01   1.5748707e-01   5.9264539e-03   1.8869326e-01   1.9793286e-01   1.2161394e-01   1.0643744e-01   1.4019841e-01   8.1795981e-03  -4.7955003e-02   4.2857833e-02  -5.5955920e-02   1.3169243e-01   1.0276370e-01  -2.7383522e-02  -1.0956125e-02   0.0000000e+00   1.7064343e-02   4.3187566e-02   0.0000000e+00   9.6132318e-02   1.5295010e-01   1.2233738e-01   1.1972474e-01   3.8854120e-02   1.3094834e-01   1.3302083e-01   1.2053183e-01   6.4193528e-02   1.0337874e-01   1.3726976e-02   4.8940310e-02   4.6213817e-03   1.8435004e-01   9.1331641e-02   7.4438560e-02   1.2327762e-01   1.2725841e-01   1.1220137e-01   3.2146842e-01   1.1650318e-01  -2.9260373e-02   9.6479943e-02   9.7942046e-02   6.0275980e-02   5.2692407e-02   7.9088326e-02   9.0898612e-02   1.3578784e-01   2.7055136e-01   4.5442039e-02   1.0040649e-01   9.5311465e-02   2.0627368e-01   8.0667463e-02   1.3950728e-01   0.0000000e+00   0.0000000e+00   7.4932647e-02   0.0000000e+00  -3.7803118e-02   4.3748854e-02   1.4335897e-01
   0.0000000e+00   0.0000000e+00   0.0000000e+00   1.0672659e-01   4.2641597e-01   4.5228649e-01   2.2252059e-01  -1.3270227e-01  -1.5229864e-01   0.0000000e+00   1.2743664e-01   3.2484765e-01   4.4114300e-01   2.1589716e-01   8.2594329e-02   5.6944476e-02   3.9966772e-01   5.8482598e-01   1.0278065e-01   0.0000000e+00   2.8898541e-01   1.0210589e-01   3.0649090e-01   2.4904079e-01   2.6822240e-01   1.3545606e-01   4.6843298e-01   3.3332488e-01   2.8665213e-01   2.5922013e-01   6.1237935e-01   1.0017442e-01  -4.7428318e-02   2.9481035e-01   1.8545490e-02   4.2308339e-02   1.2018064e-01  -9.4864845e-02  -4.6914525e-02   1.4051826e-01   1.4413138e-02  -2.5297556e-02   4.1315822e-01  -1.6021171e-02   2.8646765e-01   9.6641542e-02   4.0907333e-01   1.0955416e-01   2.9013237e-01   3.5088029e-01   0.0000000e+00  -9.2475519e-02   4.8367536e-02  -4.2022410e-02  -2.2839889e-02   4.3803662e-02   2.0894675e-01  -1.9201515e-02   4.1949965e-02   2.6109877e-01   3.7663434e-01   2.3576818e-01   1.0003917e-01   3.1085404e-01   1.5686315e-01   2.5775910e-01  -5.0304529e-02   3.2841447e-01   4.2228241e-01   5.1441223e-01   2.9205965e-01   0.0000000e+00  -1.7892605e-02   1.3792507e-01   0.0000000e+00  -1.2478553e-01   4.7055030e-02   2.0856918e-02   3.4417156e-01   1.0182631e-01   5.0981886e-01   4.2023928e-01   6.9330700e-01   6.8765708e-01   7.2318956e-02   5.7957370e-01   6.4747739e-01   7.6170940e-02   3.7433458e-01   4.1462887e-01   3.4699222e-01   1.2889370e-01   2.2272438e-01  -9.4320383e-03   7.2015080e-02  -1.0134438e-01  -1.1125677e-01  -2.5515861e-02   1.2835657e-01   4.9467976e-02  -4.4341308e-02  -1.7198135e-01   1.6002546e-01   1.5427891e-01  -1.1011469e-01   4.1104330e-03  -7.0440073e-02  -1.0653474e-01  -1.2831757e-01  -1.6174991e-02  -8.1300889e-02   0.0000000e+00   0.0000000e+00   8.8371553e-02   0.0000000e+00  -3.1825392e-02   1.4136909e-01   6.0144020e-01
   0.0000000e+00   0.0000000e+00   0.0000000e+00   6.9806585e-02   6.6425381e-02   9.3997587e-03   5.0454197e-03  -1.2322019e-01  -1.5189574e-01   0.0000000e+00   1.9464906e-01   3.6435740e-02   1.5188781e-01   3.1095329e-02   1.0937800e-01   2.6087900e-02   7.3509795e-02   1.1265411e-01   4.8045666e-02   2.8898541e-01   0.0000000e+00   1.9684970e-01   2.5104269e-01   1.9861444e-01   4.2370255e-01   7.1570938e-02   9.5557142e-02   2.6342607e-01   9.7860285e-02   8.7179220e-02   1.4409757e-01   3.2670075e-01  -4.0362089e-02   7.5674009e-02   2.7390256e-01   3.1326477e-01   1.1680679e-01   2.5502728e-01   2.0472430e-01   2.7596947e-01   1.4546079e-01   2.3535481e-01   9.6505664e-02   1.7109870e-01   9.1268646e-02   4.1115157e-01   1.7409488e-01   1.8052886e-01   1.0340629e-01   1.3185037e-01   0.0000000e+00  -8.8866828e-02   1.2372704e-01   2.6231547e-02   7.9604822e-03   8.2774600e-02   1.0597146e-01  -7.1552155e-02  -2.7692553e-03   1.6844225e-01   2.3595391e-01   1.2782354e-01   1.0228144e-01   8.9472628e-02  -4.3820379e-02  -9.5278806e-02  -1.0515858e-01  -1.3112811e-01  -5.6406187e-02   2.3538857e-02   1.4487040e-02   0.0000000e+00   5.6175447e-02  -6.0702437e-02   0.0000000e+00  -2.0555100e-01  -6.5111219e-02  -3.3265421e-02   6.4724710e-02  -1.7989349e-01   9.2643772e-04   5.5564928e-02   1.6483878e-01  -4.5797153e-03  -2.9516600e-02   1.1825287e-02  -8.4206768e-02  -9.9846862e-02  -9.4847416e-02  -1.0788869e-01  -1.2432120e-01  -2.1455900e-02  -6.3841638e-02  -1.3377392e-01   1.0056541e-01  -8.5780046e-02  -7.3619443e-02  -7.4408564e-04   4.6281983e-02  -2.1137859e-02  -6.2077306e-02  -1.3832376e-01  -6.8927964e-02   1.3567226e-01  -7.9354120e-02  -1.2721369e-01  -1.7739599e-01  -1.7116483e-01  -8.9744506e-02  -1.5814266e-01  -2.3723450e-01   0.0000000e+00   0.0000000e+00   1.0526344e-01   0.0000000e+00  -1.2145995e-01  -1.1924399e-01  -1.3214663e-02
