   0.0000000e+00   0.0000000e+00   0.0000000e+00   1.8253438e-02  -1.0736897e-01   0.0000000e+00   2.0242843e-01   7.8937248e-02   1.7421145e-01   1.2669635e-01   2.2378972e-02  -2.4578633e-01  -1.9985243e-01  -4.2066158e-02  -4.3557247e-02  -5.0197633e-02  -8.5175571e-03   1.3247996e-02   9.3407666e-02   3.1649338e-01  -1.1759158e-01  -5.4229686e-04  -2.2678753e-01  -1.6099418e-01  -1.0009459e-01   1.9147201e-01  -4.2677775e-02  -1.6615996e-01   8.6451417e-03   5.1532867e-02   9.3564933e-02  -9.1058902e-02   9.7425269e-02  -1.5904587e-01  -1.0929491e-01  -9.6908807e-02  -1.9143536e-01  -1.7800360e-01  -1.1616431e-01   1.7120925e-02  -1.7591776e-01  -1.4440542e-01   2.7391080e-01  -1.2255643e-01  -7.2330183e-02  -2.9493854e-02  -1.1761543e-01  -2.4437741e-02  -3.8517142e-02  -4.9905002e-02  -1.5302537e-02   8.9916397e-02  -1.6435018e-02  -1.9041272e-02  -3.2588882e-03  -1.3455837e-01  -5.7001589e-02  -7.0573013e-02   1.0178857e-01   1.3560729e-01  -3.2663060e-02   8.4072145e-03  -1.5967098e-02  -1.4290681e-02  -1.7230126e-01  -2.9789505e-03  -4.5859489e-02   1.5275424e-01   5.7092195e-01   3.1260433e-01   2.2718030e-01   0.0000000e+00   1.0683528e-02   1.1460515e-01   4.9486149e-01   3.0897640e-01   6.5949083e-01   1.9557215e-01   2.4586324e-01   3.4253723e-01   1.1887979e-01   4.8366346e-02   1.1903483e-01   3.0222012e-01  -1.5442386e-01   1.3137859e-01   4.1877100e-01   2.6467145e-01   5.0244984e-01   1.8156359e-01   3.0724747e-01   2.8291207e-01  -9.9390424e-02  -3.7694756e-02   2.3695391e-03   7.6003955e-03  -3.7249249e-02   4.7326503e-02   1.6168377e-01   9.2735629e-02  -1.9273866e-01  -9.2346299e-02   3.7921538e-01  -5.4238734e-04  -5.1372652e-02  -1.2419389e-01  -1.3702358e-01  -2.1236196e-01  -1.4977222e-01   2.2456311e-01   9.1534243e-02   0.0000000e+00   1.4634589e-01  -6.3797313e-02   1.0595755e-01   8.8241717e-02   4.4909044e-01   3.8876874e-01
   0.0000000e+00   0.0000000e+00   0.0000000e+00   0.0000000e+00   0.0000000e+00   0.0000000e+00   0.0000000e+00   0.0000000e+00   0.0000000e+00   0.0000000e+00   0.0000000e+00   0.0000000e+00   0.0000000e+00   0.0000000e+00   0.0000000e+00   0.0000000e+00   0.0000000e+00   0.0000000e+00   0.0000000e+00   0.0000000e+00   0.0000000e+00   0.0000000e+00   0.0000000e+00   0.0000000e+00   0.0000000e+00   0.0000000e+00   0.0000000e+00   0.0000000e+00   0.0000000e+00   0.0000000e+00   0.0000000e+00   0.0000000e+00   0.0000000e+00   0.0000000e+00   0.0000000e+00   0.0000000e+00   0.0000000e+00   0.0000000e+00   0.0000000e+00   0.0000000e+00   0.0000000e+00   0.0000000e+00   0.0000000e+00   0.0000000e+00   0.0000000e+00   0.0000000e+00   0.0000000e+00   0.0000000e+00   0.0000000e+00   0.0000000e+00   0.0000000e+00   0.0000000e+00   0.0000000e+00   0.0000000e+00   0.0000000e+00   0.0000000e+00   0.0000000e+00   0.0000000e+00   0.0000000e+00   0.0000000e+00   0.0000000e+00   0.0000000e+00   0.0000000e+00   0.0000000e+00   0.0000000e+00   0.0000000e+00   0.0000000e+00   0.0000000e+00   0.0000000e+00   0.0000000e+00   0.0000000e+00   0.0000000e+00   0.0000000e+00   0.0000000e+00   0.0000000e+00   0.0000000e+00   0.0000000e+00   0.0000000e+00   0.0000000e+00   0.0000000e+00   0.0000000e+00   0.0000000e+00   0.0000000e+00   0.0000000e+00   0.0000000e+00   0.0000000e+00   0.0000000e+00   0.0000000e+00   0.0000000e+00   0.0000000e+00   0.0000000e+00   0.0000000e+00   0.0000000e+00   0.0000000e+00   0.0000000e+00   0.0000000e+00   0.0000000e+00   0.0000000e+00   0.0000000e+00   0.0000000e+00   0.0000000e+00   0.0000000e+00   0.0000000e+00   0.0000000e+00   0.0000000e+00   0.0000000e+00   0.0000000e+00   0.0000000e+00   0.0000000e+00   0.0000000e+00   0.0000000e+00   0.0000000e+00   0.0000000e+00   0.0000000e+00   0.0000000e+00   0.0000000e+00   0.0000000e+00   0.0000000e+00
   0.0000000e+00   0.0000000e+00   0.0000000e+00   0.0000000e+00   0.0000000e+00   0.0000000e+00   0.0000000e+00   0.0000000e+00   0.0000000e+00   0.0000000e+00   0.0000000e+00   0.0000000e+00   0.0000000e+00   0.0000000e+00   0.0000000e+00   0.0000000e+00   0.0000000e+00   0.0000000e+00   0.0000000e+00   0.0000000e+00   0.0000000e+00   0.0000000e+00   0.0000000e+00   0.0000000e+00   0.0000000e+00   0.0000000e+00   0.0000000e+00   0.0000000e+00   0.0000000e+00   0.0000000e+00   0.0000000e+00   0.0000000e+00   0.0000000e+00   0.0000000e+00   0.0000000e+00   0.0000000e+00   0.0000000e+00   0.0000000e+00   0.0000000e+00   0.0000000e+00   0.0000000e+00   0.0000000e+00   0.0000000e+00   0.0000000e+00   0.0000000e+00   0.0000000e+00   0.0000000e+00   0.0000000e+00   0.0000000e+00   0.0000000e+00   0.0000000e+00   0.0000000e+00   0.0000000e+00   0.0000000e+00   0.0000000e+00   0.0000000e+00   0.0000000e+00   0.0000000e+00   0.0000000e+00   0.0000000e+00   0.0000000e+00   0.0000000e+00   0.0000000e+00   0.0000000e+00   0.0000000e+00   0.0000000e+00   0.0000000e+00   0.0000000e+00   0.0000000e+00   0.0000000e+00   0.0000000e+00   0.0000000e+00   0.0000000e+00   0.0000000e+00   0.0000000e+00   0.0000000e+00   0.0000000e+00   0.0000000e+00   0.0000000e+00   0.0000000e+00   0.0000000e+00   0.0000000e+00   0.0000000e+00   0.0000000e+00   0.0000000e+00   0.0000000e+00   0.0000000e+00   0.0000000e+00   0.0000000e+00   0.0000000e+00   0.0000000e+00   0.0000000e+00   0.0000000e+00   0.0000000e+00   0.0000000e+00   0.0000000e+00   0.0000000e+00   0.0000000e+00   0.0000000e+00   0.0000000e+00   0.0000000e+00   0.0000000e+00   0.0000000e+00   0.0000000e+00   0.0000000e+00   0.0000000e+00   0.0000000e+00   0.0000000e+00   0.0000000e+00   0.0000000e+00   0.0000000e+00   0.0000000e+00   0.0000000e+00   0.0000000e+00   0.0000000e+00   0.0000000e+00   0.0000000e+00   0.0000000e+00
   1.8253438e-02   0.0000000e+00   0.0000000e+00   0.0000000e+00   8.9245101e-02   0.0000000e+00  -5.2842948e-02  -1.6703519e-02   3.3987595e-02   1.0467852e-04   6.1724419e-02  -6.8803627e-02   4.3301300e-02   2.5599542e-02  -4.0570284e-02   1.9705688e-02   1.4619460e-01   6.8704015e-02   1.6130327e-01  -5.4510094e-02   4.3838738e-02   2.9022341e-03   8.0415077e-02   8.8621010e-02   1.2664793e-01  -2.6943389e-02   5.2254596e-02   9.9539341e-02  -5.0404195e-02   3.0674188e-02  -4.4216308e-02  -1.2138168e-01  -1.2160534e-01  -6.4736858e-02  -9.1787868e-02   1.0424168e-01  -8.3464774e-02   4.7439129e-02   8.3181313e-02   1.3745956e-02   4.9447778e-02  -3.0123758e-02  -6.7693179e-02  -6.6090473e-02   6.5743374e-02   2.0725941e-02   3.6025101e-02   5.5015579e-02  -5.0304821e-02  -4.4639445e-02  -6.4814962e-03  -7.8755224e-02   6.2702338e-02   1.4118822e-01   1.0176403e-01   5.3881143e-02   4.3744357e-03  -2.5656949e-02   5.0537166e-02   1.5716444e-01  -2.1794339e-03  -2.8153897e-02  -9.0347574e-02  -1.8108326e-02  -7.2920856e-02  -4.5762843e-02  -6.1153790e-02  -1.6470187e-03  -8.4915312e-02  -1.0227987e-01  -8.3657656e-02   0.0000000e+00  -5.2639152e-02   4.7522798e-02  -5.3349035e-03   1.9928543e-02  -9.6553786e-02  -1.4564814e-02  -8.1307673e-02  -1.5095081e-01  -1.2611239e-02  -1.4129867e-02  -5.5750124e-02  -1.1173679e-01  -5.9949555e-02  -1.1261159e-01  -1.0556752e-01  -6.5047829e-02  -1.6971198e-01  -6.7171581e-02  -1.4598757e-01  -7.2770632e-02  -7.7491032e-02  -1.0755035e-01   1.9265784e-02   7.4107715e-02  -3.0652547e-04   1.9678901e-03  -3.9486306e-03   3.8773705e-02  -5.4833446e-02  -7.0560449e-02  -6.0609691e-02   2.0918982e-01   4.7571856e-02  -1.0494588e-01  -1.3968865e-01   3.2982182e-02  -1.8718749e-01  -3.2333639e-02   1.3262324e-02   0.0000000e+00  -1.0694781e-01  -6.1666372e-02   4.6792120e-04  -1.0723605e-01  -1.5207522e-01  -1.4766744e-01
  -1.0736897e-01   0.0000000e+00   0.0000000e+00   8.9245101e-02   0.0000000e+00   0.0000000e+00   1.1451695e-01   3.4113052e-02  -7.1306923e-02   5.8038938e-02   1.5804541e-01  -6.5063940e-02   5.0693476e-01   2.0294484e-01   1.5718375e-01  -2.4547072e-02   3.9933312e-01   3.4430094e-01   1.0544040e-01   1.3307000e-01   3.0653515e-01   1.9613533e-01  -1.2404680e-02  -1.7645749e-02   2.2029344e-01  -8.4537147e-02   7.0285421e-01   1.9643755e-01   2.5755179e-01   2.2414930e-01   3.1847556e-01   1.5093657e-01   8.2872616e-02   8.1527784e-02   1.6706102e-01   1.0913718e-01   2.0906045e-01   6.1852786e-02   2.7148821e-01   1.2353832e-01   1.2934052e-01   4.6573066e-02   1.9720854e-01   5.9650165e-02   3.2123443e-01   1.6752871e-01   7.3964243e-01   1.2600625e-01   7.5866755e-02   6.0590682e-01   1.8588482e-01   2.3874839e-01  -9.0190809e-02   3.1623261e-02   8.4466475e-02   1.6419063e-01   4.0909724e-01   1.4350235e-02   1.2777920e-01   6.2441844e-02   1.1185433e-01   1.8509147e-01  -1.7628978e-01   2.3051784e-01   2.2197980e-02   1.4012296e-01   6.9174626e-02   2.5105701e-02  -1.6014409e-01  -3.7375678e-03  -2.4685502e-01   0.0000000e+00   1.6767544e-02   4.2335947e-01  -7.3695820e-02  -1.4569569e-01  -3.2514146e-01   5.6627700e-02   7.1978765e-02  -1.8743917e-01   1.8697015e-01   2.0654597e-01   1.5285671e-01  -1.8531936e-02   1.0160732e-01   1.6719809e-01   4.5310117e-02  -2.0661468e-01  -1.3765239e-01  -8.4218700e-02  -1.7055073e-02  -5.3186926e-02  -7.7023465e-02  -2.2956377e-04   8.0594188e-02  -5.8535785e-02  -8.2058617e-02  -1.5110692e-01  -1.5266737e-01  -9.1340434e-03   3.1522005e-01   3.4186107e-02  -8.2995559e-02   2.0021900e-01   5.9666225e-03   4.8732866e-02   7.0921648e-02   1.5566223e-01   2.0192719e-01   7.2603615e-02  -6.7455923e-03   0.0000000e+00  -4.9687694e-02   2.5809781e-01   2.3256227e-01  -7.7882096e-02  -2.8139135e-01  -3.0446272e-01
   0.0000000e+00   0.0000000e+00   0.0000000e+00   0.0000000e+00   0.0000000e+00   0.0000000e+00   0.0000000e+00   0.0000000e+00   0.0000000e+00   0.0000000e+00   0.0000000e+00   0.0000000e+00   0.0000000e+00   0.0000000e+00   0.0000000e+00   0.0000000e+00   0.0000000e+00   0.0000000e+00   0.0000000e+00   0.0000000e+00   0.0000000e+00   0.0000000e+00   0.0000000e+00   0.0000000e+00   0.0000000e+00   0.0000000e+00   0.0000000e+00   0.0000000e+00   0.0000000e+00   0.0000000e+00   0.0000000e+00   0.0000000e+00   0.0000000e+00   0.0000000e+00   0.0000000e+00   0.0000000e+00   0.0000000e+00   0.0000000e+00   0.0000000e+00   0.0000000e+00   0.0000000e+00   0.0000000e+00   0.0000000e+00   0.0000000e+00   0.0000000e+00   0.0000000e+00   0.0000000e+00   0.0000000e+00   0.0000000e+00   0.0000000e+00   0.0000000e+00   0.0000000e+00   0.0000000e+00   0.0000000e+00   0.0000000e+00   0.0000000e+00   0.0000000e+00   0.0000000e+00   0.0000000e+00   0.0000000e+00   0.0000000e+00   0.0000000e+00   0.0000000e+00   0.0000000e+00   0.0000000e+00   0.0000000e+00   0.0000000e+00   0.0000000e+00   0.0000000e+00   0.0000000e+00   0.0000000e+00   0.0000000e+00   0.0000000e+00   0.0000000e+00   0.0000000e+00   0.0000000e+00   0.0000000e+00   0.0000000e+00   0.0000000e+00   0.0000000e+00   0.0000000e+00   0.0000000e+00   0.0000000e+00   0.0000000e+00   0.0000000e+00   0.0000000e+00   0.0000000e+00   0.0000000e+00   0.0000000e+00   0.0000000e+00   0.0000000e+00   0.0000000e+00   0.0000000e+00   0.0000000e+00   0.0000000e+00   0.0000000e+00   0.0000000e+00   0.0000000e+00   0.0000000e+00   0.0000000e+00   0.0000000e+00   0.0000000e+00   0.0000000e+00   0.0000000e+00   0.0000000e+00   0.0000000e+00   0.0000000e+00   0.0000000e+00   0.0000000e+00   0.0000000e+00   0.0000000e+00   0.0000000e+00   0.0000000e+00   0.0000000e+00   0.0000000e+00   0.0000000e+00   0.0000000e+00   0.0000000e+00
   2.0242843e-01   0.0000000e+00   0.0000000e+00  -5.2842948e-02   1.1451695e-01   0.0000000e+00   0.0000000e+00   4.2103566e-03  -8.3193447e-03   1.6574124e-01   4.4649300e-01  -1.1320478e-01   1.5731896e-01   1.6713153e-01   2.2312245e-01   6.2006186e-02   2.0311510e-01   2.3969610e-01   1.5263781e-01   2.7173212e-01   1.7530289e-02   1.2088571e-01  -2.2987322e-01  -1.3790631e-01  -1.4140636e-02   1.1239361e-01   1.6802541e-01  -7.6371737e-02   1.7499982e-01   1.0984881e-01   2.3137150e-01   2.2604181e-01   5.3983555e-01   1.2166271e-01   9.3572491e-02   7.9617314e-02   1.5027002e-01  -2.0679814e-01   9.6030535e-02   9.6909016e-02   8.1576228e-02   9.6010677e-02   4.8879216e-01  -6.5387545e-02   2.0030357e-01   8.7451160e-02   5.5488487e-02  -1.9855583e-02   3.4400531e-02   1.3481030e-01  -2.1594225e-02   2.5498740e-01  -8.9869302e-02  -2.5138666e-02   5.0399103e-02   1.7922576e-02   1.8741356e-01  -6.5657240e-02   2.1428949e-01   1.2981036e-02  -8.0252812e-02  -1.3022778e-01   6.8894113e-03   4.6055031e-01  -6.5532711e-02   2.6816551e-01   2.1354950e-01   5.0178950e-01   4.3979861e-01   3.0007965e-01   7.3429387e-02   0.0000000e+00   3.0962318e-01   9.0900761e-02  -8.3704633e-03   3.1212662e-01   2.3129544e-01   1.9909226e-01   4.1300018e-02   1.8070110e-01   7.9696691e-02   6.0475606e-02   9.8028696e-03   1.6697969e-01   1.5529966e-01   4.5519217e-01   5.5530528e-01   1.3109124e-01   1.0570800e-01   3.8717240e-01   5.3965249e-01   3.2463887e-01  -4.2459121e-03   6.4310288e-02   1.0619873e-01  -1.5193640e-01  -8.2036350e-02  -1.0235525e-01  -6.5865309e-02   5.6341083e-02   2.6358593e-01   1.8213305e-01   1.1707835e-01  -1.6389788e-02   1.2126878e-02   6.9514362e-02  -6.4447558e-02  -1.0663112e-01   1.1878569e-01   5.2761843e-01   6.1194067e-02   0.0000000e+00   2.1653360e-01   1.5136013e-01   1.6941887e-01  -9.3956215e-03   1.7722174e-01   1.4388742e-01
   7.8937248e-02   0.0000000e+00   0.0000000e+00  -1.6703519e-02   3.4113052e-02   0.0000000e+00   4.2103566e-03   0.0000000e+00   3.8010656e-01   2.2691750e-01   4.9926855e-03  -9.4312443e-02   1.3163003e-01   1.6447403e-01   8.8787802e-02   1.5155482e-01   8.1707325e-02   1.9569922e-01   2.0331997e-02   7.9346008e-02   1.0911349e-01   2.3028745e-01  -7.3307329e-02  -1.2115484e-01   1.6144542e-01   3.7149184e-01   1.1617531e-01  -5.7799096e-02   1.1942057e-01   9.6557384e-02  -2.3936938e-02   1.8273032e-01   2.3066461e-01  -8.2713875e-02  -3.3900551e-02  -1.2975162e-01  -1.0374345e-01  -2.1687457e-01  -1.4693983e-01  -2.2254904e-02   7.3586235e-02  -4.8807191e-02   1.8737724e-01  -9.5759534e-02  -1.2372124e-01   4.4725977e-02  -5.9792938e-02   2.9326745e-01   3.2700151e-01   2.5955833e-01   2.1292157e-01  -8.5352953e-02   1.6023133e-03   2.0640250e-01  -2.5769795e-02   2.2439772e-01   1.6134059e-01   1.4124607e-01   1.8590899e-01   1.2150803e-01  -4.0706400e-02  -1.8567117e-02   2.1528239e-01   1.1361875e-01   2.3704336e-01   2.3917831e-01   2.0733179e-01   4.0782143e-02   9.0961872e-02   4.3518085e-02   1.2587666e-01   0.0000000e+00  -3.0802868e-01   7.6915233e-02  -1.7003427e-01   2.8512719e-01   1.8784024e-02  -1.6940136e-01  -8.2294899e-02   4.1300745e-01   5.3803054e-02  -1.4439366e-01   1.2165962e-01   1.4988197e-01   2.6483038e-01  -1.4194455e-01  -8.8105710e-03   1.9033916e-01  -1.1485313e-01   1.7359239e-01   6.5853168e-02   1.3637081e-01   2.3262155e-02   2.2357743e-01   1.5748478e-01   1.0392702e-02  -2.1307134e-01   1.4741311e-02   1.4871239e-01   2.3242234e-01  -2.3559692e-01   5.9206705e-02  -1.2192330e-01  -1.0813494e-01   2.0168233e-01   1.3749543e-01   5.9528950e-02   2.5045381e-01  -2.5007605e-03   6.9780544e-02   1.7719268e-01   0.0000000e+00   5.3925328e-02   1.5903460e-01   1.1681599e-01   6.5790573e-01   2.8701173e-01   1.7121717e-01
   1.7421145e-01   0.0000000e+00   0.0000000e+00   3.3987595e-02  -7.1306923e-02   0.0000000e+00  -8.3193447e-03   3.8010656e-01   0.0000000e+00   2.0381769e-02   4.7931617e-02  -1.1859127e-01  -7.9130624e-02  -7.3479182e-02  -2.9097737e-02   2.1044011e-01   1.8577892e-01   1.2316863e-01   5.5287193e-02   3.1043063e-02  -1.6612491e-02   4.6700265e-03  -2.0142223e-02  -2.8482847e-01   4.1764077e-02   2.1166798e-01  -1.0061367e-01  -1.0664371e-01   5.1474909e-02   1.9324481e-02   1.0968008e-01   3.2565623e-02   6.5174855e-02  -1.7889217e-01  -4.3443626e-02  -6.7175118e-02  -2.5193861e-01   4.9093258e-02   1.6705283e-03   1.0966046e-01   1.0427018e-01  -1.4568368e-02   1.2168180e-01   5.2947112e-02  -1.8648700e-01   1.1191942e-01  -3.9893205e-02   5.0738057e-01   3.2847866e-01   1.7136807e-02   2.4679416e-01  -1.4758730e-01   1.9628875e-01   3.8327326e-01   1.2413571e-01   1.7006572e-01   8.7570808e-03   1.4742264e-01   1.7021076e-01   8.6193958e-02  -2.8095045e-02  -6.2138953e-02   6.9421767e-03   3.3421631e-02   2.3911915e-01   2.4569998e-01   3.0781033e-01  -1.2479679e-01   2.0579988e-01   1.3096973e-01   1.8973763e-01   0.0000000e+00  -1.4311344e-01   1.5244025e-01  -5.1776959e-03   2.5833215e-01   2.8520878e-01   5.0715463e-02  -3.1696430e-02   1.7092876e-01  -1.3973523e-01  -1.7641964e-01  -6.8083923e-02  -6.7854717e-02   1.8716460e-01  -2.9827934e-02   1.1181958e-02   1.4385188e-02   1.1376455e-01   8.1395094e-03   1.2477548e-01   2.2200888e-01   1.2302062e-01   2.9773958e-01   2.3229811e-01   1.6087152e-01  -6.4466200e-02   2.1355222e-01   3.4238349e-01   4.0709828e-01  -2.4348121e-01   7.1889951e-02  -7.0961232e-02  -8.8474579e-03   2.0284007e-01   1.2741783e-01   1.7170096e-01   1.5306673e-01   2.2390546e-02   1.4848181e-01   6.0700871e-01   0.0000000e+00   2.0683653e-01   1.3826867e-01   1.9227509e-01   3.4227983e-01   1.4906277e-01   1.0040562e-01
   1.2669635e-01   0.0000000e+00   0.0000000e+00   1.0467852e-04   5.8038938e-02   0.0000000e+00   1.6574124e-01   2.2691750e-01   2.0381769e-02   0.0000000e+00   1.8022956e-01   1.7853358e-01   2.4482837e-01   4.5620245e-02   5.9886979e-02  -1.2575393e-01   1.9020091e-02  -1.1249893e-01   1.4630250e-01   4.5639032e-02   6.4669688e-02   1.3281768e-01   8.8154363e-02  -1.3219545e-02   9.5476947e-02   2.1031173e-01   2.1202730e-02   2.4846312e-01   3.4967796e-02   2.1697733e-01  -4.2610110e-03   1.9146655e-01   1.3446455e-01   1.2261163e-01   2.1021161e-02   1.2297001e-01   1.4844918e-01  -7.0383897e-02   6.4821903e-02   2.2037211e-01   3.7226560e-01  -9.2273613e-03   1.4272438e-01   6.6893958e-02   1.7642100e-01   7.0258396e-02  -1.7319793e-02  -5.2709617e-02   4.3725995e-03   5.9695593e-02  -6.2946376e-02  -4.2140070e-02   1.2868617e-01   9.5342094e-03  -1.7307089e-01  -1.0007238e-02  -1.3410679e-02   1.0361831e-03   1.2324057e-01   1.9411853e-01   3.4346583e-02   6.4950245e-02   1.3947138e-01  -1.9716144e-02   1.0778849e-01   1.3893120e-01   6.1306986e-03   1.0293353e-01   1.0289847e-01  -1.4674660e-02   8.4344845e-02   0.0000000e+00  -2.8579856e-01   1.4040668e-01   4.9194302e-02   5.1585506e-02   9.7871845e-02   1.3389702e-01   3.2119498e-03   2.6645237e-01   5.9989761e-02   6.8957957e-02   5.5651577e-02   1.1139400e-01  -4.9119846e-02  -3.3892390e-02   1.4528621e-01   5.5593055e-02   2.9047312e-02   2.8210266e-01   1.3245633e-01  -1.6777448e-02  -4.9209075e-02   2.6421822e-02   1.1063874e-01   1.5929303e-01   3.4997927e-02   1.6118817e-01   1.1967384e-01   2.8972478e-02  -8.1334014e-02  -3.4639301e-02   1.9270302e-01   5.8197957e-02  -1.0239231e-01  -3.6056823e-02  -2.3062387e-02  -3.4924966e-02  -8.4339970e-02  -1.5087842e-01   1.2295483e-02   0.0000000e+00  -7.9404498e-02   4.8760856e-02  -1.7825809e-01   1.6492376e-02   1.4606465e-01  -1.4266920e-02
   2.2378972e-02   0.0000000e+00   0.0000000e+00   6.1724419e-02   1.5804541e-01   0.0000000e+00   4.4649300e-01   4.9926855e-03   4.7931617e-02   1.8022956e-01   0.0000000e+00  -2.3571834e-01   2.7702713e-01   2.6134225e-01   4.0170002e-01   3.1719574e-01   2.7994403e-01   2.0281107e-01   3.5363458e-01  -7.1977477e-02   2.5667613e-01   3.4253723e-01   8.1243288e-02   3.3361501e-02   2.8496972e-01   4.0862134e-02   1.4441476e-01   2.1277695e-01   4.1230456e-01   3.5074046e-01  -6.7338002e-02   2.8097515e-01   5.0902424e-01   1.3208437e-01   1.1086496e-01   6.4111779e-01   2.8952441e-01   2.0167986e-01   5.8535751e-01   4.7312613e-01   3.1757376e-01   3.2709170e-01   1.0822366e-01   1.9166518e-01   2.9331631e-01   3.5649825e-01   2.2807370e-01   1.9694590e-01   6.5766545e-02   1.2453856e-01   1.7763168e-01   2.0742994e-01   8.3511238e-03   2.4337242e-01   2.5908683e-01   2.7886492e-01   1.1566187e-01   9.9455305e-02   3.1926117e-01   5.0872286e-02  -6.3858798e-03  -7.9035715e-02   4.6683613e-03   6.0358709e-01   1.0898561e-02   5.0591111e-01   2.1713222e-02   1.5030378e-01  -1.2036156e-01  -1.1549186e-01  -1.2801297e-01   0.0000000e+00   2.8350334e-01   9.1428728e-02   9.2617876e-03  -2.7027256e-02  -2.7777053e-02  -1.2137039e-01  -3.5903078e-01  -9.4142512e-02  -1.6053747e-01  -9.0281969e-02  -1.9967772e-01  -1.5371528e-01   8.8290748e-02   1.9438902e-02   8.4302810e-02  -1.9739904e-01  -1.6380717e-01  -4.0117344e-02   2.8471553e-02   3.4097770e-02   9.4539317e-02  -3.5255794e-02   1.5282193e-01   9.3869557e-03  -9.1899062e-02  -2.2781609e-02  -1.9385394e-01   1.1901348e-01   9.6943690e-02   2.0584165e-01  -2.9254376e-01   1.8103897e-02   7.9367978e-02   3.2230308e-01   1.7934639e-02   8.4008575e-02   1.1106128e-01   3.0326809e-01   1.9690734e-01   0.0000000e+00   1.8946448e-01   1.1437713e-01   2.0322218e-01  -1.1069031e-01  -2.2703048e-01  -2.3332364e-01
  -2.4578633e-01   0.0000000e+00   0.0000000e+00  -6.8803627e-02  -6.5063940e-02   0.0000000e+00  -1.1320478e-01  -9.4312443e-02  -1.1859127e-01   1.7853358e-01  -2.3571834e-01   0.0000000e+00   3.8641172e-03  -4.3379337e-02  -2.0948025e-01  -1.7549178e-01  -1.9165400e-01  -2.0208006e-01   1.7943792e-02  -7.3902391e-03   1.6987882e-02  -1.8326173e-01   1.9893895e-01   1.6010406e-01   4.6072693e-02   7.3496068e-02  -1.5676180e-01   2.3071718e-01  -3.4433302e-01  -2.0547969e-01   1.7393737e-02   7.6258022e-02  -3.9630196e-01   3.9866074e-02   1.1238149e-01  -2.8276480e-02   7.7215958e-02   2.8472511e-01   2.9439299e-02   4.5539866e-03   1.8425486e-01   1.6401064e-02   2.9743789e-04   3.6678243e-01   1.3405284e-01  -4.3111273e-02   3.0016407e-02  -1.2782957e-01  -1.7510450e-03  -2.5314379e-01  -1.7366569e-01  -1.6032644e-01   2.1739164e-01  -1.8769457e-01  -2.1541953e-01  -2.5422248e-01  -1.1555232e-01  -2.4225834e-02  -7.7900407e-02   9.4158343e-02   3.7021806e-01   3.7644657e-01   5.3275538e-02  -3.6947586e-01   1.2503322e-01  -3.1371833e-01  -2.0831830e-02   2.5883629e-02  -1.0890288e-01   1.1960171e-01  -8.7566041e-03   0.0000000e+00   5.4359919e-02  -1.6444539e-01  -1.0844724e-02  -9.0192682e-02  -1.5194232e-01   2.5815808e-01   2.3488588e-01  -5.3155136e-02   2.5009803e-01   1.8577453e-01   8.1888192e-02   1.6566131e-01  -1.3985244e-02   1.2252888e-01  -2.4566307e-01   7.0166425e-02   2.8733765e-02   6.9311770e-02  -2.1983876e-02  -1.0755805e-01   1.2544315e-01   1.2950765e-01   2.1153276e-01   2.6435129e-01   3.9681816e-01   3.7562135e-01   2.7184028e-01  -4.1907239e-02   1.6482907e-01   1.2085875e-01   1.3739937e-01   2.2421312e-01  -1.3764313e-01  -1.1294349e-01  -7.7130960e-03  -7.7852179e-02  -1.4129269e-02  -3.8579008e-01  -1.0765754e-01   0.0000000e+00  -1.3545502e-01  -1.5505732e-01  -2.9226706e-01  -2.6500099e-02   2.4763881e-02   4.4337107e-02
  -1.9985243e-01   0.0000000e+00   0.0000000e+00   4.3301300e-02   5.0693476e-01   0.0000000e+00   1.5731896e-01   1.3163003e-01  -7.9130624e-02   2.4482837e-01   2.7702713e-01   3.8641172e-03   0.0000000e+00   2.5598800e-01   3.0865425e-01   7.6584211e-02   3.3432396e-01   3.2711475e-01   2.4166148e-01   8.2489501e-02   5.6440600e-01   3.9979088e-01   1.1759446e-01   2.4750546e-01   4.1014460e-01   5.6504347e-02   5.4396661e-01   2.6286064e-01   3.7659393e-01   4.1493355e-01   2.2256038e-01   3.0997681e-01   2.4144842e-01   2.8972888e-01   2.4446719e-01   3.0043425e-01   3.6520510e-01   7.9185400e-02   4.0772187e-01   2.5333295e-01   3.0549517e-01   2.8269279e-01   1.9773935e-01   2.1322905e-01   5.2475553e-01   3.2469164e-01   4.6816254e-01   1.0772712e-01   9.6907516e-02   4.2162517e-01   1.6296830e-01   1.4196163e-01   4.9567005e-02   1.0807257e-01   9.3202237e-02   2.7691442e-01   3.8461146e-01   2.4695600e-02   2.5059336e-01   2.1052684e-01   1.4715494e-01   1.6566646e-01  -5.7232380e-02   3.5903880e-01   2.0752426e-01   1.9940219e-01   8.9133898e-02   9.5727997e-02  -2.0685080e-01  -1.0069662e-02  -1.6902919e-01   0.0000000e+00  -7.1831874e-02   2.6838417e-01  -1.1762238e-01  -1.4698445e-01  -2.6084305e-01   4.8605887e-02  -1.7217257e-01  -2.3750414e-01   9.2940140e-02   3.8586318e-02   5.8978069e-02  -6.0408373e-02   2.1786531e-01   1.4991634e-01   6.4819894e-02  -2.0062584e-01  -3.1639007e-01   6.9331314e-02   3.6882117e-03  -8.9756778e-02  -1.5785082e-01   3.4460318e-03   1.0813041e-01   9.3937549e-03  -1.5428324e-01  -4.1608517e-02  -1.4572492e-01   1.2453663e-02   1.5538638e-01   2.1279900e-02  -1.5694447e-01   1.6361504e-01   6.6553900e-02   1.8065206e-01   6.5580415e-02   1.8480497e-01   2.3046941e-01   4.4124634e-02   1.9655195e-02   0.0000000e+00   1.0230086e-01   3.0520609e-01   1.2926583e-01  -2.0426208e-02  -3.0110589e-01  -4.0021349e-01
  -4.2066158e-02   0.0000000e+00   0.0000000e+00   2.5599542e-02   2.0294484e-01   0.0000000e+00   1.6713153e-01   1.6447403e-01  -7.3479182e-02   4.5620245e-02   2.6134225e-01  -4.3379337e-02   2.5598800e-01   0.0000000e+00   1.5924361e-01   5.9270956e-03   1.2818381e-01   1.9785449e-01   5.2336938e-03   1.9168491e-01   3.5456405e-01   2.6005512e-01   5.2340425e-01   3.5360653e-01   3.7543317e-01   4.1489358e-01   2.3547930e-01   3.1419530e-01   9.2981090e-02   3.7362074e-01  -3.5061560e-02   9.6227515e-02   3.4191576e-02   2.3908545e-01  -9.9159939e-02   4.7297798e-01   3.7544531e-01   1.5959583e-01   2.9836049e-01   2.3399869e-01   1.1156904e-01   1.6326252e-01   1.4472184e-01   6.1586666e-02   3.4160346e-01  -6.0818013e-03   1.4134403e-01   6.6152893e-02   4.9063697e-02   1.6467612e-02   2.2576798e-02  -4.4014688e-02  -2.1310375e-02   8.1300329e-02  -3.2940648e-02   4.8807059e-02   3.3515735e-01   1.8185962e-02   8.1455827e-02   2.7022093e-01   2.0196558e-01   1.5501111e-01   2.8913326e-01   3.7040976e-02  -3.6859482e-02   5.1570690e-02   1.4654010e-01   3.4008050e-01  -7.0707489e-02  -9.9709568e-03   1.6563837e-01   0.0000000e+00   2.9596368e-02  -1.3434684e-01  -1.0776582e-01   4.0611743e-02  -2.0387106e-01  -2.1408973e-01  -1.1286547e-01   1.0454333e-01   2.3532978e-01   2.5407937e-01   3.2155682e-01   2.4436466e-01   6.5026186e-02   5.9215294e-02  -1.3257876e-02   1.5626911e-01  -2.9107997e-01   1.6324633e-01  -6.1634410e-02  -1.1120952e-02  -5.6147413e-02  -3.7443703e-02  -2.8168772e-02  -6.5769487e-03  -5.5335097e-03  -2.8540585e-02  -7.6646005e-02   2.5686682e-02   1.6418964e-01  -1.3089482e-02  -1.9937152e-01   3.2852328e-02   2.1153417e-02   7.3565943e-02  -1.0236986e-01  -8.6468943e-02  -8.1977776e-02   1.6697032e-02  -8.3886006e-02   0.0000000e+00   4.4205708e-02  -5.5413782e-02   8.5006237e-02   1.2170936e-03  -7.2246921e-02   9.4478253e-02
  -4.3557247e-02   0.0000000e+00   0.0000000e+00  -4.0570284e-02   1.5718375e-01   0.0000000e+00   2.2312245e-01   8.8787802e-02  -2.9097737e-02   5.9886979e-02   4.0170002e-01  -2.0948025e-01   3.0865425e-01   1.5924361e-01   0.0000000e+00   4.8764564e-01   1.8781451e-01   1.4242139e-01   2.1940447e-01   3.8319895e-02   2.2363292e-01   2.5793215e-01  -4.1540882e-04   1.8137348e-02   1.2918363e-01   1.9241668e-02   2.9832172e-01   1.6323151e-01   5.5849454e-01   4.1989767e-01   5.3055904e-02   1.7026852e-01   4.7118055e-01   2.4217441e-01   1.6066485e-01   4.3053134e-01   3.1885019e-01   3.5841063e-02   3.4460038e-01   2.4140023e-01   1.6634263e-01   2.2793041e-01  -1.3835717e-02   7.7114140e-02   7.8238490e-02   2.1283240e-01   1.6240556e-01   1.4004958e-01   1.5546836e-01   3.0501274e-01   3.3026646e-01   3.9625139e-01  -8.8981128e-03   2.6616175e-01   3.5970893e-01   4.8278818e-01   6.6942169e-02   2.2767765e-01   2.4080786e-01   7.8492185e-02  -1.4982257e-01  -1.6301983e-01  -2.5150866e-02   4.4095940e-01   1.7842645e-01   3.6418253e-01   2.6926633e-02  -5.8082164e-02  -2.1051658e-01  -1.3437508e-01  -1.3048227e-01   0.0000000e+00   1.2593625e-02   9.1341753e-02  -1.1567237e-01  -6.8567380e-02  -1.9224251e-01  -1.4140504e-01  -2.6544424e-01  -1.4801029e-01  -1.4369312e-01  -1.6424412e-01  -1.5485012e-01  -1.7100979e-01   1.2457872e-01  -3.2719116e-02   8.8299590e-02  -2.4942742e-01  -1.0771256e-01  -6.8368324e-02  -1.1217663e-01  -7.7333005e-02   3.5081651e-03  -3.3536326e-02   6.8139038e-02  -1.9321115e-02  -1.8434290e-01  -7.9798376e-02  -2.0674063e-01   1.0182803e-01   1.4630167e-02  -4.3947527e-03  -2.1909105e-01  -6.9484945e-02   6.1267845e-02   2.8847756e-01   1.4692217e-01   2.7802551e-01   2.8128194e-01   2.2945722e-01   7.8077627e-02   0.0000000e+00   1.3775352e-01   2.4999893e-01   1.2539222e-01  -4.7233619e-02  -2.4181291e-01  -2.2854641e-01
  -5.0197633e-02   0.0000000e+00   0.0000000e+00   1.9705688e-02  -2.4547072e-02   0.0000000e+00   6.2006186e-02   1.5155482e-01   2.1044011e-01  -1.2575393e-01   3.1719574e-01  -1.7549178e-01   7.6584211e-02   5.9270956e-03   4.8764564e-01   0.0000000e+00   1.4192703e-01   2.2322984e-01   2.1844379e-01  -8.3601091e-02   1.5391734e-01   3.3148907e-01  -2.0149046e-02   6.8394213e-02   1.5479051e-01   2.4657722e-02   1.3913884e-02  -8.9844570e-02   3.6990862e-01   5.3500302e-02  -1.1740658e-01   3.8628662e-02   3.9121053e-01   7.5855789e-02   5.8863509e-02   2.5290292e-01   1.4444103e-01   1.8205261e-02   1.7979318e-01   1.3518187e-01   6.2000809e-03   2.4311800e-01  -1.5386972e-01   8.2925304e-02  -4.8623493e-02   2.8054785e-01   9.9356417e-02   4.5839765e-01   3.6418283e-01   1.9370259e-01   5.0309772e-01   1.3463285e-01   9.7069869e-03   5.8250540e-01   5.8817314e-01   8.0739076e-01   8.5691318e-02   5.7206233e-01   2.6017137e-01  -3.1816615e-02  -1.4096114e-01  -1.9824282e-01   6.8793044e-02   5.0272981e-01   1.1261249e-01   5.5690012e-01   3.4892954e-02  -6.0586337e-02  -1.7013184e-01  -1.0122201e-01  -1.3610109e-01   0.0000000e+00   5.9676125e-02  -5.6565779e-02  -7.9923324e-02   5.0233933e-02  -6.0612675e-02  -2.6744159e-01  -3.0917349e-01  -1.2755992e-01  -2.8920144e-01  -2.9216964e-01  -2.3072143e-01  -2.1394502e-01   2.6823926e-01  -2.0189304e-01  -6.9263504e-02  -1.4583844e-01  -2.0735742e-01  -2.0618164e-01  -1.6034096e-01   4.6838164e-02   1.3233113e-01   2.9193941e-03   7.6062331e-02   2.6064849e-02  -1.5573484e-01  -3.8382080e-02  -1.4631927e-01   2.5876392e-01  -4.3003773e-02   1.7234437e-01  -3.6040441e-01  -1.7836749e-01   3.1333011e-01   5.3244573e-01   3.3686274e-01   4.8834531e-01   4.4222072e-01   3.6404853e-01   2.2796822e-01   0.0000000e+00   1.6765263e-01   2.5307164e-01   1.8728611e-01  -5.5275928e-03  -1.8965542e-01  -1.5144953e-01
  -8.5175571e-03   0.0000000e+00   0.0000000e+00   1.4619460e-01   3.9933312e-01   0.0000000e+00   2.0311510e-01   8.1707325e-02   1.8577892e-01   1.9020091e-02   2.7994403e-01  -1.9165400e-01   3.3432396e-01   1.2818381e-01   1.8781451e-01   1.4192703e-01   0.0000000e+00   7.3570538e-01   2.4593063e-01   1.1130402e-01   2.4721177e-01   2.0916525e-01  -5.0942297e-02  -1.6326594e-01   2.5523847e-01   8.9378423e-02   3.5828035e-01   1.0495197e-02   3.0300018e-01   2.2740786e-01   2.7160564e-01   2.1279877e-01   1.9266741e-01   1.6181920e-01   3.7651217e-01   1.1084212e-01   7.2059376e-02   7.5040187e-02   2.3661232e-01   1.0300876e-01   9.7877765e-02   2.4338880e-01   2.5460864e-01   1.5083543e-01   1.1809023e-01   3.8453520e-01   5.3890167e-01   4.9149888e-01   2.9969875e-01   4.5116711e-01   3.9462293e-01   4.9947441e-02   1.6396786e-01   2.4269584e-01   2.8136579e-01   3.3272331e-01   4.6141367e-01   9.6462211e-02   3.9808583e-01   1.4244994e-01   5.0448497e-02   1.0674171e-01  -4.0718067e-02   4.4326439e-01   1.9353912e-01   3.9504357e-01   1.6818016e-01   6.9421289e-02  -6.6895837e-03   2.0464163e-01  -2.3486678e-02   0.0000000e+00   1.1653882e-01   4.0196981e-01  -5.9356165e-02   5.1718049e-02  -6.2995321e-02   5.3705765e-02   2.7943370e-02  -1.8985762e-02   6.0114391e-02  -6.3252933e-02   2.8128510e-02   5.1247571e-03   2.9866232e-01   1.0795191e-01  -1.9096791e-03  -7.0041977e-02  -1.3113674e-01   3.6254788e-03   1.5870194e-01   2.3613104e-01   2.1974036e-02   1.5054956e-01   2.6651796e-01   3.4153456e-02  -8.0270333e-02   3.6044813e-02   8.4674428e-02   1.5725038e-01   5.3189239e-02   3.0207598e-01  -2.2318480e-01   1.8497604e-01   2.5381739e-01   2.1760972e-01   1.5287693e-01   2.8400742e-01   1.7511432e-01   2.2226574e-01   2.4934683e-01   0.0000000e+00   1.7505114e-01   3.5954516e-01   4.8381381e-01  -1.4481299e-02  -1.3254171e-01  -1.3994568e-01
   1.3247996e-02   0.0000000e+00   0.0000000e+00   6.8704015e-02   3.4430094e-01   0.0000000e+00   2.3969610e-01   1.9569922e-01   1.2316863e-01  -1.1249893e-01   2.0281107e-01  -2.0208006e-01   3.2711475e-01   1.9785449e-01   1.4242139e-01   2.2322984e-01   7.3570538e-01   0.0000000e+00   1.8758219e-01   1.5347855e-01   3.1374762e-01   3.8130128e-01  -3.3121488e-02  -6.2500545e-02   3.2212047e-01   1.8183742e-01   2.9017962e-01  -1.6280323e-01   2.0847165e-01   7.3285546e-02   1.7611617e-01   8.7070673e-02   1.5380062e-01   5.5221434e-02   2.2240332e-01   7.6728271e-04  -1.8851028e-03  -4.7909999e-02   1.0314347e-01  -3.3557186e-02  -7.4411053e-02   1.8962176e-01   2.3031154e-01   4.7236254e-02   1.8861399e-01   4.1497251e-01   4.4971992e-01   4.4775301e-01   2.9365669e-01   3.8770377e-01   3.4626275e-01  -2.1029261e-02   3.9092376e-02   1.7851464e-01   3.5276524e-01   4.0678346e-01   6.0940143e-01   1.1619829e-01   3.5615658e-01   9.1920998e-02   1.3981555e-01   1.3392084e-01   1.0670783e-01   4.8189465e-01   1.2899015e-01   2.7300894e-01   1.8874931e-01   2.4225578e-01   1.4652834e-01   2.2143236e-01  -4.3354868e-02   0.0000000e+00   7.1183531e-02   1.9247459e-01  -1.5581909e-01   2.1893364e-01   1.0493224e-02  -1.1950814e-01   5.4443723e-03   6.1032786e-02   1.2617402e-01  -3.7050899e-02   1.2171280e-01   1.4366768e-01   3.2002755e-01   1.0962118e-01   9.8058454e-02   1.4293500e-01  -1.7077813e-01   9.7647947e-02   1.9600148e-01   4.0105953e-01  -1.2647548e-02   1.7553808e-01   1.7940762e-01  -1.1658582e-01  -1.1894216e-01  -9.7323782e-02  -5.2987070e-02   1.8232614e-01   1.5826357e-01   3.6822277e-01  -2.1856392e-01   1.2596213e-01   4.5682099e-01   3.4569717e-01   1.1297882e-01   2.5767620e-01   1.8998611e-01   3.9213001e-01   2.3992189e-01   0.0000000e+00   1.7269042e-01   2.9843333e-01   3.9354871e-01   1.0499006e-01  -1.7534735e-02   3.5854504e-02
   9.3407666e-02   0.0000000e+00   0.0000000e+00   1.6130327e-01   1.0544040e-01   0.0000000e+00   1.5263781e-01   2.0331997e-02   5.5287193e-02   1.4630250e-01   3.5363458e-01   1.7943792e-02   2.4166148e-01   5.2336938e-03   2.1940447e-01   2.1844379e-01   2.4593063e-01   1.8758219e-01   0.0000000e+00  -3.7017681e-02   2.1507519e-01   9.5095383e-02   5.5192355e-02  -7.2438706e-03   1.7843827e-01   2.5061865e-02   8.8367167e-02   3.1590233e-02   1.8377369e-01   1.3361931e-01  -2.9764983e-02   7.6722294e-02   1.8482724e-01  -1.3302695e-03   4.5135732e-02   2.7232906e-01   8.4587597e-02   2.5150422e-01   3.4433112e-01   3.0861593e-01   2.2737569e-01   2.7179056e-01   9.0247681e-02   3.2756259e-01   1.9527208e-01   4.4160052e-01   2.6099549e-01   1.7472186e-01   1.2490111e-01   1.4020934e-01   1.0907731e-01   9.3189516e-02   3.2489516e-01   2.3003172e-01   3.2467013e-01   2.1583473e-01   6.2061731e-02   1.2263609e-01   4.9011166e-01   1.6496723e-01   1.7157990e-02   2.4871509e-02  -8.1049646e-02   3.6075657e-01   1.4763795e-01   2.6531974e-01  -1.4071404e-02   7.3010667e-02   3.6460704e-02   1.9996656e-02  -1.6769352e-01   0.0000000e+00   1.1323093e-01   5.7377501e-02   4.3318957e-02   2.7053539e-02   1.2431021e-01   7.7020502e-02  -1.2388211e-01  -1.6093955e-01  -3.7158105e-02  -1.5051158e-01  -1.5262698e-01  -1.0935972e-01   5.9168175e-02   2.6189541e-02   1.0124975e-01  -1.6278487e-01   4.0382767e-02  -2.6644120e-02   9.2725869e-02   6.0957715e-02  -8.7920588e-03   1.2087527e-01   3.6080481e-01   2.8680366e-01   1.2592942e-02   2.2620008e-01   1.0366379e-01   2.6878870e-01  -6.7223181e-02   1.0994618e-01  -5.2569192e-02   1.4942656e-01   1.2186588e-01   1.3921697e-01   5.1819540e-02   1.0081102e-01   1.2428096e-01   1.8587354e-01   2.8558889e-01   0.0000000e+00   2.0836195e-01   2.1108551e-01   1.2733516e-01  -1.1385202e-01  -1.2236347e-01  -1.7270797e-01
   3.1649338e-01   0.0000000e+00   0.0000000e+00  -5.4510094e-02   1.3307000e-01   0.0000000e+00   2.7173212e-01   7.9346008e-02   3.1043063e-02   4.5639032e-02  -7.1977477e-02  -7.3902391e-03   8.2489501e-02   1.9168491e-01   3.8319895e-02  -8.3601091e-02   1.1130402e-01   1.5347855e-01  -3.7017681e-02   0.0000000e+00   1.5639508e-01   1.3477954e-01  -1.8084046e-01  -7.1836346e-02   8.9570339e-02   2.0524770e-01   2.1441551e-01  -6.6051511e-02   1.1229643e-01   8.8049039e-02   7.0756226e-01   1.1084197e-01   1.5225472e-01   1.4635209e-01   2.3341299e-01  -1.8886070e-01   7.0220592e-02  -1.2523801e-01  -1.2548664e-01  -2.1262216e-02  -7.1008451e-02  -5.0640875e-02   4.7779677e-01   4.2197967e-02   7.8840489e-02  -4.1989289e-04   2.5280599e-02   4.2172323e-02   5.2326006e-02   1.0290504e-01   3.5044984e-02   1.9001560e-01   9.8078193e-02  -3.5817797e-02  -1.5326076e-01  -9.7858981e-02   1.8981446e-01   3.8530856e-02   1.7023496e-01   3.4593896e-01   2.0926593e-01   2.7008731e-01  -3.2885498e-02   7.3484186e-02   7.0273703e-02   1.2609423e-01   1.4981461e-01   1.9244784e-01   4.0162570e-01   6.2226075e-01   1.9454437e-01   0.0000000e+00   4.0645435e-02   3.4852149e-01   1.8868654e-01   1.3282369e-01   2.8849013e-01   1.8843720e-01   4.9738872e-01   2.5166300e-01   3.2299087e-01   1.8104723e-01   3.7017792e-01   6.0659348e-01   5.2671924e-02   4.5902772e-01   4.2585880e-01   2.1517645e-01   3.1824950e-01   4.3986218e-01   4.3436684e-01   2.6805474e-01  -2.1157818e-02  -5.5718563e-03   4.4041214e-02   6.5751613e-02   2.0956112e-02   9.6860879e-02   1.4765864e-01   2.0464013e-02   5.2825270e-02   1.3005556e-01   2.9354584e-01   1.8759149e-01  -1.0372708e-01  -1.3216487e-01  -1.1513225e-01  -9.3075263e-02   1.7321265e-02   2.0632210e-01  -4.7816837e-02   0.0000000e+00   1.3145963e-01   7.6203160e-02   2.1809146e-01  -6.7318722e-03   3.3191928e-01   3.1050165e-01
  -1.1759158e-01   0.0000000e+00   0.0000000e+00   4.3838738e-02   3.0653515e-01   0.0000000e+00   1.7530289e-02   1.0911349e-01  -1.6612491e-02   6.4669688e-02   2.5667613e-01   1.6987882e-02   5.6440600e-01   3.5456405e-01   2.2363292e-01   1.5391734e-01   2.4721177e-01   3.1374762e-01   2.1507519e-01   1.5639508e-01   0.0000000e+00   5.1236395e-01   2.6171801e-01   3.4667605e-01   5.9131459e-01   1.0906372e-01   3.5180041e-01   2.0398361e-01   3.2173278e-01   4.1542340e-01   6.6386139e-02   1.6184175e-01   1.4413062e-01   2.2922573e-01   1.6930314e-01   3.2548313e-01   3.1869895e-01   2.0189530e-01   3.8624469e-01   2.5334329e-01   2.3877084e-01   2.3490798e-01   7.4833987e-02   2.0976689e-01   3.0250883e-01   2.8966449e-01   2.3605946e-01   1.6472989e-01   7.7780222e-02   3.0353146e-01   2.8838322e-01   8.2835672e-02   1.5034920e-01   1.5921287e-01   1.4795773e-01   2.5969360e-01   2.7944387e-01   1.7520978e-01   2.3734281e-01   3.4511809e-01   2.3938450e-01   2.6029243e-01   3.2650309e-02   2.4411257e-01   6.5102800e-02   1.7789398e-01  -3.3997448e-02   3.7974485e-02  -2.9790910e-01  -9.9767491e-02  -2.5291663e-01   0.0000000e+00  -3.9274209e-02   1.1735302e-01  -1.5362386e-01  -1.6541477e-01  -2.3752895e-01  -1.8346470e-01  -2.0618918e-01  -1.2416916e-01   8.0464525e-02   1.4367021e-02   1.4646957e-01  -8.1239879e-04   1.3966769e-01  -5.9392186e-02  -5.7805351e-02  -8.1975839e-02  -2.1785218e-01  -3.7424434e-02  -1.3119306e-01  -8.8972316e-02   1.0141596e-02  -4.4973081e-02   1.2599276e-01   4.6765712e-02  -1.3816405e-01   1.5775710e-02  -1.2762592e-01   6.6376194e-02   4.6752863e-02   6.8826999e-02  -2.2599915e-01   2.0762355e-01   3.4861679e-02   1.9804609e-01   3.9102551e-02   1.2845656e-01   1.8250073e-01   4.9794881e-02   1.8033302e-02   0.0000000e+00   1.3691359e-01   1.6428967e-01   1.6247563e-01   3.3766053e-02  -2.4378742e-01  -1.9786813e-01
