   0.0000000e+00   0.0000000e+00   0.0000000e+00   0.0000000e+00   0.0000000e+00   0.0000000e+00   0.0000000e+00   0.0000000e+00   0.0000000e+00   0.0000000e+00   0.0000000e+00   0.0000000e+00   0.0000000e+00   0.0000000e+00   0.0000000e+00   0.0000000e+00   0.0000000e+00   0.0000000e+00   0.0000000e+00   0.0000000e+00   0.0000000e+00   0.0000000e+00   0.0000000e+00   0.0000000e+00   0.0000000e+00   0.0000000e+00   0.0000000e+00   0.0000000e+00   0.0000000e+00   0.0000000e+00   0.0000000e+00   0.0000000e+00   0.0000000e+00   0.0000000e+00   0.0000000e+00   0.0000000e+00   0.0000000e+00   0.0000000e+00   0.0000000e+00   0.0000000e+00   0.0000000e+00   0.0000000e+00   0.0000000e+00   0.0000000e+00   0.0000000e+00   0.0000000e+00   0.0000000e+00   0.0000000e+00   0.0000000e+00   0.0000000e+00   0.0000000e+00   0.0000000e+00   0.0000000e+00   0.0000000e+00   0.0000000e+00   0.0000000e+00   0.0000000e+00   0.0000000e+00   0.0000000e+00   0.0000000e+00   0.0000000e+00   0.0000000e+00   0.0000000e+00   0.0000000e+00   0.0000000e+00   0.0000000e+00   0.0000000e+00   0.0000000e+00   0.0000000e+00   0.0000000e+00   0.0000000e+00   0.0000000e+00   0.0000000e+00   0.0000000e+00   0.0000000e+00   0.0000000e+00   0.0000000e+00   0.0000000e+00   0.0000000e+00   0.0000000e+00   0.0000000e+00   0.0000000e+00   0.0000000e+00   0.0000000e+00   0.0000000e+00   0.0000000e+00   0.0000000e+00   0.0000000e+00   0.0000000e+00   0.0000000e+00   0.0000000e+00   0.0000000e+00   0.0000000e+00   0.0000000e+00   0.0000000e+00   0.0000000e+00   0.0000000e+00   0.0000000e+00   0.0000000e+00   0.0000000e+00   0.0000000e+00   0.0000000e+00   0.0000000e+00   0.0000000e+00   0.0000000e+00   0.0000000e+00   0.0000000e+00   0.0000000e+00   0.0000000e+00   0.0000000e+00   0.0000000e+00   0.0000000e+00   0.0000000e+00   0.0000000e+00   0.0000000e+00   0.0000000e+00   0.0000000e+00   0.0000000e+00
   0.0000000e+00   0.0000000e+00   0.0000000e+00   0.0000000e+00   0.0000000e+00   0.0000000e+00   0.0000000e+00   0.0000000e+00   0.0000000e+00   0.0000000e+00   0.0000000e+00   0.0000000e+00   0.0000000e+00   0.0000000e+00   0.0000000e+00   0.0000000e+00   0.0000000e+00   0.0000000e+00   0.0000000e+00   0.0000000e+00   0.0000000e+00   0.0000000e+00   0.0000000e+00   0.0000000e+00   0.0000000e+00   0.0000000e+00   0.0000000e+00   0.0000000e+00   0.0000000e+00   0.0000000e+00   0.0000000e+00   0.0000000e+00   0.0000000e+00   0.0000000e+00   0.0000000e+00   0.0000000e+00   0.0000000e+00   0.0000000e+00   0.0000000e+00   0.0000000e+00   0.0000000e+00   0.0000000e+00   0.0000000e+00   0.0000000e+00   0.0000000e+00   0.0000000e+00   0.0000000e+00   0.0000000e+00   0.0000000e+00   0.0000000e+00   0.0000000e+00   0.0000000e+00   0.0000000e+00   0.0000000e+00   0.0000000e+00   0.0000000e+00   0.0000000e+00   0.0000000e+00   0.0000000e+00   0.0000000e+00   0.0000000e+00   0.0000000e+00   0.0000000e+00   0.0000000e+00   0.0000000e+00   0.0000000e+00   0.0000000e+00   0.0000000e+00   0.0000000e+00   0.0000000e+00   0.0000000e+00   0.0000000e+00   0.0000000e+00   0.0000000e+00   0.0000000e+00   0.0000000e+00   0.0000000e+00   0.0000000e+00   0.0000000e+00   0.0000000e+00   0.0000000e+00   0.0000000e+00   0.0000000e+00   0.0000000e+00   0.0000000e+00   0.0000000e+00   0.0000000e+00   0.0000000e+00   0.0000000e+00   0.0000000e+00   0.0000000e+00   0.0000000e+00   0.0000000e+00   0.0000000e+00   0.0000000e+00   0.0000000e+00   0.0000000e+00   0.0000000e+00   0.0000000e+00   0.0000000e+00   0.0000000e+00   0.0000000e+00   0.0000000e+00   0.0000000e+00   0.0000000e+00   0.0000000e+00   0.0000000e+00   0.0000000e+00   0.0000000e+00   0.0000000e+00   0.0000000e+00   0.0000000e+00   0.0000000e+00   0.0000000e+00   0.0000000e+00   0.0000000e+00   0.0000000e+00   0.0000000e+00
   0.0000000e+00   0.0000000e+00   0.0000000e+00   0.0000000e+00   0.0000000e+00   0.0000000e+00   0.0000000e+00   0.0000000e+00   0.0000000e+00   0.0000000e+00   0.0000000e+00   0.0000000e+00   0.0000000e+00   0.0000000e+00   0.0000000e+00   0.0000000e+00   0.0000000e+00   0.0000000e+00   0.0000000e+00   0.0000000e+00   0.0000000e+00   0.0000000e+00   0.0000000e+00   0.0000000e+00   0.0000000e+00   0.0000000e+00   0.0000000e+00   0.0000000e+00   0.0000000e+00   0.0000000e+00   0.0000000e+00   0.0000000e+00   0.0000000e+00   0.0000000e+00   0.0000000e+00   0.0000000e+00   0.0000000e+00   0.0000000e+00   0.0000000e+00   0.0000000e+00   0.0000000e+00   0.0000000e+00   0.0000000e+00   0.0000000e+00   0.0000000e+00   0.0000000e+00   0.0000000e+00   0.0000000e+00   0.0000000e+00   0.0000000e+00   0.0000000e+00   0.0000000e+00   0.0000000e+00   0.0000000e+00   0.0000000e+00   0.0000000e+00   0.0000000e+00   0.0000000e+00   0.0000000e+00   0.0000000e+00   0.0000000e+00   0.0000000e+00   0.0000000e+00   0.0000000e+00   0.0000000e+00   0.0000000e+00   0.0000000e+00   0.0000000e+00   0.0000000e+00   0.0000000e+00   0.0000000e+00   0.0000000e+00   0.0000000e+00   0.0000000e+00   0.0000000e+00   0.0000000e+00   0.0000000e+00   0.0000000e+00   0.0000000e+00   0.0000000e+00   0.0000000e+00   0.0000000e+00   0.0000000e+00   0.0000000e+00   0.0000000e+00   0.0000000e+00   0.0000000e+00   0.0000000e+00   0.0000000e+00   0.0000000e+00   0.0000000e+00   0.0000000e+00   0.0000000e+00   0.0000000e+00   0.0000000e+00   0.0000000e+00   0.0000000e+00   0.0000000e+00   0.0000000e+00   0.0000000e+00   0.0000000e+00   0.0000000e+00   0.0000000e+00   0.0000000e+00   0.0000000e+00   0.0000000e+00   0.0000000e+00   0.0000000e+00   0.0000000e+00   0.0000000e+00   0.0000000e+00   0.0000000e+00   0.0000000e+00   0.0000000e+00   0.0000000e+00   0.0000000e+00   0.0000000e+00   0.0000000e+00
   0.0000000e+00   0.0000000e+00   0.0000000e+00   0.0000000e+00   1.4329838e-02   0.0000000e+00   7.8560331e-02  -1.3972517e-01  -3.0127107e-02   1.5261607e-01   1.9403514e-01  -3.5987872e-02  -5.4940517e-03   2.4525209e-01   4.4402483e-02   1.5983615e-02   0.0000000e+00   0.0000000e+00   1.2442230e-01   1.0765970e-01   1.9277923e-01   1.1412330e-01   3.2153501e-01   2.5593164e-01   3.5835736e-02   2.4923342e-01   4.4820967e-02   1.4414172e-01  -7.2048289e-02   1.4378451e-02  -3.5851695e-02   8.3737084e-02   2.6885670e-02   3.9189673e-02   2.2212272e-01   3.9168291e-02  -1.4078829e-03   1.9853685e-01   1.5937348e-01   1.6774125e-01   2.6880445e-01   1.6414800e-01  -4.1282509e-02   1.0978523e-01   2.5007642e-02   3.1033652e-02   1.3784440e-01   6.1265044e-02   7.5948604e-02   3.9256006e-02   0.0000000e+00  -6.4558103e-02   1.5779591e-01   1.8569759e-01  -4.7311578e-02   2.8508568e-02   2.1318620e-01   4.6297848e-02   2.0511161e-01  -4.1293891e-03   7.5854063e-02   5.9244989e-02   8.9823189e-02   5.5702071e-02  -4.6546295e-02  -4.1561488e-02  -2.9383587e-02   1.7294256e-01  -1.0298466e-01  -7.9020852e-02   3.2889544e-02   0.0000000e+00   1.6512427e-01  -8.2219305e-02   0.0000000e+00   4.7170147e-02   1.7627566e-02  -3.0743008e-02  -5.3486014e-02  -3.8675960e-02   6.2410482e-02   9.4860384e-02   1.0971769e-01  -8.1001948e-02  -7.8407849e-02  -1.0837814e-02  -4.6889214e-02  -9.6251747e-02  -5.7360407e-02   1.3749190e-01   4.4560832e-02  -2.7189092e-02   1.4726203e-01  -1.8086495e-02   2.4722516e-03   2.0456705e-01   2.5529121e-02   1.9833917e-01   8.8879899e-02   1.6536195e-02   5.7087786e-02   7.3263416e-02  -6.3006157e-04  -3.8072117e-02   8.0438421e-02   6.7133240e-02  -2.6484388e-03   8.4470900e-03   4.5680633e-02   6.1957730e-02   4.8384299e-03   0.0000000e+00   0.0000000e+00   5.2107787e-02   0.0000000e+00  -7.7462767e-02  -9.9882252e-02   3.8171762e-02
   0.0000000e+00   0.0000000e+00   0.0000000e+00   1.4329838e-02   0.0000000e+00   0.0000000e+00   1.9271477e-01  -8.0633104e-02   3.7343758e-02   4.4093628e-02  -3.1318873e-02   3.9798057e-03   1.6976768e-03  -1.2925597e-01   1.4220700e-01   1.1133701e-01   0.0000000e+00   0.0000000e+00   2.1472914e-01   9.5413196e-02   1.2250589e-01   1.2228663e-01  -9.4999026e-02  -1.0007953e-02   8.7214919e-02  -6.4856428e-02   3.6887770e-01  -5.2999081e-02   1.5510662e-01   1.0658949e-01   2.2265084e-01   1.6927584e-03   1.5356891e-01   2.1644085e-01   8.4448298e-02   5.2956126e-02  -4.9045884e-02   3.2440677e-02   2.2831567e-02   6.1513781e-02   5.0044555e-02   6.1450890e-02   1.7241313e-01   1.0687229e-01   5.8068157e-02   1.3600012e-01   3.2757638e-01   1.1511176e-01   2.0549799e-01   4.6510884e-01   0.0000000e+00   2.0807317e-02   7.3410205e-02   1.4644423e-01   1.0048235e-01   2.2030644e-01   2.7586571e-01   1.0453669e-01   2.4454737e-01   1.0270498e-01   6.9876157e-02   8.6895786e-02  -1.7970218e-01   1.6342708e-01  -1.5118064e-01   1.7326106e-01  -5.5345640e-02  -9.1776198e-02  -1.8736360e-01   2.7134245e-01  -2.6013434e-01   0.0000000e+00   1.6379140e-02   1.8456608e-01   0.0000000e+00  -2.5389613e-01  -1.3331850e-01   9.6247240e-02   1.3857984e-01  -1.4864687e-01   3.0170590e-01  -5.1816663e-02   4.7525245e-02   1.0754123e-01   3.4343134e-01   4.8366499e-02  -3.3920758e-02   1.2777053e-01   1.7389645e-01  -3.1793217e-02  -1.4774990e-01   2.8961387e-01   3.4571554e-02   1.6527953e-01   1.5857871e-01   3.9519973e-02  -9.8154587e-03   5.4435324e-02   1.1332517e-01   8.2919227e-02   1.4943693e-01   6.1771711e-02  -1.6141183e-01   1.7384048e-01   1.4238256e-01   5.6794719e-02  -1.9937446e-03   1.3637760e-01   1.1085815e-02  -7.4000501e-02  -2.8491222e-02   0.0000000e+00   0.0000000e+00   2.5636226e-01   0.0000000e+00  -8.3111585e-02   2.4450276e-02  -1.4007867e-01
   0.0000000e+00   0.0000000e+00   0.0000000e+00   0.0000000e+00   0.0000000e+00   0.0000000e+00   0.0000000e+00   0.0000000e+00   0.0000000e+00   0.0000000e+00   0.0000000e+00   0.0000000e+00   0.0000000e+00   0.0000000e+00   0.0000000e+00   0.0000000e+00   0.0000000e+00   0.0000000e+00   0.0000000e+00   0.0000000e+00   0.0000000e+00   0.0000000e+00   0.0000000e+00   0.0000000e+00   0.0000000e+00   0.0000000e+00   0.0000000e+00   0.0000000e+00   0.0000000e+00   0.0000000e+00   0.0000000e+00   0.0000000e+00   0.0000000e+00   0.0000000e+00   0.0000000e+00   0.0000000e+00   0.0000000e+00   0.0000000e+00   0.0000000e+00   0.0000000e+00   0.0000000e+00   0.0000000e+00   0.0000000e+00   0.0000000e+00   0.0000000e+00   0.0000000e+00   0.0000000e+00   0.0000000e+00   0.0000000e+00   0.0000000e+00   0.0000000e+00   0.0000000e+00   0.0000000e+00   0.0000000e+00   0.0000000e+00   0.0000000e+00   0.0000000e+00   0.0000000e+00   0.0000000e+00   0.0000000e+00   0.0000000e+00   0.0000000e+00   0.0000000e+00   0.0000000e+00   0.0000000e+00   0.0000000e+00   0.0000000e+00   0.0000000e+00   0.0000000e+00   0.0000000e+00   0.0000000e+00   0.0000000e+00   0.0000000e+00   0.0000000e+00   0.0000000e+00   0.0000000e+00   0.0000000e+00   0.0000000e+00   0.0000000e+00   0.0000000e+00   0.0000000e+00   0.0000000e+00   0.0000000e+00   0.0000000e+00   0.0000000e+00   0.0000000e+00   0.0000000e+00   0.0000000e+00   0.0000000e+00   0.0000000e+00   0.0000000e+00   0.0000000e+00   0.0000000e+00   0.0000000e+00   0.0000000e+00   0.0000000e+00   0.0000000e+00   0.0000000e+00   0.0000000e+00   0.0000000e+00   0.0000000e+00   0.0000000e+00   0.0000000e+00   0.0000000e+00   0.0000000e+00   0.0000000e+00   0.0000000e+00   0.0000000e+00   0.0000000e+00   0.0000000e+00   0.0000000e+00   0.0000000e+00   0.0000000e+00   0.0000000e+00   0.0000000e+00   0.0000000e+00   0.0000000e+00   0.0000000e+00
   0.0000000e+00   0.0000000e+00   0.0000000e+00   7.8560331e-02   1.9271477e-01   0.0000000e+00   0.0000000e+00  -6.1619174e-02  -4.0849004e-02  -3.9242725e-02   1.2215604e-01  -1.7316454e-01   2.0622061e-02   1.7731040e-01   2.0084151e-01   1.0429531e-01   0.0000000e+00   0.0000000e+00   2.3218272e-01   6.2810711e-03   1.7169946e-01  -2.1772566e-02   2.1651387e-01   9.6658079e-02   4.6290530e-02   8.6155424e-02   2.1848877e-01  -8.2112486e-02   1.0564312e-02  -1.9776678e-01   2.8598804e-01   1.9818729e-01  -1.2157315e-02   2.7336213e-01   3.0577899e-02   8.7981937e-02  -2.1085524e-01  -5.9930743e-02   9.3141239e-02   1.0841890e-01  -1.2271377e-02   1.6625003e-01   1.3667866e-01   8.9161804e-02  -1.4173037e-01   1.6331649e-01   2.6607321e-01   2.2465086e-01   2.0619028e-01   3.8368105e-01   0.0000000e+00  -1.9492627e-01  -8.4263371e-02   2.0294736e-01   1.3057674e-01   1.9328696e-01   3.0725439e-01  -2.3553789e-02   1.9362915e-01  -1.4053354e-01  -8.6115533e-02  -9.3495247e-02  -1.2256238e-01   4.5913535e-01  -2.3238158e-01   3.4997180e-01  -2.4388302e-01   3.1042773e-01   1.7284669e-01   1.6447209e-01  -1.7390956e-01   0.0000000e+00   6.2800518e-02   1.4623866e-01   0.0000000e+00   3.4728370e-02  -4.1294180e-02   4.0182924e-02   7.0092108e-02  -8.8922177e-02  -5.1157630e-02  -2.3747727e-01   7.2260843e-02  -8.9696117e-03   3.4953665e-01   1.3701075e-01   3.0363441e-01   1.0064023e-01   3.2860074e-01   1.5997155e-02  -1.5075288e-01   1.1526125e-01  -1.2072689e-01   4.3183993e-01   1.7268142e-01  -9.8011517e-02  -2.4087931e-01  -1.5732810e-01   9.3107909e-03  -2.7645493e-02  -1.0633569e-01  -1.4174935e-01  -1.5747443e-01  -1.4884447e-01   1.6841811e-01   2.6930299e-02  -6.5917554e-02   3.1013248e-01   1.4625564e-01   6.6224379e-02   3.0351362e-02   0.0000000e+00   0.0000000e+00   7.3636324e-02   0.0000000e+00  -1.0601363e-01   7.4508353e-02   1.8010929e-02
   0.0000000e+00   0.0000000e+00   0.0000000e+00  -1.3972517e-01  -8.0633104e-02   0.0000000e+00  -6.1619174e-02   0.0000000e+00   5.1004482e-02  -1.4102588e-02  -9.5962506e-02  -1.2771968e-01   2.9652598e-02  -4.4086931e-02   2.4402020e-02   8.9745843e-02   0.0000000e+00   0.0000000e+00  -1.3534225e-01  -1.0117279e-01  -4.9039979e-02   9.3953317e-02  -1.0748519e-02  -9.7410408e-02   8.5384785e-02  -1.1802544e-01   5.8918352e-02   2.4450507e-02   4.8862687e-02  -6.8609821e-02  -1.0460422e-01   9.7335438e-02  -2.0089860e-02  -3.9336695e-04  -1.1547701e-01   2.1990649e-02  -1.2295542e-01  -1.1112001e-01  -1.4281621e-01  -3.0565876e-02  -9.1995937e-02  -9.6195591e-02  -3.6843796e-02  -1.1116842e-01  -3.2703782e-02   4.5328485e-02   7.1420929e-02   1.0583678e-01  -1.3243795e-01  -3.9665543e-02   0.0000000e+00  -1.0145212e-01   4.7462919e-03   2.7268090e-03  -3.5571880e-03   2.0742586e-02  -3.6016446e-02  -4.1831859e-02  -1.2753657e-01  -3.5734779e-02  -1.0388980e-01  -4.3239075e-02  -6.3912494e-02  -2.1237269e-01   7.3911126e-02  -2.3220267e-01   6.0949356e-02  -1.3324052e-01   1.3376399e-01  -9.6518661e-02   3.4512220e-02   0.0000000e+00  -1.4097693e-01  -4.9845481e-02   0.0000000e+00   8.0286741e-02   8.0016417e-02   6.0184632e-02   4.2412676e-02   9.2960110e-02  -1.0826410e-02   1.0580170e-01   1.2977365e-01  -3.8925662e-02  -7.1512834e-02   1.1859739e-01   2.0741393e-02  -1.3688055e-01   1.1118972e-01   4.9190276e-02   7.0413433e-02  -1.1238884e-01   5.5625424e-02  -7.8871674e-02   2.8317805e-02  -3.5948546e-02  -7.4890105e-02  -1.4516308e-01  -1.0139095e-01  -1.2492034e-01  -1.1689247e-01  -3.3240642e-02  -3.0445598e-02  -9.0367291e-02  -1.0878543e-01  -1.2837840e-01  -2.4068696e-02  -1.4756870e-01  -1.1954705e-01  -1.1912824e-01  -4.9883187e-02   0.0000000e+00   0.0000000e+00  -3.8436296e-02   0.0000000e+00   3.9259720e-01  -8.2315998e-02   1.9825640e-02
   0.0000000e+00   0.0000000e+00   0.0000000e+00  -3.0127107e-02   3.7343758e-02   0.0000000e+00  -4.0849004e-02   5.1004482e-02   0.0000000e+00  -7.8561693e-03  -7.2656218e-02   1.3033186e-01   4.4751871e-02  -1.1386264e-01  -9.4386079e-03   1.3300484e-01   0.0000000e+00   0.0000000e+00   1.1339412e-01  -1.5932318e-01   4.9595062e-03  -9.5537257e-02  -1.5716094e-01  -1.2549789e-01  -7.4253766e-02   8.4287956e-03   4.9452766e-03  -1.9362847e-02   1.5736507e-01   2.1536259e-01   1.4375414e-01  -8.0729794e-02   1.5134307e-01   1.7869261e-01   2.5259079e-03   3.6513233e-02   2.5862159e-01   4.5051437e-02  -7.2078301e-02   7.0416056e-02  -2.4299048e-02  -2.3816550e-02   2.2733563e-01   1.9038497e-01   1.4030543e-01   3.1618100e-01  -7.1677892e-02   1.4914852e-01   8.3677213e-02   9.5047823e-02   0.0000000e+00   1.0981636e-01   7.6093270e-02  -5.0152979e-02   5.3871443e-02   1.4370603e-01   3.7554263e-02   2.3753606e-01   1.4085389e-01  -6.2200982e-02   3.3885917e-02   4.2624061e-02  -9.7143101e-02   1.1556504e-01   2.2252047e-01   1.2821741e-01   3.4066598e-01  -7.0948814e-05   5.0057204e-02   6.3726056e-02  -1.4455791e-01   0.0000000e+00   1.0039219e-01  -1.1011203e-01   0.0000000e+00   1.0223399e-01  -1.0055220e-02   4.3728009e-02   2.3231801e-02   4.4235133e-02   4.8434280e-02  -1.3419584e-01  -1.8018810e-01   7.2316785e-02   1.3708125e-01   9.4047220e-02   6.9101024e-02   1.8144675e-02   6.2823122e-02   3.7573369e-02   1.9350114e-01   4.7028880e-02   9.2817168e-02   2.3074075e-01   1.6877573e-01  -7.4219631e-02   2.8386216e-01   2.6814265e-01   2.0441358e-01   1.3925787e-01  -3.0639881e-02   2.0750333e-02   2.8104046e-01   7.0384787e-02   7.3979035e-02   3.6011617e-02   8.0174127e-02   2.9832861e-02   1.0686735e-01   2.0534951e-01   4.5930466e-01   0.0000000e+00   0.0000000e+00   6.7163762e-02   0.0000000e+00   3.4957004e-03   5.7013917e-02  -1.3301881e-01
   0.0000000e+00   0.0000000e+00   0.0000000e+00   1.5261607e-01   4.4093628e-02   0.0000000e+00  -3.9242725e-02  -1.4102588e-02  -7.8561693e-03   0.0000000e+00   3.5040648e-01   1.3757238e-01   2.6530714e-01  -2.9499535e-02   5.9082622e-02   3.4428023e-02   0.0000000e+00   0.0000000e+00   3.3429732e-01   2.7573502e-02   3.0949411e-01   6.1537250e-01   1.4795833e-01   3.2188303e-01   6.2255082e-01  -1.2996914e-03   2.8140492e-01   4.2106634e-01  -1.1231120e-01   3.6472155e-01  -4.6215412e-02   3.6267556e-01   2.0026962e-01   2.0456320e-01   4.9503643e-01   6.8854449e-01   3.5892844e-01   5.2176943e-01   1.7136700e-01   3.0639438e-01   4.1566734e-01   1.5484032e-01   1.5569438e-01   2.0054146e-01   5.6780470e-01   3.1435845e-01   4.6347777e-01   2.4490594e-01   1.1488459e-01  -5.5110828e-04   0.0000000e+00   1.1315694e-01   4.0125385e-01   1.4313267e-01   9.9291497e-02   1.1326783e-01   2.0412424e-01   9.4423166e-03   2.8940371e-01   1.0919669e-01   1.4642910e-01   6.9409500e-03   1.9456693e-01   2.4649310e-02   1.2249441e-01   3.7392132e-02   1.3494512e-01   5.2720522e-02  -2.7456210e-01  -3.8689451e-01  -1.6739198e-02   0.0000000e+00   9.5159921e-02  -3.2333852e-01   0.0000000e+00   1.9953594e-02  -1.8221638e-01  -2.2938370e-01  -3.6210008e-01  -6.4180005e-02  -5.6649159e-02  -1.6691745e-01   1.0930962e-02  -1.6150263e-01   5.7991353e-02  -5.4851206e-02  -3.4377910e-01  -5.0073006e-02  -3.9548883e-01   2.9395139e-02  -1.0950056e-01  -3.2153074e-01   6.6473258e-02   1.9704623e-04   1.0881748e-02   5.2160055e-02   5.9329586e-02   2.7160280e-01   1.2635273e-01   1.0236954e-01  -1.7465637e-01   1.6054062e-01  -2.4703182e-01   1.4770961e-01   3.3608777e-01   1.6618360e-01   2.2830494e-03   8.3419509e-02   9.7655994e-02   4.3775300e-02   7.3231169e-02   0.0000000e+00   0.0000000e+00   1.1688670e-01   0.0000000e+00  -5.5012647e-02  -4.7143630e-02  -2.9735147e-01
   0.0000000e+00   0.0000000e+00   0.0000000e+00   1.9403514e-01  -3.1318873e-02   0.0000000e+00   1.2215604e-01  -9.5962506e-02  -7.2656218e-02   3.5040648e-01   0.0000000e+00   9.1510441e-02   1.5113898e-01   7.3382578e-02   1.5389043e-02   9.4064575e-02   0.0000000e+00   0.0000000e+00   2.1924583e-01   5.5949255e-02   3.0229771e-01   2.9200392e-01   3.2515514e-01   3.7337144e-01   2.5203135e-01   1.3698983e-01   1.3598846e-01   2.9244251e-01  -9.6987856e-02   8.9576869e-02  -1.3286890e-03   2.5255972e-01  -3.8452058e-02   1.0706915e-01   2.7493820e-01   4.2854965e-01   1.0350361e-01   3.5698110e-01   1.8454709e-01   4.0018929e-01   3.1613347e-01   2.4687095e-01  -3.4345684e-02   2.0381300e-01   1.2247775e-01   1.7387975e-01   2.8013685e-01   1.9387184e-01   4.0903885e-02   7.1039915e-02   0.0000000e+00  -1.0722370e-01   1.3637779e-01   2.9766004e-01   4.9172235e-02   8.5531981e-02   8.3387392e-02  -5.5224477e-02   1.5525377e-01  -1.3006910e-02   4.4874149e-02  -8.0024214e-02   1.5452952e-01   1.5244984e-01   5.9049904e-02   1.2454643e-01   1.4899420e-02   1.1692813e-01  -1.4134182e-01  -2.4219602e-01   5.9332373e-03   0.0000000e+00   7.7246546e-03  -9.8760343e-02   0.0000000e+00   1.2280795e-02  -5.8970102e-02  -6.8723234e-02  -2.9748420e-01  -1.4558898e-01  -1.4078503e-01  -1.5328374e-01  -1.4894400e-02  -1.1171015e-01  -2.8215245e-02  -6.4364911e-02  -2.2006962e-01  -9.0426442e-02  -2.7574221e-01   9.3056333e-02  -4.2776507e-02  -2.1440890e-01  -4.6412630e-02  -1.0129071e-02   8.9910063e-02   6.5870705e-02   3.2801679e-02   1.6114716e-01   7.8183433e-02   1.1084154e-01  -1.9761709e-02   3.3941438e-02  -1.7556413e-01  -5.7255464e-03   2.8881069e-01   1.3146870e-01  -3.5005039e-03   2.4248868e-01   2.6088792e-01   1.9088602e-01   6.7959504e-02   0.0000000e+00   0.0000000e+00   7.0518626e-02   0.0000000e+00  -1.5829763e-01  -7.7614941e-02  -1.8273717e-01
   0.0000000e+00   0.0000000e+00   0.0000000e+00  -3.5987872e-02   3.9798057e-03   0.0000000e+00  -1.7316454e-01  -1.2771968e-01   1.3033186e-01   1.3757238e-01   9.1510441e-02   0.0000000e+00   8.9498612e-02  -1.8099531e-01  -3.9521369e-02   3.0010461e-02   0.0000000e+00   0.0000000e+00   2.1306271e-01  -1.0889164e-02   2.4694510e-02   4.2011810e-02  -1.9919217e-01  -7.7611081e-02   2.1994623e-02  -1.0855660e-01  -4.2691684e-02  -5.4832067e-02   1.6993657e-01   3.3341003e-01   1.2424888e-01  -1.8669613e-01   1.8609427e-01   9.2910210e-02   7.7510121e-02   1.4295938e-02   2.5210126e-01   1.4695779e-01  -2.7415133e-02   1.4810706e-02   9.5835769e-02  -1.6172370e-02   2.5208627e-01   1.3453502e-01   3.1144401e-01   1.2828897e-01  -1.1078409e-01  -9.8435593e-02   6.5187514e-02   1.0370277e-01   0.0000000e+00   1.9097728e-01   2.4166019e-01  -1.2375375e-01   8.1766218e-02   9.9744516e-02   5.8271215e-02   2.0056784e-01   1.7502615e-01   1.6027651e-01   1.2566551e-01   1.0444172e-01  -7.6854788e-02   1.1581120e-01   1.3400512e-01   1.0731092e-01   2.1316286e-01  -1.0085903e-01  -1.5890908e-01   1.0744608e-01  -1.4880927e-01   0.0000000e+00   2.7320416e-01  -2.5873629e-02   0.0000000e+00  -1.1234704e-01  -1.5454334e-01  -1.0892321e-01  -2.7165904e-02   1.1347997e-01   2.0207014e-01  -6.9757767e-02  -1.5942145e-01   1.2789726e-01   1.6567395e-01  -9.6471162e-02  -1.0439341e-01   5.4567032e-02  -2.0606108e-01  -7.3085224e-02   6.4777859e-02   9.2870261e-02   1.4554226e-01   1.1793008e-01   1.6896510e-01   7.3612656e-02   1.3891907e-01   2.1182663e-01   9.0686877e-02   1.4359151e-01   1.8121278e-02   1.2882710e-01   1.3238809e-01   3.1355207e-01   1.6413297e-01   2.3871390e-02  -3.4060761e-02   6.1489621e-02   2.4939292e-02   3.9007380e-02   1.9913521e-01   0.0000000e+00   0.0000000e+00   2.2392171e-01   0.0000000e+00   2.1333749e-02   1.1971755e-01  -1.7012817e-01
   0.0000000e+00   0.0000000e+00   0.0000000e+00  -5.4940517e-03   1.6976768e-03   0.0000000e+00   2.0622061e-02   2.9652598e-02   4.4751871e-02   2.6530714e-01   1.5113898e-01   8.9498612e-02   0.0000000e+00   1.4816270e-01   5.5869601e-03   5.0831302e-02   0.0000000e+00   0.0000000e+00   6.3233962e-02   3.2703987e-01   1.7787774e-01   3.0635324e-01   1.2385535e-01  -9.8238010e-03   2.5191698e-01   7.1218996e-02   1.3289768e-01   2.7438825e-01   6.1696343e-02   2.6399310e-01   2.0155427e-01   1.7555219e-01   1.1858526e-01   2.0159476e-01   2.8133444e-01   3.1843902e-01   1.9685273e-01   1.4015746e-01  -5.7979837e-02  -1.8278156e-02   1.1994258e-01   8.6732111e-02   4.1950679e-02   6.6109467e-02   2.4028679e-01   2.7433690e-01   2.0269333e-01   7.2427497e-02   2.3238482e-01   4.1613391e-02   0.0000000e+00   3.7399565e-02   2.8379481e-01   1.2741751e-01   4.4624061e-02   2.9902336e-02   2.5176892e-01   1.0872375e-01   1.2765564e-01  -8.5415447e-02   1.4205082e-02   2.3633248e-02   1.9864150e-01   6.3760177e-02   9.8471974e-02   9.6827521e-02   1.6553459e-01   1.5521755e-01  -2.4448093e-02  -1.0783965e-01   1.6075572e-01   0.0000000e+00   5.2958106e-02  -1.9343830e-01   0.0000000e+00   3.4468236e-02  -8.1152266e-03  -5.3076246e-02  -1.7883675e-01   4.9921851e-02  -4.2115561e-02  -3.5352817e-03   1.0146902e-01   7.2928831e-02   1.2659996e-01  -3.4276116e-02  -1.5159232e-01   1.2056846e-01  -1.7959519e-01   5.1370712e-02  -1.1134231e-01  -7.0686762e-02   6.6277110e-02   1.5392070e-01  -1.4269218e-02  -1.6589294e-02   6.9170776e-02   9.3234431e-02  -3.5033215e-02   4.3002393e-02  -9.0531016e-02   1.9442625e-01  -3.2747944e-02  -1.1093344e-02   4.6893286e-01   3.2761883e-01   3.8104945e-02   2.1424430e-01   2.9122026e-01   1.9865101e-01   1.5396582e-01   0.0000000e+00   0.0000000e+00   3.4430313e-02   0.0000000e+00   3.7125580e-02   9.3135571e-02  -1.8729309e-02
   0.0000000e+00   0.0000000e+00   0.0000000e+00   2.4525209e-01  -1.2925597e-01   0.0000000e+00   1.7731040e-01  -4.4086931e-02  -1.1386264e-01  -2.9499535e-02   7.3382578e-02  -1.8099531e-01   1.4816270e-01   0.0000000e+00  -1.5845886e-01  -1.1708890e-01   0.0000000e+00   0.0000000e+00  -1.1836239e-01   1.1570716e-01  -5.2254479e-02   1.5716206e-02   5.6653384e-01   1.2165314e-01  -8.1672727e-02   4.9221884e-01  -3.4133860e-02   1.2942425e-01  -3.1554802e-01  -3.4259835e-01  -2.7012921e-01   9.7103325e-02  -1.9829381e-01  -2.6397078e-01   1.6409273e-01  -4.8576405e-02  -3.2961217e-02  -2.5238083e-03   1.6574931e-01  -2.4717171e-02   2.8108718e-02   7.3833296e-02  -2.1941647e-01  -6.9720330e-03  -1.5029973e-01  -1.1442025e-01  -8.8992385e-03  -1.3248771e-01  -4.3781112e-02  -7.6322535e-02   0.0000000e+00  -1.0858820e-01  -4.7053443e-02   3.3982871e-01  -1.5518616e-01  -2.7017614e-01   9.1994737e-02  -2.5663091e-01  -1.3738406e-01  -3.1393491e-01   1.8706732e-01   8.6714366e-02   4.4340069e-01  -8.4259908e-02  -1.8881363e-02  -7.8818864e-02  -1.0278695e-01   4.4764754e-01   2.5129199e-01  -1.6783216e-01   4.6820611e-01   0.0000000e+00   5.1846927e-02   1.4820193e-02   0.0000000e+00   1.6453555e-01   1.9860484e-01   1.0907060e-01   1.1494508e-01   2.5029935e-02  -1.7816363e-01   4.1548365e-01   3.1210039e-01  -1.4345673e-01  -1.9273707e-01  -9.3830742e-02   8.8519157e-03   1.2593329e-01   1.0114458e-01   1.8563500e-01   5.3176520e-02   1.7581106e-02   2.0122120e-01   7.9552256e-03  -2.2704963e-02   8.9679119e-03  -5.9667997e-03  -7.4378770e-02   7.5503923e-02  -4.3315219e-03   2.3851155e-02   8.8317857e-02  -4.1517992e-03  -3.6652940e-01   1.2536012e-01   3.2185901e-02   3.1179195e-02   1.2274198e-01   2.8562696e-01   1.3174361e-01  -2.0645219e-01   0.0000000e+00   0.0000000e+00  -2.2455242e-01   0.0000000e+00  -2.2979634e-03   5.2839823e-03   3.5877286e-01
   0.0000000e+00   0.0000000e+00   0.0000000e+00   4.4402483e-02   1.4220700e-01   0.0000000e+00   2.0084151e-01   2.4402020e-02  -9.4386079e-03   5.9082622e-02   1.5389043e-02  -3.9521369e-02   5.5869601e-03  -1.5845886e-01   0.0000000e+00   2.0338271e-01   0.0000000e+00   0.0000000e+00   2.1478671e-01   6.8723259e-02   2.1802125e-01   4.5876932e-02   7.9959122e-02   1.3795704e-01   1.0250939e-01  -1.3020015e-01   1.1935736e-01  -4.7240558e-02   2.3079491e-01   1.7009983e-01   2.7315132e-01   1.0310966e-01   1.7520578e-01   3.7168394e-01   4.4656882e-02   1.3140576e-01  -9.3043756e-02  -2.3392199e-02  -2.9880032e-03   8.9570015e-02   8.9706480e-02   1.2339099e-01   1.0719493e-01   1.4776352e-01   9.2450742e-02   2.7787376e-01   2.8753159e-01   3.1528642e-01   2.4073828e-01   1.5896530e-01   0.0000000e+00  -1.0427506e-01   6.0578756e-02   6.7339375e-02   2.2154432e-01   4.1200951e-01   1.5656728e-01   2.7902612e-01   3.4448497e-01   2.8482511e-02  -3.7934346e-02   2.9434691e-02  -1.1175868e-01   3.0377184e-01  -6.4394914e-02   1.9384849e-01   6.6348981e-02   2.1547367e-03  -1.0352369e-01   1.2689708e-01  -2.0668452e-01   0.0000000e+00   7.6232873e-02  -4.9360692e-02   0.0000000e+00  -7.0013905e-02  -1.3633955e-01  -8.3680853e-02  -1.2283188e-03   3.8071410e-02   6.6628526e-02  -2.0690072e-01  -7.3865010e-03  -3.7636786e-03   2.1989506e-01   7.6454506e-02   5.7480898e-02  -2.7784816e-02   7.0772192e-02   1.0238153e-02  -5.1993552e-02   2.4629494e-02   2.5942880e-02   1.3897927e-01   1.5607648e-01   2.6603460e-02  -1.1380667e-01  -4.8942878e-02   3.6148914e-02   2.7701930e-02  -1.2616472e-01  -1.1094262e-01  -1.7282249e-01   3.9884503e-02   1.1139633e-01   5.2995837e-02   3.2083461e-02   1.1260689e-02  -2.4995501e-02  -4.6284239e-02   1.2836808e-01   0.0000000e+00   0.0000000e+00   2.5698719e-01   0.0000000e+00   5.2060050e-02   4.0551176e-02  -7.9294064e-02
   0.0000000e+00   0.0000000e+00   0.0000000e+00   1.5983615e-02   1.1133701e-01   0.0000000e+00   1.0429531e-01   8.9745843e-02   1.3300484e-01   3.4428023e-02   9.4064575e-02   3.0010461e-02   5.0831302e-02  -1.1708890e-01   2.0338271e-01   0.0000000e+00   0.0000000e+00   0.0000000e+00   2.4312103e-01  -5.5260811e-03   1.1346195e-01   4.8298127e-02  -4.1468285e-02  -3.1287033e-02   1.3088632e-01   1.9607245e-02   3.9489403e-02  -6.1711178e-02   1.2245658e-01   1.6955809e-01   1.9202720e-01   5.7656845e-02   1.8680829e-01   2.8612398e-01   6.7423687e-02   1.6621468e-01   1.0966859e-01   5.1026862e-02   7.8960550e-02   1.0076292e-02   1.6575847e-02   1.6738910e-01   2.3672213e-01   1.6516235e-01   1.1309674e-01   2.3922636e-01   1.2020669e-01   2.6469518e-01   1.7710872e-01   1.2965803e-01   0.0000000e+00   8.6664818e-02   3.6966130e-02   7.8358086e-02   3.8085659e-01   3.8937269e-01   1.7988341e-01   3.1672186e-01   3.1007122e-01  -1.2530350e-02   4.6751291e-02   4.8423850e-02  -4.4382859e-02   2.6067826e-01   3.9600993e-03   2.5064922e-01   1.9153453e-01  -4.1458323e-02  -1.2057169e-01   6.3090480e-02  -1.2317573e-01   0.0000000e+00   9.8480572e-02  -3.7213150e-02   0.0000000e+00  -3.3099471e-03  -6.9266660e-02   4.6805565e-02  -5.7192948e-02   8.4673660e-02   1.4899271e-02  -1.2807039e-01  -4.3614448e-02  -9.1584327e-02   2.2411470e-01   7.2937401e-02   1.9908940e-02  -3.5201028e-02   7.6939927e-02  -6.1422840e-02  -6.9621473e-02   3.9241209e-02   3.8969841e-02   1.9961634e-01   1.7085692e-01  -8.8452840e-03   8.0833930e-02   4.5015891e-02  -1.9173599e-02  -2.3308162e-02   4.1858964e-03   1.2203350e-01  -4.0310611e-03   9.5979108e-02   1.9866589e-01   2.0425862e-01   2.7392338e-02   1.3788048e-01   1.5232852e-01   1.8456748e-01   2.7656382e-01   0.0000000e+00   0.0000000e+00   2.9593809e-01   0.0000000e+00   1.3798612e-01   2.1960160e-02   3.1960030e-02
   0.0000000e+00   0.0000000e+00   0.0000000e+00   0.0000000e+00   0.0000000e+00   0.0000000e+00   0.0000000e+00   0.0000000e+00   0.0000000e+00   0.0000000e+00   0.0000000e+00   0.0000000e+00   0.0000000e+00   0.0000000e+00   0.0000000e+00   0.0000000e+00   0.0000000e+00   0.0000000e+00   0.0000000e+00   0.0000000e+00   0.0000000e+00   0.0000000e+00   0.0000000e+00   0.0000000e+00   0.0000000e+00   0.0000000e+00   0.0000000e+00   0.0000000e+00   0.0000000e+00   0.0000000e+00   0.0000000e+00   0.0000000e+00   0.0000000e+00   0.0000000e+00   0.0000000e+00   0.0000000e+00   0.0000000e+00   0.0000000e+00   0.0000000e+00   0.0000000e+00   0.0000000e+00   0.0000000e+00   0.0000000e+00   0.0000000e+00   0.0000000e+00   0.0000000e+00   0.0000000e+00   0.0000000e+00   0.0000000e+00   0.0000000e+00   0.0000000e+00   0.0000000e+00   0.0000000e+00   0.0000000e+00   0.0000000e+00   0.0000000e+00   0.0000000e+00   0.0000000e+00   0.0000000e+00   0.0000000e+00   0.0000000e+00   0.0000000e+00   0.0000000e+00   0.0000000e+00   0.0000000e+00   0.0000000e+00   0.0000000e+00   0.0000000e+00   0.0000000e+00   0.0000000e+00   0.0000000e+00   0.0000000e+00   0.0000000e+00   0.0000000e+00   0.0000000e+00   0.0000000e+00   0.0000000e+00   0.0000000e+00   0.0000000e+00   0.0000000e+00   0.0000000e+00   0.0000000e+00   0.0000000e+00   0.0000000e+00   0.0000000e+00   0.0000000e+00   0.0000000e+00   0.0000000e+00   0.0000000e+00   0.0000000e+00   0.0000000e+00   0.0000000e+00   0.0000000e+00   0.0000000e+00   0.0000000e+00   0.0000000e+00   0.0000000e+00   0.0000000e+00   0.0000000e+00   0.0000000e+00   0.0000000e+00   0.0000000e+00   0.0000000e+00   0.0000000e+00   0.0000000e+00   0.0000000e+00   0.0000000e+00   0.0000000e+00   0.0000000e+00   0.0000000e+00   0.0000000e+00   0.0000000e+00   0.0000000e+00   0.0000000e+00   0.0000000e+00   0.0000000e+00   0.0000000e+00   0.0000000e+00
   0.0000000e+00   0.0000000e+00   0.0000000e+00   0.0000000e+00   0.0000000e+00   0.0000000e+00   0.0000000e+00   0.0000000e+00   0.0000000e+00   0.0000000e+00   0.0000000e+00   0.0000000e+00   0.0000000e+00   0.0000000e+00   0.0000000e+00   0.0000000e+00   0.0000000e+00   0.0000000e+00   0.0000000e+00   0.0000000e+00   0.0000000e+00   0.0000000e+00   0.0000000e+00   0.0000000e+00   0.0000000e+00   0.0000000e+00   0.0000000e+00   0.0000000e+00   0.0000000e+00   0.0000000e+00   0.0000000e+00   0.0000000e+00   0.0000000e+00   0.0000000e+00   0.0000000e+00   0.0000000e+00   0.0000000e+00   0.0000000e+00   0.0000000e+00   0.0000000e+00   0.0000000e+00   0.0000000e+00   0.0000000e+00   0.0000000e+00   0.0000000e+00   0.0000000e+00   0.0000000e+00   0.0000000e+00   0.0000000e+00   0.0000000e+00   0.0000000e+00   0.0000000e+00   0.0000000e+00   0.0000000e+00   0.0000000e+00   0.0000000e+00   0.0000000e+00   0.0000000e+00   0.0000000e+00   0.0000000e+00   0.0000000e+00   0.0000000e+00   0.0000000e+00   0.0000000e+00   0.0000000e+00   0.0000000e+00   0.0000000e+00   0.0000000e+00   0.0000000e+00   0.0000000e+00   0.0000000e+00   0.0000000e+00   0.0000000e+00   0.0000000e+00   0.0000000e+00   0.0000000e+00   0.0000000e+00   0.0000000e+00   0.0000000e+00   0.0000000e+00   0.0000000e+00   0.0000000e+00   0.0000000e+00   0.0000000e+00   0.0000000e+00   0.0000000e+00   0.0000000e+00   0.0000000e+00   0.0000000e+00   0.0000000e+00   0.0000000e+00   0.0000000e+00   0.0000000e+00   0.0000000e+00   0.0000000e+00   0.0000000e+00   0.0000000e+00   0.0000000e+00   0.0000000e+00   0.0000000e+00   0.0000000e+00   0.0000000e+00   0.0000000e+00   0.0000000e+00   0.0000000e+00   0.0000000e+00   0.0000000e+00   0.0000000e+00   0.0000000e+00   0.0000000e+00   0.0000000e+00   0.0000000e+00   0.0000000e+00   0.0000000e+00   0.0000000e+00   0.0000000e+00   0.0000000e+00   0.0000000e+00
   0.0000000e+00   0.0000000e+00   0.0000000e+00   1.2442230e-01   2.1472914e-01   0.0000000e+00   2.3218272e-01  -1.3534225e-01   1.1339412e-01   3.3429732e-01   2.1924583e-01   2.1306271e-01   6.3233962e-02  -1.1836239e-01   2.1478671e-01   2.4312103e-01   0.0000000e+00   0.0000000e+00   0.0000000e+00  -2.8567781e-02   1.9354626e-01   2.2600014e-01   1.5546799e-02   2.3913549e-02   1.7758878e-01  -3.7993276e-02   2.1625154e-01   6.7643752e-02   1.1743677e-01   3.1310364e-01   2.8542307e-01   9.2261163e-02   3.3108175e-01   3.0656777e-01   2.4607398e-01   3.5099700e-01   1.8217418e-01   2.4181420e-01   1.8811931e-01   5.3910575e-02   1.4447285e-01   2.4777774e-01   3.8253880e-01   3.1279657e-01   2.4679095e-01   4.2150467e-01   2.3732943e-01   2.2652188e-01   2.6637327e-01   3.1187691e-01   0.0000000e+00   1.4396487e-01   2.4953762e-01   2.4677482e-01   3.5657148e-01   4.0551998e-01   3.6239006e-01   2.0116896e-01   4.8324317e-01   6.7309545e-02   1.6698831e-01   1.5102821e-01  -3.7833835e-02   3.2982528e-01   1.7721270e-02   4.3912196e-01   1.1856528e-01   1.0781838e-01  -2.2058081e-01   6.0862066e-02  -2.5118217e-01   0.0000000e+00   2.6616112e-01  -4.0720660e-02   0.0000000e+00  -2.2318786e-02  -1.6906923e-01  -2.9298588e-02  -1.2279733e-01  -3.0269737e-02   1.4728633e-01  -2.3292452e-01  -7.3901121e-02   7.9647941e-02   4.3409838e-01   4.4869277e-02  -4.3843587e-02   7.3616311e-02  -8.9747838e-02  -4.6167750e-02  -5.7476183e-02   4.8756251e-02   7.5419185e-02   3.1623208e-01   3.9695562e-01   7.1056739e-02   9.4732375e-03   2.2605468e-01   1.8319851e-01   1.0161802e-01   7.3980242e-03   2.8862108e-02  -6.0379801e-02   1.7144273e-01   4.4864131e-01   2.1546261e-01   4.1854169e-02   3.1374481e-01   2.0246550e-01   2.1039146e-01   2.7022399e-01   0.0000000e+00   0.0000000e+00   4.2706561e-01   0.0000000e+00  -3.8600777e-02   9.9640949e-02  -2.9237592e-01
   0.0000000e+00   0.0000000e+00   0.0000000e+00   1.0765970e-01   9.5413196e-02   0.0000000e+00   6.2810711e-03  -1.0117279e-01  -1.5932318e-01   2.7573502e-02   5.5949255e-02  -1.0889164e-02   3.2703987e-01   1.1570716e-01   6.8723259e-02  -5.5260811e-03   0.0000000e+00   0.0000000e+00  -2.8567781e-02   0.0000000e+00   3.2782145e-01   1.6127284e-01   9.1183009e-02   1.1363713e-01   6.9055485e-02   1.4487954e-01   2.4962774e-01   1.4708108e-01   1.5755396e-01   9.5161071e-02   1.1086212e-01   9.7451904e-02  -7.1107250e-03   1.4297461e-01   2.1652064e-01  -2.9387154e-02  -1.2368789e-01   2.8946686e-02  -2.1327787e-02   1.5683512e-01   1.4499326e-01   2.6117010e-02  -1.2821556e-01   3.9405735e-02   1.7473511e-04  -8.5190494e-03   1.3741919e-01   9.1352926e-05   1.2654740e-01  -5.2696181e-02   0.0000000e+00  -1.6691811e-01  -4.6725150e-02   2.5856440e-02  -6.0233439e-02  -1.4817493e-02   7.9478099e-02   5.5451510e-02   4.1595048e-02   1.2588191e-01   5.7028794e-02   1.5724642e-01   4.8864149e-02   3.2439352e-02  -1.8543124e-01  -1.7817593e-02  -1.5922916e-01  -1.1032659e-01  -1.6497024e-01   2.7477069e-01   1.4346975e-01   0.0000000e+00  -3.7165967e-02  -8.1865468e-02   0.0000000e+00  -3.2630683e-01   9.9582606e-02   1.0199564e-01   1.2002697e-01  -1.2394995e-01   9.2059032e-02   6.4710751e-02   3.0807978e-01   6.6547964e-02   7.8881642e-03  -1.2301072e-02  -1.3363926e-01   1.1847520e-02   8.7867510e-02  -3.0883610e-02  -2.3766484e-01   1.4845518e-01  -9.9474302e-02  -7.8899081e-02  -1.3299711e-01   1.5150757e-01  -2.0138035e-01  -9.1917006e-02  -1.5730761e-01   1.6401053e-02   4.8010723e-02   1.8486165e-01  -7.6405316e-02   2.6182195e-02   7.2881452e-02   9.5437679e-02   7.0427872e-02  -3.3473961e-02   1.5002353e-01  -1.8170784e-02  -8.2806014e-02   0.0000000e+00   0.0000000e+00   2.5462227e-02   0.0000000e+00   6.1316431e-03  -1.0207878e-01   1.8809588e-01
   0.0000000e+00   0.0000000e+00   0.0000000e+00   1.9277923e-01   1.2250589e-01   0.0000000e+00   1.7169946e-01  -4.9039979e-02   4.9595062e-03   3.0949411e-01   3.0229771e-01   2.4694510e-02   1.7787774e-01  -5.2254479e-02   2.1802125e-01   1.1346195e-01   0.0000000e+00   0.0000000e+00   1.9354626e-01   3.2782145e-01   0.0000000e+00   3.7884577e-01   2.9188945e-01   5.0385526e-01   3.2032579e-01   4.9347467e-02   3.4297100e-01   3.0245583e-01   1.1221040e-01   2.9468840e-01   2.6360159e-01   3.1286583e-01   8.3092389e-02   3.8909821e-01   3.1774057e-01   3.3037430e-01  -1.7010368e-02   3.3162008e-01   1.5081617e-02   4.1884275e-01   3.2870683e-01   1.3444232e-01   7.3180032e-02   2.7906495e-01   2.3637929e-01   2.9501159e-01   4.7074207e-01   2.8752363e-01   3.1110843e-01   5.5486260e-02   0.0000000e+00  -1.3503010e-01   2.2729677e-01   1.4916253e-01   9.8727610e-02   1.9003965e-01   1.4074955e-01   1.5121840e-01   3.3861019e-01   2.5006498e-01   1.2179721e-01   5.3234709e-02  -1.3627295e-01   2.4617621e-01  -4.4637637e-02   4.4123953e-02   5.3884622e-02  -1.5295453e-02  -1.1358099e-01  -4.5078832e-02  -2.2937346e-01   0.0000000e+00   3.9437148e-02  -2.0589054e-01   0.0000000e+00  -1.1691658e-01  -1.1344893e-01  -4.1528265e-02  -6.9652662e-02  -2.1038131e-01   8.8315155e-02  -1.6179040e-01   2.3859931e-01  -1.1376650e-02   1.3853390e-01   9.7559486e-02  -1.4342630e-01  -2.7048527e-02  -5.9701998e-02   1.8664866e-01  -4.3273124e-02  -5.8789688e-02  -7.1130548e-02   1.7313984e-02   1.5833210e-01   1.2783686e-01  -1.2629765e-01   1.0267287e-01   2.8198710e-02   7.6548715e-02  -1.0510827e-01   5.6970143e-02  -2.4795999e-01   2.1661470e-01   2.1702486e-01   6.0243143e-02  -1.0798196e-01   4.8001434e-02   4.0574714e-02  -5.4792492e-02   1.0198056e-01   0.0000000e+00   0.0000000e+00   2.0388927e-01   0.0000000e+00  -2.6403743e-02  -1.6978690e-01  -1.1810781e-01
