   0.0000000e+00   0.0000000e+00   0.0000000e+00   0.0000000e+00   0.0000000e+00   0.0000000e+00   0.0000000e+00   0.0000000e+00   0.0000000e+00   0.0000000e+00   0.0000000e+00   0.0000000e+00   0.0000000e+00   0.0000000e+00   0.0000000e+00   0.0000000e+00   0.0000000e+00   0.0000000e+00   0.0000000e+00   0.0000000e+00   0.0000000e+00   0.0000000e+00   0.0000000e+00   0.0000000e+00   0.0000000e+00   0.0000000e+00   0.0000000e+00   0.0000000e+00   0.0000000e+00   0.0000000e+00   0.0000000e+00   0.0000000e+00   0.0000000e+00   0.0000000e+00   0.0000000e+00   0.0000000e+00   0.0000000e+00   0.0000000e+00   0.0000000e+00   0.0000000e+00   0.0000000e+00   0.0000000e+00   0.0000000e+00   0.0000000e+00   0.0000000e+00   0.0000000e+00   0.0000000e+00   0.0000000e+00   0.0000000e+00   0.0000000e+00   0.0000000e+00   0.0000000e+00   0.0000000e+00   0.0000000e+00   0.0000000e+00   0.0000000e+00   0.0000000e+00   0.0000000e+00   0.0000000e+00   0.0000000e+00   0.0000000e+00   0.0000000e+00   0.0000000e+00   0.0000000e+00   0.0000000e+00   0.0000000e+00   0.0000000e+00   0.0000000e+00   0.0000000e+00   0.0000000e+00   0.0000000e+00   0.0000000e+00   0.0000000e+00   0.0000000e+00   0.0000000e+00   0.0000000e+00   0.0000000e+00   0.0000000e+00   0.0000000e+00   0.0000000e+00   0.0000000e+00   0.0000000e+00   0.0000000e+00   0.0000000e+00   0.0000000e+00   0.0000000e+00   0.0000000e+00   0.0000000e+00   0.0000000e+00   0.0000000e+00   0.0000000e+00   0.0000000e+00   0.0000000e+00   0.0000000e+00   0.0000000e+00   0.0000000e+00   0.0000000e+00   0.0000000e+00   0.0000000e+00   0.0000000e+00   0.0000000e+00   0.0000000e+00   0.0000000e+00   0.0000000e+00   0.0000000e+00   0.0000000e+00   0.0000000e+00   0.0000000e+00   0.0000000e+00   0.0000000e+00   0.0000000e+00   0.0000000e+00   0.0000000e+00   0.0000000e+00   0.0000000e+00   0.0000000e+00   0.0000000e+00   0.0000000e+00
   0.0000000e+00   0.0000000e+00   0.0000000e+00   0.0000000e+00   0.0000000e+00   0.0000000e+00   0.0000000e+00   0.0000000e+00   0.0000000e+00   0.0000000e+00   0.0000000e+00   0.0000000e+00   0.0000000e+00   0.0000000e+00   0.0000000e+00   0.0000000e+00   0.0000000e+00   0.0000000e+00   0.0000000e+00   0.0000000e+00   0.0000000e+00   0.0000000e+00   0.0000000e+00   0.0000000e+00   0.0000000e+00   0.0000000e+00   0.0000000e+00   0.0000000e+00   0.0000000e+00   0.0000000e+00   0.0000000e+00   0.0000000e+00   0.0000000e+00   0.0000000e+00   0.0000000e+00   0.0000000e+00   0.0000000e+00   0.0000000e+00   0.0000000e+00   0.0000000e+00   0.0000000e+00   0.0000000e+00   0.0000000e+00   0.0000000e+00   0.0000000e+00   0.0000000e+00   0.0000000e+00   0.0000000e+00   0.0000000e+00   0.0000000e+00   0.0000000e+00   0.0000000e+00   0.0000000e+00   0.0000000e+00   0.0000000e+00   0.0000000e+00   0.0000000e+00   0.0000000e+00   0.0000000e+00   0.0000000e+00   0.0000000e+00   0.0000000e+00   0.0000000e+00   0.0000000e+00   0.0000000e+00   0.0000000e+00   0.0000000e+00   0.0000000e+00   0.0000000e+00   0.0000000e+00   0.0000000e+00   0.0000000e+00   0.0000000e+00   0.0000000e+00   0.0000000e+00   0.0000000e+00   0.0000000e+00   0.0000000e+00   0.0000000e+00   0.0000000e+00   0.0000000e+00   0.0000000e+00   0.0000000e+00   0.0000000e+00   0.0000000e+00   0.0000000e+00   0.0000000e+00   0.0000000e+00   0.0000000e+00   0.0000000e+00   0.0000000e+00   0.0000000e+00   0.0000000e+00   0.0000000e+00   0.0000000e+00   0.0000000e+00   0.0000000e+00   0.0000000e+00   0.0000000e+00   0.0000000e+00   0.0000000e+00   0.0000000e+00   0.0000000e+00   0.0000000e+00   0.0000000e+00   0.0000000e+00   0.0000000e+00   0.0000000e+00   0.0000000e+00   0.0000000e+00   0.0000000e+00   0.0000000e+00   0.0000000e+00   0.0000000e+00   0.0000000e+00   0.0000000e+00   0.0000000e+00   0.0000000e+00
   0.0000000e+00   0.0000000e+00   0.0000000e+00   0.0000000e+00   0.0000000e+00   0.0000000e+00   0.0000000e+00   0.0000000e+00   0.0000000e+00   0.0000000e+00   0.0000000e+00   0.0000000e+00   0.0000000e+00   0.0000000e+00   0.0000000e+00   0.0000000e+00   0.0000000e+00   0.0000000e+00   0.0000000e+00   0.0000000e+00   0.0000000e+00   0.0000000e+00   0.0000000e+00   0.0000000e+00   0.0000000e+00   0.0000000e+00   0.0000000e+00   0.0000000e+00   0.0000000e+00   0.0000000e+00   0.0000000e+00   0.0000000e+00   0.0000000e+00   0.0000000e+00   0.0000000e+00   0.0000000e+00   0.0000000e+00   0.0000000e+00   0.0000000e+00   0.0000000e+00   0.0000000e+00   0.0000000e+00   0.0000000e+00   0.0000000e+00   0.0000000e+00   0.0000000e+00   0.0000000e+00   0.0000000e+00   0.0000000e+00   0.0000000e+00   0.0000000e+00   0.0000000e+00   0.0000000e+00   0.0000000e+00   0.0000000e+00   0.0000000e+00   0.0000000e+00   0.0000000e+00   0.0000000e+00   0.0000000e+00   0.0000000e+00   0.0000000e+00   0.0000000e+00   0.0000000e+00   0.0000000e+00   0.0000000e+00   0.0000000e+00   0.0000000e+00   0.0000000e+00   0.0000000e+00   0.0000000e+00   0.0000000e+00   0.0000000e+00   0.0000000e+00   0.0000000e+00   0.0000000e+00   0.0000000e+00   0.0000000e+00   0.0000000e+00   0.0000000e+00   0.0000000e+00   0.0000000e+00   0.0000000e+00   0.0000000e+00   0.0000000e+00   0.0000000e+00   0.0000000e+00   0.0000000e+00   0.0000000e+00   0.0000000e+00   0.0000000e+00   0.0000000e+00   0.0000000e+00   0.0000000e+00   0.0000000e+00   0.0000000e+00   0.0000000e+00   0.0000000e+00   0.0000000e+00   0.0000000e+00   0.0000000e+00   0.0000000e+00   0.0000000e+00   0.0000000e+00   0.0000000e+00   0.0000000e+00   0.0000000e+00   0.0000000e+00   0.0000000e+00   0.0000000e+00   0.0000000e+00   0.0000000e+00   0.0000000e+00   0.0000000e+00   0.0000000e+00   0.0000000e+00   0.0000000e+00   0.0000000e+00
   0.0000000e+00   0.0000000e+00   0.0000000e+00   0.0000000e+00   1.0709507e-01   9.3267093e-03   8.0417987e-05   9.1381286e-02   1.0079153e-01  -1.4889135e-02  -4.0838133e-02   2.8026319e-03   8.7275747e-02   7.8565145e-02   1.6259517e-01   1.1891575e-01   2.7999701e-01   1.1023041e-01   2.0830917e-01  -5.4600340e-03   9.7957503e-02   3.5367552e-02   1.4831789e-01   1.5795926e-01   9.4141866e-02  -1.9622812e-01   1.8468876e-02  -1.0616416e-01   2.7598935e-02  -3.4639107e-02   3.8089596e-02  -2.7499911e-02   2.0573162e-01   9.2758575e-02   4.5331336e-02   1.8741850e-02  -1.6110581e-03   2.0477437e-01   3.7968980e-02   4.8382534e-02  -3.1073849e-02  -2.3528352e-02  -3.8618663e-03   1.0964641e-02  -2.8968835e-02   3.8115369e-02   1.5181632e-01   1.1717802e-01   5.7052794e-02  -5.5653337e-02   0.0000000e+00   9.4524704e-02  -9.7253626e-02   1.7633291e-01   4.9719072e-02   1.9608292e-01  -2.5262059e-02   1.4936641e-01   1.6210233e-01  -6.1633611e-02  -6.3956029e-02  -4.3725055e-02  -8.1210347e-02   2.4859068e-02   6.2206845e-02   0.0000000e+00   1.1693616e-01   1.4845147e-02   4.4933213e-02  -1.5519539e-02   2.1169119e-01   1.1271603e-01  -7.9790044e-02  -1.5342549e-02   0.0000000e+00   1.5748994e-03  -1.6220141e-02  -7.1903985e-02  -1.2527169e-02   1.1261194e-01  -4.7936908e-02   4.4418893e-02   6.4308277e-02  -1.9124866e-02   1.9473367e-02   3.0107822e-02   3.7670337e-02   1.7108491e-02   8.6994330e-04  -8.7855847e-02   4.9701061e-02  -6.2044353e-02  -6.4888650e-02   8.2175249e-03  -6.4866469e-02  -5.4100015e-02  -9.3048209e-02  -1.4497772e-01  -6.9611821e-02  -7.2894365e-02  -9.0237033e-02  -4.5261526e-02  -1.0009899e-01  -2.3246789e-01   1.3012859e-01   1.2838469e-01   1.4190851e-01   4.0918187e-02   8.0528624e-02   1.1870028e-01   1.5677313e-01   0.0000000e+00   1.3078256e-01   9.0359814e-02   0.0000000e+00   8.8930134e-02   8.4413674e-02   6.1652224e-02
   0.0000000e+00   0.0000000e+00   0.0000000e+00   1.0709507e-01   0.0000000e+00   5.2455477e-01   4.2174739e-02  -1.5705299e-01   1.2767851e-02   7.1471075e-02  -2.5823968e-02   1.6457218e-01  -5.6542007e-02  -8.7094636e-02   5.6221829e-02  -1.1845075e-01   1.1240965e-01   4.1032537e-01   7.4893079e-02   5.2391511e-02   1.3145255e-02  -1.7389275e-01  -1.0326296e-01   5.5986944e-02  -1.7873200e-01   2.0765439e-02  -3.2480806e-02  -4.0056000e-02  -4.0317903e-02   1.8035167e-01  -1.5611909e-01  -1.3404513e-01  -9.0061542e-02  -2.0505711e-01  -1.4864884e-01  -1.1240589e-02  -6.7910082e-02  -1.3215179e-01  -8.2978622e-02   2.8727956e-02  -1.1307845e-01  -2.4782383e-01  -7.8780592e-02  -1.3349637e-01  -4.3666166e-03  -2.0329563e-01   4.7148153e-01   1.3982056e-01  -6.5720228e-03   7.6114615e-02   0.0000000e+00   7.0679475e-02  -1.6317171e-01   1.5525870e-01   1.4383180e-01   3.8040850e-02   3.7081178e-01  -6.6463837e-02  -3.0204327e-02   1.0106912e-02  -4.6593010e-02  -2.0445118e-01  -4.8440633e-02   1.2309358e-01  -2.7333972e-02   0.0000000e+00   1.0370840e-01   4.7149066e-03  -9.7250907e-02  -1.9494929e-02  -9.1019380e-02  -1.3206019e-01  -6.6832405e-02   8.3295587e-02   0.0000000e+00  -8.7128772e-02  -2.3043403e-01   2.7215905e-02  -1.2412024e-01   1.9919927e-02  -2.2824001e-02   6.8921787e-02  -9.2159153e-03   1.4782278e-01   1.0034220e-01  -1.8066193e-02  -5.7930762e-03  -1.9504140e-01   1.4573231e-02  -1.3207249e-01  -6.4988309e-02   1.0913126e-01  -1.4908913e-01  -5.1596913e-02  -4.3229389e-02  -9.2774221e-02  -2.5744610e-01  -9.3661616e-02  -1.4199795e-01  -1.2307916e-02  -2.2912066e-01  -1.1572051e-01   6.8163093e-02   6.2864807e-02  -6.5005676e-02  -1.3629855e-01  -4.8813941e-02  -7.8393223e-03  -1.6521792e-01   6.6045882e-03  -8.7354862e-02   0.0000000e+00  -9.5321001e-03  -1.3596708e-01   0.0000000e+00  -1.1988579e-01  -1.5448498e-01  -1.3576507e-01
   0.0000000e+00   0.0000000e+00   0.0000000e+00   9.3267093e-03   5.2455477e-01   0.0000000e+00   3.9353226e-02  -1.4546316e-01   1.8853395e-02   1.5914500e-01  -9.1735247e-02   1.8083102e-01  -2.6005895e-01  -2.4208048e-01  -7.7223065e-02  -6.5615626e-02   4.3376915e-02   1.7544137e-01  -4.9848206e-02  -1.7639482e-01  -1.9288038e-01  -3.0614303e-01  -2.1564282e-01  -4.5616109e-02  -3.4916838e-01  -7.4023357e-02  -1.4898937e-01  -1.0503178e-01  -1.7726541e-01   9.8171861e-02  -1.7615220e-01  -3.0171382e-02  -1.8166058e-01  -1.5768013e-01  -1.3614998e-01  -1.8982696e-01  -1.1930845e-01  -1.6258205e-01  -1.2097428e-01  -9.6874417e-02  -9.5391482e-02  -3.9222683e-01  -9.4828101e-02  -2.2054069e-01  -1.8226519e-01  -3.6788862e-01   6.5149373e-02   2.5674098e-03  -8.0664548e-03  -1.7837525e-01   0.0000000e+00  -4.5293658e-02  -8.4923235e-02   3.2653795e-02   1.2979814e-01   5.4719791e-02   1.4054416e-01  -2.8602651e-01   1.1079025e-02  -1.6980701e-02  -1.5406545e-01  -2.9005654e-01  -2.4224024e-01   1.4538601e-01  -1.7541136e-01   0.0000000e+00   4.2370762e-03  -1.8809638e-02  -1.6401554e-01  -6.9663135e-02  -1.3424549e-01  -8.1252047e-02   9.3675485e-02   3.7895115e-02   0.0000000e+00  -1.2105751e-01  -1.4783853e-01  -1.2842032e-03  -1.6893661e-01  -9.7613459e-02  -5.0486692e-02  -5.5490169e-02  -2.4220478e-01  -8.6406321e-03  -8.9651137e-03  -1.5490517e-01  -1.0668464e-01  -2.6531275e-01  -1.5458335e-01  -1.0885637e-01  -1.2458621e-01  -1.2741370e-02   4.9026493e-02  -8.5869847e-02  -4.7510285e-02   1.0920315e-02  -2.4055901e-01  -5.4898410e-02  -9.4806615e-02   9.4671086e-02  -2.1323215e-01  -1.2132658e-02  -9.1843878e-02   6.5098235e-02  -1.5546337e-01  -2.4531980e-01  -2.2145290e-01  -2.5981602e-01  -2.5214046e-01   4.2470620e-02  -7.8700647e-02   0.0000000e+00   8.4172092e-02  -1.7187213e-01   0.0000000e+00  -1.9679274e-01  -1.7405535e-01  -1.8838311e-01
   0.0000000e+00   0.0000000e+00   0.0000000e+00   8.0417987e-05   4.2174739e-02   3.9353226e-02   0.0000000e+00   4.9897745e-02  -1.4881086e-01   1.4327445e-01   1.5379976e-01  -3.2929944e-01  -1.2751935e-01   8.2712752e-02   3.1654250e-01  -1.8215433e-01   1.3949851e-01   1.0973127e-01  -7.1221533e-02   7.5051710e-02   1.4821147e-01   1.1431529e-01  -8.0149233e-02  -1.3152173e-01   8.2220130e-02   3.3830400e-03   2.5442011e-02  -1.3030776e-01   1.5483758e-01  -1.7223053e-01   7.0691955e-02  -2.5117182e-01   1.7748142e-01  -1.0568866e-01  -8.6427395e-02  -9.1096126e-02  -8.7856988e-02   1.7758127e-01   1.2722564e-01   4.9684762e-02   7.3527353e-02   5.6076366e-02   7.2440920e-02   3.0907032e-02  -2.4454120e-01   9.8606055e-04   7.0301728e-02   4.9225652e-03   2.0397330e-01   7.3325024e-02   0.0000000e+00  -3.1243821e-02  -2.3729041e-01   8.5531728e-02   7.0112107e-02  -6.5270210e-02   1.7817597e-02  -1.2804333e-02  -7.1318000e-02  -1.0956148e-01   1.5751970e-01   1.6082688e-01  -7.6797798e-02   1.9360835e-01   2.6718207e-02   0.0000000e+00   3.5777895e-02  -1.0092695e-01   2.8446278e-02   2.9561090e-03   1.0064743e-01   1.8406838e-01   5.9567779e-01   9.7942588e-01   0.0000000e+00   8.1456909e-02   4.8536884e-02  -6.7973453e-02   3.6202311e-02   1.1481776e-01   6.1492058e-02   9.0406757e-02   1.7457705e-01   1.5735881e-01  -5.9433828e-02   2.3481128e-01  -8.4131509e-02   1.0454612e-01   2.3338858e-01  -2.5469571e-01   2.4105383e-01   9.3169492e-02  -5.8578513e-02   2.6008319e-02   4.2246080e-02  -3.2491483e-01  -1.8318192e-01   2.1966589e-02  -1.3109897e-01  -4.1371745e-02  -6.5759838e-02   1.7860151e-02  -2.8838078e-01   1.3834598e-03  -6.7810811e-02  -1.0175109e-02  -3.7368641e-02  -7.6449165e-02  -1.0531186e-01   3.5917774e-01   7.1386891e-02   0.0000000e+00   2.7827697e-01   2.3890357e-01   0.0000000e+00  -4.4544792e-02   1.1036592e-01   6.2565589e-02
   0.0000000e+00   0.0000000e+00   0.0000000e+00   9.1381286e-02  -1.5705299e-01  -1.4546316e-01   4.9897745e-02   0.0000000e+00   1.4309597e-01   2.0866731e-01   2.6296959e-01  -2.6821583e-01   3.1824574e-01   3.4343005e-01   3.7796470e-01   4.6856456e-01   2.0640681e-01   1.5453768e-01   1.5892181e-01   3.3869939e-01   6.0392414e-01   3.4466394e-01   4.7220907e-01   2.5633974e-02   3.5035095e-01  -1.3168749e-01  -1.1050710e-01   7.9909610e-02   3.7362206e-01   1.2403094e-01   2.3609722e-01   1.5953738e-01   2.0018970e-01   3.0423808e-01   1.6707817e-01   3.1965649e-01  -6.4899812e-02   3.6596279e-01   2.7962720e-01   3.9345574e-01   3.4177590e-01   2.8438087e-01   2.0542879e-01   2.9594794e-01   1.1629532e-01   4.6911528e-01   1.5163080e-01   7.0016462e-01   6.0615391e-01  -1.7721547e-02   0.0000000e+00   9.8648348e-02   2.5794471e-01   2.6471153e-01   3.9113986e-01   4.7090183e-01  -8.7826763e-02   6.0008021e-01   2.1954088e-01  -2.1190508e-01   1.1417192e-01   1.5542095e-01  -2.3891729e-02   2.7486066e-01   2.4186425e-01   0.0000000e+00   4.3905343e-01   4.9467386e-01   8.2845119e-01  -1.1779354e-01   1.8245636e-01   1.0222671e-01   2.6258803e-01   7.7821560e-02   0.0000000e+00   2.2839475e-01   4.1310907e-01  -3.6794274e-02   2.3034389e-01   5.5527127e-01  -1.3654417e-01   5.4596090e-02   1.4339210e-01  -2.4864354e-02  -2.0619787e-01   6.3796055e-02   1.4975267e-01   1.4171659e-01  -7.5471670e-02   3.8526974e-01   1.5880534e-01  -1.2258746e-01   2.4145469e-02   1.8854044e-01   2.3496672e-01   4.2779404e-02   8.4282914e-02   9.1042937e-02   2.5967086e-01   1.2480320e-01   1.0976699e-01   1.0398394e-01  -2.2133682e-01  -3.3816281e-01   3.2560688e-01   7.7314143e-01   5.9682086e-01   5.4160886e-01   5.1807973e-01  -5.6328639e-02   4.7670635e-01   0.0000000e+00   3.0738142e-02   1.2603575e-01   0.0000000e+00   7.2268769e-01   7.7314112e-01   2.9865590e-01
   0.0000000e+00   0.0000000e+00   0.0000000e+00   1.0079153e-01   1.2767851e-02   1.8853395e-02  -1.4881086e-01   1.4309597e-01   0.0000000e+00  -2.0567696e-02   5.7819657e-02  -4.3687811e-03   8.1705268e-02   1.2023095e-01   1.3462671e-01   1.0665964e-01   3.6120617e-01  -9.6749772e-02   1.0851150e-01  -7.4881333e-03   2.2345012e-02   1.6919550e-02   1.8869133e-01   1.0964509e-01   4.2706374e-02   4.8031954e-02   5.0377486e-02   1.4641963e-01   1.0672038e-01   2.1386874e-01   2.3666808e-02   2.1956660e-01   1.2236159e-01   1.5859676e-01   1.6251534e-01   1.1522611e-01  -5.0665226e-02   3.5526102e-01   1.8613805e-01   2.4785096e-01   1.6744790e-01   1.0330157e-01   2.2051706e-01   2.5224044e-01   9.2622419e-03   1.4978550e-01   4.7668706e-02   2.9086497e-01   9.7049141e-02  -5.0413491e-02   0.0000000e+00   1.0703796e-01   1.9379624e-01   3.2854562e-02  -4.5522359e-03   6.4736680e-02   6.6857225e-02   1.4904660e-01   1.4987431e-01   4.3935349e-02   1.3857779e-02   7.3958364e-02   1.0656538e-01   1.4870466e-01   1.1212969e-01   0.0000000e+00   1.9360436e-01   2.4771137e-01   1.7904693e-01   1.1600133e-01   2.2578900e-01  -9.8650558e-02  -4.5363544e-02  -1.9231749e-01   0.0000000e+00   2.0053499e-01   2.2485956e-01   1.8911398e-01   1.5095674e-01   5.1131618e-02   4.5843639e-02   1.8154146e-01   6.0729978e-02   6.0285951e-03   2.0842469e-01   1.1726476e-01   2.6250690e-01   3.1408962e-02   1.0945299e-01   8.6900201e-02   2.8799203e-01   6.1079382e-02   8.9963168e-02   1.9099877e-01   1.7006949e-01   9.5355120e-02   2.3661243e-01   2.0684832e-01   2.4673244e-01   1.7190676e-01   1.1931255e-01   2.3616155e-01   6.6529680e-02  -6.8509133e-02   2.1049295e-01   8.9338957e-02   2.0028724e-01   3.8169070e-01   2.3335654e-01   1.4670805e-01   5.2812613e-01   0.0000000e+00   1.1226504e-01   7.0592805e-02   0.0000000e+00   2.3353704e-01   1.1134177e-01   5.9321243e-02
   0.0000000e+00   0.0000000e+00   0.0000000e+00  -1.4889135e-02   7.1471075e-02   1.5914500e-01   1.4327445e-01   2.0866731e-01  -2.0567696e-02   0.0000000e+00   2.5995844e-01   2.7182519e-01  -2.8120621e-02   2.3703104e-01   2.7485611e-01   3.5067046e-01   4.6674643e-02   1.1088599e-01   2.1767034e-01   1.3747837e-01   2.1341014e-01   1.0896995e-01   7.1887631e-02  -1.1321861e-02   1.5786414e-01  -1.1573248e-01   3.8278658e-02  -1.5069821e-01   1.5231377e-01   1.7361519e-01  -1.1288279e-01  -1.7026845e-01   3.9666667e-02   7.1508511e-02  -1.2972205e-01   5.1109040e-03   8.6117239e-02   1.8258416e-01  -2.9233145e-02   2.1644748e-01   2.8888423e-01  -4.0618793e-02  -5.0519624e-02  -5.1721235e-02  -7.3322016e-02   4.5098079e-02   1.0967929e-01   4.0826875e-01   2.0055396e-01  -3.8516709e-02   0.0000000e+00  -1.2614045e-01  -9.0049797e-03   2.2579112e-01   2.7974337e-01   2.2450818e-01  -4.0180049e-02   2.3488684e-02   2.0614938e-01   7.6692260e-02   2.6492604e-02   1.1229040e-01   7.5996476e-02   3.0390357e-01  -1.3210523e-01   0.0000000e+00   1.7086382e-01   2.4042375e-01   1.5645322e-01  -1.1101761e-01  -8.8666160e-03   1.2715808e-01   3.2594337e-01  -4.0958657e-02   0.0000000e+00  -4.9739169e-03   4.8695448e-02  -1.4973412e-01   1.4587689e-01   1.5513834e-01  -6.4036105e-03  -2.3262399e-02   1.3954696e-03  -1.2565548e-01  -1.7594586e-01  -1.9267972e-01   1.5972225e-01   1.2861027e-01  -3.2828836e-02   1.8372124e-01  -1.7007023e-01  -2.1469245e-01  -1.6099413e-01   1.6770927e-02   1.5988102e-01  -7.2270172e-02  -1.6452430e-01  -2.5134186e-02  -8.2653393e-03  -7.6640446e-03  -1.3122794e-01  -3.0296634e-01  -1.6943865e-01  -7.8928993e-02   5.1630551e-02   2.0935990e-01   2.7683408e-02   1.2961577e-01   1.6740236e-01   1.4377266e-01   1.7968230e-01   0.0000000e+00   1.5778920e-01   1.1308115e-01   0.0000000e+00   1.6709688e-01   2.2407521e-01   1.4276506e-02
   0.0000000e+00   0.0000000e+00   0.0000000e+00  -4.0838133e-02  -2.5823968e-02  -9.1735247e-02   1.5379976e-01   2.6296959e-01   5.7819657e-02   2.5995844e-01   0.0000000e+00   9.9783651e-02   2.4958341e-01   4.1593987e-01   2.5826985e-01   3.6990848e-01   1.4493641e-01   8.6583286e-02   3.1745388e-01   4.2983174e-01   2.6589617e-01   2.6949403e-01   2.0923585e-01  -3.5036604e-02   2.9246872e-01   3.0201069e-02   2.0851803e-01   1.0737029e-01   3.0496928e-01   3.3294905e-01   2.3310844e-01   2.6337800e-01   5.7212826e-02   4.4142676e-01   4.5154863e-01   2.3321079e-01   2.2846199e-01   5.9956255e-01   1.6512517e-01   8.0865065e-01   7.2295254e-01   2.5476126e-01   3.8858751e-01   2.3169774e-01   1.7471049e-01   5.8547783e-01   5.1598267e-02   3.8687792e-01   2.5524996e-01  -7.9136340e-02   0.0000000e+00  -9.2017475e-03   1.8094015e-01   2.0173363e-01   2.3854775e-01   1.3977567e-01  -1.6941796e-01   2.1088113e-01   3.1309053e-01  -1.4342547e-01   3.2191728e-01   3.8779269e-01   9.6363102e-02   5.6282052e-01   1.5616513e-01   0.0000000e+00   5.0561913e-01   4.2289400e-01   3.9653363e-01   1.2024742e-01   1.7892521e-01   8.6286926e-02   6.8724079e-01   7.7946031e-02   0.0000000e+00   1.8968578e-01   2.7915084e-01   1.5674901e-01   2.8920490e-01   2.9850862e-01   1.7070587e-01   3.5387936e-02   1.2692028e-01  -3.2269983e-02  -4.6654690e-02   5.7065054e-02   5.0499237e-01   2.8132706e-01   2.0273099e-01   5.0273065e-01   1.8590479e-01  -4.5630885e-02   5.6260187e-03   1.9081893e-01   1.1140631e-01   2.7138295e-01   1.5153174e-01   2.2025017e-01   2.5371063e-01   1.4954013e-01   2.6279798e-01   5.5404533e-02   4.5903884e-02  -2.2084910e-01   9.0657758e-02   3.2365478e-01   1.5236036e-01   2.7352754e-01   2.3407408e-01   5.0889726e-03   3.3309723e-01   0.0000000e+00  -9.9874485e-02  -2.2868985e-02   0.0000000e+00   1.6088800e-01   3.9012403e-01   3.0829166e-01
   0.0000000e+00   0.0000000e+00   0.0000000e+00   2.8026319e-03   1.6457218e-01   1.8083102e-01  -3.2929944e-01  -2.6821583e-01  -4.3687811e-03   2.7182519e-01   9.9783651e-02   0.0000000e+00  -1.6411633e-02  -1.0042634e-01  -1.9924929e-01   9.1901294e-02  -9.2409889e-02   9.6780358e-03   2.0188805e-01  -4.0107891e-02  -2.1847082e-01  -2.0718230e-01  -1.2899832e-01  -1.4627077e-01  -1.3356708e-01   1.0610062e-01   1.4709386e-01   1.3541200e-01  -3.0036798e-01   2.0986921e-01  -1.2956807e-01   3.4756967e-02  -3.1065290e-01  -9.0129469e-02  -1.3938268e-02  -1.3429724e-01   4.2537530e-01  -1.4893922e-01  -2.0184231e-01   6.4331093e-02  -3.4491026e-02  -2.7711992e-01  -8.3775013e-02  -1.6024922e-01  -2.3413249e-02  -1.1114983e-01   3.1291509e-02  -2.9326278e-02  -2.3035389e-01   1.3806035e-01   0.0000000e+00   7.7097125e-02  -4.8155521e-02   6.2523064e-02  -3.7436950e-02  -2.9946890e-02  -1.1365511e-01  -1.4982719e-01   1.3261884e-01   1.5782012e-01   1.0421099e-02   4.2031610e-03   1.6720438e-03   1.8837809e-01  -1.3670988e-01   0.0000000e+00  -5.6062076e-02  -5.4527897e-02  -1.6143823e-01   1.8956386e-01  -1.8988782e-02  -8.5279828e-02  -8.0905404e-02  -3.3714151e-01   0.0000000e+00  -1.2777590e-01  -2.3570460e-01   1.6455986e-01   1.2164229e-01  -1.8668317e-01   1.8790108e-01   8.7713585e-03  -1.7382770e-01  -2.6580166e-02   1.3321633e-01  -2.4179820e-01   4.5503583e-02  -4.0938564e-02  -1.7103893e-01   1.0996753e-01  -2.0666199e-01  -1.3654278e-02   6.7636370e-02  -1.0585785e-01   5.9081205e-02   2.1289793e-01  -1.4436394e-01   2.1592607e-02   3.0806725e-02   4.5196233e-02  -6.3589352e-02  -2.8302545e-01   2.4621662e-01   2.3249389e-01  -1.2748870e-01  -1.4546868e-01  -1.3319269e-01  -7.3238251e-02  -9.6150237e-02  -3.2088221e-02  -1.6752788e-01   0.0000000e+00  -6.8862049e-02  -1.8193015e-02   0.0000000e+00  -7.5998299e-02  -1.6169051e-01  -6.1442584e-02
   0.0000000e+00   0.0000000e+00   0.0000000e+00   8.7275747e-02  -5.6542007e-02  -2.6005895e-01  -1.2751935e-01   3.1824574e-01   8.1705268e-02  -2.8120621e-02   2.4958341e-01  -1.6411633e-02   0.0000000e+00   3.6717849e-01   2.4637292e-01   3.7642311e-01   1.8729748e-01   2.0481712e-01   1.0661188e-01   5.9106705e-01   5.1575264e-01   4.4517098e-01   4.2654851e-01   2.4009417e-01   5.5202714e-01   1.6575761e-01   3.3498154e-01   3.1356611e-01   3.4254201e-01   1.5603603e-01   4.6343501e-01   1.2763959e-01   1.4175992e-01   2.8329662e-01   2.3609214e-01   3.5274466e-01   1.5789805e-01   3.0717125e-01   2.4112989e-01   3.4250866e-01   1.7247957e-01   3.1496182e-01   2.9482973e-01   3.7241309e-01   2.3716137e-01   5.0119802e-01   2.1866173e-01   3.2899319e-01   3.0943425e-01   1.2294746e-01   0.0000000e+00   2.3368528e-01   2.6067934e-01   4.8595304e-02   1.9293196e-01   2.3905098e-01   9.1924599e-02   4.9719808e-01   1.5402407e-01   4.3656542e-02   3.2633031e-01   2.5331775e-01   2.0448530e-01   6.3385882e-02   2.6654537e-01   0.0000000e+00   2.7848847e-01   1.0465603e-01   2.9105189e-01   1.2081175e-01   1.1503749e-01   1.0397296e-02  -3.8901056e-02  -9.2102143e-02   0.0000000e+00   8.6592398e-02   1.8577285e-01   4.9035138e-04   1.3283486e-01   1.4785948e-01   2.7688790e-02   1.6603733e-01   2.2622136e-01   1.7893587e-01   2.8177602e-02   9.0061080e-02   3.5290787e-01   1.6270124e-02   1.8883436e-01   2.9367775e-01   1.4477022e-01  -4.7202825e-02  -1.0734391e-01   2.8264160e-01   4.7276097e-02   1.2238289e-01   1.3254643e-01  -1.0015160e-01  -9.6690933e-04  -8.3163288e-02   1.8668925e-01  -5.7075461e-02   4.8147602e-02  -9.8445665e-02   3.0232545e-01   5.5026069e-01   4.5001244e-01   4.2965422e-01   5.5638106e-01   1.7068223e-02   2.7764795e-01   0.0000000e+00  -5.9390533e-02   1.5886334e-01   0.0000000e+00   2.8464604e-01   2.3643714e-01   2.0831462e-01
   0.0000000e+00   0.0000000e+00   0.0000000e+00   7.8565145e-02  -8.7094636e-02  -2.4208048e-01   8.2712752e-02   3.4343005e-01   1.2023095e-01   2.3703104e-01   4.1593987e-01  -1.0042634e-01   3.6717849e-01   0.0000000e+00   2.8772762e-01   2.3888653e-01   1.2709905e-01  -3.2702597e-02   1.3369318e-01   4.4103936e-01   4.8567913e-01   4.3985812e-01   4.7889568e-01   8.6823708e-02   4.3155826e-01   1.1476783e-01   2.1482010e-01   2.4007229e-01   3.0087989e-01   1.2898153e-01   2.0775671e-01   2.8632870e-01   2.9389313e-01   3.6382998e-01   2.3556076e-01   2.0605037e-01   1.2576333e-01   4.6384625e-01   3.4436841e-01   4.8385814e-01   3.7453459e-01   3.5862010e-01   2.4878493e-01   2.5272590e-01   7.6954275e-02   4.1492064e-01   1.2007373e-01   3.5427720e-01   2.9508496e-01   8.8822792e-02   0.0000000e+00  -4.4226042e-02   2.1549337e-01   1.7361460e-01   8.0747342e-02   1.5225468e-01   1.4765784e-01   1.7199807e-01   1.1904993e-01   6.1570789e-02   2.2821014e-01   4.3598006e-01   2.1236385e-01   2.0670670e-01   1.1230664e-01   0.0000000e+00   2.6776674e-01   3.1095811e-01   3.1060033e-01   1.6785122e-01   2.8354849e-01   2.5024755e-01   3.0189009e-01   3.2649949e-02   0.0000000e+00   2.7902694e-01   3.7050620e-01  -3.2406818e-02   4.8102811e-01   4.0686932e-01   3.2442046e-01   1.6202051e-01   6.0453828e-01   1.5717377e-01  -2.9710897e-02   1.5518389e-01   3.0174710e-01   5.9174613e-01   1.8135950e-01   2.7727875e-01   9.7832317e-02   1.2411130e-01  -3.3120643e-02   1.3227577e-01   1.7691536e-01   1.2771636e-01   1.6041641e-01   4.8089258e-02   1.5903274e-01   2.1538756e-02   1.9136335e-01   4.9459711e-02  -1.3413667e-01  -1.7227335e-01   3.2877770e-01   3.4811459e-01   3.7278492e-01   3.2557534e-01   3.5538433e-01   1.9494784e-01   3.4481132e-01   0.0000000e+00  -4.6476654e-02   1.3399889e-01   0.0000000e+00   2.3235716e-01   4.4452495e-01   4.2410683e-01
   0.0000000e+00   0.0000000e+00   0.0000000e+00   1.6259517e-01   5.6221829e-02  -7.7223065e-02   3.1654250e-01   3.7796470e-01   1.3462671e-01   2.7485611e-01   2.5826985e-01  -1.9924929e-01   2.4637292e-01   2.8772762e-01   0.0000000e+00   4.0036885e-01   3.4795220e-01   2.2947526e-01   1.3503436e-01   3.1684252e-01   4.9142296e-01   2.1046853e-01   2.1883375e-01   8.2960003e-02   2.7814155e-01  -9.6621477e-02   1.3391950e-02  -4.8857363e-02   3.5836282e-01  -1.5872707e-02   2.5345399e-01  -1.2371019e-01   2.8876506e-01   2.5971350e-01   5.0706924e-02   1.5062776e-01  -7.3239301e-02   4.3086846e-01   1.7651473e-01   2.7349450e-01   1.8022071e-01   2.4725440e-01   9.4192282e-02   2.0327261e-01   1.1140418e-02   3.3955111e-01   2.0352466e-01   5.3469769e-01   5.2879201e-01  -9.0381863e-02   0.0000000e+00  -8.2050286e-02   5.3162093e-02   2.0708864e-01   5.1579533e-01   3.6242086e-01  -6.0097617e-02   5.7484602e-01   9.8241331e-02  -7.4262893e-02   1.3911308e-01   6.9942127e-02  -1.7078996e-02   2.7697812e-01   1.8331736e-01   0.0000000e+00   2.7735126e-01   2.3632052e-01   4.5778804e-01  -1.0518390e-01   2.5191957e-01   1.4825959e-01   2.6755143e-01   2.7171186e-01   0.0000000e+00   2.3050999e-01   3.4634849e-01  -2.2314228e-02   1.0694011e-01   3.7566687e-01  -5.8400182e-02   3.0469116e-02   1.6369493e-01   8.4719655e-02  -1.3086731e-01   2.2644463e-01   2.2024749e-01   1.0512266e-01   1.6122873e-01   1.3695013e-01   1.3593513e-01  -9.5070566e-02  -1.7395065e-01   1.7357155e-01   1.2988285e-01  -1.4591603e-01   4.1145330e-02  -6.4740810e-02  -6.0033879e-02  -1.0047083e-01   4.8116760e-02  -5.0045656e-02  -2.3907504e-01  -3.7116333e-01   1.8544541e-01   4.5301884e-01   3.4168606e-01   3.5647092e-01   3.4739610e-01   2.0960262e-01   4.5682306e-01   0.0000000e+00   4.6609999e-01   5.1973547e-01   0.0000000e+00   3.4914282e-01   3.4762973e-01   1.6063718e-01
   0.0000000e+00   0.0000000e+00   0.0000000e+00   1.1891575e-01  -1.1845075e-01  -6.5615626e-02  -1.8215433e-01   4.6856456e-01   1.0665964e-01   3.5067046e-01   3.6990848e-01   9.1901294e-02   3.7642311e-01   2.3888653e-01   4.0036885e-01   0.0000000e+00   1.9237987e-01   2.0921006e-01   1.4874863e-01   3.9568711e-01   4.5732687e-01   2.8796510e-01   3.2935222e-01   7.3132251e-02   4.0174126e-01  -1.6620953e-01   1.4600915e-01  -1.0746524e-02   2.8913923e-01   2.4826761e-01   1.3151811e-01   7.2249693e-02   8.2616972e-02   4.7602613e-01   1.9993042e-01   2.7500343e-01   2.0963083e-01   3.7157937e-01   1.7672868e-01   4.0894658e-01   3.8480395e-01   2.6536560e-01   2.4279038e-01   1.7676382e-01   1.8086683e-01   5.3237736e-01   5.8382426e-02   6.1997770e-01   4.3027696e-01  -2.0544447e-01   0.0000000e+00   4.7167446e-02   3.8058239e-01   3.0422608e-01   7.1494581e-01   6.3187275e-01  -1.3219572e-01   4.4578996e-01   2.4579251e-01  -1.3560170e-01   2.0950349e-01   1.9090906e-01  -3.8127730e-02   4.1754451e-01   1.6506021e-01   0.0000000e+00   3.1580414e-01   4.0279227e-01   5.0647407e-01  -6.3254721e-02   4.4236093e-02   3.4525591e-02   2.1637961e-01  -2.2907591e-01   0.0000000e+00   4.6930147e-02   2.7825447e-01  -6.5728699e-02   1.5033138e-01   3.0816084e-01  -3.8190785e-02  -2.7930945e-02   3.2950624e-03  -1.0313769e-01  -1.7244615e-01  -6.4682180e-02   3.2420709e-01   1.2798670e-01  -7.5193710e-02   4.0657053e-01  -3.4862411e-02  -1.6009107e-01   1.0704400e-01   1.5337053e-01   5.6154199e-02   2.3566155e-01   1.2579863e-01   1.6470076e-02   1.4004491e-01   1.1764099e-01   2.5457473e-02   5.6762229e-02  -1.1839070e-01  -2.4512137e-01   3.4732356e-01   6.0616854e-01   3.3801959e-01   4.5187568e-01   5.1762880e-01  -1.1181193e-02   4.2633106e-01   0.0000000e+00  -1.9408791e-02   1.5969660e-01   0.0000000e+00   3.2186207e-01   3.5213165e-01   2.5883109e-01
   0.0000000e+00   0.0000000e+00   0.0000000e+00   2.7999701e-01   1.1240965e-01   4.3376915e-02   1.3949851e-01   2.0640681e-01   3.6120617e-01   4.6674643e-02   1.4493641e-01  -9.2409889e-02   1.8729748e-01   1.2709905e-01   3.4795220e-01   1.9237987e-01   0.0000000e+00   2.6361610e-01   3.5810380e-02   3.0212420e-01   3.1009907e-01   1.5508104e-01   1.6253439e-01   8.2553984e-02   2.6162055e-01  -2.3870953e-02   2.7454488e-02   3.0033928e-02   4.1964094e-02  -5.6269803e-03   2.3829941e-01  -6.8770528e-02   9.3071401e-02   1.8345720e-01   3.8091518e-02  -3.2596767e-02  -1.1954130e-01   3.2798438e-01   1.0817051e-01   2.8846247e-01   6.5735907e-02   2.6803138e-02  -2.3982022e-02   1.7835054e-02  -1.0783670e-01   1.4510861e-01   2.0560141e-01   3.2593500e-01   3.1645171e-01  -1.2547564e-01   0.0000000e+00  -5.2053934e-02   3.7337440e-03   1.3712062e-01   2.6615487e-01   1.2425647e-01  -6.8550834e-02   3.3191672e-01   2.5970127e-02  -1.2283075e-01   1.1087797e-01  -1.0308792e-02  -9.1841307e-02   2.4503663e-01   1.9980151e-03   0.0000000e+00   1.8295413e-01   9.6864067e-02   1.1787504e-01  -1.3662625e-01   2.1062554e-01  -2.0421077e-02   1.3443499e-01   6.9700705e-02   0.0000000e+00   1.9045822e-02  -2.2956186e-03  -5.6924471e-02  -3.2797745e-02   1.7624607e-01  -1.2291286e-01  -8.3587292e-02   3.1905908e-03  -1.0845698e-01  -9.9040786e-02   9.1196317e-02   9.0755286e-02  -2.5252010e-02  -3.0001787e-02  -5.7021007e-02   2.7394265e-02  -7.4048159e-02  -1.1719913e-01   1.7342934e-02  -2.0058148e-02   1.8315110e-03  -6.4464961e-02   8.4802998e-02  -9.5261970e-02   5.5269624e-02  -1.1321153e-01  -1.5722430e-02  -2.3578752e-01  -1.8174968e-01   8.8472739e-02   3.8674376e-01   1.3725663e-01   2.7949474e-01   1.4864442e-01   1.2084867e-01   2.9110337e-01   0.0000000e+00   2.0641766e-01   1.6750049e-01   0.0000000e+00   3.2809409e-01   1.5751677e-01   7.1524341e-02
   0.0000000e+00   0.0000000e+00   0.0000000e+00   1.1023041e-01   4.1032537e-01   1.7544137e-01   1.0973127e-01   1.5453768e-01  -9.6749772e-02   1.1088599e-01   8.6583286e-02   9.6780358e-03   2.0481712e-01  -3.2702597e-02   2.2947526e-01   2.0921006e-01   2.6361610e-01   0.0000000e+00   7.3583425e-02   4.0708676e-01   3.3644583e-01   6.1101013e-02   1.2160288e-01   5.1131469e-02   1.1522610e-01   1.6983668e-02   6.3317611e-02   8.4971693e-02   2.6814756e-01   2.5524238e-01   1.4778677e-01  -1.0108234e-01   5.5324759e-02   9.7377083e-02   4.3811486e-02   2.2926226e-01  -3.7958297e-02   3.0960946e-03   1.0734526e-01   1.8464157e-01   8.0647854e-02  -2.6180266e-02   5.1466324e-02   8.9109945e-02   1.4084625e-01   1.0163459e-01   5.0665155e-01   4.0384162e-01   3.8847240e-01   4.9654195e-03   0.0000000e+00   1.7421084e-01  -7.3029048e-03   2.4144735e-01   3.6615169e-01   3.3574866e-01   8.3257525e-02   2.4349989e-01   1.1101504e-01  -9.6902987e-02   1.2333355e-01  -7.0814462e-02  -1.2825301e-01   1.6283778e-01   1.7650584e-01   0.0000000e+00   2.8313925e-01   1.8916953e-01   1.5392976e-01  -1.7046159e-02  -3.1905703e-02  -2.3369028e-02   2.2097400e-02   5.3758029e-02   0.0000000e+00   1.8445209e-02  -4.8767773e-02  -2.6762585e-02  -1.2390979e-01   1.5076363e-01  -2.1207880e-01   3.5000373e-02  -6.2384907e-02   1.6827866e-01  -6.4297760e-03   2.3056328e-02   4.4937819e-02  -1.5401683e-01  -6.4021406e-02   5.4382510e-02   2.9073104e-02  -7.7903328e-02  -1.2372801e-01   3.5500882e-02   5.9602270e-02   1.0356983e-02  -1.6275230e-01  -4.3788431e-02  -8.8715432e-02   5.1523436e-02  -1.0141322e-01  -8.4785525e-02  -3.1498920e-02  -2.2865248e-02  -2.7925271e-02   2.0761708e-01   7.5058831e-02   1.2236002e-01   5.8950625e-02  -7.3935959e-02   4.5578171e-02   0.0000000e+00   1.5212615e-01   5.3111601e-02   0.0000000e+00   6.5525428e-02   7.1193909e-02  -3.6966233e-02
   0.0000000e+00   0.0000000e+00   0.0000000e+00   2.0830917e-01   7.4893079e-02  -4.9848206e-02  -7.1221533e-02   1.5892181e-01   1.0851150e-01   2.1767034e-01   3.1745388e-01   2.0188805e-01   1.0661188e-01   1.3369318e-01   1.3503436e-01   1.4874863e-01   3.5810380e-02   7.3583425e-02   0.0000000e+00   1.1133839e-01   1.1607262e-01   7.1277777e-02   1.1872605e-01   1.3509174e-01   1.4305979e-01   8.0478745e-02   1.2263588e-01   9.8604821e-02   7.8336785e-02   1.9534507e-01  -9.6298862e-03   2.1123229e-01   9.6897079e-02   1.5420641e-01   2.1859877e-01   9.7403503e-02   1.5175359e-01   2.7527568e-01   2.1215559e-02   2.5802200e-01   2.2624214e-01   5.9093169e-02   1.6703487e-01   1.6277075e-01   5.8023623e-02   2.2443057e-01   1.5973560e-01   2.6045332e-01   3.2290807e-02   3.3791593e-02   0.0000000e+00   1.7568550e-01   1.2723143e-02   8.8310277e-02   7.1538989e-02   1.0879671e-01  -5.0079431e-02   8.8558719e-02   3.5414360e-01   7.2081384e-02   9.0450375e-02   1.1782873e-01   1.0817515e-01   1.8874158e-01   1.0987352e-01   0.0000000e+00   2.8294394e-01   2.4489950e-01   1.8712240e-01   1.0089684e-01   1.8441515e-01   1.5659532e-01   5.1165828e-02  -1.5452078e-01   0.0000000e+00   1.3366633e-01   1.0057830e-01   2.0453517e-01   1.3222945e-01   9.7623655e-02   5.6290812e-02   1.1595430e-01   7.6665976e-02   1.8439918e-02   1.2182651e-01  -3.4174466e-02   2.1693784e-01   1.5681359e-01   5.4551771e-02   2.9775119e-01   1.0359809e-01  -4.8287783e-02   1.8518630e-03   1.1114344e-01   3.6726974e-01   1.5206636e-01  -1.6774372e-02   8.3408174e-02   1.8625522e-01   4.1965092e-02   2.5869550e-02  -1.9930312e-02   3.9447609e-02  -6.1616537e-02   1.2035174e-01   9.9776454e-02   1.7043295e-01   1.5109216e-01   1.7739058e-01  -6.0090396e-03   2.0330009e-01   0.0000000e+00   4.4709340e-02   5.5826304e-02   0.0000000e+00   1.5473100e-01   1.9540851e-01   1.2948416e-01
   0.0000000e+00   0.0000000e+00   0.0000000e+00  -5.4600340e-03   5.2391511e-02  -1.7639482e-01   7.5051710e-02   3.3869939e-01  -7.4881333e-03   1.3747837e-01   4.2983174e-01  -4.0107891e-02   5.9106705e-01   4.4103936e-01   3.1684252e-01   3.9568711e-01   3.0212420e-01   4.0708676e-01   1.1133839e-01   0.0000000e+00   7.3617653e-01   3.9330052e-01   2.3487211e-01   1.1176180e-01   6.6352284e-01   2.0999442e-01   4.5972935e-01   2.1588051e-01   3.4592743e-01   2.8867630e-01   5.7175615e-01   6.1729802e-02   1.1888858e-01   3.8748713e-01   2.9406251e-01   2.7721679e-01   1.0986864e-01   3.7727708e-01   3.0613090e-01   4.8352949e-01   3.2668626e-01   2.7241129e-01   3.3325269e-01   3.2472584e-01   2.0486748e-01   5.5701561e-01   3.0334304e-01   3.7664815e-01   4.7271299e-01  -1.2611301e-02   0.0000000e+00   2.2985440e-01   2.7610914e-01   1.9790279e-01   3.6647759e-01   2.2533956e-01   1.1185847e-01   3.3403777e-01   1.9150211e-01  -1.4377509e-02   6.3876775e-01   3.0479613e-01   4.2894918e-02   1.8626348e-01   1.5876792e-01   0.0000000e+00   3.8734814e-01   2.5137105e-01   2.7424140e-01   4.7120292e-02   1.2741491e-02  -5.6238596e-02   1.7778390e-01   6.2164443e-02   0.0000000e+00   7.1925111e-02   7.3927687e-02  -1.8497680e-01   1.3157221e-01   3.0218322e-01   3.8324780e-02   7.3413278e-02   6.5432499e-02   1.3235043e-01  -6.0569747e-04   2.3138289e-01   4.3905645e-01   8.0252108e-02   2.0853110e-01   3.1666171e-01   9.0258764e-02  -1.6027682e-02  -1.0284248e-01   2.1295020e-01   8.9407057e-02   1.9048650e-01   1.1863604e-01   1.7690843e-01  -1.6662166e-02   3.9119774e-02   1.3100622e-01   1.0936752e-03  -1.3561810e-01  -2.3417197e-04   2.1870119e-01   5.5016570e-01   3.2134711e-01   3.3840383e-01   3.0551521e-01   9.5666459e-02   2.2384176e-01   0.0000000e+00  -1.1608404e-02   1.7544532e-01   0.0000000e+00   1.4172111e-01   2.0968684e-01   1.5481257e-01
   0.0000000e+00   0.0000000e+00   0.0000000e+00   9.7957503e-02   1.3145255e-02  -1.9288038e-01   1.4821147e-01   6.0392414e-01   2.2345012e-02   2.1341014e-01   2.6589617e-01  -2.1847082e-01   5.1575264e-01   4.8567913e-01   4.9142296e-01   4.5732687e-01   3.1009907e-01   3.3644583e-01   1.1607262e-01   7.3617653e-01   0.0000000e+00   4.7877068e-01   5.0006517e-01   2.8041963e-01   6.7003247e-01  -9.8949526e-03   9.1272772e-02   1.4413957e-01   4.2695512e-01   1.1472693e-01   3.8617007e-01  -1.0766717e-02   2.0432364e-01   3.0777403e-01   1.4887809e-01   3.4026715e-01  -6.9509710e-02   4.5794779e-01   3.6660591e-01   4.6216209e-01   3.1307975e-01   3.5983997e-01   1.5696643e-01   2.8550846e-01   1.5252219e-01   4.9964977e-01   2.4459575e-01   6.9165145e-01   5.5790892e-01  -4.4475874e-02   0.0000000e+00   9.0829538e-02   1.8526246e-01   2.4612625e-01   5.0041776e-01   3.9054876e-01   8.4007136e-02   4.7860935e-01   9.9307393e-02  -4.8953438e-02   3.4846135e-01   2.2717750e-01   2.3083373e-02   2.8107172e-01   2.6850599e-01   0.0000000e+00   3.8094614e-01   3.2520942e-01   5.0068906e-01  -1.9189124e-01   4.7701756e-02   6.4991806e-02   1.9461133e-01   1.2414634e-01   0.0000000e+00   1.1971366e-01   1.9952396e-01  -1.9444445e-01   1.4146769e-01   4.2689383e-01  -1.2378561e-01   4.1565149e-02   2.0517401e-01   3.2642418e-02  -2.1891849e-01   1.5603328e-01   1.9566248e-01   9.0728144e-02   4.0983673e-02   3.3983757e-01   1.1662532e-01  -1.6697984e-01  -1.6548961e-01   1.1770344e-01   1.7268168e-01   1.3655039e-02   6.6593016e-03   5.2698449e-02   6.1745040e-02  -1.3737654e-02   5.0125373e-02  -4.8944136e-02  -2.0823031e-01  -1.7069708e-01   2.5228457e-01   7.9163431e-01   4.1589218e-01   4.5688405e-01   3.8663655e-01   3.7732592e-02   3.5551998e-01   0.0000000e+00   9.3403378e-03   1.1839520e-01   0.0000000e+00   4.6189098e-01   3.8699797e-01   1.9781587e-01
