   0.0000000e+00   0.0000000e+00   0.0000000e+00  -2.8816111e-02   8.2468619e-02   1.2035926e-01   1.3920655e-01  -5.4929179e-02   3.6327492e-02   1.3928539e-01   6.4951509e-02   0.0000000e+00   4.2371818e-02   5.5707569e-02   1.8635896e-01   1.4922628e-01   0.0000000e+00   2.2064857e-01   1.5447599e-01  -1.4093224e-02  -6.1167037e-02  -1.4826812e-01  -2.7197338e-02  -1.5405193e-01  -7.2561311e-02   6.5384294e-02  -1.6399553e-01  -1.2705924e-01   7.5367334e-02  -1.6385521e-02  -2.5788673e-02  -3.5583054e-02   9.4063330e-02   9.5700830e-02   6.3470565e-02   2.0129773e-01  -1.8266233e-03   1.0806980e-01   1.8989923e-01   8.6137711e-02   1.5193259e-01   1.1782863e-01   6.0038616e-02   2.5618853e-01   4.4069777e-02   2.1757433e-01   8.7313017e-02   1.4115854e-01   2.9566883e-02   1.6644943e-01   0.0000000e+00   5.0698302e-02   5.3632588e-02   4.6322676e-03   1.3837208e-01   7.1317965e-02   4.1528057e-03   3.6285967e-02   1.7612377e-01  -3.3734167e-03  -5.0982312e-02  -3.3144539e-02   3.3166059e-02   2.9103357e-01  -7.4610818e-02   7.6040634e-02  -5.6158924e-02   1.7648879e-01   2.0185143e-01   1.8060872e-01  -2.7256989e-02   1.7093881e-01   1.9993619e-01  -1.1908623e-01   0.0000000e+00   6.0591782e-04   2.6366350e-01   6.7637146e-02   2.8422210e-01   8.8323512e-02   2.4214724e-02  -1.1580987e-01  -5.1814423e-02   2.5677990e-02   1.0082236e-01   1.1475558e-03   1.8516654e-01   1.0424110e-01   3.2185092e-01   4.5391807e-02  -1.5029790e-02   2.4821742e-01  -1.1486981e-01   6.6288374e-02   2.1829709e-01   1.0346813e-01   8.5619206e-02   1.1419514e-01   1.0580615e-01   1.4863199e-01   7.7762259e-02   7.1605656e-02   6.8380049e-02   7.8309251e-02   1.5406098e-01   5.0015602e-02   7.0292144e-02   1.1387693e-01  -4.3914016e-02   3.7649207e-01   1.5359525e-01   0.0000000e+00   0.0000000e+00   1.0546728e-01   0.0000000e+00   5.3723760e-02   1.4673520e-01   4.7740581e-02
   0.0000000e+00   0.0000000e+00   0.0000000e+00   0.0000000e+00   0.0000000e+00   0.0000000e+00   0.0000000e+00   0.0000000e+00   0.0000000e+00   0.0000000e+00   0.0000000e+00   0.0000000e+00   0.0000000e+00   0.0000000e+00   0.0000000e+00   0.0000000e+00   0.0000000e+00   0.0000000e+00   0.0000000e+00   0.0000000e+00   0.0000000e+00   0.0000000e+00   0.0000000e+00   0.0000000e+00   0.0000000e+00   0.0000000e+00   0.0000000e+00   0.0000000e+00   0.0000000e+00   0.0000000e+00   0.0000000e+00   0.0000000e+00   0.0000000e+00   0.0000000e+00   0.0000000e+00   0.0000000e+00   0.0000000e+00   0.0000000e+00   0.0000000e+00   0.0000000e+00   0.0000000e+00   0.0000000e+00   0.0000000e+00   0.0000000e+00   0.0000000e+00   0.0000000e+00   0.0000000e+00   0.0000000e+00   0.0000000e+00   0.0000000e+00   0.0000000e+00   0.0000000e+00   0.0000000e+00   0.0000000e+00   0.0000000e+00   0.0000000e+00   0.0000000e+00   0.0000000e+00   0.0000000e+00   0.0000000e+00   0.0000000e+00   0.0000000e+00   0.0000000e+00   0.0000000e+00   0.0000000e+00   0.0000000e+00   0.0000000e+00   0.0000000e+00   0.0000000e+00   0.0000000e+00   0.0000000e+00   0.0000000e+00   0.0000000e+00   0.0000000e+00   0.0000000e+00   0.0000000e+00   0.0000000e+00   0.0000000e+00   0.0000000e+00   0.0000000e+00   0.0000000e+00   0.0000000e+00   0.0000000e+00   0.0000000e+00   0.0000000e+00   0.0000000e+00   0.0000000e+00   0.0000000e+00   0.0000000e+00   0.0000000e+00   0.0000000e+00   0.0000000e+00   0.0000000e+00   0.0000000e+00   0.0000000e+00   0.0000000e+00   0.0000000e+00   0.0000000e+00   0.0000000e+00   0.0000000e+00   0.0000000e+00   0.0000000e+00   0.0000000e+00   0.0000000e+00   0.0000000e+00   0.0000000e+00   0.0000000e+00   0.0000000e+00   0.0000000e+00   0.0000000e+00   0.0000000e+00   0.0000000e+00   0.0000000e+00   0.0000000e+00   0.0000000e+00   0.0000000e+00   0.0000000e+00   0.0000000e+00
   0.0000000e+00   0.0000000e+00   0.0000000e+00   0.0000000e+00   0.0000000e+00   0.0000000e+00   0.0000000e+00   0.0000000e+00   0.0000000e+00   0.0000000e+00   0.0000000e+00   0.0000000e+00   0.0000000e+00   0.0000000e+00   0.0000000e+00   0.0000000e+00   0.0000000e+00   0.0000000e+00   0.0000000e+00   0.0000000e+00   0.0000000e+00   0.0000000e+00   0.0000000e+00   0.0000000e+00   0.0000000e+00   0.0000000e+00   0.0000000e+00   0.0000000e+00   0.0000000e+00   0.0000000e+00   0.0000000e+00   0.0000000e+00   0.0000000e+00   0.0000000e+00   0.0000000e+00   0.0000000e+00   0.0000000e+00   0.0000000e+00   0.0000000e+00   0.0000000e+00   0.0000000e+00   0.0000000e+00   0.0000000e+00   0.0000000e+00   0.0000000e+00   0.0000000e+00   0.0000000e+00   0.0000000e+00   0.0000000e+00   0.0000000e+00   0.0000000e+00   0.0000000e+00   0.0000000e+00   0.0000000e+00   0.0000000e+00   0.0000000e+00   0.0000000e+00   0.0000000e+00   0.0000000e+00   0.0000000e+00   0.0000000e+00   0.0000000e+00   0.0000000e+00   0.0000000e+00   0.0000000e+00   0.0000000e+00   0.0000000e+00   0.0000000e+00   0.0000000e+00   0.0000000e+00   0.0000000e+00   0.0000000e+00   0.0000000e+00   0.0000000e+00   0.0000000e+00   0.0000000e+00   0.0000000e+00   0.0000000e+00   0.0000000e+00   0.0000000e+00   0.0000000e+00   0.0000000e+00   0.0000000e+00   0.0000000e+00   0.0000000e+00   0.0000000e+00   0.0000000e+00   0.0000000e+00   0.0000000e+00   0.0000000e+00   0.0000000e+00   0.0000000e+00   0.0000000e+00   0.0000000e+00   0.0000000e+00   0.0000000e+00   0.0000000e+00   0.0000000e+00   0.0000000e+00   0.0000000e+00   0.0000000e+00   0.0000000e+00   0.0000000e+00   0.0000000e+00   0.0000000e+00   0.0000000e+00   0.0000000e+00   0.0000000e+00   0.0000000e+00   0.0000000e+00   0.0000000e+00   0.0000000e+00   0.0000000e+00   0.0000000e+00   0.0000000e+00   0.0000000e+00   0.0000000e+00   0.0000000e+00
  -2.8816111e-02   0.0000000e+00   0.0000000e+00   0.0000000e+00   1.8808361e-01   4.4003934e-02   6.2930324e-02  -2.4338933e-03   1.0794285e-01  -6.8745539e-02   2.4622993e-02   0.0000000e+00   5.3448513e-02   7.1317610e-02   5.3305428e-02   6.8701192e-02   0.0000000e+00   1.4601458e-02  -3.1388274e-02   8.9614963e-02   7.1918607e-02   2.4001954e-01   1.4960089e-01   1.3443178e-01   1.7132749e-01   4.6278179e-02   1.7138170e-01   1.0335663e-02  -1.2570921e-01   4.9399159e-02  -8.5671902e-03  -4.6225289e-02  -1.0251945e-01  -1.0309081e-01   6.7609059e-03  -3.5885692e-02   8.7283996e-02   4.1106812e-02   1.4880225e-03   8.3987898e-02   7.0023452e-02   7.3166833e-02   1.5029418e-02   6.5139036e-02   6.1218999e-02   4.2946462e-02   1.1178469e-01   6.6986107e-02   4.5662700e-02  -3.8737709e-02   0.0000000e+00  -1.8199936e-01  -2.5824828e-03   2.8009003e-01   1.3119635e-01   1.3772378e-01   9.1088075e-02   6.4811273e-02   1.5626228e-01   1.6584483e-01  -2.1234941e-02   7.9044892e-02   1.4944116e-02  -5.5581470e-02  -5.5121929e-03   2.7653824e-02   1.0206962e-02   4.2065557e-02   8.7051597e-03  -4.6376603e-02   9.0278818e-02  -9.2673111e-02  -1.3902546e-01  -3.2528097e-02   0.0000000e+00   2.2957506e-01   1.9488744e-02  -4.5080987e-02  -3.0114616e-02  -5.6660954e-02   3.1862401e-02   2.1671144e-02   1.0785805e-01  -7.1801874e-02  -6.5892988e-02  -9.7094684e-02   3.1776858e-02   2.3874399e-02  -7.0664808e-02   5.9854294e-02   1.1183726e-01   5.0997360e-02   2.8477321e-02   3.0641725e-02  -5.3886523e-03   8.6948220e-02   4.7364649e-02   9.0608427e-02   9.4719760e-02   6.7492191e-02  -9.3949796e-04   2.2282548e-02  -4.6603242e-02   3.3052007e-02   8.7023835e-02   3.3108447e-02   8.8846547e-02   1.2292618e-01   9.1601582e-02   2.1792999e-02   3.3996834e-02   0.0000000e+00   0.0000000e+00   9.5563141e-02   0.0000000e+00  -2.1052384e-02  -5.2817560e-02   6.8021205e-02
   8.2468619e-02   0.0000000e+00   0.0000000e+00   1.8808361e-01   0.0000000e+00   1.0604913e-01   5.2220398e-02  -1.0653790e-01  -4.6353468e-02  -3.5311071e-02  -5.4283267e-02   0.0000000e+00   7.9402802e-02  -3.8290678e-02   1.8294083e-01   2.6308810e-01   0.0000000e+00   2.8205157e-01   3.5411204e-02   1.1118893e-01   2.1814434e-01   2.1073791e-01   9.5777382e-02   1.9711780e-01   2.3466354e-01   1.1366436e-01   4.3799899e-01   4.3395168e-02  -5.0432732e-02  -2.8828215e-02   5.2900338e-02  -1.0613965e-01  -6.2975919e-02  -1.3503759e-01  -3.9315122e-02  -3.4849277e-02   5.0126032e-02   1.0727459e-01   5.3584896e-02   1.1101729e-01   2.6815917e-01   1.1140971e-01   1.5350974e-01   1.0845891e-01   6.6472529e-02   1.4884949e-01   5.6622057e-01   2.0923760e-01   1.5022906e-01   2.7952016e-01   0.0000000e+00  -9.6411081e-03   5.5154963e-02   3.0346557e-01   3.2769154e-01   2.6220460e-01   2.8787403e-01   3.6222019e-02  -1.3287839e-02   2.3631170e-01  -2.0773889e-02   6.9812960e-02  -1.0360602e-01   3.0972180e-02  -2.2276874e-01   8.0520358e-02  -1.0480610e-01  -6.9133351e-02  -9.2074807e-02   8.5104000e-02  -5.2770448e-02  -1.5502161e-02  -2.1077666e-02   1.4831275e-01   0.0000000e+00  -1.2833146e-01  -8.5235359e-02   2.6530008e-02   2.2056006e-01  -1.8214957e-01   1.9401577e-01   2.8264398e-01   1.2782752e-01   1.1342340e-01  -7.3458356e-02  -3.0181824e-02   9.3827401e-02  -1.2231997e-01   2.6961268e-02   1.4606893e-02   8.4149062e-02   2.5808508e-01  -2.0949617e-01   2.2508149e-02   1.3219050e-01  -7.0774143e-02   5.7808218e-02   5.8173530e-02  -8.8510683e-03  -1.1199575e-01  -1.2969220e-01  -8.3598124e-02  -4.0359359e-02   9.0244842e-02   1.6650898e-01   5.3099291e-02   6.5079992e-02   1.5364332e-01   1.4420154e-01  -1.2343475e-01   3.8074096e-02   0.0000000e+00   0.0000000e+00   1.5056444e-01   0.0000000e+00  -1.1503851e-01  -1.5052841e-01   1.3197256e-02
   1.2035926e-01   0.0000000e+00   0.0000000e+00   4.4003934e-02   1.0604913e-01   0.0000000e+00  -2.1796309e-02  -7.4054308e-02   9.4500151e-02  -1.7480348e-01  -1.0163922e-01   0.0000000e+00   4.5479208e-02   3.2318023e-01  -5.2207873e-02   6.5307278e-02   0.0000000e+00   2.1410794e-01  -9.7854425e-03  -1.7135920e-01  -1.7449670e-01  -1.0649301e-01  -1.6262279e-01  -1.9164370e-01  -5.6088479e-02   4.3876578e-03  -6.0235309e-02  -1.0833036e-01  -7.2628746e-02  -1.6288647e-01   6.6651216e-02  -8.6687673e-02  -1.0556455e-02  -1.6167011e-01  -2.2483163e-01  -1.5886900e-02  -1.1920938e-01  -8.9818417e-02  -1.6622637e-02  -1.6366298e-01  -1.3111878e-02  -6.8631437e-02  -1.2399070e-01  -1.1631348e-02  -1.2955100e-01   3.2065908e-02   1.1450992e-01  -6.2286748e-02  -6.6580862e-02   1.4750297e-01   0.0000000e+00  -3.3677010e-02  -6.3276804e-02  -3.6725047e-02  -1.0530769e-01  -9.8915504e-02  -3.9796498e-02   6.8564768e-02   6.7211754e-02   6.9214412e-02   2.3156616e-03   2.1245367e-02   1.6522255e-01   4.9741800e-02  -8.9423010e-02  -7.6343431e-02  -5.2548506e-02   4.8493644e-02   9.7345440e-02   1.4732431e-01   2.1297667e-02   1.2920392e-01   1.3367130e-01   1.2729957e-01   0.0000000e+00   1.6044628e-02   2.3342093e-01   1.1338709e-01   2.6213906e-01   1.9757424e-01   1.3882757e-01   7.9515721e-02  -2.7771473e-02   6.4803900e-02  -2.8017131e-03   2.1008099e-02   1.6722805e-01   1.1121325e-01   1.5196720e-01   4.1010017e-02   8.8112594e-03   2.6886820e-01   3.8253530e-02   2.0678100e-02   7.6068958e-02  -2.6776549e-02  -1.2924902e-01  -4.2515253e-02   2.8277835e-02   6.9154133e-02  -1.2711290e-01   4.4035007e-02   7.4924890e-02   7.8283370e-02   1.9857725e-01  -2.1204866e-02   9.3321406e-02   3.8795799e-02  -2.0176176e-03   2.8858223e-01  -1.0361913e-02   0.0000000e+00   0.0000000e+00   1.0432554e-01   0.0000000e+00   8.4146766e-02   2.8225566e-01  -4.0332167e-02
   1.3920655e-01   0.0000000e+00   0.0000000e+00   6.2930324e-02   5.2220398e-02  -2.1796309e-02   0.0000000e+00  -5.6530454e-02  -7.9203357e-02   1.5491352e-01   4.5279535e-01   0.0000000e+00   2.0969007e-01  -8.9056254e-02   3.1490892e-02   1.5022447e-01   0.0000000e+00   4.7340654e-02   2.1826852e-01   3.1265185e-01   3.6575119e-01   3.0130695e-01   2.7853390e-01   2.9988038e-01   2.8338773e-01  -3.9618060e-02   1.5821924e-01   3.4638176e-01   2.8656150e-02   2.5926525e-01  -1.2283737e-01   7.1321778e-02   9.7020997e-02   1.8499770e-01   3.4451120e-01   2.1256733e-01   3.6884888e-01   3.0549158e-01   2.3687090e-01   6.5752264e-01   2.6386084e-01   3.6315704e-01   2.1739227e-01   2.3851055e-01   4.5699329e-01   7.5468329e-02   1.4677870e-01   1.6484531e-01   1.5907850e-01   1.0029718e-01   0.0000000e+00   6.3399215e-02   1.8162118e-01   4.3621775e-01   2.4953988e-01   2.4681988e-01   1.8758691e-01  -3.8027965e-02   2.0540611e-01  -1.1990291e-02  -1.0296189e-01  -7.7529143e-02  -1.1978766e-01   1.5168949e-01  -6.8838788e-02   3.4612466e-01   3.0756405e-02   4.9605307e-02  -2.6317477e-02  -1.6402383e-01   4.4812705e-03  -6.3050003e-02   1.6083916e-01   1.6878034e-01   0.0000000e+00   1.3257400e-01  -7.0588377e-02  -1.7065528e-01  -1.6471861e-01  -4.9958650e-02  -6.6571598e-02  -5.2850981e-03   1.4997219e-01  -9.6254858e-03   6.9942497e-02   3.9566032e-03  -8.6221659e-02  -8.1803785e-02  -2.2593772e-02   5.4558741e-02   1.2354262e-01  -4.6338118e-02  -5.7606141e-02   1.6105955e-01   2.4325794e-01   1.0432186e-01   7.4093350e-02   7.2851312e-02   6.3273082e-02  -2.0997129e-03   9.0999026e-02  -1.6026157e-01  -6.8750040e-02  -6.8761172e-02  -6.0716820e-03  -8.2061096e-03   1.0837089e-02   3.0395429e-02   1.6175780e-01   6.7432067e-02   1.8290159e-01   0.0000000e+00   0.0000000e+00  -1.1529041e-01   0.0000000e+00  -3.4378846e-02  -5.3468043e-02  -1.6038444e-02
  -5.4929179e-02   0.0000000e+00   0.0000000e+00  -2.4338933e-03  -1.0653790e-01  -7.4054308e-02  -5.6530454e-02   0.0000000e+00   2.0387855e-01   5.6690567e-02   1.2330393e-01   0.0000000e+00  -3.9180993e-02   1.0407964e-01  -5.2765064e-02  -2.2817540e-01   0.0000000e+00  -7.7563122e-02  -1.7656316e-01  -1.8328596e-02  -1.7013880e-01  -1.0943727e-02  -1.2767394e-02  -2.2784022e-01  -1.3994046e-01   2.8559535e-02  -9.5000360e-02   3.8288795e-02   6.2757378e-02  -3.1318651e-02   3.1662531e-03   2.7688168e-01   2.8286344e-01   1.3637820e-01  -1.5104036e-02   3.1091065e-02  -1.4334584e-01  -1.5730905e-01   2.8484992e-02  -4.2269549e-02   2.6531222e-04  -4.3603571e-02  -1.1142293e-01   3.8626131e-02  -1.3135605e-01  -4.7822544e-02  -6.4102022e-02   5.7076627e-02   1.8429509e-01   9.3811828e-02   0.0000000e+00   1.5527037e-01   2.2651536e-02  -1.0256170e-01  -2.4279428e-01  -1.4764161e-01  -1.9810123e-01   1.2762078e-01  -1.2820370e-01  -1.4605816e-01  -3.5436302e-03   4.2651598e-03   1.5632392e-01   6.9526803e-02   2.2582820e-01  -9.5074065e-03   3.2861537e-01   1.7743441e-01   1.8668090e-01   8.0566781e-02   1.1215708e-01   9.6817182e-02   1.6829385e-01   1.7540529e-01   0.0000000e+00   1.5149658e-01   1.1564189e-01   2.4488444e-01   1.6430290e-01   1.2338259e-01   4.3561363e-02   1.3879328e-01   1.5677033e-02  -1.5419538e-02   4.7334672e-02  -7.2928715e-02   3.9844290e-02   1.2458976e-01   1.1765226e-01   7.2362413e-02  -5.0326282e-03   4.4365955e-02   2.0853634e-01   2.1274166e-02   1.0267167e-01   5.4555333e-03  -2.4900900e-02   4.7673395e-02   1.9915358e-01   1.5061843e-01   7.5198018e-02   2.3921202e-01   1.2183616e-01  -1.1756576e-01  -7.4118918e-02   2.1910440e-01   7.8798039e-03   6.1742760e-02  -1.6169169e-03   7.9658284e-02   8.6786884e-02   0.0000000e+00   0.0000000e+00  -9.2610270e-02   0.0000000e+00   5.8229783e-01   8.7274641e-02   4.4824840e-02
   3.6327492e-02   0.0000000e+00   0.0000000e+00   1.0794285e-01  -4.6353468e-02   9.4500151e-02  -7.9203357e-02   2.0387855e-01   0.0000000e+00  -3.6587898e-02  -7.3279590e-02   0.0000000e+00  -6.8430689e-02  -2.6282079e-02   1.6620120e-01   3.3559191e-02   0.0000000e+00   1.8311674e-02  -5.8208794e-02  -1.8828596e-01  -2.5464540e-01  -9.8835013e-02  -9.2589122e-02  -2.6551196e-01  -2.6417967e-01  -1.7974469e-01  -1.8095331e-01  -9.2744679e-02   8.8577656e-02  -3.7175439e-02   1.2446901e-01   7.5614848e-02   1.2291307e-02  -1.9229565e-02  -1.0065327e-01   5.0653767e-02  -1.7873008e-01  -7.8255110e-02  -4.4987679e-02  -7.7135454e-02  -7.7089849e-02   1.5055780e-02  -1.4044572e-01   5.3099227e-02  -1.4741732e-01   9.0165953e-03  -4.1501087e-02   1.7046918e-01   3.1688176e-01   5.2611422e-02   0.0000000e+00   7.3331225e-03   4.4779937e-02  -9.4858178e-02  -1.2549090e-01  -1.0277399e-01  -2.1950159e-01   3.9660840e-01   1.2986818e-01  -2.0592334e-01  -2.0108290e-01  -1.3214654e-01   2.7748020e-01   1.0347618e-01   3.9552886e-01   2.5376121e-02   4.0421082e-01   5.1375831e-02   4.6948697e-01   1.6666280e-01   1.5408249e-01   6.8405989e-02   6.0281710e-02   6.8483317e-02   0.0000000e+00   7.4217684e-02   2.6000222e-01   6.5866559e-02   8.0980607e-02   8.1309460e-02  -2.3799674e-02  -3.8918214e-04  -2.3561443e-01  -2.5661481e-02  -8.0651716e-02  -5.6686374e-04   1.5823145e-01   1.2097314e-02   4.8161986e-02   5.9268705e-02   3.5566470e-02   1.6288776e-02   2.3379710e-01   2.9533897e-02   1.8641770e-01   1.3490323e-01   2.5786955e-02   6.4908810e-02   1.8309506e-01   2.0069686e-01   5.5272083e-03   2.5006193e-01   1.1706373e-01  -1.4543872e-01   3.9769886e-02   3.6572948e-01   4.4647412e-01   2.5777131e-01   1.5118477e-01   3.1742363e-01   3.0922976e-01   0.0000000e+00   0.0000000e+00   1.1215095e-01   0.0000000e+00   3.6127646e-01   1.2801601e-01  -1.6340720e-01
   1.3928539e-01   0.0000000e+00   0.0000000e+00  -6.8745539e-02  -3.5311071e-02  -1.7480348e-01   1.5491352e-01   5.6690567e-02  -3.6587898e-02   0.0000000e+00   2.7414767e-01   0.0000000e+00   7.3941543e-02  -3.1207995e-02   7.6868759e-02   9.5370362e-02   0.0000000e+00  -7.1767786e-03   1.6672374e-01   1.4733612e-01   1.8953635e-01   1.9988321e-01   2.3965503e-01   2.5224935e-01   1.8051903e-01   1.4537308e-01   9.7729773e-02   2.8128696e-01   8.2103875e-02   2.3867534e-01  -7.0980617e-02   2.1751745e-01   1.0995672e-01   2.4311380e-01   2.9333846e-01   2.7761243e-01   2.6504851e-01   2.4824490e-01   4.0721348e-01   2.6748385e-01   9.4632440e-02   2.4993906e-01   1.0225920e-01   2.5661143e-01   1.8002711e-01   1.1245928e-01   4.7754427e-02   1.1978337e-01   1.0836462e-01   1.2218584e-01   0.0000000e+00   1.5757589e-01   1.0311894e-01   1.0451942e-01   1.8784181e-01   2.0417027e-01   1.3277303e-01  -4.2280542e-02   1.5196647e-01   6.5656850e-02   1.7620084e-01   1.6037766e-01   8.7904912e-02   3.0455854e-02   7.6938624e-02   1.9139717e-01  -1.1488677e-02  -5.6417106e-02   1.3011356e-02  -4.3070206e-02   1.2511483e-01  -8.9071509e-02   4.1254979e-02  -5.1592324e-02   0.0000000e+00  -3.6640626e-02  -2.1023088e-02  -2.4940892e-02  -4.8502756e-02   1.6193308e-02  -9.6729111e-02   1.3760448e-02   1.0910917e-01  -3.5263867e-02   7.1081084e-02  -1.5880973e-01  -2.4338568e-01  -2.7262486e-02   3.8549425e-02  -6.6841314e-02  -1.4365553e-01   4.9928904e-02  -6.9657311e-02  -9.4817254e-03   8.0083567e-02   1.6246425e-01   1.4510917e-01   7.2639596e-02   8.2894403e-02  -4.0636133e-02   2.2048534e-01   1.3140695e-01  -2.7828933e-02   1.6139283e-01   7.0433123e-02   3.7961272e-02   7.5027974e-03   1.8445076e-01   1.7359137e-01  -5.0139076e-02   1.5022723e-01   0.0000000e+00   0.0000000e+00  -1.0059802e-01   0.0000000e+00   1.7440198e-02  -9.0111789e-02   7.0250876e-02
   6.4951509e-02   0.0000000e+00   0.0000000e+00   2.4622993e-02  -5.4283267e-02  -1.0163922e-01   4.5279535e-01   1.2330393e-01  -7.3279590e-02   2.7414767e-01   0.0000000e+00   0.0000000e+00   1.7171112e-01  -1.6632222e-01  -2.8224906e-02   5.2598567e-02   0.0000000e+00  -6.1025790e-02   1.0615199e-01   2.5623423e-01   2.5668458e-01   2.5837500e-01   2.5017300e-01   3.0214812e-01   1.3561521e-01  -3.4579299e-02   1.1222598e-01   4.0442957e-01   1.4735491e-01   3.1565947e-01  -5.3979229e-02   3.1208112e-01   3.3391624e-01   4.6565409e-01   4.7491716e-01   4.3371622e-01   4.5436852e-01   2.8701844e-01   3.7135094e-01   4.7802304e-01   2.4447171e-01   3.1265459e-01   1.9143362e-01   3.0049526e-01   3.3131414e-01   1.2946934e-01   2.7613190e-02   1.1175197e-01   1.4679132e-01   7.1148100e-03   0.0000000e+00   2.9678595e-01   1.8834999e-01   2.4369199e-01   1.9674819e-01   2.3709015e-01   1.5674585e-01  -3.2752224e-03   1.2375869e-01  -9.8619342e-02  -8.4277376e-02  -5.0103009e-02  -2.9523799e-03   3.3669771e-01   1.7175000e-01   4.7530958e-01   2.3209598e-01  -3.7077723e-02   1.0342493e-02  -5.5825141e-02   1.4205231e-01  -1.6199237e-01   1.9610521e-01   9.9931916e-02   0.0000000e+00   1.9258587e-02  -7.1259652e-02  -5.1089440e-02  -2.0878410e-01  -9.4395291e-02  -1.4549723e-01  -2.8302406e-02  -4.9326049e-02  -1.3879449e-02   2.3302361e-01  -5.4366968e-03  -9.3845384e-02  -1.0159992e-01  -7.9331575e-02  -6.9626821e-02   4.6322788e-02  -6.5539916e-02   6.0830780e-02   2.6015779e-02   7.7855806e-02   7.3608090e-02   1.4420348e-01   6.2715800e-02   1.3413896e-01   2.1895045e-02   4.4788212e-01   8.8581731e-02  -5.1225497e-02  -7.3904362e-02   7.7715223e-03   1.4049848e-01   1.9182147e-02   1.6771506e-01   1.7124582e-01   3.5004226e-02   1.6795446e-01   0.0000000e+00   0.0000000e+00  -5.3306708e-02   0.0000000e+00   5.4903392e-02  -1.5846609e-01  -1.7202645e-01
   0.0000000e+00   0.0000000e+00   0.0000000e+00   0.0000000e+00   0.0000000e+00   0.0000000e+00   0.0000000e+00   0.0000000e+00   0.0000000e+00   0.0000000e+00   0.0000000e+00   0.0000000e+00   0.0000000e+00   0.0000000e+00   0.0000000e+00   0.0000000e+00   0.0000000e+00   0.0000000e+00   0.0000000e+00   0.0000000e+00   0.0000000e+00   0.0000000e+00   0.0000000e+00   0.0000000e+00   0.0000000e+00   0.0000000e+00   0.0000000e+00   0.0000000e+00   0.0000000e+00   0.0000000e+00   0.0000000e+00   0.0000000e+00   0.0000000e+00   0.0000000e+00   0.0000000e+00   0.0000000e+00   0.0000000e+00   0.0000000e+00   0.0000000e+00   0.0000000e+00   0.0000000e+00   0.0000000e+00   0.0000000e+00   0.0000000e+00   0.0000000e+00   0.0000000e+00   0.0000000e+00   0.0000000e+00   0.0000000e+00   0.0000000e+00   0.0000000e+00   0.0000000e+00   0.0000000e+00   0.0000000e+00   0.0000000e+00   0.0000000e+00   0.0000000e+00   0.0000000e+00   0.0000000e+00   0.0000000e+00   0.0000000e+00   0.0000000e+00   0.0000000e+00   0.0000000e+00   0.0000000e+00   0.0000000e+00   0.0000000e+00   0.0000000e+00   0.0000000e+00   0.0000000e+00   0.0000000e+00   0.0000000e+00   0.0000000e+00   0.0000000e+00   0.0000000e+00   0.0000000e+00   0.0000000e+00   0.0000000e+00   0.0000000e+00   0.0000000e+00   0.0000000e+00   0.0000000e+00   0.0000000e+00   0.0000000e+00   0.0000000e+00   0.0000000e+00   0.0000000e+00   0.0000000e+00   0.0000000e+00   0.0000000e+00   0.0000000e+00   0.0000000e+00   0.0000000e+00   0.0000000e+00   0.0000000e+00   0.0000000e+00   0.0000000e+00   0.0000000e+00   0.0000000e+00   0.0000000e+00   0.0000000e+00   0.0000000e+00   0.0000000e+00   0.0000000e+00   0.0000000e+00   0.0000000e+00   0.0000000e+00   0.0000000e+00   0.0000000e+00   0.0000000e+00   0.0000000e+00   0.0000000e+00   0.0000000e+00   0.0000000e+00   0.0000000e+00   0.0000000e+00   0.0000000e+00   0.0000000e+00
   4.2371818e-02   0.0000000e+00   0.0000000e+00   5.3448513e-02   7.9402802e-02   4.5479208e-02   2.0969007e-01  -3.9180993e-02  -6.8430689e-02   7.3941543e-02   1.7171112e-01   0.0000000e+00   0.0000000e+00   1.5955084e-01   7.0603022e-02   1.4097717e-01   0.0000000e+00   1.9500469e-01   6.4824260e-02   5.8696994e-01   4.1017363e-01   3.3000070e-01   2.7528806e-01   2.3974293e-01   2.6279908e-01  -5.6660407e-02   2.7638905e-01   5.9052301e-02   1.3070375e-01   3.4274880e-01   2.8906370e-01  -9.9344271e-02   1.6730410e-02   2.9674064e-02   2.5314351e-01   1.3680669e-02   9.2084183e-02   3.8609933e-02  -3.1384179e-02   1.8798529e-01  -2.8523976e-02   1.2626407e-01   1.5653043e-01   1.1368238e-01   4.7834344e-01   1.4000660e-01   1.8537985e-01   1.3095501e-01   9.0516172e-02  -4.2649732e-02   0.0000000e+00  -2.3902190e-02  -1.3647711e-02   3.3871430e-01   1.9361612e-01   3.3818532e-01   2.4508803e-01   8.1126465e-02   1.2695681e-01   1.1938581e-01   6.1516216e-02   7.5421335e-02  -2.1608903e-02   1.4420297e-01  -7.5465624e-02   1.3030909e-01   1.9799957e-01  -2.5338568e-02   9.1932769e-02   8.5129314e-02   1.8747407e-01   7.6365844e-02   5.3691339e-02  -2.4136622e-04   0.0000000e+00   2.0534130e-01   2.2571254e-01  -1.2400645e-01  -1.7587019e-01   2.2724800e-01   1.0309904e-01   1.6524875e-01   2.3230793e-01   2.0121236e-01  -2.9162427e-02   2.4125386e-01   1.0934027e-01   1.0250172e-01  -1.5087790e-01   2.9760630e-01   1.4370380e-01  -7.3427421e-02  -5.4186007e-02  -1.0969395e-02  -2.7382234e-02   7.6257008e-02   1.3773736e-01  -7.8488155e-02  -1.8204174e-01  -1.1395263e-02   4.2919166e-02  -1.6303714e-01  -4.4169938e-02  -5.8309856e-02   5.5001719e-02   3.4579647e-01   5.7400802e-02  -1.9355433e-02   2.1122131e-01  -8.3239804e-02   1.4372663e-01   0.0000000e+00   0.0000000e+00   5.2558625e-02   0.0000000e+00   5.2093066e-02   1.3843526e-01   2.6517627e-01
   5.5707569e-02   0.0000000e+00   0.0000000e+00   7.1317610e-02  -3.8290678e-02   3.2318023e-01  -8.9056254e-02   1.0407964e-01  -2.6282079e-02  -3.1207995e-02  -1.6632222e-01   0.0000000e+00   1.5955084e-01   0.0000000e+00  -1.9015035e-01  -1.0524536e-01   0.0000000e+00   1.2515721e-01  -1.4436840e-02  -1.8528959e-02  -1.6220857e-01  -3.0894283e-03   8.0629650e-02  -1.7907399e-01   3.8729304e-02  -5.8621661e-02   8.6993569e-03  -5.2077314e-03  -1.6359131e-01  -1.5392161e-01   9.6155587e-04  -5.3038524e-02  -2.9375112e-02  -2.6110671e-01  -2.2395607e-01  -4.6114020e-02  -1.7860032e-01  -1.7825144e-01  -2.3805286e-02  -1.8867704e-01  -4.0679779e-02  -8.4428548e-02  -2.1795267e-01  -4.4515175e-02  -6.5242159e-02   8.5340029e-02  -3.2208100e-03  -1.6466264e-01  -2.8545275e-01  -1.4935101e-02   0.0000000e+00  -1.0112285e-01  -9.8089638e-02   3.1819437e-02  -1.2102702e-01  -2.3584498e-01  -6.7978237e-03  -1.1722061e-01  -4.9428436e-02   1.4365118e-01   1.6161644e-01   2.6928024e-01   2.7001639e-01  -1.3535210e-01  -3.3194536e-02  -3.1188677e-01  -2.2006951e-02   3.2767921e-01   2.1298782e-01   6.4892469e-03   2.6429940e-01   3.3776745e-01   1.3417167e-01   5.3890921e-02   0.0000000e+00   3.0802668e-01   3.7320159e-01   9.6405220e-02   2.6654482e-01   6.1748175e-01   3.5920235e-01   3.7405373e-01   4.3309277e-01  -2.9904984e-02  -1.1252029e-01  -1.2428291e-01   4.3528515e-02   6.4150458e-01   1.2604508e-01   1.8876171e-01   8.0501751e-02   2.0650882e-01   7.5763151e-02   1.0680968e-01   1.3808599e-02   3.0373313e-02  -2.9740315e-02   3.2029457e-02   5.4486859e-02   1.1261692e-01  -7.1827086e-02   4.5007302e-02   3.2431169e-02   5.1877836e-02   1.7348326e-01  -6.8183805e-02  -1.5484670e-01  -1.7845186e-01  -1.8921673e-02   1.3719127e-01  -8.5648701e-02   0.0000000e+00   0.0000000e+00  -6.7726209e-02   0.0000000e+00   2.5112897e-01   5.7248362e-01   2.8617479e-01
   1.8635896e-01   0.0000000e+00   0.0000000e+00   5.3305428e-02   1.8294083e-01  -5.2207873e-02   3.1490892e-02  -5.2765064e-02   1.6620120e-01   7.6868759e-02  -2.8224906e-02   0.0000000e+00   7.0603022e-02  -1.9015035e-01   0.0000000e+00   4.6867641e-01   0.0000000e+00   1.7742860e-01   1.3256938e-01   1.8429168e-01   2.5497400e-01   9.5699973e-02   1.2748945e-01   1.3274711e-01   1.1187847e-01   3.6627898e-03   1.6180352e-01  -4.4855464e-02   1.8943528e-01   1.6318884e-01   1.1120886e-01  -3.6617527e-02  -2.5561387e-02   1.7154564e-01   2.0703652e-01   1.2702565e-01   1.4041490e-01   2.4646594e-01   8.4037095e-02   7.5290495e-02   1.2686981e-01   2.0941482e-01   1.1657320e-01   2.8508075e-01   5.4159102e-02   1.5384736e-01   1.4558376e-01   5.0152367e-01   3.5003726e-01  -7.4808043e-03   0.0000000e+00   2.5000063e-03   1.0908518e-01   2.0424691e-01   3.9510826e-01   4.6919267e-01   2.4915016e-01   2.5466544e-01   2.6527224e-01   4.1328911e-05  -8.6212891e-02   1.0294098e-02  -5.3004944e-02   2.2626802e-01   6.1442511e-02   2.4675843e-01   1.0459204e-01  -1.5420256e-01   6.6105553e-02   1.2340389e-01  -4.5610916e-02   2.9422159e-02  -1.9036703e-01  -1.4790372e-01   0.0000000e+00  -1.5077955e-01   1.4155532e-02  -4.6428984e-04   7.7351621e-03  -1.6282212e-01  -1.3634126e-03  -2.8683573e-02  -3.7001262e-02   6.9202901e-02   3.8644762e-02   1.9513288e-01   1.2660972e-01  -5.9461254e-02   4.2281356e-02   2.1791268e-03  -7.5831375e-02   7.7034175e-02  -2.0793321e-01  -5.1425814e-02   1.6252818e-01   8.6750832e-02   1.3399174e-01   2.0162405e-02  -1.1848029e-01   2.1922123e-02   9.8966153e-02  -1.8688744e-02   5.5917939e-02   7.8874498e-02   5.9627232e-02   2.4345595e-01   2.1553220e-01   2.7085147e-01   1.5039553e-01  -3.0974658e-02   3.4699810e-01   0.0000000e+00   0.0000000e+00   4.0433014e-01   0.0000000e+00   5.5272302e-02  -1.7199790e-01  -8.6530116e-03
   1.4922628e-01   0.0000000e+00   0.0000000e+00   6.8701192e-02   2.6308810e-01   6.5307278e-02   1.5022447e-01  -2.2817540e-01   3.3559191e-02   9.5370362e-02   5.2598567e-02   0.0000000e+00   1.4097717e-01  -1.0524536e-01   4.6867641e-01   0.0000000e+00   0.0000000e+00   2.5652653e-01   3.7828053e-01   2.2003965e-01   3.1969338e-01   1.9141049e-01   1.6106078e-01   2.3985282e-01   2.7164684e-01   9.9761345e-03   2.9606001e-01   5.9657446e-02   1.3379656e-01   1.8958372e-01   4.3652780e-03  -9.4593104e-02  -3.3937362e-02   1.1173334e-01   2.2015492e-01   2.8033993e-01   3.6582089e-01   3.6422821e-01   2.6247504e-01   1.1594649e-01   2.4287133e-01   3.1041133e-01   1.8373801e-01   3.1438397e-01   1.8205974e-01   3.4114934e-01   3.3036159e-01   3.1626949e-01   2.1005268e-01   4.2008694e-02   0.0000000e+00   1.2045031e-01   2.2902091e-01   4.0153774e-01   7.3085625e-01   4.3013241e-01   4.8262600e-01   6.7159997e-02   5.1491207e-01   1.9968208e-01  -2.7573284e-03   2.3283122e-02  -8.0446612e-02   2.2010395e-01  -8.8020426e-02   4.0766901e-01  -1.0176983e-01  -1.6625425e-01  -4.2077758e-02   1.3694228e-02  -1.0164336e-01  -5.1607778e-02  -2.7358586e-01  -9.0533995e-02   0.0000000e+00  -2.2475050e-01  -5.1456506e-02  -1.0180046e-01  -4.8933318e-02  -1.4561302e-01   3.7214356e-03  -2.4510675e-02   4.7929527e-02   3.8240504e-02   2.3460261e-02   1.2740682e-01   7.6274614e-02  -1.8352764e-01   1.0438352e-02  -4.2340953e-02  -1.2696140e-01   1.4072136e-01  -2.3632097e-01   1.2051318e-02   1.7403500e-01   1.2776120e-01   1.4105447e-01   4.3976240e-02  -1.0487635e-01   4.1623918e-02   7.7026765e-02   4.1113530e-02  -1.0294467e-01   1.5445452e-01   1.4347183e-01   1.7013457e-02   2.4439906e-01   3.3519344e-01   1.5457564e-01   5.4527412e-02   2.2461288e-01   0.0000000e+00   0.0000000e+00   2.6389400e-01   0.0000000e+00  -1.7024654e-01  -1.9154642e-01  -8.5042737e-02
   0.0000000e+00   0.0000000e+00   0.0000000e+00   0.0000000e+00   0.0000000e+00   0.0000000e+00   0.0000000e+00   0.0000000e+00   0.0000000e+00   0.0000000e+00   0.0000000e+00   0.0000000e+00   0.0000000e+00   0.0000000e+00   0.0000000e+00   0.0000000e+00   0.0000000e+00   0.0000000e+00   0.0000000e+00   0.0000000e+00   0.0000000e+00   0.0000000e+00   0.0000000e+00   0.0000000e+00   0.0000000e+00   0.0000000e+00   0.0000000e+00   0.0000000e+00   0.0000000e+00   0.0000000e+00   0.0000000e+00   0.0000000e+00   0.0000000e+00   0.0000000e+00   0.0000000e+00   0.0000000e+00   0.0000000e+00   0.0000000e+00   0.0000000e+00   0.0000000e+00   0.0000000e+00   0.0000000e+00   0.0000000e+00   0.0000000e+00   0.0000000e+00   0.0000000e+00   0.0000000e+00   0.0000000e+00   0.0000000e+00   0.0000000e+00   0.0000000e+00   0.0000000e+00   0.0000000e+00   0.0000000e+00   0.0000000e+00   0.0000000e+00   0.0000000e+00   0.0000000e+00   0.0000000e+00   0.0000000e+00   0.0000000e+00   0.0000000e+00   0.0000000e+00   0.0000000e+00   0.0000000e+00   0.0000000e+00   0.0000000e+00   0.0000000e+00   0.0000000e+00   0.0000000e+00   0.0000000e+00   0.0000000e+00   0.0000000e+00   0.0000000e+00   0.0000000e+00   0.0000000e+00   0.0000000e+00   0.0000000e+00   0.0000000e+00   0.0000000e+00   0.0000000e+00   0.0000000e+00   0.0000000e+00   0.0000000e+00   0.0000000e+00   0.0000000e+00   0.0000000e+00   0.0000000e+00   0.0000000e+00   0.0000000e+00   0.0000000e+00   0.0000000e+00   0.0000000e+00   0.0000000e+00   0.0000000e+00   0.0000000e+00   0.0000000e+00   0.0000000e+00   0.0000000e+00   0.0000000e+00   0.0000000e+00   0.0000000e+00   0.0000000e+00   0.0000000e+00   0.0000000e+00   0.0000000e+00   0.0000000e+00   0.0000000e+00   0.0000000e+00   0.0000000e+00   0.0000000e+00   0.0000000e+00   0.0000000e+00   0.0000000e+00   0.0000000e+00   0.0000000e+00   0.0000000e+00   0.0000000e+00
   2.2064857e-01   0.0000000e+00   0.0000000e+00   1.4601458e-02   2.8205157e-01   2.1410794e-01   4.7340654e-02  -7.7563122e-02   1.8311674e-02  -7.1767786e-03  -6.1025790e-02   0.0000000e+00   1.9500469e-01   1.2515721e-01   1.7742860e-01   2.5652653e-01   0.0000000e+00   0.0000000e+00   8.2965997e-02   2.2019605e-01   1.5409248e-02   3.3306427e-02  -1.3544731e-02  -1.1299702e-01   2.4838137e-02   2.6967308e-02   2.1719326e-01  -1.4790798e-01   1.3306874e-01   8.1542992e-05   2.0211563e-01  -2.3378581e-01  -1.9999529e-03  -1.6138642e-01  -8.9819418e-02   3.7970355e-02  -6.9181625e-02   1.5047770e-02   2.4693505e-02  -5.5897558e-02   5.1842264e-02   4.1415072e-02   1.7383391e-01   1.1696292e-01   8.3932396e-02   2.0394272e-01   2.3946200e-01   2.7749369e-01   1.8527888e-01   2.3310155e-01   0.0000000e+00   1.5106124e-02   6.6424956e-02   1.1989082e-01   1.7214990e-01   2.1006714e-01   1.7323675e-01   2.7655930e-02   1.8210274e-01   7.7118436e-02   2.3575780e-02   5.7032837e-02  -4.3742879e-02   2.2523770e-01  -1.7403594e-01   8.3604119e-02  -1.0525235e-02   4.1546412e-02   5.5400931e-02   3.8039645e-01  -8.1262892e-02   2.4090829e-02   1.2986130e-01   1.0984924e-01   0.0000000e+00   1.1196432e-02   2.1263738e-01   9.8002457e-02   3.0593690e-01   1.7024768e-02   2.3249672e-01   1.2017214e-01   7.4827179e-02   3.6533004e-01   9.3502120e-02   2.2599608e-01   3.2015904e-01  -1.2423637e-02   2.3819119e-01   1.3992487e-01   1.7604571e-01   3.4543335e-01  -6.9917795e-02   1.5618455e-01   1.7982097e-01  -4.5577051e-02   2.3489192e-03  -2.4789837e-02  -5.3170377e-02  -8.1375367e-03  -1.3803701e-01  -6.7616902e-02   1.7872844e-01   1.6284079e-02   1.7473847e-01   7.1395159e-02   2.7943948e-02   1.4064415e-01   4.9948307e-03   6.9642856e-02   1.9939359e-01   0.0000000e+00   0.0000000e+00   7.4140557e-02   0.0000000e+00   2.0535142e-02   1.0395480e-01   4.9041547e-03
   1.5447599e-01   0.0000000e+00   0.0000000e+00  -3.1388274e-02   3.5411204e-02  -9.7854425e-03   2.1826852e-01  -1.7656316e-01  -5.8208794e-02   1.6672374e-01   1.0615199e-01   0.0000000e+00   6.4824260e-02  -1.4436840e-02   1.3256938e-01   3.7828053e-01   0.0000000e+00   8.2965997e-02   0.0000000e+00   6.1991170e-04   1.0712070e-01   1.0450579e-01   1.1728678e-01   1.4923642e-01   1.6009310e-01   1.3576989e-02  -3.0102377e-03   7.3690359e-02  -5.2400765e-02   4.1874637e-02  -1.5104024e-01   5.9314826e-02   1.0356832e-02  -2.4943362e-02   4.4506093e-02   2.3095492e-01   2.1727660e-01   2.5235015e-01   2.1308110e-01   1.4484886e-01   1.7923952e-01   2.5287748e-01   1.1536695e-01   2.6344885e-01   9.7165140e-02   2.1252354e-01   1.6390572e-01   1.2577100e-01   1.1443879e-02   5.1265470e-02   0.0000000e+00   8.3290761e-02   2.6030947e-01   1.7820991e-01   1.8802647e-01   1.6456096e-01   2.4464649e-01  -2.0677553e-02   5.7826436e-01   6.9270735e-02   7.1066253e-02   4.6159652e-02   3.4854449e-02   9.1355796e-02  -2.0692682e-02   2.8271828e-01  -1.0424222e-01   1.1471581e-01  -7.4002971e-03  -4.2767623e-02  -1.4252041e-02   2.7305315e-02  -3.2113219e-02  -3.3018178e-02   0.0000000e+00  -5.1121687e-02   3.0739187e-02  -1.1926520e-01   3.6613246e-02  -1.4082704e-02  -3.0793734e-05  -8.2525360e-02   2.6030962e-02  -2.1521341e-03   7.1816353e-02  -1.3655456e-02  -6.8665153e-02   5.7613676e-02   5.1058061e-02   1.8327343e-02   3.2891196e-02   1.2760972e-01  -6.0100296e-02   1.7546548e-01   3.2373861e-01   2.5880376e-01   1.6173464e-01   2.3163483e-01   9.2910677e-02   9.8311674e-02   9.9392065e-02   7.7426944e-02  -2.9523999e-02   1.0612312e-01   1.8241891e-01   1.9400457e-02   1.3919431e-01   2.4169377e-01   1.6115534e-01   1.2839415e-01   1.7639251e-01   0.0000000e+00   0.0000000e+00  -6.4921542e-02   0.0000000e+00   2.7053283e-02   2.6837643e-02   2.0784516e-02
  -1.4093224e-02   0.0000000e+00   0.0000000e+00   8.9614963e-02   1.1118893e-01  -1.7135920e-01   3.1265185e-01  -1.8328596e-02  -1.8828596e-01   1.4733612e-01   2.5623423e-01   0.0000000e+00   5.8696994e-01  -1.8528959e-02   1.8429168e-01   2.2003965e-01   0.0000000e+00   2.2019605e-01   6.1991170e-04   0.0000000e+00   8.0027413e-01   5.6630339e-01   5.2298198e-01   5.4935820e-01   4.8272087e-01   7.5630370e-02   6.1262374e-01   3.0548287e-01   1.8319474e-01   4.8087626e-01   1.7110003e-01   3.4306640e-02   8.8412925e-02   1.6714833e-01   4.5033186e-01   1.1716248e-02   1.9483450e-01   2.0080887e-01   7.0627073e-02   3.2200660e-01   1.6358362e-01   2.9998385e-01   3.0411316e-01   1.7775031e-01   5.3242412e-01   1.0640136e-01   1.5778077e-01   2.4372320e-01   1.0793969e-01  -2.7506918e-03   0.0000000e+00   6.2524704e-02   8.7990179e-02   5.1185497e-01   3.6949612e-01   3.9846345e-01   4.5840355e-01  -6.0337939e-02   6.8547127e-02   1.9789545e-01   1.1706565e-01   1.6280760e-01  -2.2781278e-01   9.6936092e-02  -1.1165502e-01   1.5533589e-01   9.2038209e-02  -5.4590417e-02  -2.1080837e-01   2.7501237e-02   9.0617919e-02  -1.1108007e-01   2.0273913e-02  -5.7007135e-02   0.0000000e+00   5.1628303e-02  -9.8943854e-02  -3.4485014e-02  -1.6493290e-01   1.2171506e-02   1.4070163e-01   1.8747062e-01   4.5120794e-01   3.4356229e-01   1.6909280e-02   2.7837905e-01  -8.8768331e-03  -2.7656449e-03  -1.5402123e-01   2.1982682e-01   1.7202909e-01  -3.4313187e-02  -1.1956472e-01  -6.6228208e-02  -4.9979986e-02  -6.8548236e-02   1.0895148e-01  -6.6123374e-02  -1.3776358e-01  -1.2692086e-01   1.6715516e-01  -2.4212211e-01   2.0197142e-02  -4.2541280e-02  -1.0409836e-01   1.1794541e-01  -9.5785856e-02   3.3685397e-02   8.8751795e-02  -3.5624917e-01   1.0992471e-01   0.0000000e+00   0.0000000e+00   5.5342514e-02   0.0000000e+00  -7.6825699e-02  -8.6791614e-02   1.5196900e-01
  -6.1167037e-02   0.0000000e+00   0.0000000e+00   7.1918607e-02   2.1814434e-01  -1.7449670e-01   3.6575119e-01  -1.7013880e-01  -2.5464540e-01   1.8953635e-01   2.5668458e-01   0.0000000e+00   4.1017363e-01  -1.6220857e-01   2.5497400e-01   3.1969338e-01   0.0000000e+00   1.5409248e-02   1.0712070e-01   8.0027413e-01   0.0000000e+00   7.6024185e-01   5.5621823e-01   8.5569819e-01   7.7765056e-01   1.1371185e-01   6.1907993e-01   3.4644028e-01   2.2343815e-02   3.9076516e-01  -5.1539048e-02  -1.2993255e-02  -9.9084617e-02   1.2658570e-01   4.8965674e-01   8.1367951e-02   4.6668198e-01   4.4382440e-01   1.8030990e-01   5.0919614e-01   2.2792050e-01   3.9041459e-01   1.6981592e-01   2.2049640e-01   5.4213074e-01   9.9672207e-02   2.6671838e-01   3.2018502e-01   8.9251696e-02  -1.4704816e-01   0.0000000e+00   7.9261724e-03   1.5643535e-01   6.8285618e-01   5.2618809e-01   5.7835853e-01   5.1871726e-01   4.0581785e-02   1.3589287e-01   3.5376939e-01   1.3652220e-01   2.1458180e-01  -2.1196123e-01   1.8220478e-02  -1.7557904e-01   2.0313932e-01  -5.2976065e-02  -1.9294810e-01  -2.5791415e-01  -2.5548991e-01   1.4098317e-02  -1.0327563e-01  -1.5669662e-01  -1.1137849e-01   0.0000000e+00  -4.2905436e-02  -2.3653889e-01  -1.4678880e-01  -2.9591803e-01  -1.9132106e-01   1.7212722e-02   4.7351212e-02   3.9392981e-01   2.3709130e-02  -8.3809400e-02   5.5981252e-02  -2.2501162e-01  -1.4193374e-01  -3.1362336e-01   1.3274466e-02  -8.1086745e-02  -1.0023513e-01  -2.0566146e-01  -1.3845084e-01  -1.7630270e-02   3.1447484e-02   2.3149377e-01   3.8368455e-02  -1.6655880e-01  -7.7987337e-02   1.8921862e-01  -2.2292503e-01  -1.0986392e-01   1.6764262e-01  -3.0172322e-02   6.9679626e-02   1.9823287e-02   6.7900639e-02   2.6085760e-01  -3.5671573e-01   8.4890523e-03   0.0000000e+00   0.0000000e+00   1.2625818e-01   0.0000000e+00  -2.0647622e-01  -3.1115000e-01   9.0595595e-02
