   0.0000000e+00   0.0000000e+00   0.0000000e+00   0.0000000e+00   0.0000000e+00   0.0000000e+00   0.0000000e+00   0.0000000e+00   0.0000000e+00   0.0000000e+00   0.0000000e+00   0.0000000e+00   0.0000000e+00   0.0000000e+00   0.0000000e+00   0.0000000e+00   0.0000000e+00   0.0000000e+00   0.0000000e+00   0.0000000e+00   0.0000000e+00   0.0000000e+00   0.0000000e+00   0.0000000e+00   0.0000000e+00   0.0000000e+00   0.0000000e+00   0.0000000e+00   0.0000000e+00   0.0000000e+00   0.0000000e+00   0.0000000e+00   0.0000000e+00   0.0000000e+00   0.0000000e+00   0.0000000e+00   0.0000000e+00   0.0000000e+00   0.0000000e+00   0.0000000e+00   0.0000000e+00   0.0000000e+00   0.0000000e+00   0.0000000e+00   0.0000000e+00   0.0000000e+00   0.0000000e+00   0.0000000e+00   0.0000000e+00   0.0000000e+00   0.0000000e+00   0.0000000e+00   0.0000000e+00   0.0000000e+00   0.0000000e+00   0.0000000e+00   0.0000000e+00   0.0000000e+00   0.0000000e+00   0.0000000e+00   0.0000000e+00   0.0000000e+00   0.0000000e+00   0.0000000e+00   0.0000000e+00   0.0000000e+00   0.0000000e+00   0.0000000e+00   0.0000000e+00   0.0000000e+00   0.0000000e+00   0.0000000e+00   0.0000000e+00   0.0000000e+00   0.0000000e+00   0.0000000e+00   0.0000000e+00   0.0000000e+00   0.0000000e+00   0.0000000e+00   0.0000000e+00   0.0000000e+00   0.0000000e+00   0.0000000e+00   0.0000000e+00   0.0000000e+00   0.0000000e+00   0.0000000e+00   0.0000000e+00   0.0000000e+00   0.0000000e+00   0.0000000e+00   0.0000000e+00   0.0000000e+00   0.0000000e+00   0.0000000e+00   0.0000000e+00   0.0000000e+00   0.0000000e+00   0.0000000e+00   0.0000000e+00   0.0000000e+00   0.0000000e+00   0.0000000e+00   0.0000000e+00   0.0000000e+00   0.0000000e+00   0.0000000e+00   0.0000000e+00   0.0000000e+00   0.0000000e+00   0.0000000e+00   0.0000000e+00   0.0000000e+00   0.0000000e+00   0.0000000e+00   0.0000000e+00   0.0000000e+00
   0.0000000e+00   0.0000000e+00   0.0000000e+00   0.0000000e+00   0.0000000e+00   0.0000000e+00   0.0000000e+00   0.0000000e+00   0.0000000e+00   0.0000000e+00   0.0000000e+00   0.0000000e+00   0.0000000e+00   0.0000000e+00   0.0000000e+00   0.0000000e+00   0.0000000e+00   0.0000000e+00   0.0000000e+00   0.0000000e+00   0.0000000e+00   0.0000000e+00   0.0000000e+00   0.0000000e+00   0.0000000e+00   0.0000000e+00   0.0000000e+00   0.0000000e+00   0.0000000e+00   0.0000000e+00   0.0000000e+00   0.0000000e+00   0.0000000e+00   0.0000000e+00   0.0000000e+00   0.0000000e+00   0.0000000e+00   0.0000000e+00   0.0000000e+00   0.0000000e+00   0.0000000e+00   0.0000000e+00   0.0000000e+00   0.0000000e+00   0.0000000e+00   0.0000000e+00   0.0000000e+00   0.0000000e+00   0.0000000e+00   0.0000000e+00   0.0000000e+00   0.0000000e+00   0.0000000e+00   0.0000000e+00   0.0000000e+00   0.0000000e+00   0.0000000e+00   0.0000000e+00   0.0000000e+00   0.0000000e+00   0.0000000e+00   0.0000000e+00   0.0000000e+00   0.0000000e+00   0.0000000e+00   0.0000000e+00   0.0000000e+00   0.0000000e+00   0.0000000e+00   0.0000000e+00   0.0000000e+00   0.0000000e+00   0.0000000e+00   0.0000000e+00   0.0000000e+00   0.0000000e+00   0.0000000e+00   0.0000000e+00   0.0000000e+00   0.0000000e+00   0.0000000e+00   0.0000000e+00   0.0000000e+00   0.0000000e+00   0.0000000e+00   0.0000000e+00   0.0000000e+00   0.0000000e+00   0.0000000e+00   0.0000000e+00   0.0000000e+00   0.0000000e+00   0.0000000e+00   0.0000000e+00   0.0000000e+00   0.0000000e+00   0.0000000e+00   0.0000000e+00   0.0000000e+00   0.0000000e+00   0.0000000e+00   0.0000000e+00   0.0000000e+00   0.0000000e+00   0.0000000e+00   0.0000000e+00   0.0000000e+00   0.0000000e+00   0.0000000e+00   0.0000000e+00   0.0000000e+00   0.0000000e+00   0.0000000e+00   0.0000000e+00   0.0000000e+00   0.0000000e+00   0.0000000e+00   0.0000000e+00
   0.0000000e+00   0.0000000e+00   0.0000000e+00   0.0000000e+00   0.0000000e+00   0.0000000e+00   0.0000000e+00   0.0000000e+00   0.0000000e+00   0.0000000e+00   0.0000000e+00   0.0000000e+00   0.0000000e+00   0.0000000e+00   0.0000000e+00   0.0000000e+00   0.0000000e+00   0.0000000e+00   0.0000000e+00   0.0000000e+00   0.0000000e+00   0.0000000e+00   0.0000000e+00   0.0000000e+00   0.0000000e+00   0.0000000e+00   0.0000000e+00   0.0000000e+00   0.0000000e+00   0.0000000e+00   0.0000000e+00   0.0000000e+00   0.0000000e+00   0.0000000e+00   0.0000000e+00   0.0000000e+00   0.0000000e+00   0.0000000e+00   0.0000000e+00   0.0000000e+00   0.0000000e+00   0.0000000e+00   0.0000000e+00   0.0000000e+00   0.0000000e+00   0.0000000e+00   0.0000000e+00   0.0000000e+00   0.0000000e+00   0.0000000e+00   0.0000000e+00   0.0000000e+00   0.0000000e+00   0.0000000e+00   0.0000000e+00   0.0000000e+00   0.0000000e+00   0.0000000e+00   0.0000000e+00   0.0000000e+00   0.0000000e+00   0.0000000e+00   0.0000000e+00   0.0000000e+00   0.0000000e+00   0.0000000e+00   0.0000000e+00   0.0000000e+00   0.0000000e+00   0.0000000e+00   0.0000000e+00   0.0000000e+00   0.0000000e+00   0.0000000e+00   0.0000000e+00   0.0000000e+00   0.0000000e+00   0.0000000e+00   0.0000000e+00   0.0000000e+00   0.0000000e+00   0.0000000e+00   0.0000000e+00   0.0000000e+00   0.0000000e+00   0.0000000e+00   0.0000000e+00   0.0000000e+00   0.0000000e+00   0.0000000e+00   0.0000000e+00   0.0000000e+00   0.0000000e+00   0.0000000e+00   0.0000000e+00   0.0000000e+00   0.0000000e+00   0.0000000e+00   0.0000000e+00   0.0000000e+00   0.0000000e+00   0.0000000e+00   0.0000000e+00   0.0000000e+00   0.0000000e+00   0.0000000e+00   0.0000000e+00   0.0000000e+00   0.0000000e+00   0.0000000e+00   0.0000000e+00   0.0000000e+00   0.0000000e+00   0.0000000e+00   0.0000000e+00   0.0000000e+00   0.0000000e+00   0.0000000e+00
   0.0000000e+00   0.0000000e+00   0.0000000e+00   0.0000000e+00   2.3605626e-01   0.0000000e+00   1.1735678e-02  -6.1242152e-02   4.8593372e-03   1.2342113e-01   1.5688178e-01   0.0000000e+00   8.7100014e-02   9.8161889e-02  -6.5940163e-02   4.9319440e-02   0.0000000e+00   0.0000000e+00   3.3137317e-01   1.1051728e-01   1.8759485e-01   1.1501079e-01   1.8798902e-01   1.3289456e-01   2.4376158e-01   1.3784131e-01   5.6942364e-02   9.9767774e-02   1.7291099e-01   1.7882335e-01  -6.7567398e-02   4.3430702e-02   4.6242845e-02  -1.0176956e-01  -2.1661763e-02   9.0832267e-02   2.6882728e-01   2.1877023e-01   1.8018764e-01   1.1100796e-01   7.4093581e-02   1.9376863e-03  -1.5802293e-03  -2.5096858e-02   1.3720069e-01   3.0142942e-01   1.0809263e-01   4.6908285e-02   3.4658674e-02  -1.1095748e-01   0.0000000e+00  -4.8414068e-02  -7.3753593e-02   1.6608185e-01   5.0889680e-02   4.4473646e-02  -6.5503658e-02  -5.6754067e-02   3.3632447e-01  -8.0848709e-02   2.0648773e-01   8.7099862e-02  -8.7314565e-03  -6.2817971e-02  -7.1724016e-03   0.0000000e+00  -8.7464078e-02   5.7809427e-02   1.5233369e-02  -7.7611195e-02   7.1711127e-02   2.6295292e-01  -9.7662532e-02  -1.2471260e-01   0.0000000e+00   1.5397717e-02  -2.3908195e-02   3.2381296e-03  -1.1485783e-01  -1.2625346e-02  -6.0699736e-02  -1.1616220e-01  -8.5605687e-02  -5.1329001e-02   2.6948608e-02  -7.5322696e-02   9.1093692e-04  -2.5768293e-02  -4.5699106e-02   4.2201627e-02  -1.1582955e-02   5.3911946e-03  -9.8286275e-02  -8.9215234e-02   1.0115467e-01   2.6547321e-01  -1.2649810e-02   2.3908923e-01   7.8378357e-02   2.2864427e-01  -6.4284071e-02   2.9290023e-01  -5.5159506e-02   1.1197774e-01  -1.9468582e-02  -4.2393892e-02   1.3866678e-01  -6.1313643e-02   3.2278348e-02   2.9177623e-02  -3.9297456e-02   0.0000000e+00   0.0000000e+00  -4.4124978e-02   0.0000000e+00  -5.6313487e-02  -2.3088588e-02   2.8811463e-02
   0.0000000e+00   0.0000000e+00   0.0000000e+00   2.3605626e-01   0.0000000e+00   0.0000000e+00  -6.0994276e-02  -9.7257955e-03   1.0675269e-01  -3.8195534e-03  -6.8541280e-02   0.0000000e+00  -1.1932256e-02  -6.2183666e-02  -4.5079693e-02   1.0331692e-01   0.0000000e+00   0.0000000e+00  -1.6614137e-01   3.6903097e-01   1.0800669e-02   3.3282920e-02  -3.9849250e-02  -1.0559172e-01   1.7599187e-03  -2.5156346e-02   2.5270373e-01   3.4314612e-02  -9.0989917e-02   7.8088872e-02   2.1194909e-01   1.0455475e-01   1.9044706e-02   9.9263156e-02  -1.6534937e-02  -1.3254302e-01  -4.7757547e-02  -1.3301248e-01  -1.0214761e-01  -2.0464811e-02  -2.3997840e-02  -6.2778110e-03   2.2659994e-01  -1.2248683e-01   1.9471188e-02  -4.3217056e-02   4.2216067e-01   4.7107856e-02   4.5070900e-03   1.7286164e-01   0.0000000e+00   4.9254037e-02  -7.5812876e-02  -5.4990323e-02   5.4749679e-02   4.0428940e-02   1.4292266e-01  -6.8481227e-02  -1.7039904e-01  -5.6384047e-02   1.1554698e-01   1.2367509e-01   3.8394103e-02  -8.0007548e-02  -9.0750092e-02   0.0000000e+00   7.4978864e-03  -2.7285037e-02   1.5291489e-01   2.8382843e-01   3.9257732e-02   4.3031637e-01   2.4397593e-02  -1.8256432e-02   0.0000000e+00  -1.5440341e-02   4.3682937e-02   1.5141244e-01   2.5323832e-01   3.7026649e-02   2.9820033e-01   9.1850750e-02  -4.0270747e-02   2.8424330e-01   2.0656967e-01   1.3551354e-01   2.2263024e-01   9.3455488e-02   2.8819896e-01   1.2172351e-01   1.0649427e-01   2.4796126e-01   1.7382802e-01   1.0045222e-01   1.2086436e-01  -3.7973836e-02   4.2733954e-03  -7.1014085e-02  -1.0423202e-01  -2.7669360e-02   1.3028020e-01   9.2625444e-02   1.1089523e-01   2.0558931e-01   6.9329610e-02   8.3610321e-02   7.9403838e-02   1.2870295e-02   1.1289297e-01   7.2290426e-02   8.6668712e-02   0.0000000e+00   0.0000000e+00   1.0243130e-01   0.0000000e+00  -1.5080157e-02   8.8693487e-02   1.0529107e-01
   0.0000000e+00   0.0000000e+00   0.0000000e+00   0.0000000e+00   0.0000000e+00   0.0000000e+00   0.0000000e+00   0.0000000e+00   0.0000000e+00   0.0000000e+00   0.0000000e+00   0.0000000e+00   0.0000000e+00   0.0000000e+00   0.0000000e+00   0.0000000e+00   0.0000000e+00   0.0000000e+00   0.0000000e+00   0.0000000e+00   0.0000000e+00   0.0000000e+00   0.0000000e+00   0.0000000e+00   0.0000000e+00   0.0000000e+00   0.0000000e+00   0.0000000e+00   0.0000000e+00   0.0000000e+00   0.0000000e+00   0.0000000e+00   0.0000000e+00   0.0000000e+00   0.0000000e+00   0.0000000e+00   0.0000000e+00   0.0000000e+00   0.0000000e+00   0.0000000e+00   0.0000000e+00   0.0000000e+00   0.0000000e+00   0.0000000e+00   0.0000000e+00   0.0000000e+00   0.0000000e+00   0.0000000e+00   0.0000000e+00   0.0000000e+00   0.0000000e+00   0.0000000e+00   0.0000000e+00   0.0000000e+00   0.0000000e+00   0.0000000e+00   0.0000000e+00   0.0000000e+00   0.0000000e+00   0.0000000e+00   0.0000000e+00   0.0000000e+00   0.0000000e+00   0.0000000e+00   0.0000000e+00   0.0000000e+00   0.0000000e+00   0.0000000e+00   0.0000000e+00   0.0000000e+00   0.0000000e+00   0.0000000e+00   0.0000000e+00   0.0000000e+00   0.0000000e+00   0.0000000e+00   0.0000000e+00   0.0000000e+00   0.0000000e+00   0.0000000e+00   0.0000000e+00   0.0000000e+00   0.0000000e+00   0.0000000e+00   0.0000000e+00   0.0000000e+00   0.0000000e+00   0.0000000e+00   0.0000000e+00   0.0000000e+00   0.0000000e+00   0.0000000e+00   0.0000000e+00   0.0000000e+00   0.0000000e+00   0.0000000e+00   0.0000000e+00   0.0000000e+00   0.0000000e+00   0.0000000e+00   0.0000000e+00   0.0000000e+00   0.0000000e+00   0.0000000e+00   0.0000000e+00   0.0000000e+00   0.0000000e+00   0.0000000e+00   0.0000000e+00   0.0000000e+00   0.0000000e+00   0.0000000e+00   0.0000000e+00   0.0000000e+00   0.0000000e+00   0.0000000e+00   0.0000000e+00   0.0000000e+00
   0.0000000e+00   0.0000000e+00   0.0000000e+00   1.1735678e-02  -6.0994276e-02   0.0000000e+00   0.0000000e+00   5.6035137e-02  -5.9938563e-02   2.9757801e-01   1.9750752e-01   0.0000000e+00   3.5273058e-02   3.2134690e-02   1.0775255e-01   3.8159735e-01   0.0000000e+00   0.0000000e+00   2.5927424e-01  -4.4472772e-03   1.5316078e-01   1.4232043e-01   6.7569823e-02   1.1498598e-01   2.3600743e-01   8.5866280e-02   2.3197593e-01   3.1761018e-01   5.2936332e-02  -7.5076330e-02  -7.8774247e-02   2.6810265e-01   2.7412897e-01   1.9585445e-02   9.9606634e-03   3.8193467e-01   4.3396108e-02   2.1594245e-01   1.8278880e-01   2.9907307e-01   1.6536240e-01  -8.1809481e-02   1.2982343e-01   3.4443492e-02  -5.3078227e-02   4.0615457e-02   2.6652891e-01   1.2408831e-01   9.8015197e-02   1.4746310e-01   0.0000000e+00  -1.2446091e-01  -7.1329940e-03   3.2313756e-01   1.4647149e-01   1.2147488e-01   1.5059630e-02   8.5632892e-02   2.9903925e-01   4.9854949e-03  -1.2620986e-01  -5.1008193e-02   9.9320844e-02   3.3915465e-01  -1.1952558e-02   0.0000000e+00   6.9880757e-03   4.7970480e-01   2.7992234e-02  -1.9819693e-01  -8.8610950e-02  -2.1179362e-02   4.2725455e-02   1.4878404e-01   0.0000000e+00   5.5297173e-02  -2.2416835e-02  -2.3081173e-01  -3.9286007e-02  -7.3615787e-03   1.1267152e-01  -2.7840348e-02   1.2598802e-01  -6.0856785e-02   2.6315719e-01  -1.9127146e-02   7.0820382e-02   9.4288702e-02   2.7122561e-02   9.6381869e-02   2.2795872e-02  -1.7633734e-01  -2.4330097e-01  -2.7038877e-02   2.9921178e-01  -3.3728151e-02  -1.3879889e-01   1.3958983e-02   1.0185019e-01   2.7952921e-02  -5.8866058e-02   5.5050992e-02  -7.2709120e-02  -5.4712246e-04  -1.0921871e-01  -6.0135857e-02  -5.9739454e-02  -1.5986477e-01  -2.1777645e-02   3.0182921e-01  -1.0194323e-02   0.0000000e+00   0.0000000e+00   2.5259621e-02   0.0000000e+00  -2.3087373e-02  -7.2701294e-02  -7.0725647e-02
   0.0000000e+00   0.0000000e+00   0.0000000e+00  -6.1242152e-02  -9.7257955e-03   0.0000000e+00   5.6035137e-02   0.0000000e+00   1.4797096e-01  -5.0220714e-02  -6.6483873e-02   0.0000000e+00  -3.0303119e-02   6.9194375e-02  -3.7452761e-02   1.3540537e-02   0.0000000e+00   0.0000000e+00  -6.5600245e-02  -2.4534677e-02  -4.5995511e-02  -4.7765478e-02  -7.0575964e-02  -1.8311489e-01  -7.0714914e-02  -1.4944934e-01  -1.2725577e-01  -1.4892101e-01   3.4149051e-02   2.4993962e-03  -2.7663037e-02   9.9216517e-03   2.7140333e-02  -3.3826956e-03  -2.2394463e-01   7.1049390e-03   2.9370022e-02  -1.0046539e-01  -3.7624998e-02  -1.1581706e-01  -1.2295079e-01  -3.9630451e-02  -4.9817594e-02  -7.4312831e-02  -6.1022982e-02   8.1335860e-03  -7.5852056e-02  -1.4485395e-01  -1.3686757e-01   8.6769761e-02   0.0000000e+00   1.2230049e-01   3.9445971e-02  -1.9625874e-02   8.0629607e-02   9.3203488e-03  -1.1675202e-01  -5.6272137e-02  -7.7623941e-02   7.0191759e-03  -3.4648763e-02  -1.0615250e-05  -7.3844167e-02  -2.4882732e-02   1.1036718e-01   0.0000000e+00   2.0160037e-01  -1.2798627e-01   8.7410463e-03  -1.0376698e-01   7.8936373e-02  -6.2850027e-04   1.1956582e-01   8.1941195e-02   0.0000000e+00   3.8199696e-01  -8.7575258e-02   4.1905185e-02   6.7077819e-02   2.3443112e-01  -7.5525820e-02  -7.4162013e-02  -2.1724185e-02  -1.2743880e-01  -7.0237464e-02  -1.5454136e-01  -1.5021481e-01  -2.0199648e-02  -2.3898514e-01  -1.5551208e-01  -9.6489082e-02   5.2141645e-02   1.6707193e-02   7.5329602e-02   8.0651293e-02  -4.4512246e-02   6.7743068e-03  -9.2091389e-02   1.6031358e-02  -6.5358810e-03  -2.1397651e-02  -1.3664776e-01  -1.3605548e-01  -5.7586095e-02   1.3407631e-01   1.5152266e-01   4.5579746e-02   5.9294322e-03   1.5498958e-01  -6.0888921e-02  -1.0301451e-01   0.0000000e+00   0.0000000e+00   1.3975318e-01   0.0000000e+00   7.1405533e-01   3.8110176e-01   1.2867155e-01
   0.0000000e+00   0.0000000e+00   0.0000000e+00   4.8593372e-03   1.0675269e-01   0.0000000e+00  -5.9938563e-02   1.4797096e-01   0.0000000e+00  -1.6628902e-01  -8.1749718e-02   0.0000000e+00   5.9009102e-02  -9.4541142e-02   8.5301811e-02   6.2206719e-02   0.0000000e+00   0.0000000e+00  -6.9930250e-04  -2.2042769e-02  -1.2952646e-01  -1.2286530e-01  -7.0811378e-02  -2.3871608e-01  -1.5652645e-01  -1.2649068e-01  -1.8547540e-01  -2.4224973e-01   1.8555633e-01   1.1352822e-01   5.2648687e-02  -2.0701422e-01   4.8037815e-02   1.7819287e-01  -3.5957834e-01  -5.3236025e-02   2.3880158e-01  -5.3979367e-02  -2.2987403e-02  -5.5589014e-02   1.6562153e-02  -7.4023954e-02  -1.6651918e-01   4.7926231e-02   7.7924336e-02   6.1963327e-02  -2.4855161e-01   6.8948562e-02   8.2468761e-03   2.2537029e-02   0.0000000e+00   3.7172062e-01   7.9288215e-02  -8.4882585e-02   1.3685507e-01   3.1584643e-02   6.1739131e-03   1.1547012e-01  -3.7753332e-02  -4.9891360e-02   6.4701542e-03   1.7619583e-02   3.2856315e-03   5.0398573e-02   3.2979613e-01   0.0000000e+00   4.7695304e-01  -1.4671357e-01  -9.6959770e-02   5.3938806e-02  -3.1278282e-02  -1.6072430e-01   1.5543318e-01   5.2939619e-02   0.0000000e+00  -9.5714863e-02   1.2424220e-01  -8.2018407e-02  -9.4527206e-02   1.1295076e-02  -7.0146190e-02  -7.5029972e-02  -1.4373442e-01  -1.3060338e-01  -1.4201596e-01  -2.6899184e-01  -1.9996456e-01  -1.8904541e-01  -2.5859978e-01   1.6198128e-02   7.8698480e-02   2.9480073e-01   1.0089952e-01   1.4667710e-01   8.3740121e-02   3.8726589e-03   2.7918840e-01   1.3462478e-01   1.9038658e-01   1.0645092e-01   1.6924284e-01  -5.4974440e-03  -2.3713606e-02  -8.4322326e-02   3.0914831e-01   4.4343876e-01   3.4107291e-01   4.1367494e-01   3.5129279e-01   2.3444171e-01   4.0205288e-01   0.0000000e+00   0.0000000e+00   3.4700009e-01   0.0000000e+00   1.0913371e-01   1.6896994e-01  -7.4802934e-02
   0.0000000e+00   0.0000000e+00   0.0000000e+00   1.2342113e-01  -3.8195534e-03   0.0000000e+00   2.9757801e-01  -5.0220714e-02  -1.6628902e-01   0.0000000e+00   2.2422086e-01   0.0000000e+00   8.0111638e-03   8.1030173e-02  -1.4378025e-02   3.6106503e-01   0.0000000e+00   0.0000000e+00   7.6391428e-02   1.4130332e-02   2.5869147e-01   2.7138436e-01   1.1559372e-01   2.8795444e-01   4.0203706e-01   2.8224203e-01   3.0794847e-01   4.9312148e-01   3.8695074e-02   1.4488415e-01  -1.8420419e-01   4.7171195e-01   4.5237458e-02  -1.2995161e-01   1.9454891e-01   4.6582684e-01   1.4229933e-01   5.3866194e-01   5.9796356e-01   4.7785621e-01   3.8650243e-01   1.3376563e-01   2.0551348e-03   1.3021480e-01  -4.5614703e-01   1.3199911e-01   3.7425802e-01  -3.3268379e-02  -1.4136357e-01   1.0106301e-01   0.0000000e+00  -2.9274795e-01  -1.5893124e-02   2.0566431e-01   4.4550185e-02  -1.0518607e-01   2.0662290e-02  -8.0070830e-02   1.8787751e-01   1.5111335e-01  -9.0898741e-02  -1.1782435e-01   7.2396534e-02   2.8489194e-03  -2.0330231e-02   0.0000000e+00  -4.5672644e-02   3.4649419e-01  -1.4905210e-01  -3.8699616e-01   1.0987686e-02   7.6586586e-02  -3.0104199e-01  -2.5271454e-01   0.0000000e+00  -5.1783612e-02  -6.1121074e-02  -3.7417121e-02  -3.9654296e-02  -5.7341391e-02  -8.0290923e-02  -9.2452360e-02   7.8099320e-02  -1.9437782e-01   6.7138333e-02  -1.7210150e-01   8.2893550e-03  -1.3419707e-01   1.9927749e-01  -2.1938617e-01  -3.3836484e-02  -3.7339043e-01  -1.5422378e-01  -1.2695643e-01   6.5112385e-02   1.0136194e-01  -2.4865647e-01   1.0025084e-01   7.5489470e-03  -2.9531502e-03  -1.3378448e-01   1.3988821e-01   4.6429185e-02   3.7298790e-02  -1.8957231e-01  -1.0384694e-01  -5.9988557e-02  -3.5471485e-01  -1.6510417e-01   1.4376746e-01  -4.3856950e-01   0.0000000e+00   0.0000000e+00  -1.2720795e-01   0.0000000e+00  -1.1689739e-01  -1.4313654e-01  -3.7438185e-02
   0.0000000e+00   0.0000000e+00   0.0000000e+00   1.5688178e-01  -6.8541280e-02   0.0000000e+00   1.9750752e-01  -6.6483873e-02  -8.1749718e-02   2.2422086e-01   0.0000000e+00   0.0000000e+00   1.4305750e-01   1.3381605e-01  -3.4002063e-03   1.6565765e-01   0.0000000e+00   0.0000000e+00   3.5540370e-01  -1.2082024e-01   2.5044024e-01   2.8815657e-01   1.5770839e-01   2.7339621e-01   3.6432798e-01   3.3644625e-01   1.1499881e-01   3.1121916e-01   9.1640179e-02   6.1190770e-02  -7.4271595e-02   4.1458352e-01   3.6937592e-01   4.5136455e-03   2.3949501e-01   3.1726977e-01   3.4596830e-01   3.9412931e-01   3.1693102e-01   3.2352243e-01   3.1217800e-01   3.6974843e-02   1.5637777e-01   1.6187907e-01   6.4116989e-02   2.4872701e-01   5.0469617e-02   1.9035473e-01   1.4574903e-01  -2.4570322e-01   0.0000000e+00  -1.8346705e-01   2.4769842e-02   2.8251088e-01   1.9938940e-02  -7.1219324e-02   3.2858899e-02   1.2227113e-01   2.0221988e-01   2.0642128e-01  -2.1969005e-02  -1.1126088e-01   1.7257154e-01  -5.5798062e-02  -5.7745174e-02   0.0000000e+00  -3.3288118e-02   3.6399348e-01  -2.9563423e-02  -1.2632233e-01   1.8581291e-01   1.4850338e-01  -2.8277239e-02  -2.1384070e-01   0.0000000e+00   4.9427614e-02   8.2572459e-02  -9.4435048e-02  -6.8577374e-02  -3.6836700e-02  -7.9449710e-02  -6.1605995e-02  -4.5645313e-02  -9.6464087e-02   8.7027052e-02  -9.9800557e-02  -1.1749455e-01   4.7041392e-02  -3.4415722e-02   2.1140651e-02   7.3274788e-02  -1.1126027e-01  -6.8460312e-02  -1.3802310e-01   3.3139504e-02   2.0791795e-01  -3.4971361e-02   2.3995590e-01   2.8675629e-01   2.2232104e-01  -9.8869220e-02   6.6536660e-02   3.9767210e-02   5.1869579e-02  -7.9692655e-02   3.0921506e-02   1.3147366e-01  -1.7977319e-01  -7.1193108e-03   4.2035019e-02  -1.9630050e-01   0.0000000e+00   0.0000000e+00  -2.1517418e-03   0.0000000e+00  -6.9009959e-02  -9.4335979e-02   1.1443251e-02
   0.0000000e+00   0.0000000e+00   0.0000000e+00   0.0000000e+00   0.0000000e+00   0.0000000e+00   0.0000000e+00   0.0000000e+00   0.0000000e+00   0.0000000e+00   0.0000000e+00   0.0000000e+00   0.0000000e+00   0.0000000e+00   0.0000000e+00   0.0000000e+00   0.0000000e+00   0.0000000e+00   0.0000000e+00   0.0000000e+00   0.0000000e+00   0.0000000e+00   0.0000000e+00   0.0000000e+00   0.0000000e+00   0.0000000e+00   0.0000000e+00   0.0000000e+00   0.0000000e+00   0.0000000e+00   0.0000000e+00   0.0000000e+00   0.0000000e+00   0.0000000e+00   0.0000000e+00   0.0000000e+00   0.0000000e+00   0.0000000e+00   0.0000000e+00   0.0000000e+00   0.0000000e+00   0.0000000e+00   0.0000000e+00   0.0000000e+00   0.0000000e+00   0.0000000e+00   0.0000000e+00   0.0000000e+00   0.0000000e+00   0.0000000e+00   0.0000000e+00   0.0000000e+00   0.0000000e+00   0.0000000e+00   0.0000000e+00   0.0000000e+00   0.0000000e+00   0.0000000e+00   0.0000000e+00   0.0000000e+00   0.0000000e+00   0.0000000e+00   0.0000000e+00   0.0000000e+00   0.0000000e+00   0.0000000e+00   0.0000000e+00   0.0000000e+00   0.0000000e+00   0.0000000e+00   0.0000000e+00   0.0000000e+00   0.0000000e+00   0.0000000e+00   0.0000000e+00   0.0000000e+00   0.0000000e+00   0.0000000e+00   0.0000000e+00   0.0000000e+00   0.0000000e+00   0.0000000e+00   0.0000000e+00   0.0000000e+00   0.0000000e+00   0.0000000e+00   0.0000000e+00   0.0000000e+00   0.0000000e+00   0.0000000e+00   0.0000000e+00   0.0000000e+00   0.0000000e+00   0.0000000e+00   0.0000000e+00   0.0000000e+00   0.0000000e+00   0.0000000e+00   0.0000000e+00   0.0000000e+00   0.0000000e+00   0.0000000e+00   0.0000000e+00   0.0000000e+00   0.0000000e+00   0.0000000e+00   0.0000000e+00   0.0000000e+00   0.0000000e+00   0.0000000e+00   0.0000000e+00   0.0000000e+00   0.0000000e+00   0.0000000e+00   0.0000000e+00   0.0000000e+00   0.0000000e+00   0.0000000e+00
   0.0000000e+00   0.0000000e+00   0.0000000e+00   8.7100014e-02  -1.1932256e-02   0.0000000e+00   3.5273058e-02  -3.0303119e-02   5.9009102e-02   8.0111638e-03   1.4305750e-01   0.0000000e+00   0.0000000e+00   3.1273629e-01   9.3141193e-02  -3.6183582e-02   0.0000000e+00   0.0000000e+00   1.6586062e-01   8.8841628e-02   3.8794106e-01  -1.7214871e-03   9.9804682e-02  -9.9955638e-03   1.6807144e-01   6.8177098e-02   2.1161704e-02   5.3680812e-02   1.2889583e-01   5.7090135e-02   2.0224049e-02  -3.7925574e-02   2.0464606e-01   1.5600010e-01  -6.3166867e-03  -8.7272597e-02   9.6124463e-02   1.3231563e-02  -1.3877068e-02   1.2242838e-01   1.5548659e-01  -5.2557141e-02   7.0169518e-02  -2.0695201e-01   1.1376332e-01   5.8726925e-02   1.0002998e-02   4.5433329e-02  -2.8639223e-03   7.0616313e-03   0.0000000e+00  -1.0526660e-02  -2.0048055e-01   8.4654017e-02  -6.5311988e-02   6.6116313e-02   4.1270409e-02  -2.9587458e-02   1.3655678e-01   5.4423793e-02   5.1172334e-02  -1.0796792e-01  -8.0411374e-02   1.1256746e-01  -6.6453662e-02   0.0000000e+00  -1.8870502e-02  -4.9518094e-02   4.0012067e-02   1.0190339e-01   1.5258387e-01   1.2960131e-01  -1.7078591e-02   6.6597216e-02   0.0000000e+00   1.1750305e-02  -1.9947035e-01  -2.3719520e-01   2.6084999e-02   1.2245245e-01   1.9363379e-03  -1.5886166e-02  -2.5164516e-02   9.0573483e-02   2.7033530e-02  -7.2907093e-02   4.7075593e-02   1.7860081e-02  -1.2973167e-02   7.5720724e-02   5.1274817e-02   9.0494220e-02  -1.7034581e-01  -1.0928228e-02   2.0250653e-01   3.1550142e-02   4.2178353e-02   1.7836827e-02   1.2516256e-02   3.7174922e-02  -2.1400562e-01  -7.9098530e-03  -1.3460710e-01  -3.4317942e-02   2.6469733e-01  -1.5037026e-02   7.9189006e-02  -3.6591714e-02   2.2276926e-01   9.9556281e-02   7.0176013e-02   0.0000000e+00   0.0000000e+00   2.5996601e-01   0.0000000e+00  -3.1530282e-02   7.4317004e-02   7.4952563e-02
   0.0000000e+00   0.0000000e+00   0.0000000e+00   9.8161889e-02  -6.2183666e-02   0.0000000e+00   3.2134690e-02   6.9194375e-02  -9.4541142e-02   8.1030173e-02   1.3381605e-01   0.0000000e+00   3.1273629e-01   0.0000000e+00  -1.0553696e-01   7.8559751e-02   0.0000000e+00   0.0000000e+00   1.1465726e-01  -5.7954215e-02   4.3701410e-01   1.6937434e-01   2.8891609e-02   1.0673330e-01   2.7425821e-01   2.4188945e-01   9.7548008e-02   2.7559264e-01   5.0549044e-02  -4.0001592e-02  -1.0886642e-01   1.2338157e-01   2.9401274e-02  -6.9724205e-02   7.5628020e-02   1.4409192e-03  -2.8056570e-02   1.5539211e-01   1.8722222e-01   1.7842700e-01   1.0611949e-01   1.2075598e-01   1.3921077e-01  -8.0182575e-02  -8.1569354e-03   2.7091210e-02   6.8748254e-02   7.8902407e-02   5.1276760e-02  -6.2385671e-02   0.0000000e+00  -1.5639977e-01  -1.9988323e-01   1.2587488e-01   1.7959266e-01   5.4257978e-03   2.8817003e-01  -6.0260163e-02   2.0343063e-02   1.0976749e-01   7.2875734e-02   7.0242254e-02   1.7281182e-01  -9.6568698e-02  -1.0924372e-01   0.0000000e+00  -1.4473305e-01   8.7821119e-02   9.5806694e-02  -3.0780689e-03   8.9133494e-02   2.9668461e-01  -2.6685475e-02  -1.3030626e-01   0.0000000e+00   2.0296692e-01  -2.2333110e-01  -1.0284105e-01   1.4619658e-01   2.3026223e-01   6.8603188e-02   1.3789140e-01   6.9280537e-02   9.8581255e-02   1.1652115e-01   9.4795425e-02   6.2015254e-02   1.3015731e-01   9.5477298e-02   1.1302519e-02   1.2417752e-02  -5.8415507e-03  -2.3677279e-01  -4.7382196e-02   7.6587579e-02  -7.7719591e-02  -4.6905791e-02  -2.9689414e-02   2.8729865e-02  -2.2714998e-01  -1.4892847e-01  -7.1677563e-02  -5.9380833e-02   9.0476591e-02   2.0753722e-01  -1.2140519e-01  -7.2738796e-03  -3.3914074e-02  -5.2760676e-02   1.7321434e-02  -5.4583993e-02   0.0000000e+00   0.0000000e+00  -1.2257559e-01   0.0000000e+00   1.3048852e-01   5.2801132e-02   1.7695009e-01
   0.0000000e+00   0.0000000e+00   0.0000000e+00  -6.5940163e-02  -4.5079693e-02   0.0000000e+00   1.0775255e-01  -3.7452761e-02   8.5301811e-02  -1.4378025e-02  -3.4002063e-03   0.0000000e+00   9.3141193e-02  -1.0553696e-01   0.0000000e+00   3.4186816e-01   0.0000000e+00   0.0000000e+00   5.9072967e-02   6.5391749e-02   1.8363068e-02   3.8104534e-02  -1.8425974e-02   7.9394522e-04  -2.4587014e-02  -4.4105193e-02  -4.3619939e-03  -3.0784432e-02   1.4340535e-01  -1.3621864e-01  -6.0902304e-02   6.2566741e-02   2.1421922e-01   2.6128905e-01  -5.3612053e-02   1.3255716e-01   1.0117815e-01   9.6452459e-03   1.8969041e-02  -8.7134065e-03   5.0948499e-02  -2.3878891e-02  -1.5152016e-01   2.7038580e-02   1.2710662e-01  -8.0289724e-02   1.2324477e-01   2.8416027e-01   1.4594627e-01   2.2863465e-01   0.0000000e+00   5.3234709e-02   2.7229604e-02   2.2966863e-01   1.7807669e-01   4.3125127e-01   1.5421870e-02   1.1629637e-01   2.0851516e-01   3.8883894e-02  -3.8522750e-03   4.2359157e-02   5.3005160e-03   2.9803710e-01   1.2130455e-01   0.0000000e+00   1.5208307e-01   9.1846598e-02  -5.5108879e-02  -2.4164287e-02  -9.4631544e-02   6.1268533e-04  -5.7746373e-02   1.1459653e-01   0.0000000e+00  -1.2091636e-01   3.6233984e-03  -1.5125836e-01  -8.1547619e-02  -1.4110740e-01  -9.6107965e-02  -7.1951138e-02   4.1576698e-03  -8.3248053e-02   2.2009752e-02  -6.8533909e-02  -1.4639660e-01  -5.7220131e-02  -1.0969159e-01   8.3225265e-02  -9.4454390e-02   8.1930175e-02  -9.3656873e-02  -1.8843978e-02   4.8599426e-02  -1.6376537e-01  -3.0596980e-02  -4.7875385e-02   6.7234538e-03  -3.7871231e-02   9.6049439e-03  -4.6794916e-02  -6.7150199e-02  -6.5676742e-03   1.1596278e-01   1.7932086e-01   9.1143688e-02   1.5301551e-01   8.1976043e-02   8.6888400e-02   2.9101993e-01   0.0000000e+00   0.0000000e+00   2.5078456e-01   0.0000000e+00  -2.4712134e-02  -1.2570012e-02  -6.3947231e-02
   0.0000000e+00   0.0000000e+00   0.0000000e+00   4.9319440e-02   1.0331692e-01   0.0000000e+00   3.8159735e-01   1.3540537e-02   6.2206719e-02   3.6106503e-01   1.6565765e-01   0.0000000e+00  -3.6183582e-02   7.8559751e-02   3.4186816e-01   0.0000000e+00   0.0000000e+00   0.0000000e+00   8.5268587e-02   9.2926646e-02   6.7472532e-02   2.0285609e-01   4.3722300e-02   1.2319235e-01   2.0327939e-01   1.5630685e-02   3.4836103e-01   3.5830930e-01  -8.3591412e-03  -8.5683474e-02  -1.4787828e-02   3.3879598e-01   2.9853640e-01   1.7182774e-01   1.1906419e-02   3.9750383e-01   1.5667617e-01   1.6247202e-01   1.7035147e-01   2.5684008e-01   1.3149737e-01   1.9880695e-02  -5.2994938e-02   2.9286929e-02  -5.4909602e-02  -2.0621468e-02   4.6642307e-01   3.4852975e-01   1.1656993e-01   3.8565225e-01   0.0000000e+00  -7.3689619e-02  -6.4170929e-02   3.7459782e-01   6.2152682e-01   2.2193205e-01   2.2283442e-01   5.9673066e-02   8.6479328e-02   1.0612979e-01  -7.2784045e-02  -5.6181957e-02   1.1935653e-01   1.8711270e-01   1.0701223e-01   0.0000000e+00   4.1969747e-02   3.2215578e-01  -1.6772190e-01  -1.8453562e-01  -1.3881876e-01   9.0916839e-02  -1.9962776e-01  -6.6148193e-02   0.0000000e+00  -1.1043841e-01  -1.7068784e-01  -1.1557016e-01  -4.6872734e-02  -1.5696338e-01  -3.8661257e-02  -1.3095472e-01   4.0969462e-02  -1.2956018e-01   2.0213246e-01  -1.6583591e-01  -6.3622043e-02  -1.3513652e-01  -6.1844740e-03  -8.6336011e-02  -1.8462026e-01  -1.0222445e-01  -1.9127377e-01  -1.2550570e-01   4.8399073e-02  -1.4608192e-01  -1.9862285e-01  -4.6578818e-02  -2.7900357e-02  -8.3163867e-02   2.6928830e-02  -1.3408635e-02  -1.6109574e-01  -6.3230842e-03   8.9340166e-02  -1.3748078e-02   5.3408719e-02  -2.9353912e-02   2.8168237e-03   1.4187841e-01  -3.8229032e-02   0.0000000e+00   0.0000000e+00   9.1777742e-02   0.0000000e+00  -3.0616241e-02  -9.4882220e-02  -3.8479448e-02
   0.0000000e+00   0.0000000e+00   0.0000000e+00   0.0000000e+00   0.0000000e+00   0.0000000e+00   0.0000000e+00   0.0000000e+00   0.0000000e+00   0.0000000e+00   0.0000000e+00   0.0000000e+00   0.0000000e+00   0.0000000e+00   0.0000000e+00   0.0000000e+00   0.0000000e+00   0.0000000e+00   0.0000000e+00   0.0000000e+00   0.0000000e+00   0.0000000e+00   0.0000000e+00   0.0000000e+00   0.0000000e+00   0.0000000e+00   0.0000000e+00   0.0000000e+00   0.0000000e+00   0.0000000e+00   0.0000000e+00   0.0000000e+00   0.0000000e+00   0.0000000e+00   0.0000000e+00   0.0000000e+00   0.0000000e+00   0.0000000e+00   0.0000000e+00   0.0000000e+00   0.0000000e+00   0.0000000e+00   0.0000000e+00   0.0000000e+00   0.0000000e+00   0.0000000e+00   0.0000000e+00   0.0000000e+00   0.0000000e+00   0.0000000e+00   0.0000000e+00   0.0000000e+00   0.0000000e+00   0.0000000e+00   0.0000000e+00   0.0000000e+00   0.0000000e+00   0.0000000e+00   0.0000000e+00   0.0000000e+00   0.0000000e+00   0.0000000e+00   0.0000000e+00   0.0000000e+00   0.0000000e+00   0.0000000e+00   0.0000000e+00   0.0000000e+00   0.0000000e+00   0.0000000e+00   0.0000000e+00   0.0000000e+00   0.0000000e+00   0.0000000e+00   0.0000000e+00   0.0000000e+00   0.0000000e+00   0.0000000e+00   0.0000000e+00   0.0000000e+00   0.0000000e+00   0.0000000e+00   0.0000000e+00   0.0000000e+00   0.0000000e+00   0.0000000e+00   0.0000000e+00   0.0000000e+00   0.0000000e+00   0.0000000e+00   0.0000000e+00   0.0000000e+00   0.0000000e+00   0.0000000e+00   0.0000000e+00   0.0000000e+00   0.0000000e+00   0.0000000e+00   0.0000000e+00   0.0000000e+00   0.0000000e+00   0.0000000e+00   0.0000000e+00   0.0000000e+00   0.0000000e+00   0.0000000e+00   0.0000000e+00   0.0000000e+00   0.0000000e+00   0.0000000e+00   0.0000000e+00   0.0000000e+00   0.0000000e+00   0.0000000e+00   0.0000000e+00   0.0000000e+00   0.0000000e+00   0.0000000e+00
   0.0000000e+00   0.0000000e+00   0.0000000e+00   0.0000000e+00   0.0000000e+00   0.0000000e+00   0.0000000e+00   0.0000000e+00   0.0000000e+00   0.0000000e+00   0.0000000e+00   0.0000000e+00   0.0000000e+00   0.0000000e+00   0.0000000e+00   0.0000000e+00   0.0000000e+00   0.0000000e+00   0.0000000e+00   0.0000000e+00   0.0000000e+00   0.0000000e+00   0.0000000e+00   0.0000000e+00   0.0000000e+00   0.0000000e+00   0.0000000e+00   0.0000000e+00   0.0000000e+00   0.0000000e+00   0.0000000e+00   0.0000000e+00   0.0000000e+00   0.0000000e+00   0.0000000e+00   0.0000000e+00   0.0000000e+00   0.0000000e+00   0.0000000e+00   0.0000000e+00   0.0000000e+00   0.0000000e+00   0.0000000e+00   0.0000000e+00   0.0000000e+00   0.0000000e+00   0.0000000e+00   0.0000000e+00   0.0000000e+00   0.0000000e+00   0.0000000e+00   0.0000000e+00   0.0000000e+00   0.0000000e+00   0.0000000e+00   0.0000000e+00   0.0000000e+00   0.0000000e+00   0.0000000e+00   0.0000000e+00   0.0000000e+00   0.0000000e+00   0.0000000e+00   0.0000000e+00   0.0000000e+00   0.0000000e+00   0.0000000e+00   0.0000000e+00   0.0000000e+00   0.0000000e+00   0.0000000e+00   0.0000000e+00   0.0000000e+00   0.0000000e+00   0.0000000e+00   0.0000000e+00   0.0000000e+00   0.0000000e+00   0.0000000e+00   0.0000000e+00   0.0000000e+00   0.0000000e+00   0.0000000e+00   0.0000000e+00   0.0000000e+00   0.0000000e+00   0.0000000e+00   0.0000000e+00   0.0000000e+00   0.0000000e+00   0.0000000e+00   0.0000000e+00   0.0000000e+00   0.0000000e+00   0.0000000e+00   0.0000000e+00   0.0000000e+00   0.0000000e+00   0.0000000e+00   0.0000000e+00   0.0000000e+00   0.0000000e+00   0.0000000e+00   0.0000000e+00   0.0000000e+00   0.0000000e+00   0.0000000e+00   0.0000000e+00   0.0000000e+00   0.0000000e+00   0.0000000e+00   0.0000000e+00   0.0000000e+00   0.0000000e+00   0.0000000e+00   0.0000000e+00   0.0000000e+00   0.0000000e+00
   0.0000000e+00   0.0000000e+00   0.0000000e+00   3.3137317e-01  -1.6614137e-01   0.0000000e+00   2.5927424e-01  -6.5600245e-02  -6.9930250e-04   7.6391428e-02   3.5540370e-01   0.0000000e+00   1.6586062e-01   1.1465726e-01   5.9072967e-02   8.5268587e-02   0.0000000e+00   0.0000000e+00   0.0000000e+00  -1.9116494e-01   1.3452461e-01  -7.7312906e-02   1.6492655e-01   1.1926874e-01   1.4576911e-01   1.4845431e-01  -5.8791994e-02   1.0623063e-01   1.0259673e-01   1.3085139e-01  -4.2414464e-02   6.6268011e-02   1.6087288e-01  -2.4374349e-02   2.8935901e-02   1.1602453e-01   2.2923028e-01   1.8601870e-01   1.2117980e-01   9.9255658e-02   9.5574768e-02  -1.2444256e-02   7.3459081e-02   5.2198291e-02   6.5268949e-02   1.1741662e-01   1.5136154e-02   6.8623805e-02   8.2585026e-02  -1.5324226e-01   0.0000000e+00  -9.5353522e-02   8.4732580e-03   2.4401966e-01   4.9064052e-02   4.1993946e-02  -8.8634130e-02   9.0600755e-03   3.1283227e-01   1.1901127e-01  -7.0522502e-03  -1.1037713e-01   6.7738915e-02   1.0505725e-01  -4.8267175e-02   0.0000000e+00  -9.8827518e-03   1.0117782e-01   9.8588673e-02  -1.2122700e-01   1.3338572e-01  -8.1085954e-02   7.5606558e-02  -2.3157007e-02   0.0000000e+00   8.1261495e-02   3.5541243e-02  -6.5663347e-02  -8.2329096e-02   5.2142119e-02  -5.9291537e-02  -1.1848714e-02  -4.7042922e-02  -4.4164084e-02   1.4686244e-02  -4.6264840e-02  -2.5113965e-02   4.4377083e-02  -5.4001718e-02   8.9074351e-02   4.0070636e-02  -1.7448312e-01  -5.0063480e-02  -7.6758694e-02   1.7540002e-01   1.0702219e-01  -3.8560046e-03   2.4320637e-01   3.0067904e-01   2.0135165e-01  -1.0253058e-01   4.5105186e-01   5.0859451e-03  -1.3203765e-01  -3.4752558e-02  -1.5768026e-02   1.5351343e-01  -4.3880442e-02   6.8757321e-02   5.1234043e-02   2.1108318e-02   0.0000000e+00   0.0000000e+00   5.1728385e-02   0.0000000e+00  -5.1917416e-02  -6.8411603e-03  -9.1709195e-02
   0.0000000e+00   0.0000000e+00   0.0000000e+00   1.1051728e-01   3.6903097e-01   0.0000000e+00  -4.4472772e-03  -2.4534677e-02  -2.2042769e-02   1.4130332e-02  -1.2082024e-01   0.0000000e+00   8.8841628e-02  -5.7954215e-02   6.5391749e-02   9.2926646e-02   0.0000000e+00   0.0000000e+00  -1.9116494e-01   0.0000000e+00   3.8657877e-02   2.4591620e-01  -5.8851253e-02  -8.4114000e-02   1.2239178e-01  -1.1038043e-01   4.7127002e-01   8.8480059e-02   2.1221600e-02   6.9375829e-02   3.5339392e-01  -4.1523978e-02   1.0861089e-01   1.9973749e-01   3.6711307e-02  -1.4383996e-02  -1.2400002e-01  -1.1288288e-01  -9.4316093e-02   3.7607320e-02   2.3109106e-02   4.6244595e-02  -8.1253752e-02  -1.1261065e-01   4.2184102e-02  -8.7347272e-03   2.5517360e-01   2.5442705e-02   7.0135958e-02   2.4717525e-01   0.0000000e+00   3.9759829e-02  -7.8768715e-02  -9.9888475e-02   1.0309258e-01   1.5741372e-01   2.9838888e-01  -4.5263089e-02  -2.2340512e-02   1.7945676e-01   3.3869895e-01   2.3286236e-01   1.3646647e-02   1.9044617e-01  -9.5532004e-02   0.0000000e+00  -4.1204064e-02  -2.6706095e-02  -2.9557847e-02   3.4591871e-01  -1.2611234e-01   1.6651018e-01  -1.6581665e-01   5.9377113e-03   0.0000000e+00  -1.0548549e-01  -1.6841270e-01  -6.6788056e-02   2.6933637e-02   5.4344131e-02   2.0436605e-01  -6.5564289e-02   2.7558968e-01   2.8992796e-01   1.5884494e-01   3.5667334e-02   1.1855683e-01   2.1015528e-02  -2.1325852e-02  -4.3652444e-03  -1.2010011e-01   2.6370737e-01  -1.1070645e-01   1.0922525e-03   1.4200509e-01  -1.0897188e-01  -1.0106026e-01  -1.9739054e-01  -2.8153169e-01  -6.1287962e-02   1.9766483e-02  -6.4756459e-02  -1.7845118e-01   2.2849576e-01   6.8035395e-02   9.1261731e-02  -8.1803874e-03  -3.2831586e-02   1.1569359e-02   2.7461047e-02   1.2034335e-01   0.0000000e+00   0.0000000e+00  -1.9004910e-02   0.0000000e+00  -2.9740830e-02   6.8490659e-02   5.4858221e-01
   0.0000000e+00   0.0000000e+00   0.0000000e+00   1.8759485e-01   1.0800669e-02   0.0000000e+00   1.5316078e-01  -4.5995511e-02  -1.2952646e-01   2.5869147e-01   2.5044024e-01   0.0000000e+00   3.8794106e-01   4.3701410e-01   1.8363068e-02   6.7472532e-02   0.0000000e+00   0.0000000e+00   1.3452461e-01   3.8657877e-02   0.0000000e+00   3.0020279e-01   3.0326500e-01   3.6140451e-01   7.3467851e-01   3.4520949e-01   1.4199243e-01   2.7550270e-01   1.0741981e-01   6.8146830e-02  -1.3139680e-01   2.3509812e-01   6.0043961e-02  -6.7324837e-02   2.1552712e-01   4.5400400e-02   1.3552750e-01   3.7364623e-01   3.3617702e-01   2.8568998e-01   3.0580504e-01   1.2353732e-01   9.1302004e-02  -1.9258351e-01   1.0996842e-02   2.2244557e-01   1.5023438e-01   1.0553022e-01   1.1271007e-01  -4.7676141e-02   0.0000000e+00  -1.7666649e-01  -4.0532311e-01   1.6880043e-01  -5.5883920e-02  -1.0356361e-03   1.0118710e-01   1.6034569e-02   2.5401777e-01   1.7164192e-01   1.4099519e-02  -1.9969774e-02   4.2617635e-02   4.2670603e-02  -1.2310076e-01   0.0000000e+00  -1.0850059e-01   2.5648003e-01   1.2167314e-02  -7.3899057e-02   7.3701080e-02   1.7109086e-01  -1.8388352e-01  -1.0431412e-01   0.0000000e+00   4.1349644e-02  -1.1990152e-01  -1.2065336e-01  -2.4064679e-02   6.4048762e-02  -2.3590662e-02  -4.3543165e-02   1.0665240e-02   2.9191977e-02   4.1137271e-02   4.1084535e-02  -7.0414508e-03   8.2008706e-02   6.7664510e-02   9.2112721e-05   6.8892891e-02  -1.4135110e-01  -1.1606466e-01  -9.0934762e-03   1.0960766e-01   1.8539227e-01  -6.5559893e-02   1.9704573e-01   7.2655712e-02   1.4442655e-01  -2.1288923e-01   7.6837841e-02  -1.2638535e-03   1.6951648e-01   1.6317705e-01  -7.1123222e-02  -6.0087453e-02  -1.7322852e-01  -1.4299380e-01   3.9840048e-02  -1.1823491e-01   0.0000000e+00   0.0000000e+00  -2.6110394e-02   0.0000000e+00  -4.2628926e-02  -5.5746714e-02   8.6836179e-02
