   0.0000000e+00   0.0000000e+00   0.0000000e+00   2.7891488e-01   1.0428156e-01   1.7754485e-01   8.2681554e-02   9.7616638e-02   1.3222581e-02   0.0000000e+00   4.1092847e-02   0.0000000e+00  -7.9010320e-02   2.3711698e-01  -4.6631366e-02  -3.6723635e-02   0.0000000e+00   1.3251434e-01  -3.0635253e-02   1.9080615e-02   5.6532373e-02   1.5157909e-02   1.1321570e-01   6.0696185e-02  -8.7996079e-03  -2.4797654e-02   7.9501136e-02  -3.3211826e-01  -5.0235507e-02  -1.2127118e-01  -1.8262140e-01   1.5495009e-01  -3.8355823e-02   5.6436298e-02  -4.3178916e-02  -5.7565276e-02  -6.5661038e-02  -2.1691050e-01  -9.9947644e-02   2.2649501e-01  -1.2660040e-03   2.8034012e-02   5.6741766e-02   1.1567920e-01  -2.7167106e-01  -2.2761103e-01   6.3700655e-02   1.6478588e-01   9.8335067e-02  -4.3164373e-02   0.0000000e+00   2.2944757e-01  -4.6289264e-02   6.1758528e-02  -3.5322121e-02  -2.4469679e-02   1.0315367e-01   1.4662973e-01   6.1664560e-02   1.7810821e-01   2.6860261e-02   1.9133491e-01   1.3342666e-01   2.7400011e-01  -2.2600649e-01   6.8907522e-02  -9.3537928e-02   2.2131976e-01   4.7056110e-02   1.9534736e-01   1.0454207e-01   0.0000000e+00   5.7881393e-01  -5.7985439e-02   0.0000000e+00   2.3216307e-01   2.0878036e-01   1.2785427e-01   1.3341404e-01   2.3126597e-01   1.5240418e-01   1.2267108e-01   1.7945491e-01   4.1850349e-02  -6.5792447e-02  -5.5492784e-02  -6.2854964e-02   1.6715855e-01   5.5262861e-02   4.6382798e-02   1.4942574e-01   9.1589514e-02  -7.4109512e-02  -4.1999896e-02   4.7012152e-02   1.4782850e-01  -8.1369780e-02  -2.6206611e-02   1.4242003e-02  -1.3876659e-01   1.4829379e-01   7.3367058e-02   8.2213158e-02  -2.4843706e-02   1.1667186e-01  -6.4235282e-02  -2.4216599e-01  -6.8123574e-02  -3.0937842e-01  -4.8505265e-02  -1.7651806e-01   0.0000000e+00   0.0000000e+00   0.0000000e+00   0.0000000e+00   6.0079166e-02   2.0011062e-01   2.6936152e-01
   0.0000000e+00   0.0000000e+00   0.0000000e+00   0.0000000e+00   0.0000000e+00   0.0000000e+00   0.0000000e+00   0.0000000e+00   0.0000000e+00   0.0000000e+00   0.0000000e+00   0.0000000e+00   0.0000000e+00   0.0000000e+00   0.0000000e+00   0.0000000e+00   0.0000000e+00   0.0000000e+00   0.0000000e+00   0.0000000e+00   0.0000000e+00   0.0000000e+00   0.0000000e+00   0.0000000e+00   0.0000000e+00   0.0000000e+00   0.0000000e+00   0.0000000e+00   0.0000000e+00   0.0000000e+00   0.0000000e+00   0.0000000e+00   0.0000000e+00   0.0000000e+00   0.0000000e+00   0.0000000e+00   0.0000000e+00   0.0000000e+00   0.0000000e+00   0.0000000e+00   0.0000000e+00   0.0000000e+00   0.0000000e+00   0.0000000e+00   0.0000000e+00   0.0000000e+00   0.0000000e+00   0.0000000e+00   0.0000000e+00   0.0000000e+00   0.0000000e+00   0.0000000e+00   0.0000000e+00   0.0000000e+00   0.0000000e+00   0.0000000e+00   0.0000000e+00   0.0000000e+00   0.0000000e+00   0.0000000e+00   0.0000000e+00   0.0000000e+00   0.0000000e+00   0.0000000e+00   0.0000000e+00   0.0000000e+00   0.0000000e+00   0.0000000e+00   0.0000000e+00   0.0000000e+00   0.0000000e+00   0.0000000e+00   0.0000000e+00   0.0000000e+00   0.0000000e+00   0.0000000e+00   0.0000000e+00   0.0000000e+00   0.0000000e+00   0.0000000e+00   0.0000000e+00   0.0000000e+00   0.0000000e+00   0.0000000e+00   0.0000000e+00   0.0000000e+00   0.0000000e+00   0.0000000e+00   0.0000000e+00   0.0000000e+00   0.0000000e+00   0.0000000e+00   0.0000000e+00   0.0000000e+00   0.0000000e+00   0.0000000e+00   0.0000000e+00   0.0000000e+00   0.0000000e+00   0.0000000e+00   0.0000000e+00   0.0000000e+00   0.0000000e+00   0.0000000e+00   0.0000000e+00   0.0000000e+00   0.0000000e+00   0.0000000e+00   0.0000000e+00   0.0000000e+00   0.0000000e+00   0.0000000e+00   0.0000000e+00   0.0000000e+00   0.0000000e+00   0.0000000e+00   0.0000000e+00   0.0000000e+00
   0.0000000e+00   0.0000000e+00   0.0000000e+00   0.0000000e+00   0.0000000e+00   0.0000000e+00   0.0000000e+00   0.0000000e+00   0.0000000e+00   0.0000000e+00   0.0000000e+00   0.0000000e+00   0.0000000e+00   0.0000000e+00   0.0000000e+00   0.0000000e+00   0.0000000e+00   0.0000000e+00   0.0000000e+00   0.0000000e+00   0.0000000e+00   0.0000000e+00   0.0000000e+00   0.0000000e+00   0.0000000e+00   0.0000000e+00   0.0000000e+00   0.0000000e+00   0.0000000e+00   0.0000000e+00   0.0000000e+00   0.0000000e+00   0.0000000e+00   0.0000000e+00   0.0000000e+00   0.0000000e+00   0.0000000e+00   0.0000000e+00   0.0000000e+00   0.0000000e+00   0.0000000e+00   0.0000000e+00   0.0000000e+00   0.0000000e+00   0.0000000e+00   0.0000000e+00   0.0000000e+00   0.0000000e+00   0.0000000e+00   0.0000000e+00   0.0000000e+00   0.0000000e+00   0.0000000e+00   0.0000000e+00   0.0000000e+00   0.0000000e+00   0.0000000e+00   0.0000000e+00   0.0000000e+00   0.0000000e+00   0.0000000e+00   0.0000000e+00   0.0000000e+00   0.0000000e+00   0.0000000e+00   0.0000000e+00   0.0000000e+00   0.0000000e+00   0.0000000e+00   0.0000000e+00   0.0000000e+00   0.0000000e+00   0.0000000e+00   0.0000000e+00   0.0000000e+00   0.0000000e+00   0.0000000e+00   0.0000000e+00   0.0000000e+00   0.0000000e+00   0.0000000e+00   0.0000000e+00   0.0000000e+00   0.0000000e+00   0.0000000e+00   0.0000000e+00   0.0000000e+00   0.0000000e+00   0.0000000e+00   0.0000000e+00   0.0000000e+00   0.0000000e+00   0.0000000e+00   0.0000000e+00   0.0000000e+00   0.0000000e+00   0.0000000e+00   0.0000000e+00   0.0000000e+00   0.0000000e+00   0.0000000e+00   0.0000000e+00   0.0000000e+00   0.0000000e+00   0.0000000e+00   0.0000000e+00   0.0000000e+00   0.0000000e+00   0.0000000e+00   0.0000000e+00   0.0000000e+00   0.0000000e+00   0.0000000e+00   0.0000000e+00   0.0000000e+00   0.0000000e+00   0.0000000e+00   0.0000000e+00
   2.7891488e-01   0.0000000e+00   0.0000000e+00   0.0000000e+00   1.3478484e-01   1.4129584e-01   1.9245056e-01  -2.8526644e-02   6.4804263e-02   0.0000000e+00   1.2834242e-01   0.0000000e+00   2.3131969e-02   4.2922006e-02   1.0584870e-02   8.2539506e-02   0.0000000e+00   2.8119103e-01   7.9286905e-02   1.0530271e-01   2.4596199e-01   1.6331265e-01   1.7299967e-01   2.5518185e-01   1.4927083e-01   2.2803361e-01   1.9285392e-01  -2.7148327e-02   6.6080191e-02   1.1599800e-01  -8.6654188e-02   5.7945245e-02   7.9723744e-02   1.5004507e-01   1.0047278e-01   5.6713898e-02   1.0110769e-01   1.1660456e-01   1.8922488e-01   2.6075826e-01   5.7091753e-02   1.5949050e-01   2.3993316e-01   1.7289841e-01   5.7008947e-02   8.3504103e-02   2.0340354e-01   2.4901672e-01   2.0744250e-01  -5.7596537e-02   0.0000000e+00   1.1326757e-01   9.5749190e-02   1.8393377e-01   4.7279604e-03   3.9066430e-02   1.6705512e-01  -2.5683208e-02   2.8491147e-01   1.9867147e-01  -1.3242727e-01  -7.8149897e-03   5.7111979e-03   1.9367817e-01  -1.1770522e-01   5.6319143e-02  -1.6811792e-01   5.9679605e-02  -9.8649404e-02   1.0773703e-02   1.7404401e-02   0.0000000e+00   2.0540026e-01   8.8717561e-02   0.0000000e+00   4.9084928e-02  -6.5851426e-02   7.5930225e-02  -3.4504489e-02  -1.0288121e-01   6.1828492e-02   1.6942253e-02  -3.6064029e-02  -3.0383443e-02  -7.6798669e-02   5.9347976e-02  -2.6782351e-02  -1.0349491e-01  -3.5884230e-02  -1.1828448e-01   2.6520766e-02   8.1162140e-03  -6.2433161e-02   6.9595366e-03   6.4710573e-02   9.8465531e-02  -4.0046169e-02   1.8131149e-01   1.9591501e-01   2.4366687e-02   6.8937810e-02   4.6284453e-02   2.6351034e-02   2.1597063e-01   1.0146045e-01   3.4898747e-02  -7.9973793e-02   9.3146725e-02  -6.1850136e-02   2.1830357e-03  -5.0884838e-02   0.0000000e+00   0.0000000e+00   0.0000000e+00   0.0000000e+00  -1.4552257e-01  -1.2687892e-01  -3.7403205e-02
   1.0428156e-01   0.0000000e+00   0.0000000e+00   1.3478484e-01   0.0000000e+00   3.0564123e-01   3.4141784e-01   5.0415182e-03  -9.2381761e-02   0.0000000e+00   3.3224085e-01   0.0000000e+00   2.1986036e-01  -3.1252721e-02   1.6265337e-02  -5.2971016e-02   0.0000000e+00   4.2978351e-01   3.6965890e-01   2.2626119e-01   2.0101896e-01   1.6962608e-01   1.5970116e-01   2.3675284e-01   2.3333861e-01   2.6857284e-01   5.0588767e-01   1.2379870e-01   1.9734679e-01   1.8233596e-01   2.3547632e-01   8.6035597e-02   5.5380211e-02   1.6447599e-01   1.6514943e-01   4.2661370e-01   3.0052697e-01   1.6180608e-01   2.1705343e-01   3.3148710e-01   3.4373548e-01   1.4250144e-01   3.6213105e-01   1.6898797e-01   1.3251753e-02   2.3901318e-03   7.4428379e-01   2.5992145e-01   1.0964852e-01   5.1462706e-01   0.0000000e+00   1.1270077e-01   9.6176817e-02   3.9123515e-01   1.1884820e-01   9.0083191e-02   3.4885020e-01   3.2836425e-02   2.5274426e-01   3.1647301e-01  -8.7884839e-02   5.2789512e-03  -1.4641214e-01   2.1805858e-01   7.2628656e-02   3.0254406e-01  -6.7560162e-02   1.5792557e-02  -1.9824657e-01   1.5448539e-01  -2.5153552e-02   0.0000000e+00   1.5212348e-01   1.3950614e-01   0.0000000e+00  -9.4437486e-02   1.1719644e-01  -1.8103933e-01   2.4878881e-01  -7.4647928e-02   2.4086100e-01   6.0434417e-02   2.1491142e-01   1.7239269e-01   2.8478464e-01   1.0608206e-01   2.3067448e-01  -4.1730950e-02   1.5114990e-01  -1.3566505e-01   2.6926570e-01  -1.5132055e-02  -4.9277225e-02   7.3830579e-02   1.9742150e-01  -1.5211516e-01  -2.2557061e-01   9.3006004e-02   1.2200650e-01  -4.6491362e-02   8.4955317e-02  -1.1405704e-01  -4.7491489e-02   2.5463057e-01  -1.0460725e-02  -7.8908751e-02  -4.1852881e-02   2.3031934e-01  -2.1606103e-02   9.1602843e-02   2.0372463e-02   0.0000000e+00   0.0000000e+00   0.0000000e+00   0.0000000e+00  -9.8346755e-02  -4.3374403e-02   1.0820798e-02
   1.7754485e-01   0.0000000e+00   0.0000000e+00   1.4129584e-01   3.0564123e-01   0.0000000e+00   7.8897200e-02   1.5466229e-01   5.5752664e-02   0.0000000e+00   2.3996765e-01   0.0000000e+00   6.2326859e-02   1.9045025e-01   2.5575164e-02   9.7538154e-02   0.0000000e+00   1.6221366e-01   2.7715725e-01  -7.1716314e-02   9.3814082e-02   5.6448478e-02   1.3502572e-02  -1.1556882e-02  -1.2084176e-02   5.2284473e-02   1.4798040e-01   1.5069895e-01   6.1431106e-02   1.9291784e-02  -2.4628209e-02   2.3570073e-01   1.7199341e-01   1.0828635e-01   1.5638933e-01   7.3967964e-02   5.6805583e-02   6.7432738e-02   1.5684041e-01   2.1233439e-01   1.8915936e-01   6.4348522e-02   8.3380065e-02   6.8658765e-02   3.1085276e-03   2.3313111e-02   1.9367509e-01   2.7553579e-01   5.8348471e-02   1.8734867e-01   0.0000000e+00   3.4115856e-02   4.2146549e-02   2.1609109e-01   3.8479946e-02   4.7967657e-02   2.5920071e-01   6.8013868e-02   1.0594886e-01  -5.3249258e-02   2.8436504e-02  -3.7487909e-02   1.7790245e-01   1.6042574e-01   9.7177905e-02   1.7751794e-01   1.3103313e-02   3.0603996e-02   1.0354017e-01   1.8275368e-01   6.7878733e-02   0.0000000e+00   1.0116666e-01   8.0905108e-02   0.0000000e+00   2.3256664e-01   9.3206451e-02   8.0360773e-02   1.0735269e-01  -2.2048710e-02  -2.2788029e-02   1.9852225e-02  -2.6234326e-02   4.2280110e-02   2.3789776e-01   7.9236357e-02   9.0450330e-02   1.1722331e-02   1.4343895e-01   1.2467662e-01   2.7935252e-01   2.9611275e-01   5.9737196e-02  -2.2488591e-02   2.3398384e-01  -1.0450157e-01   5.3422094e-03  -2.0606013e-03   1.4380132e-01  -4.3372059e-02   1.9948042e-01   1.8098328e-02   1.3035847e-01   9.4857944e-03   2.4064830e-01   1.0242896e-01  -8.0596153e-03   1.2455819e-01   2.8392652e-02   2.1191850e-01   4.7456119e-02   0.0000000e+00   0.0000000e+00   0.0000000e+00   0.0000000e+00   3.6572795e-03   1.0277483e-01   1.4977358e-01
   8.2681554e-02   0.0000000e+00   0.0000000e+00   1.9245056e-01   3.4141784e-01   7.8897200e-02   0.0000000e+00   3.0920934e-03  -2.1039151e-02   0.0000000e+00   4.1490483e-01   0.0000000e+00   1.7908104e-01  -1.7614815e-02   1.2517981e-01   1.7297988e-01   0.0000000e+00   2.8822387e-01   1.4893056e-01   6.4111025e-02   1.2743698e-01   5.2343088e-02  -5.2452673e-02   7.1873188e-02   4.4139702e-02   4.9601113e-02   2.2481221e-01   1.4909502e-01   1.2174994e-01   1.6858525e-01   1.8532852e-01   3.2953944e-01   5.9651891e-01   4.9440642e-01   4.7683275e-01   2.8527458e-01   2.6133687e-01   1.7959238e-01   3.2563729e-01   2.8783083e-01   1.8028187e-01   2.8356213e-01   4.7563757e-01  -1.4810105e-02   1.3486892e-01   2.4596541e-01   3.5996201e-01   1.6255867e-01   1.9664724e-01   2.0505890e-01   0.0000000e+00   2.2954781e-01   1.5563170e-01   2.7946355e-01   1.1263180e-01   2.1903549e-01   2.9805421e-01   1.2138854e-01   3.8576717e-01   9.2222309e-02  -2.4171951e-01  -1.6872360e-01  -1.3867152e-01   3.4354086e-01   1.8005020e-01   1.9045023e-01  -1.1909195e-02   2.1538433e-01  -2.4102302e-02   4.5092069e-02  -8.8152528e-02   0.0000000e+00   5.0388225e-01   3.6661768e-01   0.0000000e+00   8.7541625e-02  -1.8492499e-02   9.0469740e-02   1.0280039e-01  -6.4246765e-02  -2.7880204e-02   5.7103770e-02  -1.6459180e-03  -1.7168536e-02   2.6247899e-01   4.7898068e-02   2.4055444e-01  -5.7210095e-02   1.5599065e-01   1.2488857e-01   1.8957629e-01  -1.3350217e-01   2.0236623e-01   2.2562232e-01   2.4686166e-01  -6.1769406e-02   2.1684713e-02   5.0624808e-02   3.4585582e-01   3.7149666e-02   6.2446368e-02   1.5594454e-01  -1.4357461e-01   2.1666488e-02   1.1623386e-01   5.5092803e-02   1.0601850e-01   2.7398841e-01   1.6961533e-01   3.4015234e-01   2.0090736e-01   0.0000000e+00   0.0000000e+00   0.0000000e+00   0.0000000e+00   2.5666829e-04  -6.9569091e-02  -9.6944969e-02
   9.7616638e-02   0.0000000e+00   0.0000000e+00  -2.8526644e-02   5.0415182e-03   1.5466229e-01   3.0920934e-03   0.0000000e+00   1.0092641e-01   0.0000000e+00  -4.6184657e-02   0.0000000e+00  -2.7263808e-02   2.1638963e-01   1.0905768e-01   1.5159070e-01   0.0000000e+00  -4.0437630e-02  -3.3272171e-02  -1.5181877e-01   2.0511596e-02  -7.9691945e-02  -1.0761763e-01  -7.5695514e-03  -1.1828974e-01  -1.2509974e-01  -7.3309931e-02  -3.9612846e-02   1.4724860e-02  -7.7443007e-03  -1.0460465e-01   1.6562434e-01  -3.7551615e-03   3.0449287e-02  -3.5115363e-02  -5.1793260e-02  -9.3973533e-02  -3.0458527e-02  -2.5374038e-02  -1.6913577e-02  -1.9634241e-03  -4.9967471e-02  -2.0582216e-01  -8.2662804e-02  -1.3310973e-01  -1.2585630e-01   6.4825739e-02   2.0838278e-01   1.7562948e-01  -1.2895648e-02   0.0000000e+00  -8.3687119e-02  -1.0448639e-01   8.0818361e-02   7.7826355e-02   1.4069669e-01   6.5125169e-02   1.0612100e-01  -8.6883245e-03  -7.5344463e-02   2.4405585e-01   1.0957377e-01   1.2954414e-01  -1.3897740e-01  -4.5046590e-02  -8.1320200e-02   1.3923488e-01   2.1616797e-02   3.6079832e-01   1.0208308e-01   5.8323464e-03   0.0000000e+00   6.3870190e-02  -2.6072315e-02   0.0000000e+00   2.3414222e-01   8.7984168e-02   8.0861488e-02   6.0688580e-02   1.7633489e-01  -9.1507616e-02  -1.5218748e-01   5.7811622e-02  -1.0439577e-02   1.8202636e-02  -7.2078064e-02   5.8001714e-02   2.6620280e-01   4.0443022e-02   1.0306727e-01  -2.8024036e-02   2.2622099e-01   4.5063401e-02  -9.1704875e-02   1.0598708e-01   4.1051802e-02  -1.1765492e-02  -1.3671115e-01  -7.0271136e-02   1.0992175e-02  -4.5417515e-02   8.6281601e-03   5.3467900e-04  -8.0966606e-02   1.0619306e-01   3.4914762e-02   1.3270754e-03   6.3488224e-02  -1.6547286e-01   4.7660975e-02   1.4776357e-01   0.0000000e+00   0.0000000e+00   0.0000000e+00   0.0000000e+00   4.5877453e-01   3.7837326e-01   3.4229054e-01
   1.3222581e-02   0.0000000e+00   0.0000000e+00   6.4804263e-02  -9.2381761e-02   5.5752664e-02  -2.1039151e-02   1.0092641e-01   0.0000000e+00   0.0000000e+00   8.3607800e-02   0.0000000e+00  -2.0545883e-01  -4.5423729e-02   1.7139572e-02   1.1381969e-01   0.0000000e+00  -6.4771719e-02   6.8919195e-02  -2.7468627e-01  -1.7116197e-01  -2.0854988e-01  -7.5952346e-02  -1.6178212e-01  -1.9280533e-01  -1.5628666e-02  -1.9549741e-01   7.8342754e-02   8.7998435e-03  -6.0069910e-02  -2.8493371e-01   2.5358315e-01   2.6360341e-01   2.2181071e-02   1.9221471e-01  -1.8236742e-01  -1.0629701e-01   2.3420054e-01   1.9461481e-01   1.6170383e-02   1.1085277e-01  -6.8201456e-02  -1.8477631e-01   1.7061100e-02  -4.7310661e-02   6.8911739e-02  -8.9003199e-02   1.2984067e-01   2.0361683e-01  -2.6777403e-01   0.0000000e+00  -1.9505444e-01   1.5851932e-01   2.0952990e-01   2.7863689e-01   6.4939269e-02  -9.7555928e-02   2.2464721e-02   3.4956647e-02  -1.8247764e-01  -1.0766581e-01  -8.8601657e-02   4.2070385e-02  -1.8286729e-01  -8.5415839e-02  -1.2757227e-01   2.7734592e-02  -1.3380422e-01   8.6991628e-02  -3.4518149e-02   7.0113152e-02   0.0000000e+00  -1.2721573e-01  -1.6802668e-01   0.0000000e+00   1.1095475e-01  -1.8580057e-01   2.8221892e-01  -1.7346485e-01  -7.5959715e-02  -2.4904524e-01  -2.6182411e-01  -3.2749441e-01  -2.1351405e-01  -1.5791181e-01  -5.5107630e-02  -1.7378376e-01  -9.4961737e-02  -1.0812684e-01   4.5202520e-03  -1.3806110e-01   5.5826132e-02   3.9139227e-01   6.0620517e-02   1.3805704e-01   2.1209780e-01   2.7291370e-01   1.8289652e-01   1.9997295e-01   4.3036400e-01  -2.1612699e-01   4.2753762e-01   2.4025697e-01   7.1864974e-02   3.6383546e-01   3.8858126e-02   8.2890120e-02   1.9976898e-01   1.4830588e-01   2.1473290e-01   1.7243272e-01   0.0000000e+00   0.0000000e+00   0.0000000e+00   0.0000000e+00   1.8693090e-02  -1.5352571e-03  -1.1520376e-01
   0.0000000e+00   0.0000000e+00   0.0000000e+00   0.0000000e+00   0.0000000e+00   0.0000000e+00   0.0000000e+00   0.0000000e+00   0.0000000e+00   0.0000000e+00   0.0000000e+00   0.0000000e+00   0.0000000e+00   0.0000000e+00   0.0000000e+00   0.0000000e+00   0.0000000e+00   0.0000000e+00   0.0000000e+00   0.0000000e+00   0.0000000e+00   0.0000000e+00   0.0000000e+00   0.0000000e+00   0.0000000e+00   0.0000000e+00   0.0000000e+00   0.0000000e+00   0.0000000e+00   0.0000000e+00   0.0000000e+00   0.0000000e+00   0.0000000e+00   0.0000000e+00   0.0000000e+00   0.0000000e+00   0.0000000e+00   0.0000000e+00   0.0000000e+00   0.0000000e+00   0.0000000e+00   0.0000000e+00   0.0000000e+00   0.0000000e+00   0.0000000e+00   0.0000000e+00   0.0000000e+00   0.0000000e+00   0.0000000e+00   0.0000000e+00   0.0000000e+00   0.0000000e+00   0.0000000e+00   0.0000000e+00   0.0000000e+00   0.0000000e+00   0.0000000e+00   0.0000000e+00   0.0000000e+00   0.0000000e+00   0.0000000e+00   0.0000000e+00   0.0000000e+00   0.0000000e+00   0.0000000e+00   0.0000000e+00   0.0000000e+00   0.0000000e+00   0.0000000e+00   0.0000000e+00   0.0000000e+00   0.0000000e+00   0.0000000e+00   0.0000000e+00   0.0000000e+00   0.0000000e+00   0.0000000e+00   0.0000000e+00   0.0000000e+00   0.0000000e+00   0.0000000e+00   0.0000000e+00   0.0000000e+00   0.0000000e+00   0.0000000e+00   0.0000000e+00   0.0000000e+00   0.0000000e+00   0.0000000e+00   0.0000000e+00   0.0000000e+00   0.0000000e+00   0.0000000e+00   0.0000000e+00   0.0000000e+00   0.0000000e+00   0.0000000e+00   0.0000000e+00   0.0000000e+00   0.0000000e+00   0.0000000e+00   0.0000000e+00   0.0000000e+00   0.0000000e+00   0.0000000e+00   0.0000000e+00   0.0000000e+00   0.0000000e+00   0.0000000e+00   0.0000000e+00   0.0000000e+00   0.0000000e+00   0.0000000e+00   0.0000000e+00   0.0000000e+00   0.0000000e+00   0.0000000e+00   0.0000000e+00
   4.1092847e-02   0.0000000e+00   0.0000000e+00   1.2834242e-01   3.3224085e-01   2.3996765e-01   4.1490483e-01  -4.6184657e-02   8.3607800e-02   0.0000000e+00   0.0000000e+00   0.0000000e+00   3.3095701e-01  -7.1510038e-02   2.7923017e-01   1.9058075e-01   0.0000000e+00   5.2469936e-01   5.1866347e-01   2.3321362e-01   2.1527426e-01   1.6990913e-01   2.1404968e-02   9.7174103e-02   7.3088216e-02   1.9003129e-02   2.1731637e-01   2.3281999e-01   4.1156352e-01   2.0365584e-01   2.2825133e-01   1.2768123e-01   3.6880755e-01   3.5004750e-01   3.2367221e-01   4.1967910e-01   4.4558062e-01   3.6743875e-01   4.2150231e-01   5.8427684e-01   4.5544415e-01   2.7702466e-01   3.9812309e-01   1.6489479e-01   1.3441497e-01   1.6805901e-01   2.1732778e-01   2.3350410e-01   1.2648278e-01   1.5101717e-01   0.0000000e+00   2.7845102e-01   1.9089092e-01   2.4986635e-01   1.7068461e-01   3.0857716e-01   2.1543332e-01   6.5889205e-02   4.6105413e-01   9.0755820e-02  -2.6174306e-01  -2.2191624e-01  -2.1135439e-01   3.1866715e-01   1.2837832e-01   3.2621714e-01  -5.4327443e-03   6.2319883e-02  -1.7277556e-01  -6.6986780e-02  -1.4941487e-02   0.0000000e+00   9.8522347e-02   2.2216232e-01   0.0000000e+00  -5.3477265e-02   5.7316366e-02  -8.7896928e-02  -2.0654350e-02  -1.2427888e-01  -8.4480508e-03   6.9792271e-02   1.5423486e-03  -2.1034014e-02   2.2182867e-01   2.0713872e-01   1.7141281e-01  -2.0975743e-02   1.9534636e-01  -8.1643744e-02   1.8614575e-01  -1.4478277e-01   3.1454187e-01   1.2682769e-01   3.4943011e-01  -1.0436909e-01  -1.3962136e-01   1.4592965e-01   1.3153762e-01   1.2060903e-01   2.9528646e-01   2.2205007e-01  -1.0937893e-01   9.3434903e-02  -7.3319668e-02   1.3801656e-01   1.5804948e-01   1.6824581e-01   7.8908109e-02   2.9581574e-01   1.1153398e-01   0.0000000e+00   0.0000000e+00   0.0000000e+00   0.0000000e+00  -4.4895541e-02  -1.7416302e-01  -6.5763697e-02
   0.0000000e+00   0.0000000e+00   0.0000000e+00   0.0000000e+00   0.0000000e+00   0.0000000e+00   0.0000000e+00   0.0000000e+00   0.0000000e+00   0.0000000e+00   0.0000000e+00   0.0000000e+00   0.0000000e+00   0.0000000e+00   0.0000000e+00   0.0000000e+00   0.0000000e+00   0.0000000e+00   0.0000000e+00   0.0000000e+00   0.0000000e+00   0.0000000e+00   0.0000000e+00   0.0000000e+00   0.0000000e+00   0.0000000e+00   0.0000000e+00   0.0000000e+00   0.0000000e+00   0.0000000e+00   0.0000000e+00   0.0000000e+00   0.0000000e+00   0.0000000e+00   0.0000000e+00   0.0000000e+00   0.0000000e+00   0.0000000e+00   0.0000000e+00   0.0000000e+00   0.0000000e+00   0.0000000e+00   0.0000000e+00   0.0000000e+00   0.0000000e+00   0.0000000e+00   0.0000000e+00   0.0000000e+00   0.0000000e+00   0.0000000e+00   0.0000000e+00   0.0000000e+00   0.0000000e+00   0.0000000e+00   0.0000000e+00   0.0000000e+00   0.0000000e+00   0.0000000e+00   0.0000000e+00   0.0000000e+00   0.0000000e+00   0.0000000e+00   0.0000000e+00   0.0000000e+00   0.0000000e+00   0.0000000e+00   0.0000000e+00   0.0000000e+00   0.0000000e+00   0.0000000e+00   0.0000000e+00   0.0000000e+00   0.0000000e+00   0.0000000e+00   0.0000000e+00   0.0000000e+00   0.0000000e+00   0.0000000e+00   0.0000000e+00   0.0000000e+00   0.0000000e+00   0.0000000e+00   0.0000000e+00   0.0000000e+00   0.0000000e+00   0.0000000e+00   0.0000000e+00   0.0000000e+00   0.0000000e+00   0.0000000e+00   0.0000000e+00   0.0000000e+00   0.0000000e+00   0.0000000e+00   0.0000000e+00   0.0000000e+00   0.0000000e+00   0.0000000e+00   0.0000000e+00   0.0000000e+00   0.0000000e+00   0.0000000e+00   0.0000000e+00   0.0000000e+00   0.0000000e+00   0.0000000e+00   0.0000000e+00   0.0000000e+00   0.0000000e+00   0.0000000e+00   0.0000000e+00   0.0000000e+00   0.0000000e+00   0.0000000e+00   0.0000000e+00   0.0000000e+00   0.0000000e+00   0.0000000e+00
  -7.9010320e-02   0.0000000e+00   0.0000000e+00   2.3131969e-02   2.1986036e-01   6.2326859e-02   1.7908104e-01  -2.7263808e-02  -2.0545883e-01   0.0000000e+00   3.3095701e-01   0.0000000e+00   0.0000000e+00  -9.1941790e-02   1.5267826e-01   1.9122507e-01   0.0000000e+00   4.8173172e-01   1.0938204e-01   6.6626586e-01   5.4852563e-01   4.2919336e-01   2.1199828e-01   3.6964408e-01   2.9445328e-01   3.0363293e-01   4.9048411e-01   1.8262317e-01   4.8691071e-01   4.2119607e-01   4.7348191e-01  -1.2292019e-01   1.3764172e-01   2.5382214e-01   2.2080016e-01   3.5329945e-01   3.1807421e-01   2.0630686e-01   2.0323407e-01   4.2763543e-01   2.6319033e-01   1.9049793e-01   5.3442582e-01   1.5391506e-01   1.7952705e-01   2.0520666e-01   3.0333434e-01   2.2923475e-01   2.6322815e-01   1.9263918e-01   0.0000000e+00   4.4106704e-01  -3.9751760e-03  -7.3735407e-03   2.0898576e-01   3.0140395e-01   4.5185848e-01   1.0919888e-01   3.7142796e-01   2.9205941e-01  -1.6435204e-01  -7.5428087e-02  -1.6415177e-01   3.2071530e-01   2.3253753e-01   1.4794911e-01   6.3230886e-02  -1.1525515e-02  -2.0438879e-02   2.9379970e-01  -3.8007937e-03   0.0000000e+00   5.9653000e-03   7.2010958e-02   0.0000000e+00  -3.1655779e-02   8.8071000e-02  -2.2108376e-01   1.3391346e-01   1.5012780e-01   2.5839872e-01   2.2489016e-01   1.6752010e-01   3.8123234e-01   3.0449190e-01   2.5281277e-01   3.3260293e-01  -2.9402831e-02   1.2302852e-01  -1.1742956e-01   3.2453529e-01  -1.8371028e-01  -8.3738444e-02   2.2849776e-02   1.4962411e-01  -7.5315729e-02  -3.6303753e-01   2.5845427e-01   7.6219228e-02  -4.8887279e-02   1.9263611e-01  -1.5075776e-01  -2.6141359e-01   9.3032139e-02  -1.7037423e-01   3.1759908e-01   1.3220673e-01   1.8980422e-01   3.4645335e-02   1.0775168e-01   4.7698693e-02   0.0000000e+00   0.0000000e+00   0.0000000e+00   0.0000000e+00  -1.2964427e-01  -3.1926704e-02   2.0321527e-02
   2.3711698e-01   0.0000000e+00   0.0000000e+00   4.2922006e-02  -3.1252721e-02   1.9045025e-01  -1.7614815e-02   2.1638963e-01  -4.5423729e-02   0.0000000e+00  -7.1510038e-02   0.0000000e+00  -9.1941790e-02   0.0000000e+00   4.2528105e-03   1.8351599e-02   0.0000000e+00  -1.2755238e-01  -1.3798680e-02  -6.9235106e-02   2.1013291e-01   1.9050572e-01   1.7569621e-01  -2.7456641e-02   1.1504694e-01  -2.7357466e-03  -1.4641841e-02  -1.0211597e-02  -1.0487586e-01  -1.5841142e-01  -2.0790196e-01   2.8235024e-01   4.6189474e-02  -5.8011839e-02  -7.2636386e-02  -1.7909532e-01  -1.5359917e-01  -1.3268913e-01  -1.5898414e-01  -5.7284999e-02   2.2398025e-02  -2.0817519e-01  -2.5652823e-01  -1.3828795e-01  -1.9680692e-01  -1.6331292e-01   5.8226507e-02   1.0941386e-01   3.6812471e-02  -1.5721036e-03   0.0000000e+00  -1.2715831e-01  -1.2932029e-01   9.7984641e-02   6.9225154e-02  -5.5559169e-02   2.1574513e-01   4.0846998e-02  -1.4508488e-01   4.6882479e-02   6.6521389e-01   5.6322793e-01   6.4946291e-01  -1.3219805e-01  -8.2008896e-02  -4.0766651e-02   4.9280087e-02   2.7005060e-01   2.4479591e-01   1.4643979e-01   1.8922169e-01   0.0000000e+00   2.4362301e-02  -1.3095338e-01   0.0000000e+00   4.6805448e-01   6.4733130e-02   1.1333328e-01   6.3784569e-02   3.7045374e-01  -1.2061838e-02  -8.0501200e-02   2.2234696e-01   3.2488437e-02  -1.5015765e-02  -1.8774189e-01  -1.3750586e-01   3.7018379e-01  -5.0986270e-02   1.7654255e-01   1.3044518e-02   4.2472331e-01   9.8628107e-02  -1.0664762e-01   4.0340458e-02  -4.7238648e-02  -7.1603616e-03  -2.4197128e-01  -8.3186848e-03   2.3763634e-02   1.1788468e-01   8.1075475e-02   2.2136379e-02   5.9952571e-02   2.7288567e-01   4.7882661e-02  -9.8631203e-02  -1.8955602e-03  -1.7438298e-01  -1.4010554e-02  -1.0676917e-01   0.0000000e+00   0.0000000e+00   0.0000000e+00   0.0000000e+00   1.4229171e-01   4.4264654e-01   6.3283825e-01
  -4.6631366e-02   0.0000000e+00   0.0000000e+00   1.0584870e-02   1.6265337e-02   2.5575164e-02   1.2517981e-01   1.0905768e-01   1.7139572e-02   0.0000000e+00   2.7923017e-01   0.0000000e+00   1.5267826e-01   4.2528105e-03   0.0000000e+00   4.1614034e-01   0.0000000e+00   9.9025658e-02   1.1559781e-01   7.5443841e-02   1.1143624e-01   5.7295355e-02   1.3741108e-01   1.8968072e-01   8.9214384e-03  -1.2441476e-01  -1.6192558e-02   2.0751148e-02   2.0552003e-01   3.4816411e-02   1.5001486e-01  -4.9378148e-02   1.3779145e-01   2.5281437e-01   4.5184079e-02   2.7937295e-01   2.6350646e-01   1.3477985e-01   1.2914836e-01   1.4806499e-01   1.6172932e-01   1.6747412e-01   1.3355590e-01   2.1334549e-01   5.4258260e-02   1.2223082e-01   1.2457237e-01   1.3112864e-01   1.0064752e-02  -4.3541475e-02   0.0000000e+00   1.5358728e-01   2.4237295e-01   2.6357957e-01   3.2458283e-01   5.2003107e-01   4.4427570e-02   9.5073014e-02   2.3245064e-01   8.4215571e-02  -5.0487081e-02  -1.2458616e-01  -2.3209185e-01   6.0452916e-02   2.0371832e-01   9.8151156e-02   7.6198473e-02   9.0064852e-02   1.7713754e-01  -8.6541160e-02  -2.1619357e-01   0.0000000e+00  -2.9469939e-02  -4.2905522e-02   0.0000000e+00  -2.2940029e-02   1.2275596e-01   1.2612878e-01  -1.3043424e-01  -8.8966550e-02  -5.9651544e-02  -4.4197354e-02   3.4254356e-02  -4.0844675e-02  -4.7009569e-02   1.9404259e-02   9.6787723e-02   3.5912279e-02   6.5673194e-02  -4.2339809e-02  -8.9673797e-02  -1.6672942e-01   3.8520700e-02   1.7467217e-01   2.1370447e-01   6.7636872e-02   1.4213927e-01   1.8537140e-02   6.9993441e-02   8.1988145e-02   1.3290608e-01   6.9963652e-02   3.3618302e-02  -2.0252511e-02  -6.1531383e-02   2.7619024e-01   2.9363074e-01   5.2199627e-02   1.7789013e-01   1.0986621e-01   2.0545643e-01   0.0000000e+00   0.0000000e+00   0.0000000e+00   0.0000000e+00   9.2965376e-02  -6.8775488e-02  -1.0765543e-02
  -3.6723635e-02   0.0000000e+00   0.0000000e+00   8.2539506e-02  -5.2971016e-02   9.7538154e-02   1.7297988e-01   1.5159070e-01   1.1381969e-01   0.0000000e+00   1.9058075e-01   0.0000000e+00   1.9122507e-01   1.8351599e-02   4.1614034e-01   0.0000000e+00   0.0000000e+00   1.3769546e-02   6.3232628e-02   2.7613084e-02   1.3077511e-01   9.4152370e-02   7.0282328e-02   1.8746421e-01  -5.0806057e-02  -3.9224344e-02   1.4087321e-02   1.3360450e-02   5.7783903e-02   1.0536404e-01  -1.4391893e-02  -2.8763579e-02   1.0370276e-01   9.2242970e-02   2.9265246e-02   1.5256007e-01   2.9961139e-01   1.7369455e-01   1.6364651e-01   2.3615952e-01   2.1438174e-01   2.6624631e-01   2.4233056e-02   7.1158250e-02   2.9913965e-02   2.0004786e-01   1.3025835e-01   2.6101508e-01   1.3998722e-01  -7.3776021e-02   0.0000000e+00   2.4812713e-01   1.2492071e-01   3.2086997e-01   5.7229194e-01   4.6051930e-01  -9.4580652e-03   7.2775124e-02   2.1502802e-01   1.0629550e-02  -2.9692179e-02  -2.4726522e-02  -7.0788086e-02  -1.7162510e-03  -8.6171816e-02   2.9393271e-02  -8.2247242e-02   1.7050942e-01   1.8869734e-01  -2.0358694e-01  -1.9076718e-01   0.0000000e+00  -4.7281885e-02  -2.1120666e-02   0.0000000e+00  -4.6568808e-02  -3.2948168e-02   5.4513050e-02  -1.3725140e-01  -5.4019307e-02  -8.5596774e-02  -2.0860624e-02  -2.2924024e-02  -9.6292701e-02  -1.3162272e-01  -6.8826180e-02   7.9328449e-02  -3.7344371e-02  -1.0284727e-02   5.3486469e-03  -8.0617014e-02  -1.5632303e-01   1.2633494e-01   5.4376573e-02   1.5970560e-01   1.6049300e-01   5.5729584e-02   2.0974039e-01   3.7808267e-02   2.3034052e-01   6.3324346e-02   1.5044549e-01  -1.3195014e-01   2.2716066e-03  -6.5624052e-02   1.4425066e-01   2.3173514e-01   1.4616824e-01   5.7581598e-02   1.3107693e-01   2.1165188e-01   0.0000000e+00   0.0000000e+00   0.0000000e+00   0.0000000e+00   9.9705728e-02  -3.7408294e-02   4.7070443e-02
   0.0000000e+00   0.0000000e+00   0.0000000e+00   0.0000000e+00   0.0000000e+00   0.0000000e+00   0.0000000e+00   0.0000000e+00   0.0000000e+00   0.0000000e+00   0.0000000e+00   0.0000000e+00   0.0000000e+00   0.0000000e+00   0.0000000e+00   0.0000000e+00   0.0000000e+00   0.0000000e+00   0.0000000e+00   0.0000000e+00   0.0000000e+00   0.0000000e+00   0.0000000e+00   0.0000000e+00   0.0000000e+00   0.0000000e+00   0.0000000e+00   0.0000000e+00   0.0000000e+00   0.0000000e+00   0.0000000e+00   0.0000000e+00   0.0000000e+00   0.0000000e+00   0.0000000e+00   0.0000000e+00   0.0000000e+00   0.0000000e+00   0.0000000e+00   0.0000000e+00   0.0000000e+00   0.0000000e+00   0.0000000e+00   0.0000000e+00   0.0000000e+00   0.0000000e+00   0.0000000e+00   0.0000000e+00   0.0000000e+00   0.0000000e+00   0.0000000e+00   0.0000000e+00   0.0000000e+00   0.0000000e+00   0.0000000e+00   0.0000000e+00   0.0000000e+00   0.0000000e+00   0.0000000e+00   0.0000000e+00   0.0000000e+00   0.0000000e+00   0.0000000e+00   0.0000000e+00   0.0000000e+00   0.0000000e+00   0.0000000e+00   0.0000000e+00   0.0000000e+00   0.0000000e+00   0.0000000e+00   0.0000000e+00   0.0000000e+00   0.0000000e+00   0.0000000e+00   0.0000000e+00   0.0000000e+00   0.0000000e+00   0.0000000e+00   0.0000000e+00   0.0000000e+00   0.0000000e+00   0.0000000e+00   0.0000000e+00   0.0000000e+00   0.0000000e+00   0.0000000e+00   0.0000000e+00   0.0000000e+00   0.0000000e+00   0.0000000e+00   0.0000000e+00   0.0000000e+00   0.0000000e+00   0.0000000e+00   0.0000000e+00   0.0000000e+00   0.0000000e+00   0.0000000e+00   0.0000000e+00   0.0000000e+00   0.0000000e+00   0.0000000e+00   0.0000000e+00   0.0000000e+00   0.0000000e+00   0.0000000e+00   0.0000000e+00   0.0000000e+00   0.0000000e+00   0.0000000e+00   0.0000000e+00   0.0000000e+00   0.0000000e+00   0.0000000e+00   0.0000000e+00   0.0000000e+00   0.0000000e+00
   1.3251434e-01   0.0000000e+00   0.0000000e+00   2.8119103e-01   4.2978351e-01   1.6221366e-01   2.8822387e-01  -4.0437630e-02  -6.4771719e-02   0.0000000e+00   5.2469936e-01   0.0000000e+00   4.8173172e-01  -1.2755238e-01   9.9025658e-02   1.3769546e-02   0.0000000e+00   0.0000000e+00   2.6124083e-01   6.2296806e-01   3.3026126e-01   3.1514348e-01   1.9896940e-01   3.0346657e-01   2.6966123e-01   2.5101939e-01   4.3849275e-01   1.6272248e-01   3.6504083e-01   3.4455957e-01   3.8294469e-01   5.5865678e-04   1.0148448e-01   2.8390172e-01   2.1785360e-01   3.8341992e-01   3.0917395e-01   1.6303018e-01   2.5577970e-01   5.0239681e-01   2.6118131e-01   1.6296217e-01   6.1630089e-01   1.9787678e-01   1.5778960e-01   1.2568011e-03   3.1069797e-01   3.5182761e-01   2.3394202e-01   2.3312500e-01   0.0000000e+00   3.0292064e-01   7.0741901e-02   1.5507271e-01  -1.4971254e-02   1.2003030e-01   2.5102862e-01   1.6416035e-01   3.9401688e-01   3.5875230e-01  -2.9107836e-01  -1.5074192e-01  -2.5057367e-01   4.6521108e-01   1.2815938e-01   2.5681728e-01   5.5548974e-02   3.7498410e-03  -2.5338670e-01   2.4520632e-01   5.6142692e-02   0.0000000e+00   1.4817379e-01   9.5392807e-02   0.0000000e+00  -4.8524734e-02   1.5567143e-01  -1.6370866e-01   8.7971092e-02   2.2264917e-02   1.5118525e-01   1.6539578e-01   2.0269692e-01   2.1982488e-01   2.5071800e-01   2.3407197e-01   3.1340785e-01  -6.4914821e-02   1.2702276e-01  -1.3296136e-01   3.0107622e-01  -1.6351070e-01  -7.6482484e-02   1.5406310e-01   1.5671147e-01  -2.2349517e-01  -2.6782307e-01   1.1655269e-01   1.2106203e-01  -9.2015285e-02   2.7828780e-01  -1.0742646e-01  -1.1068829e-01   1.5671642e-01  -1.8113724e-01   9.5309903e-02   5.1324693e-02   1.3878518e-01  -3.7905714e-02   1.0259012e-01   1.3525524e-02   0.0000000e+00   0.0000000e+00   0.0000000e+00   0.0000000e+00  -1.9558576e-01  -1.1424753e-01   3.2492240e-02
  -3.0635253e-02   0.0000000e+00   0.0000000e+00   7.9286905e-02   3.6965890e-01   2.7715725e-01   1.4893056e-01  -3.3272171e-02   6.8919195e-02   0.0000000e+00   5.1866347e-01   0.0000000e+00   1.0938204e-01  -1.3798680e-02   1.1559781e-01   6.3232628e-02   0.0000000e+00   2.6124083e-01   0.0000000e+00   7.8516955e-02   1.3459151e-01   1.2818231e-01   1.1734857e-01   1.0899959e-01   9.7927271e-02   9.3020271e-02   1.3527810e-01   1.8390744e-01   2.1274984e-01   1.1355681e-01   1.0091278e-01   7.1030624e-02   2.1479295e-01   2.0645955e-01   2.2710772e-01   3.2400164e-01   3.4374555e-01   2.9867852e-01   3.1742942e-01   2.7805136e-01   3.2445918e-01   2.2348365e-01   1.8159065e-01   1.3668679e-01   8.0549648e-02   1.4961535e-01   2.5495361e-01   1.2916649e-01  -3.3304656e-02   1.1435507e-01   0.0000000e+00   9.9940548e-02   1.3817837e-01   2.3520393e-01   1.1243267e-01   1.8258450e-01   1.7031535e-01  -3.6492707e-02   2.8051273e-01   4.9568262e-02  -8.4392460e-02  -6.9918792e-02  -3.2449870e-02   7.9930761e-02   1.8052625e-01   1.6947908e-01   1.8319840e-02  -2.3992380e-02  -1.3186800e-01  -8.9625083e-02  -7.8313776e-03   0.0000000e+00  -7.7000685e-02   1.2366381e-01   0.0000000e+00  -3.3447420e-02  -5.5858762e-02  -3.8694033e-02   2.9495007e-02  -1.2211516e-01   2.5331699e-02  -4.8773548e-02  -3.8000519e-02  -9.7403157e-02   1.2466111e-01   4.5820203e-02  -8.7019657e-02   6.5072859e-03   5.2710181e-02  -4.7729668e-02   6.7028634e-02   1.0303748e-02   2.4317504e-01   1.3598439e-01   2.5459557e-01  -1.3282765e-01  -9.8582592e-02   1.3099086e-01   9.7727356e-02   1.1476845e-01   1.2815744e-01   6.3894607e-02   2.0794894e-03   1.4148491e-01   4.1413232e-02   7.6213547e-02   1.7371310e-01   1.8803650e-01   9.7661511e-02   2.0919396e-01   7.9580552e-03   0.0000000e+00   0.0000000e+00   0.0000000e+00   0.0000000e+00   3.4144878e-02  -1.1114427e-01   3.9083795e-03
   1.9080615e-02   0.0000000e+00   0.0000000e+00   1.0530271e-01   2.2626119e-01  -7.1716314e-02   6.4111025e-02  -1.5181877e-01  -2.7468627e-01   0.0000000e+00   2.3321362e-01   0.0000000e+00   6.6626586e-01  -6.9235106e-02   7.5443841e-02   2.7613084e-02   0.0000000e+00   6.2296806e-01   7.8516955e-02   0.0000000e+00   5.5417901e-01   5.5378911e-01   3.6749959e-01   4.3869406e-01   6.1411740e-01   4.1317427e-01   5.8270745e-01   1.4560682e-01   3.2801474e-01   4.9270802e-01   5.2921951e-01  -2.2432926e-01  -7.0238859e-02   1.5491902e-01   7.9119078e-02   2.3346512e-01   1.8121737e-01   1.0886299e-01   4.4188896e-02   3.0560527e-01   1.7122602e-01   1.0710140e-01   6.0002780e-01   1.0959572e-01   1.1613297e-01  -1.0303796e-02   2.3650190e-01   2.0445244e-01   1.7267244e-01   3.0725665e-01   0.0000000e+00   3.5283904e-01  -3.3325150e-02   6.5518655e-03  -1.9605029e-02   6.1896789e-02   2.4320735e-01   1.2632977e-01   2.9332835e-01   6.4768412e-01  -1.2701558e-02   9.6196634e-02  -2.2848997e-01   3.4094277e-01   6.4486509e-02   1.8916146e-01   1.3403263e-01   9.7807314e-02  -2.0315547e-01   3.8427484e-01  -1.0483970e-01   0.0000000e+00   3.7789221e-02   6.2087940e-02   0.0000000e+00  -1.1916213e-01   1.2827078e-01  -3.1620461e-01   1.9711283e-01   2.5212066e-01   4.5689351e-01   3.3141497e-01   5.2405496e-01   7.0332227e-01   2.6502264e-01   3.0177888e-01   4.3032785e-01   2.4897376e-02   2.0264409e-01  -1.4089386e-01   3.1403536e-01  -2.7615663e-01  -2.0028130e-01  -1.3443384e-02   2.4777454e-02  -1.9105254e-01  -3.7374675e-01   9.6343488e-02   6.0957653e-02  -1.8799641e-01   2.5654677e-01  -2.2478654e-01  -2.9804994e-01   2.7027438e-01  -3.4155638e-01   1.4427282e-01   8.6314646e-02   7.2406274e-02  -2.4094537e-02   3.2463686e-02   8.2387056e-03   0.0000000e+00   0.0000000e+00   0.0000000e+00   0.0000000e+00  -1.8884401e-01   3.8484583e-02   1.6243201e-01
   5.6532373e-02   0.0000000e+00   0.0000000e+00   2.4596199e-01   2.0101896e-01   9.3814082e-02   1.2743698e-01   2.0511596e-02  -1.7116197e-01   0.0000000e+00   2.1527426e-01   0.0000000e+00   5.4852563e-01   2.1013291e-01   1.1143624e-01   1.3077511e-01   0.0000000e+00   3.3026126e-01   1.3459151e-01   5.5417901e-01   0.0000000e+00   6.6097213e-01   4.3716801e-01   5.3794631e-01   5.5608779e-01   4.7479928e-01   5.2661188e-01   1.0043792e-01   2.7894206e-01   2.8966161e-01   1.9413565e-01  -3.8525875e-02   9.7631091e-02   2.5277660e-01   1.8860287e-01   3.1171737e-01   2.7498767e-01   2.0940043e-01   2.0817103e-01   4.0110876e-01   2.6872726e-01   2.3592603e-01   3.8241218e-01   2.0321929e-01   1.5628714e-01   2.9663551e-02   3.6605862e-01   4.3019930e-01   2.7086872e-01   1.2380908e-01   0.0000000e+00   3.0649510e-01   1.0447523e-02   1.8484638e-01   1.3144868e-01   2.1208836e-01   5.2559822e-01   2.0284487e-01   4.3326514e-01   4.6137227e-01   4.3998984e-02   1.9663938e-01   1.0677299e-01   2.0565064e-01   9.8675988e-02  -6.8262208e-02  -4.1309021e-02   1.0977629e-02  -4.5881813e-02   1.2445245e-01  -2.7984696e-02   0.0000000e+00   3.2306813e-02   4.6267414e-02   0.0000000e+00   8.3896065e-02  -7.5609258e-02  -2.0761992e-01   6.5671192e-02   8.8928868e-02   2.0095742e-01   5.4476844e-02   2.5510366e-01   2.3209936e-01   1.0122346e-01   1.3723922e-01   4.5431106e-02   1.5676297e-03  -3.1643956e-02  -5.7449723e-02   1.0293097e-01   7.3390104e-03  -1.5238816e-01  -2.4168904e-02   2.1368245e-01  -9.5339368e-02  -2.8347833e-01   8.5711722e-02   1.2380584e-01  -6.0259266e-02   1.7984797e-01  -1.9739956e-01  -2.6049786e-01   4.1605900e-01   6.6281462e-03   2.6655333e-01   9.4008221e-02   2.2279585e-01  -2.9928280e-02  -2.0937900e-02   1.4745810e-02   0.0000000e+00   0.0000000e+00   0.0000000e+00   0.0000000e+00  -9.7436459e-02   7.1295983e-05   1.4216580e-01
