   0.0000000e+00   0.0000000e+00   0.0000000e+00   0.0000000e+00   0.0000000e+00   0.0000000e+00   0.0000000e+00   0.0000000e+00   0.0000000e+00   0.0000000e+00   0.0000000e+00   0.0000000e+00   0.0000000e+00   0.0000000e+00   0.0000000e+00   0.0000000e+00   0.0000000e+00   0.0000000e+00   0.0000000e+00   0.0000000e+00   0.0000000e+00   0.0000000e+00   0.0000000e+00   0.0000000e+00   0.0000000e+00   0.0000000e+00   0.0000000e+00   0.0000000e+00   0.0000000e+00   0.0000000e+00   0.0000000e+00   0.0000000e+00   0.0000000e+00   0.0000000e+00   0.0000000e+00   0.0000000e+00   0.0000000e+00   0.0000000e+00   0.0000000e+00   0.0000000e+00   0.0000000e+00   0.0000000e+00   0.0000000e+00   0.0000000e+00   0.0000000e+00   0.0000000e+00   0.0000000e+00   0.0000000e+00   0.0000000e+00   0.0000000e+00   0.0000000e+00   0.0000000e+00   0.0000000e+00   0.0000000e+00   0.0000000e+00   0.0000000e+00   0.0000000e+00   0.0000000e+00   0.0000000e+00   0.0000000e+00   0.0000000e+00   0.0000000e+00   0.0000000e+00   0.0000000e+00   0.0000000e+00   0.0000000e+00   0.0000000e+00   0.0000000e+00   0.0000000e+00   0.0000000e+00   0.0000000e+00   0.0000000e+00   0.0000000e+00   0.0000000e+00   0.0000000e+00   0.0000000e+00   0.0000000e+00   0.0000000e+00   0.0000000e+00   0.0000000e+00   0.0000000e+00   0.0000000e+00   0.0000000e+00   0.0000000e+00   0.0000000e+00   0.0000000e+00   0.0000000e+00   0.0000000e+00   0.0000000e+00   0.0000000e+00   0.0000000e+00   0.0000000e+00   0.0000000e+00   0.0000000e+00   0.0000000e+00   0.0000000e+00   0.0000000e+00   0.0000000e+00   0.0000000e+00   0.0000000e+00   0.0000000e+00   0.0000000e+00   0.0000000e+00   0.0000000e+00   0.0000000e+00   0.0000000e+00   0.0000000e+00   0.0000000e+00   0.0000000e+00   0.0000000e+00   0.0000000e+00   0.0000000e+00   0.0000000e+00   0.0000000e+00   0.0000000e+00   0.0000000e+00   0.0000000e+00   0.0000000e+00
   0.0000000e+00   0.0000000e+00   0.0000000e+00   0.0000000e+00   0.0000000e+00   0.0000000e+00   0.0000000e+00   0.0000000e+00   0.0000000e+00   0.0000000e+00   0.0000000e+00   0.0000000e+00   0.0000000e+00   0.0000000e+00   0.0000000e+00   0.0000000e+00   0.0000000e+00   0.0000000e+00   0.0000000e+00   0.0000000e+00   0.0000000e+00   0.0000000e+00   0.0000000e+00   0.0000000e+00   0.0000000e+00   0.0000000e+00   0.0000000e+00   0.0000000e+00   0.0000000e+00   0.0000000e+00   0.0000000e+00   0.0000000e+00   0.0000000e+00   0.0000000e+00   0.0000000e+00   0.0000000e+00   0.0000000e+00   0.0000000e+00   0.0000000e+00   0.0000000e+00   0.0000000e+00   0.0000000e+00   0.0000000e+00   0.0000000e+00   0.0000000e+00   0.0000000e+00   0.0000000e+00   0.0000000e+00   0.0000000e+00   0.0000000e+00   0.0000000e+00   0.0000000e+00   0.0000000e+00   0.0000000e+00   0.0000000e+00   0.0000000e+00   0.0000000e+00   0.0000000e+00   0.0000000e+00   0.0000000e+00   0.0000000e+00   0.0000000e+00   0.0000000e+00   0.0000000e+00   0.0000000e+00   0.0000000e+00   0.0000000e+00   0.0000000e+00   0.0000000e+00   0.0000000e+00   0.0000000e+00   0.0000000e+00   0.0000000e+00   0.0000000e+00   0.0000000e+00   0.0000000e+00   0.0000000e+00   0.0000000e+00   0.0000000e+00   0.0000000e+00   0.0000000e+00   0.0000000e+00   0.0000000e+00   0.0000000e+00   0.0000000e+00   0.0000000e+00   0.0000000e+00   0.0000000e+00   0.0000000e+00   0.0000000e+00   0.0000000e+00   0.0000000e+00   0.0000000e+00   0.0000000e+00   0.0000000e+00   0.0000000e+00   0.0000000e+00   0.0000000e+00   0.0000000e+00   0.0000000e+00   0.0000000e+00   0.0000000e+00   0.0000000e+00   0.0000000e+00   0.0000000e+00   0.0000000e+00   0.0000000e+00   0.0000000e+00   0.0000000e+00   0.0000000e+00   0.0000000e+00   0.0000000e+00   0.0000000e+00   0.0000000e+00   0.0000000e+00   0.0000000e+00   0.0000000e+00   0.0000000e+00
   0.0000000e+00   0.0000000e+00   0.0000000e+00   0.0000000e+00   0.0000000e+00   0.0000000e+00   0.0000000e+00   0.0000000e+00   0.0000000e+00   0.0000000e+00   0.0000000e+00   0.0000000e+00   0.0000000e+00   0.0000000e+00   0.0000000e+00   0.0000000e+00   0.0000000e+00   0.0000000e+00   0.0000000e+00   0.0000000e+00   0.0000000e+00   0.0000000e+00   0.0000000e+00   0.0000000e+00   0.0000000e+00   0.0000000e+00   0.0000000e+00   0.0000000e+00   0.0000000e+00   0.0000000e+00   0.0000000e+00   0.0000000e+00   0.0000000e+00   0.0000000e+00   0.0000000e+00   0.0000000e+00   0.0000000e+00   0.0000000e+00   0.0000000e+00   0.0000000e+00   0.0000000e+00   0.0000000e+00   0.0000000e+00   0.0000000e+00   0.0000000e+00   0.0000000e+00   0.0000000e+00   0.0000000e+00   0.0000000e+00   0.0000000e+00   0.0000000e+00   0.0000000e+00   0.0000000e+00   0.0000000e+00   0.0000000e+00   0.0000000e+00   0.0000000e+00   0.0000000e+00   0.0000000e+00   0.0000000e+00   0.0000000e+00   0.0000000e+00   0.0000000e+00   0.0000000e+00   0.0000000e+00   0.0000000e+00   0.0000000e+00   0.0000000e+00   0.0000000e+00   0.0000000e+00   0.0000000e+00   0.0000000e+00   0.0000000e+00   0.0000000e+00   0.0000000e+00   0.0000000e+00   0.0000000e+00   0.0000000e+00   0.0000000e+00   0.0000000e+00   0.0000000e+00   0.0000000e+00   0.0000000e+00   0.0000000e+00   0.0000000e+00   0.0000000e+00   0.0000000e+00   0.0000000e+00   0.0000000e+00   0.0000000e+00   0.0000000e+00   0.0000000e+00   0.0000000e+00   0.0000000e+00   0.0000000e+00   0.0000000e+00   0.0000000e+00   0.0000000e+00   0.0000000e+00   0.0000000e+00   0.0000000e+00   0.0000000e+00   0.0000000e+00   0.0000000e+00   0.0000000e+00   0.0000000e+00   0.0000000e+00   0.0000000e+00   0.0000000e+00   0.0000000e+00   0.0000000e+00   0.0000000e+00   0.0000000e+00   0.0000000e+00   0.0000000e+00   0.0000000e+00   0.0000000e+00   0.0000000e+00
   0.0000000e+00   0.0000000e+00   0.0000000e+00   0.0000000e+00   6.0049161e-02   3.6072447e-02   1.8004473e-01   1.6467529e-02   4.6112520e-02   1.9264004e-01   2.3340338e-01  -1.2527989e-01   1.8977911e-01   1.0590948e-01   1.7000342e-01   1.5761356e-01   1.6039576e-01   1.9621733e-01   7.0321545e-02   2.5839625e-01   2.9300913e-01   1.7827598e-01   2.4046665e-01   5.2339178e-02   2.2400527e-01   1.9631911e-01   1.4101542e-01   1.9634740e-01   1.7430212e-01   2.2443337e-01   7.6328138e-02   2.3615883e-01   1.8107312e-01   2.6240552e-01   2.3797550e-01   3.1715885e-02   1.3291698e-01   2.9018665e-01   2.2997587e-01   1.3407301e-01   2.6160894e-01   1.1862763e-01   2.3096627e-01   7.1528147e-02   2.8552729e-01   5.0420795e-02   8.5450041e-02   9.0107685e-02   1.9146569e-01   5.4693747e-03   0.0000000e+00   1.5582657e-01   1.0146188e-01   2.6226433e-01   2.0167743e-01   3.3995900e-02   9.5160933e-02   1.0611881e-01   3.1024693e-01   1.3812666e-01  -1.7380456e-02   3.1054072e-02   1.4118865e-01   1.6271631e-01   4.6833625e-02   1.2347883e-01   4.2690954e-02   1.3581056e-01   1.4834636e-01   5.0206950e-02   7.9680027e-02   0.0000000e+00   1.1624327e-01   3.9734971e-02   0.0000000e+00   2.0710129e-01   6.7691952e-03  -6.9858434e-02   1.7622573e-02   1.4707267e-01   2.7647045e-02   8.0552699e-02   2.3025901e-02   4.8620520e-02   8.2200526e-03   4.5145502e-02   7.0443676e-02  -4.4881547e-02   4.7904567e-03   9.8973585e-02  -3.9823614e-02  -2.1402079e-02   2.7818828e-02   2.5020684e-02   9.2053134e-02   1.1847628e-02   5.4341429e-03   8.8113164e-02   7.7097442e-02   7.8736814e-02  -2.1084375e-02   1.1893063e-01  -6.1499276e-02   3.3482834e-02   6.3886676e-02   5.0895568e-02   7.5198641e-02   9.9129218e-02   1.2162758e-01   9.5158950e-02   9.7667397e-02   0.0000000e+00   0.0000000e+00   0.0000000e+00   0.0000000e+00   5.7851940e-02   8.0090874e-02   1.4071713e-01
   0.0000000e+00   0.0000000e+00   0.0000000e+00   6.0049161e-02   0.0000000e+00   6.1277583e-01   2.5559433e-01  -1.1286176e-02  -1.5819139e-02  -8.4397427e-02   2.7167275e-01   1.2909040e-01   2.2056237e-01   1.9011059e-01   1.2835683e-01   2.3667301e-01   4.1997142e-01   3.4951794e-01   3.0358892e-01   3.4776797e-01   8.6297374e-02   2.1242103e-01   5.7654613e-02   1.1065305e-02   1.4656103e-01   2.1796096e-01   5.5138219e-01   2.0911606e-01   1.6161134e-01   1.3885104e-01   2.9973446e-01   1.6169294e-01   2.4764043e-01   1.7603107e-01   1.6901058e-01   2.8696804e-01   1.7266435e-01   1.2626126e-01   1.5650820e-01   1.2984185e-01   1.6161047e-01   1.5950303e-01   2.9441487e-01   1.5103361e-01   6.7917354e-02   1.1809786e-01   8.7418153e-01   1.3639258e-01   2.1498580e-01   4.8444622e-01   0.0000000e+00   2.6455215e-01   1.9923864e-01   4.1926703e-01   1.7862412e-01   1.6882069e-01   4.5238371e-01   9.6759462e-02   2.2297239e-01   1.3087321e-01  -5.3247157e-02   7.4014991e-02   1.2781137e-01   2.3503391e-01   5.8087167e-02   4.8596460e-01   1.0109431e-01   2.3486502e-01   7.0522592e-02   3.3985592e-01   2.1343057e-01   0.0000000e+00   3.2758127e-01   2.2643392e-01   0.0000000e+00   1.9803372e-01   6.7815400e-02   1.0743585e-01   2.3673809e-01   7.9241270e-02   4.1276421e-01   3.3283523e-01   2.9683220e-01   3.3819454e-01   3.0933786e-01   2.7822388e-01   1.8932053e-01   5.9387466e-02   2.3477192e-01   2.1568245e-01   2.1162295e-01   4.0505479e-01   1.6462310e-01   2.9826437e-01   1.2749202e-01  -5.6706872e-03   2.6240090e-01   1.6088980e-01   1.1281002e-01   1.7688036e-02   3.2411410e-01   2.6242694e-01  -1.4571059e-02   6.2783280e-02   2.4886326e-01   1.1927779e-01   2.6657580e-01   3.4789065e-01   2.0225168e-01   1.1610375e-01   5.8666250e-02   0.0000000e+00   0.0000000e+00   0.0000000e+00   0.0000000e+00   9.7011423e-02  -1.1769511e-02   7.2398451e-02
   0.0000000e+00   0.0000000e+00   0.0000000e+00   3.6072447e-02   6.1277583e-01   0.0000000e+00   1.8003480e-01   4.6618549e-02   1.0243746e-02  -6.3092146e-02   1.6001007e-01   2.4476907e-02   2.0575525e-01   2.1833276e-01   1.0750037e-01   2.4873143e-01   3.0895357e-01   3.2808095e-01   3.3650610e-01   2.9970761e-01   1.5074491e-01   2.8923116e-01  -2.3487149e-02  -1.1377838e-03   1.4876522e-01   1.8135459e-01   4.1504627e-01   1.1263590e-01   1.4270715e-01   9.1709200e-02   2.1825886e-01   9.2532947e-02   1.9102585e-01   1.1934133e-01   8.9851384e-02   3.6585141e-03   5.9760634e-02  -6.0847493e-02  -1.0331141e-01   1.2766972e-01   7.2462658e-02   6.8509587e-02   2.0268694e-01  -6.0000129e-02   2.5060003e-02   2.2902218e-02   6.0295344e-01   5.6610473e-02   2.1870544e-01   4.9852836e-01   0.0000000e+00   2.0176459e-01   2.4253310e-02   4.8327326e-01   1.6653338e-01   2.0349282e-01   3.2120946e-01   1.1695867e-01   1.5474063e-01   8.2905074e-02  -1.2082845e-01  -5.1432118e-02   6.2392347e-02   2.1453515e-01  -4.9194164e-02   2.7558668e-01   8.2826238e-02   2.7746241e-01   1.8031082e-01   2.1088265e-01   1.7008753e-01   0.0000000e+00   2.2369260e-01   2.5595833e-03   0.0000000e+00   3.0223733e-01   3.8855718e-02  -2.4273996e-02   3.1938682e-01   1.6108615e-01   4.0900747e-01   2.5388600e-01   3.4430626e-01   2.7900354e-01   1.7171829e-01   1.0515977e-01   2.0380547e-01   2.6066450e-01   2.4303733e-01   2.6831866e-01   1.7132222e-01   3.0417837e-01   1.8714699e-01   1.5809284e-01   1.4082276e-01  -1.9114371e-02   1.8556678e-01   6.6866511e-02   4.2878515e-02   5.5188965e-02   2.1318435e-01   1.5203982e-01  -1.8372938e-01   2.3295006e-02   2.4048328e-01   1.8301730e-01   1.7393365e-01   3.0424555e-01   2.1452083e-01   1.7822270e-02   1.8103439e-02   0.0000000e+00   0.0000000e+00   0.0000000e+00   0.0000000e+00   9.0224757e-02   1.3117135e-01   2.2774297e-01
   0.0000000e+00   0.0000000e+00   0.0000000e+00   1.8004473e-01   2.5559433e-01   1.8003480e-01   0.0000000e+00   9.7285745e-02   5.8920620e-02   1.8605413e-01   5.0085591e-01   4.1709630e-02   3.2015124e-01   1.6910820e-01   1.5337183e-01   1.6690435e-01   2.7381903e-01   2.8447997e-01   2.7276414e-01   3.6984070e-01   1.0244173e-01   6.9216394e-02   1.2235203e-01  -2.0038168e-02   9.5374457e-02   3.0134234e-01   2.3280775e-01   1.7829593e-01   3.1293118e-01   3.3925148e-01   3.6063216e-01   2.6390083e-01   3.4606824e-01   2.4855525e-01   2.4503570e-01  -1.9230738e-02   1.4599032e-01   1.4138874e-01   7.5750963e-02   3.1172140e-01   2.6573087e-01   2.0241260e-01   2.9509225e-01   4.1769944e-02   4.4613886e-01   4.2334958e-02   2.1182437e-01   2.2769483e-01   2.7641955e-01   2.6205887e-01   0.0000000e+00   2.5627945e-01   1.8399211e-01   2.9517813e-01   1.7362718e-01   1.5211349e-01   1.1786342e-01   9.5085473e-02   3.3554604e-01   5.6061336e-02  -1.5624890e-01  -1.6074770e-01   1.7745209e-02   4.5037834e-01  -4.5907924e-02   4.7525541e-01   2.0039671e-01   4.4101964e-01   2.8341716e-01   2.0441154e-01   3.7954237e-01   0.0000000e+00   4.9774296e-01   3.1742400e-01   0.0000000e+00   5.6146592e-01   1.4718092e-01   8.3482216e-02   1.8048894e-01   1.9782004e-01   2.8729510e-01   2.8010644e-01   2.0303867e-01   3.9878215e-01   2.3762098e-01   1.5978953e-01   4.4140832e-01   1.1249016e-01   3.1276654e-01   3.2028706e-01   3.6532120e-01   1.2015296e-01  -7.8496659e-03   1.8794115e-01   1.8970831e-01   1.0165905e-01   1.1644928e-01   1.7938529e-01   1.3837718e-01   2.9773517e-02   1.8050591e-01   7.9823923e-02  -2.1157942e-01  -4.3449011e-02   5.9587942e-02   2.1434853e-01   1.2903482e-01   8.9583307e-03   8.8276854e-02   1.4685147e-01   1.5418617e-01   0.0000000e+00   0.0000000e+00   0.0000000e+00   0.0000000e+00   7.1017388e-02   2.1800029e-01   3.4979076e-01
   0.0000000e+00   0.0000000e+00   0.0000000e+00   1.6467529e-02  -1.1286176e-02   4.6618549e-02   9.7285745e-02   0.0000000e+00   4.3674112e-01   2.4546746e-01   1.5594008e-01   1.3763872e-01   2.8781874e-01   2.7245237e-01   6.5770325e-02   3.5527480e-02   1.6939240e-01   2.3498292e-01   7.2935306e-03   1.2913482e-01   6.7205566e-02   1.4908094e-01   4.1908145e-02  -2.9279589e-01   5.7242627e-02   4.0240443e-03   1.9378048e-02   2.8809792e-01   2.1728554e-01   1.5518018e-01   1.4489242e-01   3.3107275e-01   3.2720229e-01   2.2248235e-01   2.8173229e-01  -4.0651255e-02   2.2579881e-01  -2.9500519e-02   3.2583246e-03   2.2426762e-01   4.3073148e-02   1.3936177e-02   2.4356939e-01  -1.2709174e-01   1.2563667e-01   1.5397893e-01  -5.3247277e-02   2.8903445e-01   3.1516893e-01   2.8517969e-02   0.0000000e+00   2.5374215e-01   3.2480882e-03   5.4188966e-02   1.6137727e-02   1.8342595e-01  -2.2681247e-02   3.2005921e-01   1.1002824e-01  -4.1717035e-02  -1.2449537e-01   6.1931896e-03   1.0748919e-01   2.9925454e-01   2.1301933e-01  -4.2418228e-02   4.8609244e-01   2.2919670e-01   5.5095970e-01   3.0252453e-01   4.2744701e-02   0.0000000e+00   2.0196696e-01  -6.3176078e-03   0.0000000e+00   3.3446533e-01   3.7193343e-01   3.2357296e-02   4.5157560e-01   3.1495162e-01   1.8306572e-01   1.0221811e-01   1.9134031e-01   2.2129718e-01   1.9765701e-01   1.1036322e-01   1.6792830e-01   3.6202545e-01   1.5936323e-01   4.0397643e-01   1.6814457e-01   1.5374634e-01   2.2997126e-01   4.0090429e-02   1.6014594e-01   1.7896079e-01   2.1786537e-01   7.7484300e-02   2.1861150e-01   1.2635769e-01  -6.1042125e-02   1.5192512e-01   1.2938035e-01  -6.5116459e-02   2.7047494e-01   3.8886038e-01   8.5013052e-02   1.7598406e-01   2.6219057e-01   1.7597296e-01   3.7570012e-01   0.0000000e+00   0.0000000e+00   0.0000000e+00   0.0000000e+00   5.5082495e-01   5.2062556e-01   3.7343265e-01
   0.0000000e+00   0.0000000e+00   0.0000000e+00   4.6112520e-02  -1.5819139e-02   1.0243746e-02   5.8920620e-02   4.3674112e-01   0.0000000e+00   8.9335845e-02   1.2837407e-02  -4.0574112e-02   1.2539275e-01   7.8221190e-02   1.1328335e-01   1.4763707e-01  -1.0485162e-02   5.2702233e-02   4.8549667e-02  -3.7269273e-02  -3.5618665e-02   7.9961589e-02  -3.1695993e-02  -2.0201117e-01  -1.5773614e-02  -1.6156722e-01  -1.2797168e-01   1.6007765e-01   1.7351313e-01   1.4167663e-02   1.0730867e-01   1.1139697e-01   1.7598447e-01   9.8426303e-02   2.0205891e-01   5.1027736e-02   2.0952073e-01   1.4205463e-01   7.5226802e-02   7.0718902e-02   4.8624922e-02  -2.5148270e-03   1.7471485e-01   4.4508779e-02   4.5922236e-03   2.6562827e-01  -4.9616333e-02   2.0662724e-01   2.7002184e-01  -7.6555583e-02   0.0000000e+00   6.8364248e-02   8.4860899e-02   1.1002647e-01   7.4440183e-02   1.1772098e-01  -8.9368015e-02   3.1778545e-01   1.4542477e-01  -1.2755969e-01  -3.7463114e-02   7.9536048e-02   6.5429718e-02   3.0262863e-01   3.2728396e-01  -9.9807380e-03   3.8849109e-01   6.2631034e-02   4.1610228e-01   1.5254508e-01  -2.1704448e-02   0.0000000e+00   1.2684798e-01  -9.7798124e-02   0.0000000e+00   1.2145356e-01   4.3942074e-01   9.1845037e-02   2.5979303e-01   9.0548665e-02   3.1075105e-02  -9.6527349e-02   3.5421560e-02   4.6919056e-02   7.2640233e-02   9.6049990e-02   9.1887405e-02   1.8576663e-01   4.7774272e-02   3.0865791e-01   1.3805027e-01   1.6594554e-01   2.7519242e-01   5.6490449e-02   2.0960579e-01   2.2579933e-01   2.3498790e-01   2.4728091e-01   3.5130839e-01   2.9536911e-01  -1.9231447e-01   1.3388126e-01   2.5631315e-01   9.6496945e-03   2.7250562e-01   1.8962925e-01   1.1723213e-01   2.9165948e-01   1.7803289e-01   4.1379739e-01   5.5896665e-01   0.0000000e+00   0.0000000e+00   0.0000000e+00   0.0000000e+00   3.4745470e-01   1.8688696e-01   2.7427096e-02
   0.0000000e+00   0.0000000e+00   0.0000000e+00   1.9264004e-01  -8.4397427e-02  -6.3092146e-02   1.8605413e-01   2.4546746e-01   8.9335845e-02   0.0000000e+00   2.4998078e-01   8.0296162e-02   2.5123439e-01   6.4660887e-02   1.5801857e-01   1.1609658e-01   2.4553685e-01   4.3744161e-01  -1.5642977e-02   2.0952297e-01   2.0689037e-01   2.4009599e-01   7.2463845e-02  -1.7074331e-02   1.7630780e-01   1.6927186e-01   9.7224838e-02   2.8388573e-01   3.0804389e-01   3.3279547e-01   5.6994535e-02   4.0707064e-01   3.1631675e-01   3.5583408e-01   2.1865151e-01   4.3172860e-02   4.0747308e-01   8.5326569e-02   5.7869468e-02   3.1931047e-01   1.9300083e-01   6.5534573e-02   3.6651602e-01  -9.7182926e-02   3.5843355e-01   1.8480417e-01  -6.5387211e-02   1.4676248e-01   4.3563425e-01  -1.7030530e-01   0.0000000e+00   2.6050303e-01   3.5210181e-02   1.5830433e-01   5.9460735e-02   1.9768250e-01   5.3787622e-02   1.9185035e-01   2.1829075e-01   1.1589614e-01  -8.5856461e-02   6.9280596e-02   1.2750393e-01   2.9755031e-01   1.3593599e-01   3.9520419e-02   3.0115571e-01   2.1766279e-01   2.6294214e-01   6.0334754e-02  -4.9051915e-02   0.0000000e+00   2.4444499e-01  -1.2846443e-01   0.0000000e+00   2.4795453e-01   4.5365228e-02  -1.4007143e-01   6.4168510e-02   1.9135838e-01   5.7536083e-02   1.4164267e-01   3.9967699e-02   8.4819439e-02  -8.4623086e-03   2.1663750e-02   5.9252591e-02   1.0903387e-01  -6.5499583e-02   2.6398929e-01  -7.6362009e-03  -7.9457384e-02   1.5836603e-01   1.7483486e-02   7.7553433e-02   4.9933910e-02   1.8541049e-01   7.4440725e-02   1.0500297e-01  -1.4068793e-02  -8.1292929e-02   1.5836651e-01   2.4074262e-03   5.1444914e-02   1.3330418e-01   2.0836086e-01  -4.2596939e-03  -1.0163508e-01   1.1968401e-01   8.2156258e-03   1.7683718e-01   0.0000000e+00   0.0000000e+00   0.0000000e+00   0.0000000e+00   6.6366741e-02   1.4466728e-01   1.4339969e-01
   0.0000000e+00   0.0000000e+00   0.0000000e+00   2.3340338e-01   2.7167275e-01   1.6001007e-01   5.0085591e-01   1.5594008e-01   1.2837407e-02   2.4998078e-01   0.0000000e+00   2.1156980e-01   5.3852877e-01   1.5620731e-01   4.3159731e-01   3.7037041e-01   4.4597182e-01   5.2789796e-01   2.0944652e-01   5.5262221e-01   3.0277907e-01   2.3383342e-01   1.8491715e-01   1.0072817e-01   2.8910890e-01   3.6182459e-01   4.0635081e-01   5.2404043e-01   6.1696320e-01   6.0481652e-01   4.0803264e-01   6.3448981e-01   7.3085277e-01   6.6812890e-01   4.5842360e-01   2.4512964e-01   5.5997402e-01   3.3621128e-01   2.9514117e-01   5.6707807e-01   5.2303153e-01   4.7194636e-01   5.3756876e-01   5.6982407e-02   5.3847799e-01   2.6409100e-01   3.9854277e-01   2.7960238e-01   4.2473093e-01   2.0442365e-01   0.0000000e+00   4.6126201e-01   2.3600318e-01   3.3897816e-01   2.4331820e-01   4.4966698e-01   3.6250530e-01   1.9348237e-01   3.7973055e-01   1.4356928e-01  -3.0875367e-01  -8.0811298e-02   9.4221127e-02   4.7318324e-01   9.5568711e-02   4.1882563e-01   1.0623098e-01   2.9011024e-01   2.5324736e-01   2.2895021e-01   3.4287615e-01   0.0000000e+00   5.0392322e-01   4.2990921e-01   0.0000000e+00   3.5934726e-01   6.3906719e-02   6.5812078e-02   6.8640731e-02   2.0764083e-01   2.1900173e-01   4.4573563e-01   1.7425878e-01   3.2407513e-01   2.9625021e-01   4.6879914e-01   4.6731389e-01  -4.5791327e-03   4.7817081e-01   2.9069719e-01   1.4348749e-01   1.4102195e-02   1.3860498e-01   2.2100654e-01   1.5469392e-01   3.5054945e-02   3.6552179e-01   9.3594389e-02   6.5623008e-02  -6.5497984e-02   3.7389512e-01   3.8588625e-01  -2.1943944e-01  -1.0645827e-01   5.5148416e-02   2.8280325e-01   1.5412700e-01   6.2267697e-02   1.6019165e-01   6.5882571e-02   1.7429992e-01   0.0000000e+00   0.0000000e+00   0.0000000e+00   0.0000000e+00   7.9350039e-02   5.8807490e-02   1.8224756e-01
   0.0000000e+00   0.0000000e+00   0.0000000e+00  -1.2527989e-01   1.2909040e-01   2.4476907e-02   4.1709630e-02   1.3763872e-01  -4.0574112e-02   8.0296162e-02   2.1156980e-01   0.0000000e+00   7.5123320e-02  -2.4546621e-02   1.7523523e-01   1.0060986e-01   2.3229444e-01   2.3669979e-01   2.3229238e-01   4.0956797e-02  -1.4232128e-01  -2.1037449e-02  -1.3162105e-01  -1.5899661e-01  -1.1778023e-01  -6.3726939e-02   5.0792470e-02   2.7238106e-01   1.6361139e-01  -3.2532620e-04   2.5139345e-01   1.6628303e-01   3.0362999e-01   1.3907137e-01   1.5011431e-01   2.4720322e-01   2.8161298e-01   1.8387876e-01   1.1487222e-01   1.9410927e-01   1.2676199e-01   1.8149993e-01   2.5981695e-01   1.2688714e-01  -4.2429504e-02   3.2319410e-01   7.6497646e-02   2.7659722e-01   1.9185747e-01   9.3172671e-02   0.0000000e+00   3.1414774e-01   1.6040463e-01  -2.1789538e-02  -3.9320059e-03   2.1324831e-01   3.7595953e-02   5.9405764e-02   2.5078830e-01  -6.6654903e-02  -4.9114954e-02   2.0718137e-02  -3.7559848e-03   3.4142541e-01   2.1038313e-01   5.0903942e-01   2.6630401e-01   1.1615206e-01   1.5267068e-01   2.8818581e-01   1.1150537e-01   0.0000000e+00   2.7016300e-01   3.5204392e-01   0.0000000e+00   4.4774313e-02   3.4364541e-01   1.5103295e-01   7.7691755e-02   6.9241178e-02   4.7710521e-02   2.0643832e-01   8.4928903e-02   1.8678569e-01   2.0215075e-01   1.8965553e-01   2.9525371e-01   7.1565956e-02   1.9856690e-01   2.1754162e-01   2.9333554e-01   1.5606180e-01   2.3677363e-01   1.5707776e-01   1.7838328e-01   9.1125946e-02   5.4073186e-01   1.0836694e-01   1.4186452e-01  -1.6509491e-02   3.2837062e-01   2.7062417e-01   2.4388177e-01  -2.4983354e-02  -8.6431333e-03   1.1495672e-01   3.3591087e-02   4.3641584e-02  -7.6573434e-02   2.3150758e-01   3.0523577e-01   0.0000000e+00   0.0000000e+00   0.0000000e+00   0.0000000e+00  -1.9303710e-02   9.3628203e-02  -4.4144750e-02
   0.0000000e+00   0.0000000e+00   0.0000000e+00   1.8977911e-01   2.2056237e-01   2.0575525e-01   3.2015124e-01   2.8781874e-01   1.2539275e-01   2.5123439e-01   5.3852877e-01   7.5123320e-02   0.0000000e+00   4.7947681e-01   3.1397045e-01   4.4942775e-01   3.6972526e-01   4.7652699e-01   1.0179985e-01   7.9717440e-01   4.5406325e-01   3.2733241e-01   2.1981888e-01   4.9791471e-02   4.5729091e-01   3.4537293e-01   5.0049019e-01   4.5101058e-01   6.2661766e-01   6.3665706e-01   3.8921584e-01   4.4717419e-01   4.0083083e-01   4.6632049e-01   3.7261153e-01   9.1430695e-02   4.4255120e-01   2.2300536e-01   1.3503617e-01   4.5715404e-01   3.0925577e-01   2.5377342e-01   4.7915904e-01  -1.0954065e-02   5.5478091e-01   2.5922525e-01   3.5139762e-01   1.6717871e-01   4.5441961e-01   2.0679041e-01   0.0000000e+00   4.3764138e-01   2.3966543e-01   1.8904041e-01   3.5327191e-01   4.8484127e-01   4.6358191e-01   2.3919685e-01   2.4933189e-01   1.7708142e-01  -2.6435043e-01  -7.4136747e-02   2.0554908e-01   3.3857121e-01   1.0224859e-01   1.9150213e-01   2.3445337e-01   3.6852954e-01   4.6151341e-01   2.7089871e-01   4.0588755e-01   0.0000000e+00   2.2386282e-01   8.5243912e-02   0.0000000e+00   4.5757229e-01   1.8021676e-01  -8.4494437e-02   1.8790633e-01   1.8123130e-01   2.8982794e-01   4.0639014e-01   2.9654215e-01   4.5269372e-01   1.7373635e-01   2.5511864e-01   3.5083310e-01   8.7835684e-02   2.3026297e-01   4.5215971e-01   1.4015855e-01   1.2771535e-01   2.2429750e-01   2.7195107e-01   9.4468867e-02   1.2255446e-01   4.2710206e-01   1.3123038e-01   1.3203458e-02   4.9311419e-02   1.1346077e-01   3.7983149e-01  -1.5772623e-01  -6.9375156e-02   3.3187230e-01   2.7612486e-01   2.0171802e-01   1.5248510e-01   3.0737129e-01   1.9119146e-02   1.6439979e-01   0.0000000e+00   0.0000000e+00   0.0000000e+00   0.0000000e+00   9.2851426e-02   8.2598665e-02   2.6701996e-01
   0.0000000e+00   0.0000000e+00   0.0000000e+00   1.0590948e-01   1.9011059e-01   2.1833276e-01   1.6910820e-01   2.7245237e-01   7.8221190e-02   6.4660887e-02   1.5620731e-01  -2.4546621e-02   4.7947681e-01   0.0000000e+00   1.0788331e-01   2.7248459e-01   9.7039175e-02   1.5128592e-01   6.3104925e-02   4.1953895e-01   2.4655914e-01   3.8253673e-01   2.6910727e-01  -7.6897144e-02   4.2936725e-01   1.3458536e-02   4.3770529e-01   4.0745414e-01   2.9183536e-01   2.4469930e-01   2.0855856e-01   2.8923185e-01   2.6448782e-01   1.4759915e-01   1.1235782e-01  -4.4727576e-02   7.2060555e-02  -3.9844250e-02   3.3795679e-02   3.6520346e-02   4.7604032e-02   4.0396228e-02   1.2528410e-01  -1.9277482e-01   1.3627214e-01   3.6617071e-02   2.9776182e-01   6.2367644e-02   1.8015336e-01   2.3945491e-01   0.0000000e+00   2.3353763e-01   1.1572693e-03   2.3710629e-01   2.7087414e-01   2.1077139e-01   5.2031890e-01   2.4490150e-01   8.5989173e-02  -1.6476641e-02  -2.5481001e-01  -2.5958807e-02   4.2032768e-01   1.2466688e-01   1.9083970e-02   1.1084995e-01   7.2195365e-02   3.5082446e-01   2.5247385e-01   1.6611399e-01   3.1511894e-01   0.0000000e+00   3.3800415e-03   1.3909578e-02   0.0000000e+00   2.2056019e-01   1.9000855e-02  -1.1316488e-01   3.5199821e-01   1.4614323e-01   3.4893081e-01   3.6635165e-01   6.1626054e-01   2.1049913e-01   1.9693390e-01   3.9605484e-02   7.1453011e-02   3.0631511e-01   1.3218787e-01   2.1800757e-01  -1.9085250e-02   4.2985050e-01   9.4339196e-02   2.0003863e-01   3.6950310e-02   1.2912837e-02   1.0096144e-01  -1.9099299e-02   2.2314741e-02   1.3519952e-02   1.3186554e-01   1.8050016e-01  -1.6699007e-01  -1.6609448e-01   5.2002155e-01   2.8993645e-01   1.8427809e-01   2.6655206e-01   3.1220030e-01   1.8704147e-01   5.0499537e-02   0.0000000e+00   0.0000000e+00   0.0000000e+00   0.0000000e+00   3.1464228e-01   1.1155371e-01   3.3970899e-01
   0.0000000e+00   0.0000000e+00   0.0000000e+00   1.7000342e-01   1.2835683e-01   1.0750037e-01   1.5337183e-01   6.5770325e-02   1.1328335e-01   1.5801857e-01   4.3159731e-01   1.7523523e-01   3.1397045e-01   1.0788331e-01   0.0000000e+00   7.2954300e-01   2.2001415e-01   4.5605110e-01   2.2869602e-01   2.0457254e-01   1.8857717e-01   3.4149440e-01   2.0451515e-01   9.9959998e-02   2.6683443e-01   4.9596846e-02   1.2697078e-01   1.6478915e-01   3.4665250e-01   2.4094247e-01   5.9785652e-02   3.4248945e-01   3.4526504e-01   4.7934991e-01   1.6851379e-01   2.9135246e-01   5.1836154e-01   2.8606733e-01   2.1139162e-01   2.3037581e-01   2.0875797e-01   3.4361435e-01   2.6672762e-01   1.0831019e-01   2.6050502e-01   3.6679435e-01   2.2064026e-01   4.5681797e-01   5.5649429e-01   1.7435847e-01   0.0000000e+00   3.3604106e-01   2.8302328e-01   2.9764693e-01   4.6215451e-01   7.8724483e-01   1.9798651e-01   2.2699011e-01   2.5607931e-01   7.1225368e-02  -3.2528999e-02   1.2576266e-01   9.5340523e-02   5.4910027e-01   1.1038799e-01   2.4831239e-01  -3.7595510e-02   1.0738604e-01   2.2597122e-01   9.5538827e-02  -3.4183114e-02   0.0000000e+00   2.4208629e-01   1.8088839e-01   0.0000000e+00   4.0124044e-02   8.3047643e-02  -1.7267371e-02  -1.3655526e-02   2.5320943e-01   1.1407055e-02   1.0448937e-01   1.5122270e-01  -4.8990469e-02  -4.9426610e-02   1.5109380e-01   6.2370395e-02   8.3130151e-02   1.1156291e-01   7.7669579e-02  -1.4651688e-01   2.5357293e-02   7.2169882e-02   2.2012001e-01   6.2882636e-02   8.3122841e-02   4.3286586e-01   8.6060364e-02  -5.9374435e-02   8.5596498e-03   9.5621759e-02   2.2457289e-01  -8.2901300e-02  -7.2387414e-02   1.7760058e-01   3.8851421e-01   3.0904464e-01   2.2597389e-01   2.8181717e-01   1.6391114e-01   1.3081658e-01   0.0000000e+00   0.0000000e+00   0.0000000e+00   0.0000000e+00   1.1456775e-01   1.1705188e-01   1.8647063e-01
   0.0000000e+00   0.0000000e+00   0.0000000e+00   1.5761356e-01   2.3667301e-01   2.4873143e-01   1.6690435e-01   3.5527480e-02   1.4763707e-01   1.1609658e-01   3.7037041e-01   1.0060986e-01   4.4942775e-01   2.7248459e-01   7.2954300e-01   0.0000000e+00   2.3324611e-01   3.5213969e-01   3.6635645e-01   2.7957558e-01   2.6947510e-01   3.8898900e-01   1.9358912e-01   1.3773051e-01   3.9465325e-01  -2.1960010e-03   2.8686301e-01   2.5705675e-01   3.3383980e-01   1.8528729e-01   1.0759579e-01   3.4082380e-01   3.3430553e-01   3.5479085e-01   1.7635832e-01   3.0344159e-01   5.5548477e-01   2.7512437e-01   2.2154725e-01   2.5068915e-01   2.3826635e-01   3.0438555e-01   2.7447291e-01   8.2776899e-02   2.7111774e-01   3.9566351e-01   3.7135882e-01   2.6010187e-01   4.3642794e-01   2.4511059e-01   0.0000000e+00   3.6464879e-01   3.1682619e-01   4.9226226e-01   8.6167036e-01   7.7619789e-01   3.7968343e-01   2.1224065e-01   2.8066771e-01   7.1564181e-02  -1.0044616e-01   7.1935949e-02   1.7447177e-01   4.2910317e-01   1.6723708e-01   3.4438315e-01  -3.1353346e-02   2.7386644e-01   3.8116916e-01   7.5086016e-02   6.6042971e-02   0.0000000e+00   1.3895914e-01   8.8845895e-02   0.0000000e+00   8.4219159e-02   1.0931762e-01  -2.7916805e-02   5.6370634e-02   1.5257120e-01   1.0857834e-01   2.2612003e-01   2.5106909e-01  -1.0819525e-02   2.4290909e-02   9.2818457e-02   2.6876926e-02   9.1341592e-02   9.8658436e-02   1.9691973e-01  -1.7835639e-01   1.6768144e-01   2.5447827e-01   3.8905334e-01   1.7361810e-01   1.7636918e-01   4.3134112e-01   1.9254875e-01  -7.0244213e-02   1.2312299e-01   1.3273522e-01   4.2707198e-01  -9.9914018e-02  -1.7102268e-02   4.7727780e-01   3.3944916e-01   3.5615006e-01   2.8550080e-01   4.1947551e-01   2.5784721e-01   9.5281093e-02   0.0000000e+00   0.0000000e+00   0.0000000e+00   0.0000000e+00   1.5009689e-01   6.6434055e-02   1.7053657e-01
   0.0000000e+00   0.0000000e+00   0.0000000e+00   1.6039576e-01   4.1997142e-01   3.0895357e-01   2.7381903e-01   1.6939240e-01  -1.0485162e-02   2.4553685e-01   4.4597182e-01   2.3229444e-01   3.6972526e-01   9.7039175e-02   2.2001415e-01   2.3324611e-01   0.0000000e+00   8.3215074e-01   2.4616422e-01   4.2464528e-01   1.3808803e-01   1.4422338e-01   4.2241333e-02  -4.2282871e-02   5.3307913e-02   2.5398581e-01   4.1221326e-01   2.7010367e-01   2.5880506e-01   2.2442557e-01   3.4730520e-01   3.0308159e-01   3.8342738e-01   3.0008831e-01   3.5430476e-01   1.7497137e-01   4.4942536e-01   1.7965666e-01   2.0097049e-01   3.6585370e-01   3.4531336e-01   2.1067872e-01   5.0655035e-01   5.4829065e-02   2.2117581e-01   3.1348547e-01   3.3481671e-01   2.2531180e-01   4.2120078e-01   2.5452077e-01   0.0000000e+00   3.2093007e-01   2.5415935e-01   2.2426373e-01   6.7744870e-02   3.7400830e-01   2.2869561e-01   2.2951126e-01   4.5379437e-01   1.2543530e-01  -1.4630478e-01  -4.1683218e-02   1.4426316e-01   4.0368705e-01   9.0653582e-02   2.8516775e-01   3.7836884e-01   3.6783231e-01   4.0252959e-01   4.2638415e-01   1.7203443e-01   0.0000000e+00   4.9289517e-01   1.8766276e-01   0.0000000e+00   4.9033277e-01   3.1509967e-01   1.1323657e-01   2.1888592e-01   2.1361587e-01   3.3433575e-01   3.2852286e-01   1.4922932e-01   4.8179878e-01   2.8114546e-01   3.9451839e-01   4.5779694e-01   1.3661931e-01   2.9849419e-01   5.3748907e-01   3.9480699e-01   1.9516924e-01   3.4877747e-01   2.0208508e-01   2.3691375e-01   1.5220827e-01   4.8210129e-01   2.6523880e-01   1.8353352e-01   1.8099573e-01   2.4910652e-01   4.3693492e-01   3.4955843e-02   9.0284641e-02   1.5239795e-01   2.0254791e-01   2.1357083e-02   5.5600193e-02   1.3293696e-01   2.2834979e-02   2.4570654e-01   0.0000000e+00   0.0000000e+00   0.0000000e+00   0.0000000e+00  -3.5692764e-02   1.3640652e-01   2.0685890e-01
   0.0000000e+00   0.0000000e+00   0.0000000e+00   1.9621733e-01   3.4951794e-01   3.2808095e-01   2.8447997e-01   2.3498292e-01   5.2702233e-02   4.3744161e-01   5.2789796e-01   2.3669979e-01   4.7652699e-01   1.5128592e-01   4.5605110e-01   3.5213969e-01   8.3215074e-01   0.0000000e+00   2.8601856e-01   5.3959098e-01   3.1985368e-01   2.9196441e-01   1.4743920e-01  -3.4163403e-02   2.4210419e-01   3.0707187e-01   4.0355474e-01   3.0564314e-01   3.5659558e-01   3.1649064e-01   2.7926551e-01   4.4980002e-01   3.9539857e-01   4.5959849e-01   3.5532564e-01   2.0454690e-01   5.2181678e-01   1.9454054e-01   2.0878362e-01   4.5641321e-01   3.1609693e-01   2.1926656e-01   5.8608692e-01   4.0166291e-02   3.6882659e-01   4.0594839e-01   3.6910526e-01   3.9694689e-01   6.8716394e-01   2.7265029e-01   0.0000000e+00   4.3170718e-01   2.4182402e-01   3.5876317e-01   2.1122039e-01   5.0753287e-01   3.2209842e-01   3.3245255e-01   4.6718296e-01   2.2077310e-01  -1.7539152e-01  -1.8332593e-03   1.0660040e-01   5.9936765e-01   9.4816948e-02   2.6315966e-01   2.6844246e-01   3.0101657e-01   4.2157339e-01   3.4140972e-01   5.5410362e-02   0.0000000e+00   4.7615414e-01   6.4143855e-02   0.0000000e+00   4.5419972e-01   1.9393336e-01  -6.0789465e-02   1.2434040e-01   2.7486443e-01   2.7499314e-01   3.0875564e-01   1.8632383e-01   3.7295317e-01   1.5539740e-01   3.2280965e-01   4.2117392e-01   1.6363445e-01   2.5252751e-01   4.4696364e-01   1.9192042e-01   9.3305139e-02   2.7149510e-01   1.7040395e-01   1.9998293e-01   1.4014678e-01   5.6139401e-01   1.7857395e-01   1.0713626e-01   9.3591508e-02   1.7713243e-01   3.4994698e-01  -8.4028288e-02   1.0028061e-01   2.5031184e-01   3.2367108e-01   1.0727048e-01   1.4208651e-01   2.4780273e-01   9.8632401e-03   2.0895953e-01   0.0000000e+00   0.0000000e+00   0.0000000e+00   0.0000000e+00   1.9956941e-02   1.3760120e-01   2.5734596e-01
   0.0000000e+00   0.0000000e+00   0.0000000e+00   7.0321545e-02   3.0358892e-01   3.3650610e-01   2.7276414e-01   7.2935306e-03   4.8549667e-02  -1.5642977e-02   2.0944652e-01   2.3229238e-01   1.0179985e-01   6.3104925e-02   2.2869602e-01   3.6635645e-01   2.4616422e-01   2.8601856e-01   0.0000000e+00   2.1063467e-01   1.5649833e-01   2.3288439e-01   3.8336737e-02   3.0235681e-02   1.1788096e-01   9.0914616e-02   1.9930816e-01   1.1773359e-01   1.1906968e-01  -1.2257384e-02   7.7569225e-02   2.1812552e-01   2.1485617e-01   1.3267987e-01   2.0911912e-01   2.7421080e-01   2.5576757e-01   2.4700659e-01   1.8997201e-01   2.7857454e-01   2.7144275e-01   2.0897020e-01   3.2847535e-01   2.5288382e-01   1.5125594e-01   3.5256547e-01   3.5881873e-01   2.9364182e-01   1.9030770e-01   2.5809021e-01   0.0000000e+00   2.3640089e-01   2.6866351e-01   4.3220795e-01   2.2655460e-01   2.0495183e-01   1.7497702e-01   2.3736088e-02   6.0198935e-01   1.3927301e-01   7.6032159e-02   2.0281268e-01   4.2001973e-02   4.5820047e-01   3.7053082e-02   5.2511650e-01   9.0904382e-02   2.5214946e-01   2.3958506e-01   1.5150495e-01   4.4476188e-02   0.0000000e+00   2.2047438e-01   8.1715411e-02   0.0000000e+00   2.4356615e-01   1.8651142e-01  -3.9808964e-02   1.4857647e-01   9.9811393e-02   1.5472914e-01   1.1782586e-01   2.4503982e-01   1.1361356e-01   1.1606231e-01  -8.9789389e-04   1.2585650e-01   1.8271640e-01   9.8120430e-02   1.9732402e-01   1.6034852e-01   3.3569832e-01   2.0026290e-01   2.9663486e-01   4.8637179e-01   2.4615164e-01   3.0531950e-01   3.7469268e-01   2.1928849e-01   1.9770013e-01   1.4156836e-01   2.0776606e-01   3.5010181e-02   2.2009479e-01   3.0049830e-01   9.9017117e-02   9.5216471e-02   2.0791288e-01   1.0252518e-01   2.3036561e-01   1.4651831e-01   0.0000000e+00   0.0000000e+00   0.0000000e+00   0.0000000e+00   3.9346852e-03   1.1116545e-01   1.0739536e-01
   0.0000000e+00   0.0000000e+00   0.0000000e+00   2.5839625e-01   3.4776797e-01   2.9970761e-01   3.6984070e-01   1.2913482e-01  -3.7269273e-02   2.0952297e-01   5.5262221e-01   4.0956797e-02   7.9717440e-01   4.1953895e-01   2.0457254e-01   2.7957558e-01   4.2464528e-01   5.3959098e-01   2.1063467e-01   0.0000000e+00   5.7221898e-01   4.1645526e-01   2.3780038e-01   3.0045508e-01   5.3385322e-01   7.0607932e-01   7.8402480e-01   4.9266359e-01   5.3912896e-01   6.7435432e-01   4.6435831e-01   4.7136097e-01   3.3868829e-01   3.9261163e-01   4.8727706e-01   9.9863402e-02   3.0787357e-01   2.8488633e-01   1.2259040e-01   5.5325327e-01   4.3619605e-01   3.0591365e-01   5.3857383e-01  -6.7297737e-03   6.7973186e-01   1.5111121e-01   4.8372659e-01   2.2004057e-01   3.1795170e-01   3.3888675e-01   0.0000000e+00   2.9363499e-01   1.3945708e-01   3.3195321e-01   2.1722250e-01   2.7186496e-01   5.8025473e-01   8.6746255e-02   3.7164289e-01   3.6603534e-01  -1.4895989e-01   1.9194341e-02   2.7985094e-01   2.4923489e-01  -1.2417191e-01   2.9994304e-01   1.5567365e-01   2.5809163e-01   1.4423311e-01   2.8674295e-01   4.9023075e-01   0.0000000e+00   2.2673429e-01   7.7765911e-02   0.0000000e+00   4.4817619e-01  -7.2304824e-02  -1.5629468e-01   1.8156214e-01   1.6463729e-01   4.7306097e-01   5.2650261e-01   4.4778740e-01   7.1738883e-01   2.5359898e-01   2.2035690e-01   3.4131157e-01   8.6786819e-02   2.3534555e-01   3.0560851e-01   1.7864079e-01   1.6216612e-01   5.3301985e-02   1.8344417e-01   1.2142770e-01  -1.8322714e-02   2.8494858e-01   1.0190347e-01   3.3893350e-02  -5.5964891e-02   2.3413064e-01   2.9943106e-01  -3.0583183e-01   1.6332940e-02   1.1589300e-01   7.6237332e-02   7.7051490e-02   3.5828743e-03   6.9720190e-02  -1.0583044e-01  -3.6401064e-02   0.0000000e+00   0.0000000e+00   0.0000000e+00   0.0000000e+00  -5.9813226e-02  -7.1629122e-03   1.8825373e-01
   0.0000000e+00   0.0000000e+00   0.0000000e+00   2.9300913e-01   8.6297374e-02   1.5074491e-01   1.0244173e-01   6.7205566e-02  -3.5618665e-02   2.0689037e-01   3.0277907e-01  -1.4232128e-01   4.5406325e-01   2.4655914e-01   1.8857717e-01   2.6947510e-01   1.3808803e-01   3.1985368e-01   1.5649833e-01   5.7221898e-01   0.0000000e+00   6.5894313e-01   3.9661415e-01   3.9354195e-01   8.1864432e-01   4.8041931e-01   2.9159987e-01   2.6460344e-01   2.6683876e-01   3.9295478e-01  -1.3528716e-02   3.6294114e-01   9.2442750e-02   2.4512408e-01   2.8922943e-01   4.4635010e-02   1.7132076e-01   2.6814776e-01   1.9259986e-01   3.8523456e-01   3.1152336e-01   1.9525227e-01   2.6346753e-01   2.0040431e-03   5.9828939e-01   2.0189117e-01   2.5425552e-01   1.2930533e-01   1.7618085e-01   7.1109005e-02   0.0000000e+00   5.3863570e-02   8.6758461e-02   2.9707111e-01   1.9377783e-01   2.9397929e-01   3.3491481e-01   1.3542072e-01   1.8083908e-01   5.6069190e-01   9.2666247e-02   2.5916667e-01   3.0771820e-01   7.0426255e-02  -1.8779013e-01  -1.1193521e-02  -1.3720423e-01   1.0195855e-01   1.2204023e-01  -1.7891769e-01   2.8941329e-02   0.0000000e+00   5.5747993e-02  -1.3684837e-01   0.0000000e+00   1.5187811e-01  -1.3564741e-01  -2.6309386e-01   3.1420494e-02   1.9389980e-01   1.6471980e-01   1.4957087e-01   2.5989178e-01   9.7140587e-02  -2.1625040e-02  -3.6507578e-02   2.8869950e-02   9.1543038e-02  -2.3928521e-02   1.3619959e-01  -2.2780543e-01  -1.0279262e-01   8.3776739e-02   4.3418426e-02   1.5333767e-01   1.3698277e-01   1.3791219e-01   2.3782654e-01   6.6418747e-03   1.6512821e-01   6.4162071e-03   2.5934538e-01  -2.8431403e-01   2.7952227e-01   1.9406314e-01   4.5436753e-02   4.5372361e-02   6.2626885e-02   1.3309476e-01  -1.3921810e-01  -1.8812126e-01   0.0000000e+00   0.0000000e+00   0.0000000e+00   0.0000000e+00   3.1283657e-02   5.4692550e-02   1.6272826e-01
