   0.0000000e+00   0.0000000e+00   0.0000000e+00   0.0000000e+00   0.0000000e+00   0.0000000e+00   0.0000000e+00   0.0000000e+00   0.0000000e+00   0.0000000e+00   0.0000000e+00   0.0000000e+00   0.0000000e+00   0.0000000e+00   0.0000000e+00   0.0000000e+00   0.0000000e+00   0.0000000e+00   0.0000000e+00   0.0000000e+00   0.0000000e+00   0.0000000e+00   0.0000000e+00   0.0000000e+00   0.0000000e+00   0.0000000e+00   0.0000000e+00   0.0000000e+00   0.0000000e+00   0.0000000e+00   0.0000000e+00   0.0000000e+00   0.0000000e+00   0.0000000e+00   0.0000000e+00   0.0000000e+00   0.0000000e+00   0.0000000e+00   0.0000000e+00   0.0000000e+00   0.0000000e+00   0.0000000e+00   0.0000000e+00   0.0000000e+00   0.0000000e+00   0.0000000e+00   0.0000000e+00   0.0000000e+00   0.0000000e+00   0.0000000e+00   0.0000000e+00   0.0000000e+00   0.0000000e+00   0.0000000e+00   0.0000000e+00   0.0000000e+00   0.0000000e+00   0.0000000e+00   0.0000000e+00   0.0000000e+00   0.0000000e+00   0.0000000e+00   0.0000000e+00   0.0000000e+00   0.0000000e+00   0.0000000e+00   0.0000000e+00   0.0000000e+00   0.0000000e+00   0.0000000e+00   0.0000000e+00   0.0000000e+00   0.0000000e+00   0.0000000e+00   0.0000000e+00   0.0000000e+00   0.0000000e+00   0.0000000e+00   0.0000000e+00   0.0000000e+00   0.0000000e+00   0.0000000e+00   0.0000000e+00   0.0000000e+00   0.0000000e+00   0.0000000e+00   0.0000000e+00   0.0000000e+00   0.0000000e+00   0.0000000e+00   0.0000000e+00   0.0000000e+00   0.0000000e+00   0.0000000e+00   0.0000000e+00   0.0000000e+00   0.0000000e+00   0.0000000e+00   0.0000000e+00   0.0000000e+00   0.0000000e+00   0.0000000e+00   0.0000000e+00   0.0000000e+00   0.0000000e+00   0.0000000e+00   0.0000000e+00   0.0000000e+00   0.0000000e+00   0.0000000e+00   0.0000000e+00   0.0000000e+00   0.0000000e+00   0.0000000e+00   0.0000000e+00   0.0000000e+00   0.0000000e+00   0.0000000e+00
   0.0000000e+00   0.0000000e+00   0.0000000e+00   0.0000000e+00   0.0000000e+00   0.0000000e+00   0.0000000e+00   0.0000000e+00   0.0000000e+00   0.0000000e+00   0.0000000e+00   0.0000000e+00   0.0000000e+00   0.0000000e+00   0.0000000e+00   0.0000000e+00   0.0000000e+00   0.0000000e+00   0.0000000e+00   0.0000000e+00   0.0000000e+00   0.0000000e+00   0.0000000e+00   0.0000000e+00   0.0000000e+00   0.0000000e+00   0.0000000e+00   0.0000000e+00   0.0000000e+00   0.0000000e+00   0.0000000e+00   0.0000000e+00   0.0000000e+00   0.0000000e+00   0.0000000e+00   0.0000000e+00   0.0000000e+00   0.0000000e+00   0.0000000e+00   0.0000000e+00   0.0000000e+00   0.0000000e+00   0.0000000e+00   0.0000000e+00   0.0000000e+00   0.0000000e+00   0.0000000e+00   0.0000000e+00   0.0000000e+00   0.0000000e+00   0.0000000e+00   0.0000000e+00   0.0000000e+00   0.0000000e+00   0.0000000e+00   0.0000000e+00   0.0000000e+00   0.0000000e+00   0.0000000e+00   0.0000000e+00   0.0000000e+00   0.0000000e+00   0.0000000e+00   0.0000000e+00   0.0000000e+00   0.0000000e+00   0.0000000e+00   0.0000000e+00   0.0000000e+00   0.0000000e+00   0.0000000e+00   0.0000000e+00   0.0000000e+00   0.0000000e+00   0.0000000e+00   0.0000000e+00   0.0000000e+00   0.0000000e+00   0.0000000e+00   0.0000000e+00   0.0000000e+00   0.0000000e+00   0.0000000e+00   0.0000000e+00   0.0000000e+00   0.0000000e+00   0.0000000e+00   0.0000000e+00   0.0000000e+00   0.0000000e+00   0.0000000e+00   0.0000000e+00   0.0000000e+00   0.0000000e+00   0.0000000e+00   0.0000000e+00   0.0000000e+00   0.0000000e+00   0.0000000e+00   0.0000000e+00   0.0000000e+00   0.0000000e+00   0.0000000e+00   0.0000000e+00   0.0000000e+00   0.0000000e+00   0.0000000e+00   0.0000000e+00   0.0000000e+00   0.0000000e+00   0.0000000e+00   0.0000000e+00   0.0000000e+00   0.0000000e+00   0.0000000e+00   0.0000000e+00   0.0000000e+00   0.0000000e+00
   0.0000000e+00   0.0000000e+00   0.0000000e+00   0.0000000e+00   0.0000000e+00   0.0000000e+00   0.0000000e+00   0.0000000e+00   0.0000000e+00   0.0000000e+00   0.0000000e+00   0.0000000e+00   0.0000000e+00   0.0000000e+00   0.0000000e+00   0.0000000e+00   0.0000000e+00   0.0000000e+00   0.0000000e+00   0.0000000e+00   0.0000000e+00   0.0000000e+00   0.0000000e+00   0.0000000e+00   0.0000000e+00   0.0000000e+00   0.0000000e+00   0.0000000e+00   0.0000000e+00   0.0000000e+00   0.0000000e+00   0.0000000e+00   0.0000000e+00   0.0000000e+00   0.0000000e+00   0.0000000e+00   0.0000000e+00   0.0000000e+00   0.0000000e+00   0.0000000e+00   0.0000000e+00   0.0000000e+00   0.0000000e+00   0.0000000e+00   0.0000000e+00   0.0000000e+00   0.0000000e+00   0.0000000e+00   0.0000000e+00   0.0000000e+00   0.0000000e+00   0.0000000e+00   0.0000000e+00   0.0000000e+00   0.0000000e+00   0.0000000e+00   0.0000000e+00   0.0000000e+00   0.0000000e+00   0.0000000e+00   0.0000000e+00   0.0000000e+00   0.0000000e+00   0.0000000e+00   0.0000000e+00   0.0000000e+00   0.0000000e+00   0.0000000e+00   0.0000000e+00   0.0000000e+00   0.0000000e+00   0.0000000e+00   0.0000000e+00   0.0000000e+00   0.0000000e+00   0.0000000e+00   0.0000000e+00   0.0000000e+00   0.0000000e+00   0.0000000e+00   0.0000000e+00   0.0000000e+00   0.0000000e+00   0.0000000e+00   0.0000000e+00   0.0000000e+00   0.0000000e+00   0.0000000e+00   0.0000000e+00   0.0000000e+00   0.0000000e+00   0.0000000e+00   0.0000000e+00   0.0000000e+00   0.0000000e+00   0.0000000e+00   0.0000000e+00   0.0000000e+00   0.0000000e+00   0.0000000e+00   0.0000000e+00   0.0000000e+00   0.0000000e+00   0.0000000e+00   0.0000000e+00   0.0000000e+00   0.0000000e+00   0.0000000e+00   0.0000000e+00   0.0000000e+00   0.0000000e+00   0.0000000e+00   0.0000000e+00   0.0000000e+00   0.0000000e+00   0.0000000e+00   0.0000000e+00   0.0000000e+00
   0.0000000e+00   0.0000000e+00   0.0000000e+00   0.0000000e+00   4.3907553e-02   0.0000000e+00   1.5668987e-01  -8.4222643e-03   4.4579271e-02   0.0000000e+00  -5.4815769e-02   0.0000000e+00   5.9625696e-02  -4.0907759e-03   2.0130285e-02   4.1355125e-03   9.9389560e-03  -4.6127062e-02   2.3798940e-01   2.2905581e-02   2.8483182e-02  -6.5694173e-02   6.6483580e-02   9.1006327e-02  -1.0810356e-01  -7.7125595e-03  -1.7427057e-02  -3.1419973e-03  -3.5978241e-02  -1.0851207e-02   9.7383783e-02   1.5204001e-01  -4.4543014e-02  -3.1291050e-02  -1.2547197e-01   4.2621574e-02   8.7640075e-02   1.3817097e-01  -4.6721608e-02   4.3610821e-02   9.8004309e-02   3.1363044e-02   7.5467970e-02   4.8075591e-02   1.0755338e-02   3.9927332e-02  -2.4674667e-02  -8.9940470e-02  -1.4556252e-02  -8.1019645e-02   0.0000000e+00  -3.6449387e-02   5.9923391e-02  -1.1951139e-01  -2.5790528e-02  -7.7323573e-02  -1.1809760e-01  -3.9477199e-02  -7.8160243e-02   3.6805283e-02   1.9027226e-02  -2.3793121e-03  -6.3726171e-02   9.6860539e-02  -5.1568622e-02   2.6184125e-02   4.9913360e-02  -4.5810142e-02  -3.9635199e-02  -4.6350188e-02  -3.2421722e-02   3.1471726e-02   5.9591545e-02   4.0386194e-02   0.0000000e+00   7.9126939e-02   6.9646615e-02  -8.1920604e-03  -3.1794416e-02  -6.8450033e-02  -5.1731540e-02   2.8126712e-02   7.2556637e-02   1.2571210e-02  -2.4221649e-02   1.4586144e-03  -5.6257711e-02   5.8272402e-03  -1.6627972e-02   7.5909147e-02   4.0986258e-02  -1.1970860e-01  -8.1947968e-02  -8.0642192e-02   2.4018930e-01   5.7055788e-02  -5.9358725e-02  -1.4011846e-02  -3.0034923e-02  -8.6209325e-02  -2.8939334e-02  -1.2499787e-01  -5.9485782e-02   1.7778138e-02  -5.7542424e-02  -6.3687981e-02   2.8647414e-02  -1.4349266e-01  -8.9192081e-02  -5.8239156e-02   8.2480135e-03   8.5669013e-02   1.0654961e-01  -2.4653920e-02   0.0000000e+00   7.9564030e-03  -3.7500703e-02   5.2436518e-02
   0.0000000e+00   0.0000000e+00   0.0000000e+00   4.3907553e-02   0.0000000e+00   0.0000000e+00   2.0194145e-01  -3.2092733e-02   3.1649855e-03   0.0000000e+00   2.3000597e-01   0.0000000e+00  -6.5400220e-02   1.1529216e-01  -1.8881059e-02   8.8760872e-02   5.7342430e-02   2.0921993e-01   2.1759298e-02   2.4089663e-01   7.7284617e-02   2.6165380e-02   3.4608136e-02   1.6380938e-01   8.5750664e-02   1.9584378e-01   3.9860557e-01   4.5509413e-01   2.5486195e-01   3.3181116e-01   1.0525146e-01   4.5120136e-01   9.0614199e-02   6.2757391e-02   2.8026158e-01   2.8658803e-01   2.2131208e-01   2.9218287e-01   3.1808369e-01   3.6255071e-01   2.2618585e-01   2.0629897e-01   3.8180555e-01   1.7529239e-01  -5.5746745e-02   2.4770407e-01   2.6134374e-01   1.2513840e-01  -1.4246261e-02   4.2443027e-01   0.0000000e+00   1.2859508e-01   2.7183336e-01  -5.3680465e-02   7.0921611e-04   1.2619188e-01   1.5555316e-01  -5.2410103e-02  -4.2354414e-02   1.8631737e-01  -6.4787542e-02   2.4768820e-02  -4.6629191e-02  -1.7270088e-02  -1.2270180e-01   1.1536269e-01  -1.2508152e-01   8.5283264e-02  -6.3669606e-03   2.5183760e-01  -7.8419016e-02   2.9344460e-01   9.3522662e-02   1.6779669e-01   0.0000000e+00  -1.3093207e-01  -2.6114863e-02   1.6416833e-01   5.2305926e-01  -2.5432564e-01   5.3100578e-01   1.6400059e-01   2.3083607e-01   1.3404131e-01   2.8838120e-01   1.4782679e-01  -3.1328117e-02   8.5387186e-02   2.3401584e-01  -1.3345637e-01   9.7406246e-02   2.7503792e-01   1.2934607e-01   2.2486685e-01   4.5540009e-02   9.9561702e-02   2.6314794e-02   1.8340253e-01   1.1669445e-01   9.1047589e-02   3.2598126e-01   8.3951478e-02   2.4635961e-01   1.1894046e-01   1.8809219e-03  -1.1214383e-02  -7.3755038e-02  -1.4564589e-02   4.2917487e-02  -6.8872545e-02  -3.8370117e-02   1.3166665e-01   1.1287493e-02   2.3748750e-01   0.0000000e+00  -7.4942929e-03  -6.6279973e-02  -5.8151045e-03
   0.0000000e+00   0.0000000e+00   0.0000000e+00   0.0000000e+00   0.0000000e+00   0.0000000e+00   0.0000000e+00   0.0000000e+00   0.0000000e+00   0.0000000e+00   0.0000000e+00   0.0000000e+00   0.0000000e+00   0.0000000e+00   0.0000000e+00   0.0000000e+00   0.0000000e+00   0.0000000e+00   0.0000000e+00   0.0000000e+00   0.0000000e+00   0.0000000e+00   0.0000000e+00   0.0000000e+00   0.0000000e+00   0.0000000e+00   0.0000000e+00   0.0000000e+00   0.0000000e+00   0.0000000e+00   0.0000000e+00   0.0000000e+00   0.0000000e+00   0.0000000e+00   0.0000000e+00   0.0000000e+00   0.0000000e+00   0.0000000e+00   0.0000000e+00   0.0000000e+00   0.0000000e+00   0.0000000e+00   0.0000000e+00   0.0000000e+00   0.0000000e+00   0.0000000e+00   0.0000000e+00   0.0000000e+00   0.0000000e+00   0.0000000e+00   0.0000000e+00   0.0000000e+00   0.0000000e+00   0.0000000e+00   0.0000000e+00   0.0000000e+00   0.0000000e+00   0.0000000e+00   0.0000000e+00   0.0000000e+00   0.0000000e+00   0.0000000e+00   0.0000000e+00   0.0000000e+00   0.0000000e+00   0.0000000e+00   0.0000000e+00   0.0000000e+00   0.0000000e+00   0.0000000e+00   0.0000000e+00   0.0000000e+00   0.0000000e+00   0.0000000e+00   0.0000000e+00   0.0000000e+00   0.0000000e+00   0.0000000e+00   0.0000000e+00   0.0000000e+00   0.0000000e+00   0.0000000e+00   0.0000000e+00   0.0000000e+00   0.0000000e+00   0.0000000e+00   0.0000000e+00   0.0000000e+00   0.0000000e+00   0.0000000e+00   0.0000000e+00   0.0000000e+00   0.0000000e+00   0.0000000e+00   0.0000000e+00   0.0000000e+00   0.0000000e+00   0.0000000e+00   0.0000000e+00   0.0000000e+00   0.0000000e+00   0.0000000e+00   0.0000000e+00   0.0000000e+00   0.0000000e+00   0.0000000e+00   0.0000000e+00   0.0000000e+00   0.0000000e+00   0.0000000e+00   0.0000000e+00   0.0000000e+00   0.0000000e+00   0.0000000e+00   0.0000000e+00   0.0000000e+00   0.0000000e+00   0.0000000e+00
   0.0000000e+00   0.0000000e+00   0.0000000e+00   1.5668987e-01   2.0194145e-01   0.0000000e+00   0.0000000e+00   2.2524764e-02   3.3149401e-03   0.0000000e+00   4.4268902e-01   0.0000000e+00  -3.2780712e-02   1.7374458e-01   1.6745214e-01   1.1934389e-01   1.9044745e-01   9.1207444e-02   1.8259260e-01   2.9650081e-01   1.7279903e-01   4.1116743e-02   1.2475883e-01   2.5850815e-01   4.6931708e-02   1.1990357e-02   2.1008587e-01   2.4002076e-01   3.9269114e-02  -2.4840947e-02   3.0987022e-01   1.7933719e-01  -1.5202280e-02   1.0068324e-01  -6.2936590e-02   1.1907390e-01   3.7620560e-01   3.8185341e-01  -1.6062541e-01   3.4372050e-01   3.4966349e-01   1.0028368e-01   8.8453265e-02   1.8923123e-01   4.3603880e-02   1.6443117e-01   1.6417235e-01   1.1930715e-01  -3.1416158e-03   1.4136421e-02   0.0000000e+00  -6.9295832e-02   2.2421184e-01   1.1291339e-01   2.1346434e-01  -3.7633777e-03  -1.5093996e-02   1.3585571e-02   2.1804395e-02   1.3418656e-01  -3.5978536e-02   3.5619579e-02  -1.4213786e-01   5.4137375e-01  -1.0588985e-01   4.6845694e-01  -1.4710095e-02   8.1558859e-02  -6.3961355e-02  -8.2435826e-02  -2.1184767e-01   9.8856647e-02   3.9331120e-01   5.7204644e-01   0.0000000e+00   1.9722239e-01   1.5005659e-01   2.5697138e-01  -1.0273006e-02  -2.0349166e-02  -3.7235474e-02  -1.7227669e-01   2.0514177e-01   1.0212868e-01   6.2738407e-02  -7.4036205e-02  -8.0668277e-02  -3.4394566e-02   6.9605782e-02   2.7712277e-01   1.2607538e-01  -8.1822111e-02   7.7123921e-03  -1.6406588e-01   1.7047899e-01   1.7642909e-01  -9.2233502e-02   6.3752598e-02  -2.7965072e-02   1.7416713e-02  -6.7613455e-02  -1.8561452e-01  -7.4845590e-02   8.1298321e-02  -4.1591125e-02  -2.7859325e-02  -5.3158116e-02  -9.0239642e-02  -8.2275041e-02   9.6154253e-02   2.4152751e-01   2.3530231e-01   2.0708189e-01   2.2778004e-02   0.0000000e+00  -2.5151943e-02  -2.9678006e-03   1.3112861e-01
   0.0000000e+00   0.0000000e+00   0.0000000e+00  -8.4222643e-03  -3.2092733e-02   0.0000000e+00   2.2524764e-02   0.0000000e+00   4.3301065e-02   0.0000000e+00   5.3224350e-02   0.0000000e+00   1.1479483e-01   1.6543804e-01   9.6999850e-02   1.3503839e-01  -3.4308032e-03   7.5794228e-03   1.8203304e-02   8.1468995e-02   1.6852852e-02   7.4501344e-02  -6.7469638e-02  -1.4764882e-01   6.6912918e-02  -8.8431147e-02   1.2674984e-01   5.6457945e-02   1.0790394e-01   1.2076871e-01   2.8559708e-02   1.3789008e-01   4.6894578e-02   1.0191893e-01   1.1764343e-01  -6.5102255e-02   9.3778789e-02  -1.0894906e-01  -1.4749935e-01  -1.5584267e-02   3.9760649e-02  -1.5398257e-01  -1.0831028e-01  -8.5431381e-02  -1.6218813e-01  -8.0245951e-02   1.0552290e-02   1.9056414e-01   1.0215612e-01  -9.8461842e-03   0.0000000e+00   9.4611862e-02  -1.7963148e-01   8.7322691e-02   1.5146456e-01   1.2047870e-01   1.4141418e-01   4.2285037e-02  -2.9146960e-02  -1.3836711e-01  -1.0338935e-01  -1.1091156e-01  -7.2233128e-03   7.9403043e-02   1.1067015e-01   1.3090727e-01   6.3188400e-02   9.6638502e-02   2.6589494e-01   7.7193294e-02   1.9694320e-01  -3.5378775e-02   3.2231573e-02   1.9365431e-02   0.0000000e+00   7.4951078e-02   3.9691763e-02   1.5920481e-01  -1.1028439e-02  -1.0073916e-02  -8.7150445e-02   1.0350841e-01   3.1152094e-02  -1.6019774e-01   1.1369372e-01   2.6271775e-02   1.9539605e-01   2.8072171e-03   3.4817326e-02  -3.1643383e-02  -1.6059860e-01   9.7769837e-02  -2.4528601e-02   5.4937649e-02  -2.0367260e-02  -1.0526862e-01  -8.1472231e-02  -1.7481421e-01  -3.0941516e-02   1.8467009e-02  -2.0657232e-01  -1.5770241e-01   1.6716303e-02  -1.5790490e-01   1.5786946e-01  -1.4885261e-02  -3.2589396e-02   1.3915295e-01   5.4997121e-02   2.2739252e-01   1.4939331e-01   8.2836954e-02   2.6531235e-02  -2.9659150e-02   0.0000000e+00   4.9887968e-01   2.8615290e-01   1.9181835e-01
   0.0000000e+00   0.0000000e+00   0.0000000e+00   4.4579271e-02   3.1649855e-03   0.0000000e+00   3.3149401e-03   4.3301065e-02   0.0000000e+00   0.0000000e+00  -6.2338307e-02   0.0000000e+00  -3.1235615e-02  -1.5454191e-01  -1.0338184e-01  -2.4668049e-02   6.4854316e-02   5.3540009e-02   1.5527294e-01  -1.2389625e-01  -1.3462971e-01  -1.1029374e-01  -1.5089988e-01  -2.7862661e-02  -1.6525599e-01  -4.4758262e-02  -2.1898579e-01  -1.5936045e-01  -3.4793739e-02  -6.5383816e-02  -9.6062822e-02  -1.9946182e-02   1.4898175e-02  -6.8785353e-02  -1.2339820e-01  -2.1179814e-02  -2.3933089e-01  -2.5268523e-02   3.1695893e-02   5.6924242e-03   4.1638235e-02   1.2400678e-01   3.4431463e-02   1.2512697e-01   7.0906538e-02   7.8082653e-02  -1.8505108e-01   1.6592952e-01   1.3049042e-01  -3.3954133e-02   0.0000000e+00   1.9943878e-02   1.0761492e-01   5.2030164e-02  -1.3458225e-01  -1.1091417e-01   3.3841865e-02   3.2332960e-01  -4.5199015e-02  -6.3304573e-02  -4.4867863e-02  -2.0616179e-02   6.4543605e-02   1.8728584e-01   1.5894049e-01  -1.7259444e-02   3.2183332e-01   1.4325037e-01   1.0352416e-01  -9.3925334e-02   1.5065818e-02   9.7680378e-02   5.7719700e-02   1.7030290e-02   0.0000000e+00   2.2444400e-02   1.8617210e-01   6.7483476e-03   3.9892873e-02   2.5968796e-02  -9.5251970e-02   1.4737432e-02  -7.1953441e-02  -4.6748047e-02   2.1464262e-02  -4.4271251e-04   5.4882313e-02   3.7384035e-02  -1.8953240e-02   6.9761100e-03   1.9377129e-01   3.6101774e-02   2.3776984e-02   7.6417826e-02   2.2858436e-01   1.1881620e-01   4.9747065e-02   8.7720506e-02   2.6121360e-01   5.3992189e-02   8.2761831e-02   2.8074339e-01  -8.7412924e-03   4.8720994e-02   2.1652497e-01   2.5139338e-01   3.6925933e-01   1.9292544e-01   3.5839963e-01   4.0753786e-02   2.8958519e-01   1.3033640e-01   1.3133404e-01   1.1046074e-01   0.0000000e+00   8.4921713e-02   1.7731072e-02  -3.5697958e-02
   0.0000000e+00   0.0000000e+00   0.0000000e+00   0.0000000e+00   0.0000000e+00   0.0000000e+00   0.0000000e+00   0.0000000e+00   0.0000000e+00   0.0000000e+00   0.0000000e+00   0.0000000e+00   0.0000000e+00   0.0000000e+00   0.0000000e+00   0.0000000e+00   0.0000000e+00   0.0000000e+00   0.0000000e+00   0.0000000e+00   0.0000000e+00   0.0000000e+00   0.0000000e+00   0.0000000e+00   0.0000000e+00   0.0000000e+00   0.0000000e+00   0.0000000e+00   0.0000000e+00   0.0000000e+00   0.0000000e+00   0.0000000e+00   0.0000000e+00   0.0000000e+00   0.0000000e+00   0.0000000e+00   0.0000000e+00   0.0000000e+00   0.0000000e+00   0.0000000e+00   0.0000000e+00   0.0000000e+00   0.0000000e+00   0.0000000e+00   0.0000000e+00   0.0000000e+00   0.0000000e+00   0.0000000e+00   0.0000000e+00   0.0000000e+00   0.0000000e+00   0.0000000e+00   0.0000000e+00   0.0000000e+00   0.0000000e+00   0.0000000e+00   0.0000000e+00   0.0000000e+00   0.0000000e+00   0.0000000e+00   0.0000000e+00   0.0000000e+00   0.0000000e+00   0.0000000e+00   0.0000000e+00   0.0000000e+00   0.0000000e+00   0.0000000e+00   0.0000000e+00   0.0000000e+00   0.0000000e+00   0.0000000e+00   0.0000000e+00   0.0000000e+00   0.0000000e+00   0.0000000e+00   0.0000000e+00   0.0000000e+00   0.0000000e+00   0.0000000e+00   0.0000000e+00   0.0000000e+00   0.0000000e+00   0.0000000e+00   0.0000000e+00   0.0000000e+00   0.0000000e+00   0.0000000e+00   0.0000000e+00   0.0000000e+00   0.0000000e+00   0.0000000e+00   0.0000000e+00   0.0000000e+00   0.0000000e+00   0.0000000e+00   0.0000000e+00   0.0000000e+00   0.0000000e+00   0.0000000e+00   0.0000000e+00   0.0000000e+00   0.0000000e+00   0.0000000e+00   0.0000000e+00   0.0000000e+00   0.0000000e+00   0.0000000e+00   0.0000000e+00   0.0000000e+00   0.0000000e+00   0.0000000e+00   0.0000000e+00   0.0000000e+00   0.0000000e+00   0.0000000e+00   0.0000000e+00   0.0000000e+00
   0.0000000e+00   0.0000000e+00   0.0000000e+00  -5.4815769e-02   2.3000597e-01   0.0000000e+00   4.4268902e-01   5.3224350e-02  -6.2338307e-02   0.0000000e+00   0.0000000e+00   0.0000000e+00   1.1291767e-01   3.3119678e-01   2.0404671e-01   2.2945219e-01   2.5265647e-01   2.3795756e-01   4.5157332e-02   3.7766933e-01   2.0800154e-01   1.7409287e-01   2.3581006e-01   2.2240210e-01   2.2160005e-01  -1.1563944e-02   2.7765284e-01   4.9140365e-01   2.2335222e-01   1.0940099e-01   3.4396581e-01   2.9478691e-01   1.9766504e-02   1.8056569e-01   3.3435490e-02   1.3617104e-01   4.4734038e-01   3.0119587e-01  -9.0635546e-02   4.8625536e-01   4.0879737e-01   9.1259631e-02   2.4671946e-01   1.1428121e-01  -6.8391408e-02   2.2699166e-01   3.1118909e-01   2.2710724e-01   4.6786272e-02   1.6467501e-01   0.0000000e+00   9.3648062e-03   1.7413596e-01   2.7932223e-01   2.2167687e-01   1.5845774e-01   1.0749622e-01   5.1888253e-02   1.3073396e-01   9.1049743e-02  -1.8267119e-01  -2.3847368e-02  -1.0298853e-01   4.3453440e-01  -1.1487927e-01   3.9130297e-01   1.9771055e-02   1.0502729e-01  -9.5623649e-02   7.5530041e-02  -2.2264528e-01   9.2917636e-02   2.5233600e-01   2.8290309e-01   0.0000000e+00   8.1550744e-02  -1.0671183e-01   7.9386287e-02  -4.5457118e-03  -7.0517035e-02  -4.8122867e-02   9.7551605e-03   3.2405839e-01  -5.6890308e-02   2.1164944e-01  -4.0044535e-02   5.1547084e-02  -8.1793361e-02   9.3579782e-02   2.0824500e-01  -5.6827754e-03   4.7647598e-02   4.2210911e-02  -1.4851213e-01  -7.2005713e-02   1.3517504e-01  -2.0189652e-01  -9.0943237e-03   1.4942459e-04   1.7502986e-02  -1.6151380e-01  -1.7292804e-01  -1.4769638e-01  -2.4767348e-02  -7.2161585e-02   4.0668567e-02  -1.9100782e-02   1.2012030e-01  -1.3973078e-01   3.1347566e-01   2.9106309e-01   3.0843994e-01   1.3529719e-01   1.0856629e-01   0.0000000e+00  -7.7897268e-02  -1.4027446e-02   3.9549225e-02
   0.0000000e+00   0.0000000e+00   0.0000000e+00   0.0000000e+00   0.0000000e+00   0.0000000e+00   0.0000000e+00   0.0000000e+00   0.0000000e+00   0.0000000e+00   0.0000000e+00   0.0000000e+00   0.0000000e+00   0.0000000e+00   0.0000000e+00   0.0000000e+00   0.0000000e+00   0.0000000e+00   0.0000000e+00   0.0000000e+00   0.0000000e+00   0.0000000e+00   0.0000000e+00   0.0000000e+00   0.0000000e+00   0.0000000e+00   0.0000000e+00   0.0000000e+00   0.0000000e+00   0.0000000e+00   0.0000000e+00   0.0000000e+00   0.0000000e+00   0.0000000e+00   0.0000000e+00   0.0000000e+00   0.0000000e+00   0.0000000e+00   0.0000000e+00   0.0000000e+00   0.0000000e+00   0.0000000e+00   0.0000000e+00   0.0000000e+00   0.0000000e+00   0.0000000e+00   0.0000000e+00   0.0000000e+00   0.0000000e+00   0.0000000e+00   0.0000000e+00   0.0000000e+00   0.0000000e+00   0.0000000e+00   0.0000000e+00   0.0000000e+00   0.0000000e+00   0.0000000e+00   0.0000000e+00   0.0000000e+00   0.0000000e+00   0.0000000e+00   0.0000000e+00   0.0000000e+00   0.0000000e+00   0.0000000e+00   0.0000000e+00   0.0000000e+00   0.0000000e+00   0.0000000e+00   0.0000000e+00   0.0000000e+00   0.0000000e+00   0.0000000e+00   0.0000000e+00   0.0000000e+00   0.0000000e+00   0.0000000e+00   0.0000000e+00   0.0000000e+00   0.0000000e+00   0.0000000e+00   0.0000000e+00   0.0000000e+00   0.0000000e+00   0.0000000e+00   0.0000000e+00   0.0000000e+00   0.0000000e+00   0.0000000e+00   0.0000000e+00   0.0000000e+00   0.0000000e+00   0.0000000e+00   0.0000000e+00   0.0000000e+00   0.0000000e+00   0.0000000e+00   0.0000000e+00   0.0000000e+00   0.0000000e+00   0.0000000e+00   0.0000000e+00   0.0000000e+00   0.0000000e+00   0.0000000e+00   0.0000000e+00   0.0000000e+00   0.0000000e+00   0.0000000e+00   0.0000000e+00   0.0000000e+00   0.0000000e+00   0.0000000e+00   0.0000000e+00   0.0000000e+00   0.0000000e+00   0.0000000e+00
   0.0000000e+00   0.0000000e+00   0.0000000e+00   5.9625696e-02  -6.5400220e-02   0.0000000e+00  -3.2780712e-02   1.1479483e-01  -3.1235615e-02   0.0000000e+00   1.1291767e-01   0.0000000e+00   0.0000000e+00   3.8698050e-01   4.5672429e-01   2.5713077e-01   1.2054993e-01   4.4898839e-02   2.4753509e-03   2.8235981e-01   1.5474417e-01   2.9339386e-01   1.8623039e-01  -4.3859428e-02   1.7461960e-01   6.0642164e-02   2.4637447e-01   1.4022633e-01   2.2721584e-01   1.9006909e-01   1.2643172e-01   5.8749125e-02   1.5803823e-01   3.6288251e-01   1.5485354e-01   1.4483187e-01   2.5890180e-01  -5.6307943e-02  -1.2671672e-01   1.3058341e-01   6.5841766e-02  -6.8310963e-02   7.0102013e-02   4.6985689e-02  -1.3972636e-01   1.5950481e-01   7.3550554e-02   3.9655506e-01   2.9100481e-01   7.1507746e-02   0.0000000e+00   1.9496722e-01  -8.9437044e-02   3.2443774e-01   4.0327976e-01   4.4246411e-01   3.4457485e-01   1.2492332e-01   8.8483594e-02  -1.2147475e-01   9.7288925e-03   4.3148742e-02   7.0130083e-02   1.8469535e-01   1.2715100e-01   1.1770758e-01   2.2624535e-01   9.2883276e-02   3.0401621e-02   2.9543551e-01   1.3662721e-01  -1.1285264e-01  -1.0260325e-01   3.5203663e-04   0.0000000e+00   4.4501020e-02  -9.9389147e-02  -5.1096106e-02   2.0838055e-02   1.0836619e-01   4.0798151e-04   5.7674077e-02   1.0083164e-01  -1.6436704e-01   1.2862200e-01  -8.1977922e-02   1.5922147e-01  -5.6611782e-02  -3.4839264e-02   2.6038148e-02  -2.3921190e-01   2.4072848e-01  -2.6928955e-03  -7.3820237e-02   4.2668716e-03  -5.8162447e-02  -7.6637849e-02  -5.3225743e-02  -7.9074137e-02   4.1523442e-03  -1.4927643e-01  -9.2669299e-02  -7.5924550e-02  -1.1821566e-01   1.5841327e-01   3.6489780e-02   6.6047719e-02   2.8640537e-01  -6.6638639e-02   3.3509969e-01   2.5175012e-01   6.9226218e-02   1.0895194e-02   3.4118594e-02   0.0000000e+00   2.2312058e-02   3.6729736e-02  -3.8008988e-02
   0.0000000e+00   0.0000000e+00   0.0000000e+00  -4.0907759e-03   1.1529216e-01   0.0000000e+00   1.7374458e-01   1.6543804e-01  -1.5454191e-01   0.0000000e+00   3.3119678e-01   0.0000000e+00   3.8698050e-01   0.0000000e+00   2.3622444e-01   3.0182444e-01   1.2846486e-02   5.6782781e-02   9.8551015e-02   3.7296162e-01   3.7714902e-01   5.2516845e-01   3.5127208e-01   1.6436427e-01   4.5780424e-01   2.2996944e-01   4.4457231e-01   2.9294939e-01   2.0769946e-01  -2.8965356e-02   1.5760331e-01   2.9538118e-01   8.0843561e-02   9.6877456e-02   8.6184415e-02   3.1784632e-01   5.5755273e-01   2.0262513e-01   4.7309962e-03   4.4753458e-01   4.2762655e-01  -4.2131766e-02  -3.4702580e-02   1.5965419e-01  -1.1720500e-01   1.5591119e-01   2.6097216e-01   2.2520794e-01  -4.3325805e-02   1.7722112e-03   0.0000000e+00   1.8162449e-01  -4.7957685e-02   2.0307872e-01   2.8006735e-01   1.5412027e-01   4.8903775e-01  -1.6735980e-01   1.2561561e-01   9.1049755e-02   1.1140606e-01   1.7872759e-01   3.3054398e-01   8.2088465e-02  -2.4516363e-01   1.3686754e-01  -2.4816576e-01  -6.8913084e-02  -7.4995546e-03   1.6372501e-01   7.5835541e-02  -5.9283132e-02  -3.8498998e-02   3.7185338e-02   0.0000000e+00  -1.1660826e-02  -3.5206332e-02   1.4045856e-01  -1.1216370e-01   1.8013947e-01   4.4168872e-02  -1.8128851e-02   1.4270217e-01  -1.1872276e-02   1.3352947e-01  -1.5584527e-01  -6.5934324e-02  -7.9599228e-02  -7.4641022e-02  -6.5518750e-02  -2.2570517e-01   3.6229934e-01   2.0858569e-01  -1.7276956e-01  -4.5978038e-02  -9.6969089e-02  -2.5209755e-01   8.0142061e-02  -8.5513015e-02   1.4912072e-02  -2.2880803e-01  -1.0177850e-01   4.8960442e-02   5.4954793e-02   1.7795722e-01  -6.3493288e-02  -2.3230857e-01  -2.1369327e-02  -6.6147862e-02   2.3473099e-01  -2.5458758e-02   9.1528596e-02   1.6366412e-02  -6.0463969e-02   0.0000000e+00  -8.0146345e-02  -3.4593631e-02   1.0593404e-01
   0.0000000e+00   0.0000000e+00   0.0000000e+00   2.0130285e-02  -1.8881059e-02   0.0000000e+00   1.6745214e-01   9.6999850e-02  -1.0338184e-01   0.0000000e+00   2.0404671e-01   0.0000000e+00   4.5672429e-01   2.3622444e-01   0.0000000e+00   4.7260576e-01   2.8939883e-01   5.0107560e-02  -1.1550919e-01   3.4335735e-01   2.5497322e-01   3.0836793e-01   1.2483013e-01   6.8328764e-02   1.8702408e-01  -1.0993861e-01   3.5198163e-01   2.3979181e-01   3.5553097e-01   1.8778787e-01   1.7588501e-01   2.4263212e-02   3.2935513e-01   6.2521164e-01   2.2899130e-01   1.3916543e-01   4.5704414e-01   3.6236131e-02  -4.9687085e-02   1.5862821e-01   9.8265990e-02  -8.3304461e-02   8.9235992e-02   5.2099947e-02  -9.5994776e-02   1.4564241e-01   3.3442481e-01   3.3504274e-01   2.6742762e-01   1.2037022e-01   0.0000000e+00   2.6757831e-01  -3.7970454e-02   3.0604124e-01   5.0646868e-01   5.8239180e-01   9.4651265e-02   1.4851474e-01   7.7405675e-02  -1.4307773e-01  -2.2101801e-01  -1.4084543e-01  -6.7445706e-02   3.0934870e-01   2.0692035e-02   1.6276103e-01   1.7562842e-01   2.4279987e-02  -1.6383347e-01   1.2108474e-01  -1.4798181e-01  -1.1445317e-01  -1.4312186e-01   6.5824282e-02   0.0000000e+00  -2.7147141e-02  -1.4448753e-01   1.7022476e-02  -1.0912981e-01  -1.0386077e-01  -8.4983464e-02  -2.2045689e-02   5.3347580e-02  -2.2865186e-01  -2.2851343e-02  -1.0094798e-01   1.5304225e-01  -1.2071171e-01  -1.9554808e-02   2.9853774e-02  -1.6509952e-01   9.8006629e-02  -5.6722266e-02  -1.1274117e-01  -7.1653025e-02   3.9069094e-02  -1.1638174e-01  -2.4962929e-02  -8.6388700e-02   7.2077161e-02  -1.6912429e-01  -9.0703548e-02  -2.8310300e-01  -1.2821994e-01  -6.2159482e-02  -5.9067635e-02   6.5232787e-02   2.1224829e-01  -2.3824556e-01   4.1588457e-01   3.9144597e-01   1.1069420e-01   7.0496031e-02   3.9123042e-02   0.0000000e+00  -1.6889806e-02  -2.0654468e-02  -1.0433381e-01
   0.0000000e+00   0.0000000e+00   0.0000000e+00   4.1355125e-03   8.8760872e-02   0.0000000e+00   1.1934389e-01   1.3503839e-01  -2.4668049e-02   0.0000000e+00   2.2945219e-01   0.0000000e+00   2.5713077e-01   3.0182444e-01   4.7260576e-01   0.0000000e+00   2.2891674e-01   5.4218484e-02  -3.7149371e-02   3.5251950e-01   2.4284290e-01   2.9497408e-01   1.3118097e-01   1.0796118e-01   2.0355337e-01  -5.2978923e-02   3.0017298e-01   2.0681486e-01   2.8928756e-01   1.3997638e-01   2.4058204e-01   1.5859225e-01   2.0365410e-01   3.1578035e-01   1.3440577e-01   1.0906805e-01   3.8709660e-01   1.5471974e-01   3.6826166e-02   2.9192933e-01   1.7842166e-01   3.7070928e-02   5.4436198e-02   1.1272205e-01  -1.6765623e-02   1.2568194e-01   2.6802913e-01   3.7039033e-01   1.0835163e-01   1.4463632e-01   0.0000000e+00   2.3095143e-01   6.1126136e-02   1.5439927e-01   4.4605708e-01   4.1176406e-01   1.1045471e-01   1.4864556e-01   3.9360220e-02  -2.1242651e-02  -2.0334480e-01  -9.2408649e-02  -1.9370402e-02   2.1986400e-01  -2.2859031e-02   8.9747568e-02   1.1369998e-01   1.0248158e-01  -6.2744368e-02   3.7763491e-02  -5.6014497e-02  -2.3058376e-02  -9.6521892e-02  -3.8175662e-02   0.0000000e+00   2.8341772e-02  -8.3931541e-02   2.7537265e-02  -4.0147226e-02  -8.5542476e-02  -4.3279201e-02   5.4317120e-02   6.1787713e-02  -1.3554405e-01   1.6053186e-02  -8.4654889e-02   1.1817037e-01  -4.2405485e-02  -2.0797274e-02   7.0688256e-02  -1.2252114e-01   1.0568417e-01  -2.0639135e-02  -6.5190432e-02  -1.4241683e-01   3.8082502e-02  -1.6405319e-01   6.9186466e-02  -9.3515118e-02   5.8146130e-02  -1.1112836e-01  -1.8954443e-02  -2.0799982e-01  -2.4195787e-02   2.5041081e-02  -1.7842066e-02   5.8154506e-02   1.6825030e-01  -1.0467046e-01   3.2912041e-01   2.8507314e-01   2.5748658e-02   9.6346840e-02  -3.5416903e-02   0.0000000e+00   1.4520705e-02   8.2763025e-03  -3.4742322e-02
   0.0000000e+00   0.0000000e+00   0.0000000e+00   9.9389560e-03   5.7342430e-02   0.0000000e+00   1.9044745e-01  -3.4308032e-03   6.4854316e-02   0.0000000e+00   2.5265647e-01   0.0000000e+00   1.2054993e-01   1.2846486e-02   2.8939883e-01   2.2891674e-01   0.0000000e+00   2.2581521e-01   8.0529690e-03   3.4981849e-01   1.5353805e-01   1.6586347e-01   5.2468041e-02   6.9578463e-02   1.4702249e-01   4.9051880e-02   1.9815265e-01   1.9594044e-01   2.4578640e-01   2.1996121e-01   3.2148271e-01  -1.9403636e-02   1.3414604e-01   4.1922918e-01   1.2547844e-01   5.8899264e-02   1.8944150e-01   9.5415047e-02  -5.7082095e-02   1.4530109e-01   1.1728268e-01   3.2477226e-03   2.5002385e-01   3.5058139e-02   4.0592172e-02   1.4396933e-01   1.9376006e-01   3.5592707e-01   3.1386716e-01   1.8828578e-01   0.0000000e+00   1.3391931e-01   9.3481770e-02   2.0049445e-01   2.3933416e-01   3.2639108e-01  -3.5326654e-02   2.7903962e-01   9.5223291e-02   3.4019877e-03  -1.0994183e-01  -6.9154862e-02  -1.3211602e-01   3.2441732e-01  -8.6734471e-03   1.5576247e-01   2.1097158e-01   4.9499282e-02  -1.9176191e-01   1.6642504e-01  -2.7045524e-01   5.2238655e-02   1.1780689e-01   4.9756995e-02   0.0000000e+00   1.7040629e-01  -8.3978542e-02  -3.1239417e-02  -6.7917445e-02  -8.7593683e-02  -7.9241161e-02  -1.6119663e-01   3.4853188e-02   5.1332856e-02  -4.6984036e-02   8.1667082e-03   1.6291569e-01  -1.0233955e-01  -6.7523074e-02   2.3922675e-01   4.9509778e-02  -6.2801405e-03  -1.7637977e-01  -1.7762389e-01  -6.7232246e-02  -3.7189195e-02  -1.4130977e-01   2.8243663e-02  -7.5125713e-02   1.0735141e-01  -1.8309599e-01  -1.0074738e-01  -2.5960323e-01   4.1965185e-02  -1.6596976e-01  -1.1897929e-03   7.2953914e-02   2.4415003e-01  -1.8766923e-01   3.0877899e-01   3.0872769e-01   1.1207150e-01   1.4596793e-02   4.1129579e-02   0.0000000e+00  -6.8679315e-02   4.0831557e-02   2.4149773e-02
   0.0000000e+00   0.0000000e+00   0.0000000e+00  -4.6127062e-02   2.0921993e-01   0.0000000e+00   9.1207444e-02   7.5794228e-03   5.3540009e-02   0.0000000e+00   2.3795756e-01   0.0000000e+00   4.4898839e-02   5.6782781e-02   5.0107560e-02   5.4218484e-02   2.2581521e-01   0.0000000e+00   4.1368929e-02   3.2396491e-01   4.4243284e-02   3.4409082e-02   1.8677985e-02   1.6203251e-01   1.2379618e-01   1.0397885e-01   1.8840683e-01   2.5274556e-01   1.3850045e-01   2.9444391e-01   2.6678573e-01   1.0800974e-01   4.0244604e-03   5.3492664e-02   1.4906386e-01   7.0294524e-03   6.6166681e-02   1.1151423e-01   7.4871563e-02   2.0885040e-01   9.4034546e-02   8.4604525e-02   3.3325573e-01  -5.0721742e-02  -7.7562245e-02   1.9106607e-02   1.7023475e-01   1.3762114e-01   2.6760538e-01   2.8776390e-01   0.0000000e+00  -2.9769133e-02   1.3737538e-01   8.7851674e-02   7.9420204e-03   1.3926233e-01   1.0347533e-01   6.9551854e-02   6.8275485e-02   1.1660659e-01  -2.0506687e-02  -1.7748827e-02  -1.5243306e-01   1.2491186e-01  -4.8002718e-02   1.3440047e-01   4.8395821e-02   1.6467131e-01  -3.6324644e-02   3.6693265e-01  -4.4208134e-02   1.7162830e-01   7.8129866e-02   5.3911793e-03   0.0000000e+00   2.1062309e-01  -3.6079649e-02  -8.2650248e-03   2.0438934e-01   5.0732010e-02   2.1691574e-01   1.4075739e-01   1.3417849e-01   2.3829992e-01   2.7728740e-01   3.5580183e-01   2.2642543e-01   1.8562169e-01   1.4646888e-01   1.7149701e-01   1.4499935e-01   9.6693584e-02  -5.8082966e-02   1.0813435e-03  -1.6829499e-02   1.3841061e-01  -3.8394497e-03  -4.8981895e-02  -1.5178948e-03   2.0121827e-02  -8.7390628e-04  -6.6578853e-02   1.0297692e-01   6.1355670e-03  -4.1740879e-02  -6.2037811e-02   2.4831169e-03   1.1974992e-01  -1.5608728e-02   2.1392804e-01   2.5741495e-01   1.2439703e-01   4.5253183e-02   1.5390232e-01   0.0000000e+00   2.3608623e-02   2.7127293e-02   1.6518958e-01
   0.0000000e+00   0.0000000e+00   0.0000000e+00   2.3798940e-01   2.1759298e-02   0.0000000e+00   1.8259260e-01   1.8203304e-02   1.5527294e-01   0.0000000e+00   4.5157332e-02   0.0000000e+00   2.4753509e-03   9.8551015e-02  -1.1550919e-01  -3.7149371e-02   8.0529690e-03   4.1368929e-02   0.0000000e+00   2.8891352e-02   5.4015741e-02   2.3094912e-02   8.6527643e-03   3.6287613e-02  -4.0083546e-02   8.6401137e-02   3.0621423e-02  -4.0046988e-02   1.1883151e-02  -7.0258869e-02   5.5111513e-02   1.6091350e-01   4.6505095e-02  -6.9180173e-02  -6.8968334e-02   1.2243483e-01   1.1547606e-01   1.4980410e-01  -2.5318169e-02   1.3834720e-01   1.9826012e-01   1.6965722e-01   8.2907099e-02   2.4986163e-01   7.8937098e-02   1.9023728e-01  -3.3875005e-02   4.9806249e-02  -2.1770833e-02   6.5449967e-03   0.0000000e+00   4.1357698e-02   1.8002503e-01   9.0865995e-03   4.1290484e-02  -1.7592771e-02   1.0429192e-01  -8.0423223e-03   4.1240897e-01   7.9896443e-02   1.1034920e-01   1.3289787e-01   3.5551829e-02   1.8460094e-01   1.8082325e-02   1.6414690e-01   3.7090070e-02   3.5346949e-02  -2.7640769e-02  -6.4725350e-03  -2.1083826e-02   5.4614043e-02   2.6763044e-01   1.8124836e-01   0.0000000e+00   3.8307956e-02   4.5425543e-02   8.6340818e-02   5.0807969e-02   1.2525324e-01   2.0730730e-02  -5.0259025e-02   8.5690004e-02   6.7996815e-02   5.6022657e-02   3.0408575e-02  -3.7911544e-02   1.5117374e-03  -4.0651864e-02  -7.1647011e-04  -8.3449771e-03   3.4842780e-02   2.0172309e-02  -9.4210742e-02   4.7006584e-01   3.6146881e-02  -1.6938803e-02   1.0018764e-01   1.0165205e-01   8.9592528e-02   8.6795806e-02   3.7091497e-02   1.8171276e-02   1.4057724e-01   8.4545078e-02   1.9071444e-02   6.2427926e-02   1.2773110e-01   4.4974224e-02   6.8013085e-02   5.7924199e-02   5.9897092e-03   6.9035566e-02   5.6311663e-02   0.0000000e+00  -1.2156074e-02   1.1540155e-02   8.8095775e-02
   0.0000000e+00   0.0000000e+00   0.0000000e+00   2.2905581e-02   2.4089663e-01   0.0000000e+00   2.9650081e-01   8.1468995e-02  -1.2389625e-01   0.0000000e+00   3.7766933e-01   0.0000000e+00   2.8235981e-01   3.7296162e-01   3.4335735e-01   3.5251950e-01   3.4981849e-01   3.2396491e-01   2.8891352e-02   0.0000000e+00   5.3808557e-01   4.0383441e-01   3.3103600e-01   3.2111659e-01   4.5813313e-01   2.2214412e-01   7.7748962e-01   4.0003149e-01   4.5525233e-01   3.1640677e-01   7.1454392e-01   2.9943111e-01   2.1116912e-01   3.7339078e-01   3.4419798e-01   2.6133224e-01   4.2049579e-01   4.3262126e-01   4.6774752e-02   5.0686479e-01   3.7289733e-01   9.3418128e-02   3.0478764e-01   1.6042474e-01   1.3101122e-02   2.2402312e-01   3.7534863e-01   4.0961809e-01   2.0755798e-01   2.0841664e-01   0.0000000e+00   2.0312484e-01   1.8232999e-01   2.5762221e-01   3.3071676e-01   4.3506566e-01   2.2175893e-01   2.3134429e-02   1.4422962e-01   2.5945053e-01   4.6973691e-02   6.9915556e-02  -6.2883519e-02   2.6926346e-01  -1.6755023e-01   2.2349039e-01   1.4850507e-03  -1.3141632e-02  -1.6391069e-01   3.3597263e-01  -2.0799073e-01   2.9310888e-02   6.4948550e-03   4.6469167e-02   0.0000000e+00   1.3812239e-01  -1.1484909e-01   3.4411071e-02   3.1357012e-02  -4.7300951e-02   7.9858938e-02  -1.6064290e-01   2.0663861e-01   1.6947606e-01   7.4167201e-02  -5.6275233e-02   7.5558807e-02  -4.5257521e-02  -1.0202840e-01   1.5104117e-01  -4.5348974e-02   2.2731785e-01  -1.5360867e-02  -1.6485416e-01  -7.3170271e-02   3.7935400e-02  -2.6298857e-01   6.0704017e-02  -3.5325256e-02   2.0288096e-02  -2.0452643e-01  -1.3994425e-01  -1.1822803e-01   1.5246202e-01  -2.8507959e-02  -2.3354403e-01  -1.1145706e-01   8.3659008e-02  -1.7305343e-01   3.0581266e-01   3.8184493e-01   1.0034923e-01   8.2616949e-03  -2.5821414e-03   0.0000000e+00  -1.0851081e-01  -3.8094677e-02   2.3106011e-01
   0.0000000e+00   0.0000000e+00   0.0000000e+00   2.8483182e-02   7.7284617e-02   0.0000000e+00   1.7279903e-01   1.6852852e-02  -1.3462971e-01   0.0000000e+00   2.0800154e-01   0.0000000e+00   1.5474417e-01   3.7714902e-01   2.5497322e-01   2.4284290e-01   1.5353805e-01   4.4243284e-02   5.4015741e-02   5.3808557e-01   0.0000000e+00   6.4338818e-01   4.6184732e-01   3.6312366e-01   5.0203326e-01   2.7375103e-01   5.0901760e-01   2.2814500e-01   3.7988227e-01   1.1814867e-01   3.4640622e-01   1.5842406e-01   2.0481121e-01   3.0955475e-01   2.6760673e-01   3.2896811e-01   5.0714279e-01   3.8777974e-01   8.7059808e-02   4.2263437e-01   3.3932398e-01   1.1228858e-01   9.9235557e-02   2.6287398e-01   9.0846124e-02   2.3799480e-01   3.0293984e-01   1.4738369e-01   1.0098579e-01   4.0682183e-02   0.0000000e+00   2.7547895e-01   1.0171139e-01   1.1707383e-01   2.9127748e-01   2.8847018e-01   1.8302829e-01   5.5136069e-02   1.7735720e-01   1.8283402e-01   3.0246604e-02   1.3999924e-01   6.2359551e-02   9.5537950e-02  -2.4039589e-01   8.6243859e-02   4.7463974e-02  -8.9244626e-02  -1.8848557e-01   1.5666512e-01  -2.0124864e-01  -7.6891143e-02  -1.0505108e-01  -3.8495473e-02   0.0000000e+00   8.5369818e-02  -7.5120176e-02   8.8827914e-02  -1.2954443e-01   2.9001412e-02   2.5046230e-02  -2.2117079e-01   1.0794707e-01   4.9672281e-02  -4.8701426e-02  -1.4980205e-01  -5.4747636e-02  -1.7585923e-01  -2.0684927e-01   7.6338192e-02  -1.3620028e-01   2.2447789e-01   4.7770790e-02  -1.8941469e-01  -2.6125185e-02   3.5739001e-02  -2.4846194e-01   1.4126948e-01  -5.7378123e-02   6.0639272e-02  -1.8878273e-01  -1.0063503e-01  -1.3026521e-01   1.7900644e-01  -2.1361762e-02  -2.7854905e-01  -8.4907166e-02   4.1983767e-02  -1.7333637e-01   1.5279920e-01   1.0564561e-01   1.0786688e-02   1.0138689e-01  -3.1628754e-02   0.0000000e+00  -1.2355334e-01   3.4792367e-02   1.8172044e-01
