   0.0000000e+00   0.0000000e+00   0.0000000e+00   0.0000000e+00   0.0000000e+00   0.0000000e+00   0.0000000e+00   0.0000000e+00   0.0000000e+00   0.0000000e+00   0.0000000e+00   0.0000000e+00   0.0000000e+00   0.0000000e+00   0.0000000e+00   0.0000000e+00   0.0000000e+00   0.0000000e+00   0.0000000e+00   0.0000000e+00   0.0000000e+00   0.0000000e+00   0.0000000e+00   0.0000000e+00   0.0000000e+00   0.0000000e+00   0.0000000e+00   0.0000000e+00   0.0000000e+00   0.0000000e+00   0.0000000e+00   0.0000000e+00   0.0000000e+00   0.0000000e+00   0.0000000e+00   0.0000000e+00   0.0000000e+00   0.0000000e+00   0.0000000e+00   0.0000000e+00   0.0000000e+00   0.0000000e+00   0.0000000e+00   0.0000000e+00   0.0000000e+00   0.0000000e+00   0.0000000e+00   0.0000000e+00   0.0000000e+00   0.0000000e+00   0.0000000e+00   0.0000000e+00   0.0000000e+00   0.0000000e+00   0.0000000e+00   0.0000000e+00   0.0000000e+00   0.0000000e+00   0.0000000e+00   0.0000000e+00   0.0000000e+00   0.0000000e+00   0.0000000e+00   0.0000000e+00   0.0000000e+00   0.0000000e+00   0.0000000e+00   0.0000000e+00   0.0000000e+00   0.0000000e+00   0.0000000e+00   0.0000000e+00   0.0000000e+00   0.0000000e+00   0.0000000e+00   0.0000000e+00   0.0000000e+00   0.0000000e+00   0.0000000e+00   0.0000000e+00   0.0000000e+00   0.0000000e+00   0.0000000e+00   0.0000000e+00   0.0000000e+00   0.0000000e+00   0.0000000e+00   0.0000000e+00   0.0000000e+00   0.0000000e+00   0.0000000e+00   0.0000000e+00   0.0000000e+00   0.0000000e+00   0.0000000e+00   0.0000000e+00   0.0000000e+00   0.0000000e+00   0.0000000e+00   0.0000000e+00   0.0000000e+00   0.0000000e+00   0.0000000e+00   0.0000000e+00   0.0000000e+00   0.0000000e+00   0.0000000e+00   0.0000000e+00   0.0000000e+00   0.0000000e+00   0.0000000e+00   0.0000000e+00   0.0000000e+00   0.0000000e+00   0.0000000e+00   0.0000000e+00   0.0000000e+00   0.0000000e+00
   0.0000000e+00   0.0000000e+00   0.0000000e+00   0.0000000e+00   0.0000000e+00   0.0000000e+00   0.0000000e+00   0.0000000e+00   0.0000000e+00   0.0000000e+00   0.0000000e+00   0.0000000e+00   0.0000000e+00   0.0000000e+00   0.0000000e+00   0.0000000e+00   0.0000000e+00   0.0000000e+00   0.0000000e+00   0.0000000e+00   0.0000000e+00   0.0000000e+00   0.0000000e+00   0.0000000e+00   0.0000000e+00   0.0000000e+00   0.0000000e+00   0.0000000e+00   0.0000000e+00   0.0000000e+00   0.0000000e+00   0.0000000e+00   0.0000000e+00   0.0000000e+00   0.0000000e+00   0.0000000e+00   0.0000000e+00   0.0000000e+00   0.0000000e+00   0.0000000e+00   0.0000000e+00   0.0000000e+00   0.0000000e+00   0.0000000e+00   0.0000000e+00   0.0000000e+00   0.0000000e+00   0.0000000e+00   0.0000000e+00   0.0000000e+00   0.0000000e+00   0.0000000e+00   0.0000000e+00   0.0000000e+00   0.0000000e+00   0.0000000e+00   0.0000000e+00   0.0000000e+00   0.0000000e+00   0.0000000e+00   0.0000000e+00   0.0000000e+00   0.0000000e+00   0.0000000e+00   0.0000000e+00   0.0000000e+00   0.0000000e+00   0.0000000e+00   0.0000000e+00   0.0000000e+00   0.0000000e+00   0.0000000e+00   0.0000000e+00   0.0000000e+00   0.0000000e+00   0.0000000e+00   0.0000000e+00   0.0000000e+00   0.0000000e+00   0.0000000e+00   0.0000000e+00   0.0000000e+00   0.0000000e+00   0.0000000e+00   0.0000000e+00   0.0000000e+00   0.0000000e+00   0.0000000e+00   0.0000000e+00   0.0000000e+00   0.0000000e+00   0.0000000e+00   0.0000000e+00   0.0000000e+00   0.0000000e+00   0.0000000e+00   0.0000000e+00   0.0000000e+00   0.0000000e+00   0.0000000e+00   0.0000000e+00   0.0000000e+00   0.0000000e+00   0.0000000e+00   0.0000000e+00   0.0000000e+00   0.0000000e+00   0.0000000e+00   0.0000000e+00   0.0000000e+00   0.0000000e+00   0.0000000e+00   0.0000000e+00   0.0000000e+00   0.0000000e+00   0.0000000e+00   0.0000000e+00   0.0000000e+00
   0.0000000e+00   0.0000000e+00   0.0000000e+00   0.0000000e+00   0.0000000e+00   0.0000000e+00   0.0000000e+00   0.0000000e+00   0.0000000e+00   0.0000000e+00   0.0000000e+00   0.0000000e+00   0.0000000e+00   0.0000000e+00   0.0000000e+00   0.0000000e+00   0.0000000e+00   0.0000000e+00   0.0000000e+00   0.0000000e+00   0.0000000e+00   0.0000000e+00   0.0000000e+00   0.0000000e+00   0.0000000e+00   0.0000000e+00   0.0000000e+00   0.0000000e+00   0.0000000e+00   0.0000000e+00   0.0000000e+00   0.0000000e+00   0.0000000e+00   0.0000000e+00   0.0000000e+00   0.0000000e+00   0.0000000e+00   0.0000000e+00   0.0000000e+00   0.0000000e+00   0.0000000e+00   0.0000000e+00   0.0000000e+00   0.0000000e+00   0.0000000e+00   0.0000000e+00   0.0000000e+00   0.0000000e+00   0.0000000e+00   0.0000000e+00   0.0000000e+00   0.0000000e+00   0.0000000e+00   0.0000000e+00   0.0000000e+00   0.0000000e+00   0.0000000e+00   0.0000000e+00   0.0000000e+00   0.0000000e+00   0.0000000e+00   0.0000000e+00   0.0000000e+00   0.0000000e+00   0.0000000e+00   0.0000000e+00   0.0000000e+00   0.0000000e+00   0.0000000e+00   0.0000000e+00   0.0000000e+00   0.0000000e+00   0.0000000e+00   0.0000000e+00   0.0000000e+00   0.0000000e+00   0.0000000e+00   0.0000000e+00   0.0000000e+00   0.0000000e+00   0.0000000e+00   0.0000000e+00   0.0000000e+00   0.0000000e+00   0.0000000e+00   0.0000000e+00   0.0000000e+00   0.0000000e+00   0.0000000e+00   0.0000000e+00   0.0000000e+00   0.0000000e+00   0.0000000e+00   0.0000000e+00   0.0000000e+00   0.0000000e+00   0.0000000e+00   0.0000000e+00   0.0000000e+00   0.0000000e+00   0.0000000e+00   0.0000000e+00   0.0000000e+00   0.0000000e+00   0.0000000e+00   0.0000000e+00   0.0000000e+00   0.0000000e+00   0.0000000e+00   0.0000000e+00   0.0000000e+00   0.0000000e+00   0.0000000e+00   0.0000000e+00   0.0000000e+00   0.0000000e+00   0.0000000e+00   0.0000000e+00
   0.0000000e+00   0.0000000e+00   0.0000000e+00   0.0000000e+00   0.0000000e+00   0.0000000e+00   2.5771797e-01   7.2747267e-02   1.7686471e-01   3.2541560e-01   1.9876208e-01  -2.2514025e-02   1.1660540e-01   2.1725160e-01   2.8992162e-01   6.1714854e-02   0.0000000e+00   0.0000000e+00   3.2852465e-01   3.5217685e-01   2.1292120e-01   1.9394333e-01   2.9809069e-01   9.8738459e-02   5.8637959e-02   1.9798591e-01   1.4274167e-01   2.5511847e-01   1.1437842e-01   2.3952619e-01   1.8884673e-01   2.1287775e-02   9.7093208e-02  -1.2480714e-02  -5.4609728e-02   3.0547375e-01   8.2063586e-02   2.4904797e-01   1.6261188e-01   1.4074236e-01   2.1121692e-01  -1.1908581e-02   2.3460406e-01   3.1019821e-01  -2.4066861e-02   3.9342005e-02   2.9413526e-01   1.2025268e-01  -7.0265787e-02   0.0000000e+00   0.0000000e+00   1.0138904e-01   2.2542187e-01   2.6319891e-01   2.1493560e-01   5.7200667e-02   5.1366329e-02   1.0756590e-01   8.8507674e-02   9.6375160e-02   1.2710274e-01   1.1575587e-01   6.6014495e-02   1.4472804e-01   4.6757651e-02   1.5972492e-01   1.6052444e-01   7.1401979e-02   1.0928122e-01   2.2214055e-01   1.0382504e-01   1.3842682e-01   8.9881698e-02   1.5073441e-01   0.0000000e+00   3.8640930e-02   2.1517451e-01   2.0253238e-01   1.4604904e-01   1.4450297e-01   1.9581331e-01   1.4169272e-01   1.8149735e-01   1.6196376e-01   1.4313241e-01   2.7377757e-02   1.2882084e-01   9.9444741e-02   9.4923291e-02   1.8153320e-01   1.4048878e-01   1.5205960e-01  -5.2171439e-02   1.9407164e-01   1.5624664e-01   1.6999894e-01  -7.1994857e-02   4.5276579e-02   1.5572116e-01  -2.6721465e-02   1.9380146e-01   9.7372830e-02  -5.6627035e-02   8.7362995e-02  -5.8567054e-02   2.8849050e-02   4.1728550e-02   1.0746172e-01   5.2293456e-02   1.2618139e-01   1.6582418e-02   0.0000000e+00   0.0000000e+00   1.0780846e-01   0.0000000e+00   6.1845795e-02   1.2860138e-01   2.5953501e-01
   0.0000000e+00   0.0000000e+00   0.0000000e+00   0.0000000e+00   0.0000000e+00   0.0000000e+00   0.0000000e+00   0.0000000e+00   0.0000000e+00   0.0000000e+00   0.0000000e+00   0.0000000e+00   0.0000000e+00   0.0000000e+00   0.0000000e+00   0.0000000e+00   0.0000000e+00   0.0000000e+00   0.0000000e+00   0.0000000e+00   0.0000000e+00   0.0000000e+00   0.0000000e+00   0.0000000e+00   0.0000000e+00   0.0000000e+00   0.0000000e+00   0.0000000e+00   0.0000000e+00   0.0000000e+00   0.0000000e+00   0.0000000e+00   0.0000000e+00   0.0000000e+00   0.0000000e+00   0.0000000e+00   0.0000000e+00   0.0000000e+00   0.0000000e+00   0.0000000e+00   0.0000000e+00   0.0000000e+00   0.0000000e+00   0.0000000e+00   0.0000000e+00   0.0000000e+00   0.0000000e+00   0.0000000e+00   0.0000000e+00   0.0000000e+00   0.0000000e+00   0.0000000e+00   0.0000000e+00   0.0000000e+00   0.0000000e+00   0.0000000e+00   0.0000000e+00   0.0000000e+00   0.0000000e+00   0.0000000e+00   0.0000000e+00   0.0000000e+00   0.0000000e+00   0.0000000e+00   0.0000000e+00   0.0000000e+00   0.0000000e+00   0.0000000e+00   0.0000000e+00   0.0000000e+00   0.0000000e+00   0.0000000e+00   0.0000000e+00   0.0000000e+00   0.0000000e+00   0.0000000e+00   0.0000000e+00   0.0000000e+00   0.0000000e+00   0.0000000e+00   0.0000000e+00   0.0000000e+00   0.0000000e+00   0.0000000e+00   0.0000000e+00   0.0000000e+00   0.0000000e+00   0.0000000e+00   0.0000000e+00   0.0000000e+00   0.0000000e+00   0.0000000e+00   0.0000000e+00   0.0000000e+00   0.0000000e+00   0.0000000e+00   0.0000000e+00   0.0000000e+00   0.0000000e+00   0.0000000e+00   0.0000000e+00   0.0000000e+00   0.0000000e+00   0.0000000e+00   0.0000000e+00   0.0000000e+00   0.0000000e+00   0.0000000e+00   0.0000000e+00   0.0000000e+00   0.0000000e+00   0.0000000e+00   0.0000000e+00   0.0000000e+00   0.0000000e+00   0.0000000e+00   0.0000000e+00   0.0000000e+00
   0.0000000e+00   0.0000000e+00   0.0000000e+00   0.0000000e+00   0.0000000e+00   0.0000000e+00   0.0000000e+00   0.0000000e+00   0.0000000e+00   0.0000000e+00   0.0000000e+00   0.0000000e+00   0.0000000e+00   0.0000000e+00   0.0000000e+00   0.0000000e+00   0.0000000e+00   0.0000000e+00   0.0000000e+00   0.0000000e+00   0.0000000e+00   0.0000000e+00   0.0000000e+00   0.0000000e+00   0.0000000e+00   0.0000000e+00   0.0000000e+00   0.0000000e+00   0.0000000e+00   0.0000000e+00   0.0000000e+00   0.0000000e+00   0.0000000e+00   0.0000000e+00   0.0000000e+00   0.0000000e+00   0.0000000e+00   0.0000000e+00   0.0000000e+00   0.0000000e+00   0.0000000e+00   0.0000000e+00   0.0000000e+00   0.0000000e+00   0.0000000e+00   0.0000000e+00   0.0000000e+00   0.0000000e+00   0.0000000e+00   0.0000000e+00   0.0000000e+00   0.0000000e+00   0.0000000e+00   0.0000000e+00   0.0000000e+00   0.0000000e+00   0.0000000e+00   0.0000000e+00   0.0000000e+00   0.0000000e+00   0.0000000e+00   0.0000000e+00   0.0000000e+00   0.0000000e+00   0.0000000e+00   0.0000000e+00   0.0000000e+00   0.0000000e+00   0.0000000e+00   0.0000000e+00   0.0000000e+00   0.0000000e+00   0.0000000e+00   0.0000000e+00   0.0000000e+00   0.0000000e+00   0.0000000e+00   0.0000000e+00   0.0000000e+00   0.0000000e+00   0.0000000e+00   0.0000000e+00   0.0000000e+00   0.0000000e+00   0.0000000e+00   0.0000000e+00   0.0000000e+00   0.0000000e+00   0.0000000e+00   0.0000000e+00   0.0000000e+00   0.0000000e+00   0.0000000e+00   0.0000000e+00   0.0000000e+00   0.0000000e+00   0.0000000e+00   0.0000000e+00   0.0000000e+00   0.0000000e+00   0.0000000e+00   0.0000000e+00   0.0000000e+00   0.0000000e+00   0.0000000e+00   0.0000000e+00   0.0000000e+00   0.0000000e+00   0.0000000e+00   0.0000000e+00   0.0000000e+00   0.0000000e+00   0.0000000e+00   0.0000000e+00   0.0000000e+00   0.0000000e+00   0.0000000e+00   0.0000000e+00
   0.0000000e+00   0.0000000e+00   0.0000000e+00   2.5771797e-01   0.0000000e+00   0.0000000e+00   0.0000000e+00  -4.0964769e-02  -8.3778577e-02   1.2359991e-01   4.2014928e-01   7.6248838e-03   2.0128294e-01   7.9521857e-02   4.0016388e-01   1.0182576e-01   0.0000000e+00   0.0000000e+00   2.4877577e-01   3.9634587e-01   1.4888556e-01   2.2140455e-01   6.2145857e-02   7.7339417e-02   1.6762256e-01  -9.9070244e-02   4.2937374e-01   2.8195615e-01   3.3606479e-01   2.7487197e-01   4.2620200e-01   1.7014260e-01   2.9729978e-01   2.0302916e-01   1.6167641e-01   4.8367810e-01   4.7278624e-01   3.0650292e-01   3.6041941e-01   2.9344683e-01   5.6642487e-02   1.5212484e-01   4.4748935e-01   3.3332097e-01   1.0198086e-01   2.4883846e-01   6.2229081e-01   2.8954359e-01  -3.6193312e-02   0.0000000e+00   0.0000000e+00   3.6462959e-01   3.5738876e-01   3.6208803e-01   3.6414860e-01   2.8567081e-01   1.1882895e-01   1.8055924e-01   8.7156705e-02  -1.2764760e-01  -7.9866933e-02   7.8975928e-02  -1.1747075e-01   4.6821084e-01   1.1958339e-01   2.8185111e-01   4.3198135e-02   2.7414925e-01   1.7849508e-01   3.0330297e-01   1.5920596e-01   2.5368845e-01   3.5012798e-01   3.7339892e-01   0.0000000e+00  -4.2496924e-02   2.6907769e-01   1.8706421e-01   2.1464380e-01  -1.0718329e-02   2.7570416e-01   1.3277342e-01   2.7755704e-01   8.9170874e-03   1.1454537e-02   6.1947893e-02   6.0501695e-02  -3.7382036e-02  -5.7950534e-03   1.1805222e-01   1.8588046e-01   3.3022431e-01  -1.1533853e-01   2.6615116e-01   2.0623957e-01   7.3575009e-02  -1.8985490e-02  -1.4518452e-02   5.2673446e-02  -1.7889298e-01   5.0708942e-01   2.8530050e-01  -2.2401308e-01  -1.1986025e-01  -1.8950446e-02   1.2768802e-01   7.3180436e-02   6.6555924e-02   4.8101659e-02   1.4285072e-01   5.6814998e-02   0.0000000e+00   0.0000000e+00   2.2653401e-01   0.0000000e+00  -1.2709821e-01  -1.5513600e-02   2.4772958e-01
   0.0000000e+00   0.0000000e+00   0.0000000e+00   7.2747267e-02   0.0000000e+00   0.0000000e+00  -4.0964769e-02   0.0000000e+00   3.9799466e-01  -8.3166032e-03  -1.4868296e-01   7.5912361e-02  -6.6288107e-02   2.3417656e-02  -3.9896390e-02   9.4716671e-02   0.0000000e+00   0.0000000e+00   5.8001918e-02  -1.5843180e-01  -8.5984082e-02  -7.1176613e-02  -6.2462598e-02  -1.4020852e-01  -8.0243562e-02   2.5176622e-01  -1.1531388e-01  -1.5098513e-01  -1.3894175e-01  -3.3100553e-02  -2.5469124e-01  -8.3151986e-02   1.8027521e-01   1.2346847e-01   1.0605638e-01   4.3295380e-02  -2.0095706e-02  -7.4868717e-02  -3.0372395e-02  -1.1785829e-01  -1.3567627e-01   2.8393987e-02  -1.0822129e-01  -2.4740416e-02  -7.5847802e-02   4.5180694e-02  -1.1436877e-01  -3.4432492e-02  -5.7383551e-02   0.0000000e+00   0.0000000e+00  -7.5209550e-02   3.4389882e-02   1.0242283e-01  -8.3629750e-02  -5.1911761e-02  -1.0659572e-01  -9.1015318e-02   5.8057097e-02   6.4498352e-02   1.1544659e-01   1.2331848e-01   2.3761903e-01  -1.8528886e-01  -3.7427481e-02   9.5190105e-02   2.0081440e-01  -1.7062740e-01   3.6133935e-01  -2.4395097e-01   2.6160133e-02  -1.3732427e-01  -1.0870397e-01  -7.0529954e-02   0.0000000e+00   3.8203400e-01  -4.7702036e-02   2.2952354e-02  -3.3169858e-02   3.1938175e-01  -1.6955549e-01   7.8123715e-04  -1.9245172e-02   1.0229820e-01  -6.7757837e-02   1.2174842e-01   9.3427249e-02   2.5661069e-01   2.5758687e-01   1.3107286e-02   3.6642221e-02  -9.7339996e-02  -4.1643046e-02   1.3146769e-01   1.0783673e-01   1.9330787e-01   2.1551125e-02   2.2258161e-02   5.2197713e-02   9.7062837e-02  -1.2837757e-01  -4.3014675e-02   4.4071561e-01   5.5162193e-02   1.6677625e-01   1.5299544e-02   2.7122818e-01   5.2724133e-02   2.4431567e-01   2.0999690e-01   2.4959794e-01   0.0000000e+00   0.0000000e+00  -6.9607778e-02   0.0000000e+00   7.0811607e-01   5.7836926e-01   6.9004811e-03
   0.0000000e+00   0.0000000e+00   0.0000000e+00   1.7686471e-01   0.0000000e+00   0.0000000e+00  -8.3778577e-02   3.9799466e-01   0.0000000e+00  -1.1110143e-02  -7.4625482e-02   4.8936410e-02  -8.0321472e-02  -5.0511756e-04  -2.5262524e-02   1.1149836e-01   0.0000000e+00   0.0000000e+00   2.5685883e-01  -2.1117495e-01  -1.4103439e-01  -1.4442572e-01  -6.3120780e-02  -2.2103369e-01  -1.0321483e-01   1.8908842e-01  -1.7204532e-01   3.4356882e-02  -1.3581779e-01  -7.6439513e-02  -7.1526161e-02  -1.7250052e-01   1.7995821e-01   1.6344757e-01   6.6563754e-02   8.9306332e-02  -4.0969514e-02   5.4131869e-02  -2.1812647e-02  -1.3867548e-01   2.9944082e-01   6.0766768e-02  -1.3536594e-01   5.7987278e-02  -1.1686042e-01   1.3022784e-01  -1.9532757e-02   2.1356732e-02   1.4970405e-01   0.0000000e+00   0.0000000e+00  -7.0550421e-02   5.7381857e-02   3.8555159e-02   4.0563117e-03  -8.5710471e-03  -2.0125354e-01   4.4626243e-02   2.6592591e-01   9.0836647e-04   8.6398706e-02   9.0550607e-02   3.5996056e-01  -4.2492169e-02   1.0638551e-01   1.3500789e-01   4.2149326e-01   4.6933035e-02   2.7178150e-01  -1.4464168e-01  -3.5175691e-02  -1.4545778e-01   2.0265463e-02  -5.4764017e-02   0.0000000e+00   3.4389496e-01   4.0292587e-03   5.8922214e-02  -5.2576500e-03   2.2151120e-01  -2.0084797e-01  -5.7275407e-02  -1.0736668e-01   3.6940606e-02  -2.1198584e-02   2.2492011e-01   1.8239030e-01   1.8076968e-01   2.4548912e-01  -2.0192056e-03   4.5389085e-02  -1.7203208e-01   1.7320341e-01   2.6233117e-01   1.6856152e-01   3.1026465e-01   1.8804061e-01   1.5027373e-01   8.6426561e-02   1.7171170e-01   7.0026692e-02   2.3938263e-01   3.8875487e-01   1.4346742e-01   1.5341684e-01   1.2792372e-01   2.8466587e-01   2.1751565e-01   2.7709339e-01   3.6302576e-01   5.4236065e-01   0.0000000e+00   0.0000000e+00  -8.8529156e-02   0.0000000e+00   3.3244722e-01   3.0598920e-01  -3.1739964e-02
   0.0000000e+00   0.0000000e+00   0.0000000e+00   3.2541560e-01   0.0000000e+00   0.0000000e+00   1.2359991e-01  -8.3166032e-03  -1.1110143e-02   0.0000000e+00   3.5060949e-01  -1.8308017e-02  -2.6170135e-01   2.4599568e-01   1.0215752e-01  -6.0212067e-02   0.0000000e+00   0.0000000e+00   6.0216894e-02   3.6983015e-01   3.5267306e-01   3.2112072e-01   4.2035811e-01   2.2761750e-01   2.4553023e-01   2.9384062e-01   2.0541529e-01   5.7096724e-01   3.2376262e-01   3.8434363e-01   1.5213004e-01   2.8557728e-01  -9.5949024e-02  -2.3973574e-01  -2.1561563e-02   2.9916823e-01   1.9997039e-01   6.2453651e-01   4.3285996e-01   6.5102494e-01   3.6721965e-01   2.3560280e-01   1.9521952e-01   2.8752216e-01   1.3077639e-01  -6.6888749e-03   1.5867399e-01  -8.5568626e-02  -3.0275950e-01   0.0000000e+00   0.0000000e+00  -3.7301752e-03   4.3185058e-01  -4.5905204e-02   3.0235599e-02  -6.9890168e-02   1.0909202e-01  -1.6763790e-01  -7.0444880e-02   7.6469952e-02  -2.8727565e-02  -4.2484460e-02   6.9076378e-02  -4.4395783e-02  -2.8106130e-01  -6.9722321e-03   1.2190205e-01  -1.5765957e-01   7.3293353e-02   9.7758498e-02   1.6261720e-01   2.0735831e-01  -5.8045531e-02   1.2411664e-01   0.0000000e+00  -1.0794069e-01   1.5677678e-01   2.4434222e-01   1.1377852e-01   4.2584808e-02   3.5986735e-01   2.7194258e-01   2.6085694e-01   1.6991842e-01   2.4527927e-01   2.7376655e-02   2.4504310e-01  -2.4488800e-02   2.3376239e-01   1.0757021e-01   1.6567924e-01   3.3325163e-02  -6.3381503e-02  -5.3923579e-02   9.1326957e-02   2.2706924e-01  -3.9912284e-01   1.0022349e-01   1.2904122e-01  -1.9250249e-02   8.4485084e-02  -1.0181002e-01  -1.9859299e-01  -1.2752399e-01  -2.1488860e-01  -2.8798666e-01   2.4478022e-02  -1.8642393e-01  -3.2851562e-01   4.3482139e-02  -2.5787186e-01   0.0000000e+00   0.0000000e+00  -8.3793383e-02   0.0000000e+00   2.6088008e-02   7.6374884e-02   2.4283971e-01
   0.0000000e+00   0.0000000e+00   0.0000000e+00   1.9876208e-01   0.0000000e+00   0.0000000e+00   4.2014928e-01  -1.4868296e-01  -7.4625482e-02   3.5060949e-01   0.0000000e+00   4.8249272e-02   3.8835010e-02   1.3663083e-01   2.8097105e-01   1.1425204e-01   0.0000000e+00   0.0000000e+00   1.9286727e-01   3.5819297e-01   3.7478958e-01   2.9647544e-01   1.8820927e-01   1.4958300e-01   3.0918109e-01  -1.8080031e-02   3.5044764e-01   3.4588887e-01   4.0133195e-01   2.9965560e-01   3.6894889e-01   1.6837099e-01   1.6017012e-01   8.4568012e-02   1.3234958e-01   5.3111374e-01   3.7100435e-01   5.0100554e-01   4.7732616e-01   4.5811587e-01   2.8026386e-01   2.7567983e-01   2.8769284e-01   3.6634839e-01   1.6881729e-01   2.6764062e-01   3.5868346e-01   1.9603446e-01  -6.9129879e-02   0.0000000e+00   0.0000000e+00   1.9745107e-01   3.8090812e-01   1.0669612e-01   2.2790159e-01   1.4983017e-01   2.5080754e-01   6.3586768e-02   1.3286313e-01  -2.7076367e-02  -1.1032812e-01   1.4486615e-02  -1.1279463e-01   1.7786678e-01   7.1752668e-02   1.0642697e-01   9.6823245e-02   5.8628770e-02   5.0697832e-02   1.5306442e-01   1.0215889e-01   9.9788015e-02   6.9584848e-02   2.6286649e-01   0.0000000e+00   3.2571636e-02   1.4071392e-01   2.1495126e-01   4.3766126e-02  -1.1492870e-01   1.9394079e-01   6.4447350e-02   1.9246212e-01   2.7436788e-02  -1.1054499e-02  -1.6848451e-02  -3.3990531e-02  -1.4217175e-01  -8.0294433e-02   7.8520909e-02   9.8836483e-02   1.2136352e-01  -1.8156564e-02   2.8430310e-02   1.2489447e-01   1.5830019e-01  -1.7772563e-02   1.1152369e-01   7.6628721e-02  -4.1321895e-02   3.3521943e-01   1.6573460e-01  -1.4791226e-01  -2.5926475e-02   6.9235252e-02  -4.2901206e-03  -3.3920527e-03   1.2759540e-02  -1.8966408e-02   6.0773864e-02  -4.2358255e-02   0.0000000e+00   0.0000000e+00   1.7452561e-01   0.0000000e+00  -1.6115093e-01  -1.4163779e-01   1.9578550e-01
   0.0000000e+00   0.0000000e+00   0.0000000e+00  -2.2514025e-02   0.0000000e+00   0.0000000e+00   7.6248838e-03   7.5912361e-02   4.8936410e-02  -1.8308017e-02   4.8249272e-02   0.0000000e+00   2.6096460e-02   4.5235467e-04  -2.9946752e-02   3.9031312e-02   0.0000000e+00   0.0000000e+00   1.1973113e-01  -2.3928685e-03  -1.2583439e-01  -1.1729092e-01  -3.7955812e-02  -3.1885003e-03  -1.5113674e-01   1.6298109e-01  -2.7194414e-02   6.5681585e-02  -1.6608667e-01  -6.1616006e-02  -6.5504598e-02   6.6256780e-02   1.0432881e-01   1.0108394e-01   6.7559807e-02  -2.9196745e-02  -1.1358429e-01  -1.0766899e-01  -2.0267116e-01   5.1109370e-02   1.3551113e-01  -8.6944802e-02  -8.4311717e-02   1.0896156e-01  -9.2520248e-02   6.2043225e-03   2.6275620e-02  -3.3328508e-03   1.5283330e-01   0.0000000e+00   0.0000000e+00  -4.6491124e-02  -4.3649455e-02  -7.6506301e-02   1.4480667e-01   6.4483635e-02  -1.9572667e-01  -1.2113143e-03   2.3202868e-01   1.1207173e-01   2.0266199e-01   1.5098379e-01   1.0864700e-01  -2.4004430e-02   2.7432471e-02  -1.5593215e-02   3.1232324e-02   1.7461578e-01   5.7434146e-02   2.7796986e-01   8.4277877e-02   1.4879724e-01   2.7425218e-01   1.2797002e-01   0.0000000e+00  -2.3441563e-02   1.8262045e-01   1.1895227e-01   2.5695499e-01   6.8132775e-02   1.4404067e-01   1.5333826e-01  -3.8465514e-02   5.0028787e-02   1.1805124e-01   1.0624704e-01   8.9418307e-02   1.9558426e-01   5.7029162e-02   9.9653195e-02   2.7603548e-01   3.2267379e-01   2.8917936e-02   1.8828647e-01   8.4835190e-02   5.6772581e-02   1.5636675e-01   1.2269033e-01   1.0387219e-01  -1.1625787e-02   6.4933337e-02   3.0972126e-02   2.0093272e-01   1.4653752e-01   1.2851955e-01   3.7897798e-02  -1.7617391e-02   1.0677817e-01   1.9079642e-01   2.0796530e-02   1.3449312e-01   0.0000000e+00   0.0000000e+00   1.2608520e-01   0.0000000e+00   3.0013715e-02   6.7114872e-02   7.2834906e-02
   0.0000000e+00   0.0000000e+00   0.0000000e+00   1.1660540e-01   0.0000000e+00   0.0000000e+00   2.0128294e-01  -6.6288107e-02  -8.0321472e-02  -2.6170135e-01   3.8835010e-02   2.6096460e-02   0.0000000e+00  -1.2443653e-01   5.4472941e-01   3.3953204e-01   0.0000000e+00   0.0000000e+00   3.0866390e-01   3.8261918e-01   1.9395132e-01   8.3829893e-02  -7.8386708e-02   6.4644232e-02   1.9099631e-01  -1.8293894e-01   2.1257055e-01  -1.9683616e-01   2.2725394e-01  -2.3109922e-02   2.6116080e-01  -6.0785871e-02   2.2454286e-01   2.9885718e-01   1.1151912e-01   1.4303819e-01   2.1211025e-01   3.3846917e-04   3.1393595e-02  -7.6809299e-02   1.0207331e-01  -6.4620210e-02   1.9289013e-01   8.5434373e-02   8.6184293e-02   3.7916306e-01   1.1051373e-01   6.5141862e-01   5.1325524e-01   0.0000000e+00   0.0000000e+00   3.6285186e-01  -3.5239244e-02   2.3833528e-01   4.0924637e-01   5.4772993e-01   2.0487994e-01   5.8805314e-01   2.4773765e-01   1.2421377e-03   1.6706870e-01   2.6252206e-01  -1.0771777e-01   5.5467615e-01   5.9523237e-01   2.4924509e-01  -1.1726431e-01   2.6548831e-01  -6.3815397e-03   3.4742599e-01   7.0505012e-03  -1.7435039e-01  -3.3548615e-02  -2.3946369e-02   0.0000000e+00   8.4248857e-02   9.4612884e-02  -4.5043313e-02  -6.9513939e-02   7.3169289e-02  -7.9869023e-02  -1.8303132e-01   1.1907536e-01   6.7700377e-02   5.2795965e-02  -1.8537491e-01  -2.8285055e-02   7.5945970e-02  -1.5065800e-01   9.0567714e-02  -7.8574243e-02   1.2519662e-01  -5.8614186e-02   1.9996611e-01   3.7123768e-02  -2.1413846e-01   2.4176706e-01  -1.6827806e-02  -5.8371358e-02  -5.7375685e-02   1.6213394e-01   2.3258141e-01  -1.8789633e-01   1.8481269e-01   2.6915338e-01   6.8638586e-01  -2.1648703e-02   4.6136515e-01   4.1983720e-01   2.6936695e-01   2.6594708e-01   0.0000000e+00   0.0000000e+00   4.0888873e-01   0.0000000e+00  -8.4353081e-02  -1.4694862e-02   5.5807374e-02
   0.0000000e+00   0.0000000e+00   0.0000000e+00   2.1725160e-01   0.0000000e+00   0.0000000e+00   7.9521857e-02   2.3417656e-02  -5.0511756e-04   2.4599568e-01   1.3663083e-01   4.5235467e-04  -1.2443653e-01   0.0000000e+00  -6.4972387e-02  -5.3958963e-02   0.0000000e+00   0.0000000e+00   1.0884178e-01   2.4645706e-01   4.2570228e-02   1.6281476e-01   4.6748369e-01   1.3612264e-02   8.6927075e-02   3.7145247e-01  -1.6563196e-03   3.0520355e-01  -3.9431719e-02   1.3427156e-02   2.6651612e-03   1.4223204e-01  -2.8987449e-02  -2.2251601e-02  -9.5719749e-02   2.0427612e-01  -1.8173742e-02   1.6519146e-01   1.2176704e-01   1.2796074e-01   6.5605722e-02   1.1151323e-01   1.0464919e-01   1.4446891e-01   6.1584311e-03   6.5614422e-02   1.0902391e-01  -9.5706227e-02  -1.7364994e-01   0.0000000e+00   0.0000000e+00   5.6234185e-02   1.8624494e-01   6.3818917e-02   1.9957744e-02  -5.9026192e-02   1.1677939e-01  -1.7047911e-01  -3.3654918e-03   2.0519553e-02   5.4724393e-02   1.6317451e-02   5.0354693e-01  -1.1303140e-01   5.1535901e-03   2.4161086e-02  -6.5485758e-02   6.1308547e-02   3.5853169e-02   1.2478288e-01   2.8009297e-01   9.5137929e-02   1.4899541e-01   1.2279283e-01   0.0000000e+00   2.0384577e-02   9.1511612e-02   2.4715055e-01   1.2200797e-01   2.5234636e-02   1.0524559e-01   3.7759549e-01   4.3712914e-02  -1.0925008e-02   1.5080366e-01   8.6222706e-02  -5.3769290e-03   2.7671197e-02   1.8208137e-01   9.7949118e-03   2.4723727e-02   1.6554662e-01   6.6884267e-02   1.8036382e-01   2.4775142e-02   1.6402973e-01  -5.8090941e-02   1.0274308e-01   2.6915201e-01   7.8585112e-03   1.7162913e-01   1.0876540e-01   1.9695890e-01   1.1805907e-02   5.5124313e-02  -1.9272640e-01   5.0958595e-02  -1.9737630e-03   1.4964445e-01   1.6671095e-01  -1.1290613e-01   0.0000000e+00   0.0000000e+00   3.0128226e-02   0.0000000e+00   5.8224981e-02   2.5937343e-02   2.2523611e-01
   0.0000000e+00   0.0000000e+00   0.0000000e+00   2.8992162e-01   0.0000000e+00   0.0000000e+00   4.0016388e-01  -3.9896390e-02  -2.5262524e-02   1.0215752e-01   2.8097105e-01  -2.9946752e-02   5.4472941e-01  -6.4972387e-02   0.0000000e+00   3.6681673e-01   0.0000000e+00   0.0000000e+00   2.5166312e-01   4.3143407e-01   3.1662162e-01   2.2210637e-01   1.4115639e-01   2.4716704e-01   1.8587681e-01  -1.6094856e-02   3.1176417e-01   1.4065430e-01   4.6063974e-01   2.5507299e-01   3.4696701e-01   6.5552553e-03   2.0806602e-01   1.8361976e-01   8.6792911e-02   3.4162984e-01   2.8533893e-01   2.9308642e-01   3.0909593e-01   2.0478552e-01   2.2078773e-01   1.1082710e-01   2.5384040e-01   3.0091343e-01   1.9879392e-01   3.0762930e-01   3.3996540e-01   6.2376788e-01   1.4840711e-01   0.0000000e+00   0.0000000e+00   3.1230814e-01   2.7736152e-01   2.6844916e-01   3.8858553e-01   5.2231433e-01   1.8493895e-01   3.9625346e-01   1.4997035e-01  -1.0082609e-01   3.2112649e-03   1.0430597e-01  -1.3534428e-01   4.1341487e-01   3.1106830e-01   1.9922182e-01   7.6491150e-02   2.5825261e-02   6.0874481e-02   2.0126283e-01   4.3719193e-03  -5.0921647e-02  -8.1798249e-02   1.9350660e-01   0.0000000e+00   1.6656747e-02   1.9411494e-01   8.9422139e-02  -2.0919049e-02  -1.0564425e-02   6.2475080e-02  -5.6095472e-02   1.3314543e-01   2.8592120e-02  -3.0162182e-02  -2.7462791e-02   3.6176642e-02  -6.5529912e-02  -3.3092337e-03   1.3059512e-01   2.0503566e-02   5.9484892e-02  -1.1761463e-01   1.3027806e-01   1.2681241e-01  -9.8207728e-04   1.6045030e-01  -4.0748443e-02  -2.7947443e-02  -6.4989951e-02   3.3974745e-01   1.3044249e-01  -1.4265656e-01   1.4690174e-02   4.9708290e-02   4.2994447e-01   5.9298086e-02   2.2794073e-01   1.3425369e-01   2.3726118e-01   1.4325575e-01   0.0000000e+00   0.0000000e+00   3.0318948e-01   0.0000000e+00  -7.3672174e-02   1.2023508e-02   2.1197425e-01
   0.0000000e+00   0.0000000e+00   0.0000000e+00   6.1714854e-02   0.0000000e+00   0.0000000e+00   1.0182576e-01   9.4716671e-02   1.1149836e-01  -6.0212067e-02   1.1425204e-01   3.9031312e-02   3.3953204e-01  -5.3958963e-02   3.6681673e-01   0.0000000e+00   0.0000000e+00   0.0000000e+00   3.1596221e-01   1.5376234e-01   1.3613585e-01   1.4445934e-01   1.1266263e-01   1.2699485e-01   1.8272219e-01  -4.3060606e-02   1.8555477e-01   2.6172297e-02   3.9402538e-01   8.7050048e-02   1.5797991e-01   1.9020641e-01   4.7556243e-01   4.0947276e-01   3.4333515e-01   4.4526703e-01   3.5733163e-01   2.4727673e-01   3.1499625e-01   1.5512694e-01   2.4356927e-01   1.8663306e-01   1.8037655e-01   2.9067269e-01   2.2484790e-01   4.4830788e-01   8.6512974e-02   5.2119868e-01   2.8730015e-01   0.0000000e+00   0.0000000e+00   2.9942009e-01   2.2607725e-01   3.1828794e-01   4.9346659e-01   3.9347889e-01   2.4239400e-01   2.8353594e-01   3.9284039e-01  -7.2628033e-02   9.2066460e-02   1.5873598e-01  -8.5553971e-03   2.9191328e-01   4.1035967e-01   3.2065954e-01   7.3938138e-02   7.8099383e-02   6.9745512e-02   6.1654367e-02  -1.2473896e-02  -1.7784080e-01  -2.3667547e-01  -1.6900592e-02   0.0000000e+00   1.1085831e-01  -8.7129577e-03   2.0414028e-01  -8.3312169e-02  -5.4427552e-02  -8.6276318e-02  -8.8074987e-02   6.4081863e-02  -1.0542922e-01   1.0750409e-01   5.3575838e-02   3.1533034e-02  -3.1630375e-02   1.2326732e-01  -5.9977794e-02  -8.9221643e-03  -2.6404707e-02   1.6059647e-01   2.1068194e-01   2.3756480e-01   5.5741866e-02   4.0261006e-01   1.1534376e-01   1.2343228e-01   1.5009989e-01   2.9797213e-01   3.4216290e-01   1.1777236e-01   7.8471156e-02   3.2690545e-01   2.7949585e-01   2.0597921e-01   4.1611724e-01   3.2157051e-01   4.9579022e-01   3.2199146e-01   0.0000000e+00   0.0000000e+00   3.8301864e-01   0.0000000e+00   9.1559671e-02  -4.4686472e-03   6.9998369e-03
   0.0000000e+00   0.0000000e+00   0.0000000e+00   0.0000000e+00   0.0000000e+00   0.0000000e+00   0.0000000e+00   0.0000000e+00   0.0000000e+00   0.0000000e+00   0.0000000e+00   0.0000000e+00   0.0000000e+00   0.0000000e+00   0.0000000e+00   0.0000000e+00   0.0000000e+00   0.0000000e+00   0.0000000e+00   0.0000000e+00   0.0000000e+00   0.0000000e+00   0.0000000e+00   0.0000000e+00   0.0000000e+00   0.0000000e+00   0.0000000e+00   0.0000000e+00   0.0000000e+00   0.0000000e+00   0.0000000e+00   0.0000000e+00   0.0000000e+00   0.0000000e+00   0.0000000e+00   0.0000000e+00   0.0000000e+00   0.0000000e+00   0.0000000e+00   0.0000000e+00   0.0000000e+00   0.0000000e+00   0.0000000e+00   0.0000000e+00   0.0000000e+00   0.0000000e+00   0.0000000e+00   0.0000000e+00   0.0000000e+00   0.0000000e+00   0.0000000e+00   0.0000000e+00   0.0000000e+00   0.0000000e+00   0.0000000e+00   0.0000000e+00   0.0000000e+00   0.0000000e+00   0.0000000e+00   0.0000000e+00   0.0000000e+00   0.0000000e+00   0.0000000e+00   0.0000000e+00   0.0000000e+00   0.0000000e+00   0.0000000e+00   0.0000000e+00   0.0000000e+00   0.0000000e+00   0.0000000e+00   0.0000000e+00   0.0000000e+00   0.0000000e+00   0.0000000e+00   0.0000000e+00   0.0000000e+00   0.0000000e+00   0.0000000e+00   0.0000000e+00   0.0000000e+00   0.0000000e+00   0.0000000e+00   0.0000000e+00   0.0000000e+00   0.0000000e+00   0.0000000e+00   0.0000000e+00   0.0000000e+00   0.0000000e+00   0.0000000e+00   0.0000000e+00   0.0000000e+00   0.0000000e+00   0.0000000e+00   0.0000000e+00   0.0000000e+00   0.0000000e+00   0.0000000e+00   0.0000000e+00   0.0000000e+00   0.0000000e+00   0.0000000e+00   0.0000000e+00   0.0000000e+00   0.0000000e+00   0.0000000e+00   0.0000000e+00   0.0000000e+00   0.0000000e+00   0.0000000e+00   0.0000000e+00   0.0000000e+00   0.0000000e+00   0.0000000e+00   0.0000000e+00   0.0000000e+00   0.0000000e+00
   0.0000000e+00   0.0000000e+00   0.0000000e+00   0.0000000e+00   0.0000000e+00   0.0000000e+00   0.0000000e+00   0.0000000e+00   0.0000000e+00   0.0000000e+00   0.0000000e+00   0.0000000e+00   0.0000000e+00   0.0000000e+00   0.0000000e+00   0.0000000e+00   0.0000000e+00   0.0000000e+00   0.0000000e+00   0.0000000e+00   0.0000000e+00   0.0000000e+00   0.0000000e+00   0.0000000e+00   0.0000000e+00   0.0000000e+00   0.0000000e+00   0.0000000e+00   0.0000000e+00   0.0000000e+00   0.0000000e+00   0.0000000e+00   0.0000000e+00   0.0000000e+00   0.0000000e+00   0.0000000e+00   0.0000000e+00   0.0000000e+00   0.0000000e+00   0.0000000e+00   0.0000000e+00   0.0000000e+00   0.0000000e+00   0.0000000e+00   0.0000000e+00   0.0000000e+00   0.0000000e+00   0.0000000e+00   0.0000000e+00   0.0000000e+00   0.0000000e+00   0.0000000e+00   0.0000000e+00   0.0000000e+00   0.0000000e+00   0.0000000e+00   0.0000000e+00   0.0000000e+00   0.0000000e+00   0.0000000e+00   0.0000000e+00   0.0000000e+00   0.0000000e+00   0.0000000e+00   0.0000000e+00   0.0000000e+00   0.0000000e+00   0.0000000e+00   0.0000000e+00   0.0000000e+00   0.0000000e+00   0.0000000e+00   0.0000000e+00   0.0000000e+00   0.0000000e+00   0.0000000e+00   0.0000000e+00   0.0000000e+00   0.0000000e+00   0.0000000e+00   0.0000000e+00   0.0000000e+00   0.0000000e+00   0.0000000e+00   0.0000000e+00   0.0000000e+00   0.0000000e+00   0.0000000e+00   0.0000000e+00   0.0000000e+00   0.0000000e+00   0.0000000e+00   0.0000000e+00   0.0000000e+00   0.0000000e+00   0.0000000e+00   0.0000000e+00   0.0000000e+00   0.0000000e+00   0.0000000e+00   0.0000000e+00   0.0000000e+00   0.0000000e+00   0.0000000e+00   0.0000000e+00   0.0000000e+00   0.0000000e+00   0.0000000e+00   0.0000000e+00   0.0000000e+00   0.0000000e+00   0.0000000e+00   0.0000000e+00   0.0000000e+00   0.0000000e+00   0.0000000e+00   0.0000000e+00   0.0000000e+00
   0.0000000e+00   0.0000000e+00   0.0000000e+00   3.2852465e-01   0.0000000e+00   0.0000000e+00   2.4877577e-01   5.8001918e-02   2.5685883e-01   6.0216894e-02   1.9286727e-01   1.1973113e-01   3.0866390e-01   1.0884178e-01   2.5166312e-01   3.1596221e-01   0.0000000e+00   0.0000000e+00   0.0000000e+00   2.3571617e-01   2.2009904e-01   1.5920486e-01   1.3353097e-01   8.7234562e-02   1.9444682e-01   3.2614207e-02   2.0055597e-01   1.7252380e-01   2.2627925e-01   1.6226694e-01   2.3394586e-01   2.1063469e-01   2.6067861e-01   2.3174455e-01   1.9057211e-01   3.7776305e-01   2.5697553e-01   3.0216752e-01   2.8711550e-01   1.3207415e-01   3.4133573e-01   2.4713487e-01   2.1074030e-01   3.0766795e-01   1.0990907e-01   3.5181805e-01   2.3275535e-01   2.9757317e-01   3.0562477e-01   0.0000000e+00   0.0000000e+00   2.6618809e-01   2.4445294e-01   1.5316648e-01   3.4719403e-01   1.9925066e-01   2.5275389e-01   2.9357969e-01   5.5070950e-01   1.0286070e-01   7.1075807e-02   2.2902476e-01   1.0690959e-01   2.7249465e-01   2.9225072e-01   2.0913766e-01   2.5444767e-01   4.0394383e-01   1.4766009e-01   2.6226496e-01   1.5875043e-01  -3.1745387e-02  -2.2867378e-02   3.4051130e-03   0.0000000e+00   2.8574402e-01   1.4740941e-01   3.0078736e-01   1.6294420e-01   1.5903769e-01   1.3048118e-01   1.3232193e-01   2.2135888e-01   5.6326476e-02   2.1949019e-01   7.0286640e-02   1.6124870e-01   1.8738541e-01   1.0280850e-01   1.3271581e-01   1.7630655e-01   2.2262547e-01   1.4689212e-01   3.8953562e-01   3.0335820e-01   1.5234816e-01   6.2033956e-02   2.9869454e-01   2.0918100e-01   1.8051468e-01   3.6089334e-01   4.5564225e-01   2.7175442e-02   3.3641270e-01   2.2091546e-01   3.1244106e-01   4.8228954e-02   2.7916414e-01   2.1078281e-01   3.6448582e-01   2.4492665e-01   0.0000000e+00   0.0000000e+00   3.6040556e-01   0.0000000e+00   9.7308428e-02   8.4764023e-02   1.3795134e-01
   0.0000000e+00   0.0000000e+00   0.0000000e+00   3.5217685e-01   0.0000000e+00   0.0000000e+00   3.9634587e-01  -1.5843180e-01  -2.1117495e-01   3.6983015e-01   3.5819297e-01  -2.3928685e-03   3.8261918e-01   2.4645706e-01   4.3143407e-01   1.5376234e-01   0.0000000e+00   0.0000000e+00   2.3571617e-01   0.0000000e+00   5.2100505e-01   6.1580791e-01   4.5192426e-01   4.0281383e-01   3.9666171e-01   1.4056571e-01   6.4195958e-01   4.6527845e-01   4.8436528e-01   5.1508216e-01   5.4500870e-01   3.4986760e-01   8.4758130e-02   3.8608043e-02   1.9215322e-01   5.0656846e-01   4.1486413e-01   4.5764007e-01   3.9087371e-01   4.9457247e-01   2.4926656e-01   9.4784648e-02   5.0531292e-01   3.9981769e-01   2.6307531e-01   2.1284405e-01   3.2125457e-01   2.7992478e-01   3.1725201e-02   0.0000000e+00   0.0000000e+00   2.8056303e-01   3.9469301e-01   2.2501740e-01   2.1316132e-01   2.1959841e-01   3.6896991e-01   1.8552525e-01   6.0953443e-02   7.1273788e-02   1.7383906e-02   1.1445539e-01  -1.1043690e-01   3.5825179e-01   2.2206509e-01   7.2872810e-02  -1.0778685e-01   1.1656420e-01  -2.2447317e-02   5.9561951e-01   3.6568264e-01   2.0243261e-01   4.8228905e-02   1.0923968e-01   0.0000000e+00  -1.4716984e-01   2.6304037e-01   2.6467124e-01   1.9280793e-01  -2.0017445e-02   3.6235006e-01   2.6302796e-01   3.9802383e-01   2.1582920e-01   1.3687799e-01  -7.2946444e-02   1.2676885e-02   3.1060671e-02  -4.1854342e-02   1.0810362e-01   1.8403939e-01   3.6775172e-01  -3.1367249e-02   1.3354519e-01   1.1503085e-01  -2.4769987e-03  -4.0086355e-02   1.6942625e-02   1.4242395e-01  -4.0872635e-02   3.5504135e-01   6.5530846e-02  -2.4131474e-01  -4.1872610e-02  -6.0786313e-02   6.1124719e-02  -1.3861355e-01   3.3265282e-02  -5.8781966e-02   2.2255367e-02  -1.5488537e-01   0.0000000e+00   0.0000000e+00   1.4580265e-01   0.0000000e+00  -1.7144609e-01   7.4141153e-03   3.1654768e-01
   0.0000000e+00   0.0000000e+00   0.0000000e+00   2.1292120e-01   0.0000000e+00   0.0000000e+00   1.4888556e-01  -8.5984082e-02  -1.4103439e-01   3.5267306e-01   3.7478958e-01  -1.2583439e-01   1.9395132e-01   4.2570228e-02   3.1662162e-01   1.3613585e-01   0.0000000e+00   0.0000000e+00   2.2009904e-01   5.2100505e-01   0.0000000e+00   6.9122850e-01   2.7081386e-01   3.3412744e-01   6.8026752e-01  -4.1907786e-02   4.2241216e-01   1.9515603e-01   4.9622511e-01   4.1269948e-01   4.2522900e-01   1.4353760e-01  -3.2496748e-02  -1.2803357e-01   8.2252441e-02   3.9858716e-01   3.0422962e-01   5.2610710e-01   4.7321279e-01   3.9941345e-01   1.0968168e-01   1.4308284e-01   2.8455571e-01   2.5317999e-01   3.8859808e-01   1.6014910e-01   2.5821447e-01   1.2458083e-01  -1.2250432e-01   0.0000000e+00   0.0000000e+00   1.7593460e-01   2.7294089e-01   1.5070430e-02   3.4305438e-02   1.2597373e-01   5.4309476e-01   6.9864725e-02   5.2140958e-02   1.4572867e-01  -8.8757763e-02  -4.1508071e-02  -2.3280215e-01   1.3207621e-01   9.2574561e-02  -9.3344909e-02   6.9295949e-02  -2.8652459e-02  -1.6604376e-02   4.3253476e-02   7.1898339e-02   5.8070564e-02  -1.8663386e-01  -1.0564430e-01   0.0000000e+00   4.3376254e-02   6.1079310e-02   1.0049006e-01  -1.1454477e-01  -5.0406532e-02   1.1540386e-01   1.1050163e-02   4.2417291e-01   9.3303930e-02  -3.2619596e-02  -1.9224609e-01  -1.3073416e-01  -4.7380332e-02  -2.4529981e-01   1.3078036e-01  -1.1950431e-02  -2.7151607e-02   5.1013048e-02  -1.1773303e-01  -2.1823561e-02  -2.4709897e-02  -1.9566201e-01   7.1674146e-02  -2.6742471e-02   1.2794945e-01   1.4946108e-01   6.5480662e-02  -2.9751307e-01   1.0389589e-01   4.1238418e-02   4.3590239e-02  -1.7086543e-01  -1.4762832e-01  -2.4651896e-01  -7.8316039e-02  -2.1040508e-01   0.0000000e+00   0.0000000e+00   1.1327350e-01   0.0000000e+00  -1.1796815e-01  -1.1420199e-01   1.8270974e-01
