   0.0000000e+00   0.0000000e+00   1.4413158e-01   1.7031692e-01  -1.2395766e-01   0.0000000e+00   3.8399612e-01  -5.4734560e-03   1.0563345e-01   2.0244651e-02   1.5377988e-01   0.0000000e+00  -8.1275151e-02   7.2440383e-02  -6.7840414e-02  -7.7918440e-02  -2.5633243e-02  -1.2072785e-01   1.2518819e-01  -5.7311587e-02   9.4728468e-02   9.6142757e-02   4.2753488e-04   1.6090600e-01   6.7248164e-02   1.1844602e-01   2.1652630e-02   1.4266786e-02  -1.5385414e-01  -1.6705209e-01  -6.2789908e-02   7.7616992e-03   2.4106116e-02  -6.2184683e-02   8.0399700e-03  -2.5569951e-02   8.1523702e-02   1.3866299e-01   1.2717404e-01   1.8631151e-01   9.4259741e-02   7.3566899e-02   1.8984298e-02   2.3306821e-01  -3.5537898e-03  -3.0301651e-02  -1.0875495e-01  -5.5933597e-02  -1.2910930e-01  -4.9480214e-02   0.0000000e+00   5.5031829e-02   1.1118845e-01   2.3999096e-02  -5.9184451e-02   6.9615482e-02   1.4246619e-01  -1.5351059e-01   1.1761756e-01   5.1043812e-02   1.1765988e-01   1.2791217e-01   3.2040136e-02   1.6369210e-01  -1.0101667e-01   7.0139410e-02  -1.5031670e-01   1.5465848e-01   8.3117787e-02   2.7562489e-02  -7.7224649e-02  -1.3356278e-02   4.0811498e-01   1.4192624e-01   0.0000000e+00   1.2198864e-02   7.7401616e-02   1.1217800e-01   7.9563827e-02  -1.2207165e-02   5.6356792e-02  -1.4774741e-02   9.8948531e-02  -5.3974162e-02  -4.5120721e-03  -1.2680304e-01  -3.8126871e-02   9.8524878e-02  -1.5221078e-02  -1.0282370e-02   7.8783847e-02   5.0386641e-02   1.7771830e-01   1.4796455e-01   9.9278857e-02  -2.3118464e-02  -6.6621422e-02   1.4230664e-01   1.1313431e-01   1.6261204e-01  -2.3811998e-02  -2.7974137e-03   2.3765154e-02   1.1408080e-01   1.2848562e-01  -4.7015020e-02  -1.8391022e-02   4.4176920e-02   8.2223199e-02   1.3445228e-01  -6.3958676e-02   0.0000000e+00   1.3867787e-01  -3.6836931e-02   0.0000000e+00   1.3981432e-02  -1.2018620e-04   1.0111210e-01
   0.0000000e+00   0.0000000e+00   0.0000000e+00   0.0000000e+00   0.0000000e+00   0.0000000e+00   0.0000000e+00   0.0000000e+00   0.0000000e+00   0.0000000e+00   0.0000000e+00   0.0000000e+00   0.0000000e+00   0.0000000e+00   0.0000000e+00   0.0000000e+00   0.0000000e+00   0.0000000e+00   0.0000000e+00   0.0000000e+00   0.0000000e+00   0.0000000e+00   0.0000000e+00   0.0000000e+00   0.0000000e+00   0.0000000e+00   0.0000000e+00   0.0000000e+00   0.0000000e+00   0.0000000e+00   0.0000000e+00   0.0000000e+00   0.0000000e+00   0.0000000e+00   0.0000000e+00   0.0000000e+00   0.0000000e+00   0.0000000e+00   0.0000000e+00   0.0000000e+00   0.0000000e+00   0.0000000e+00   0.0000000e+00   0.0000000e+00   0.0000000e+00   0.0000000e+00   0.0000000e+00   0.0000000e+00   0.0000000e+00   0.0000000e+00   0.0000000e+00   0.0000000e+00   0.0000000e+00   0.0000000e+00   0.0000000e+00   0.0000000e+00   0.0000000e+00   0.0000000e+00   0.0000000e+00   0.0000000e+00   0.0000000e+00   0.0000000e+00   0.0000000e+00   0.0000000e+00   0.0000000e+00   0.0000000e+00   0.0000000e+00   0.0000000e+00   0.0000000e+00   0.0000000e+00   0.0000000e+00   0.0000000e+00   0.0000000e+00   0.0000000e+00   0.0000000e+00   0.0000000e+00   0.0000000e+00   0.0000000e+00   0.0000000e+00   0.0000000e+00   0.0000000e+00   0.0000000e+00   0.0000000e+00   0.0000000e+00   0.0000000e+00   0.0000000e+00   0.0000000e+00   0.0000000e+00   0.0000000e+00   0.0000000e+00   0.0000000e+00   0.0000000e+00   0.0000000e+00   0.0000000e+00   0.0000000e+00   0.0000000e+00   0.0000000e+00   0.0000000e+00   0.0000000e+00   0.0000000e+00   0.0000000e+00   0.0000000e+00   0.0000000e+00   0.0000000e+00   0.0000000e+00   0.0000000e+00   0.0000000e+00   0.0000000e+00   0.0000000e+00   0.0000000e+00   0.0000000e+00   0.0000000e+00   0.0000000e+00   0.0000000e+00   0.0000000e+00   0.0000000e+00   0.0000000e+00   0.0000000e+00
   1.4413158e-01   0.0000000e+00   0.0000000e+00   3.2769068e-03   2.2852831e-02   0.0000000e+00   9.2418629e-02   6.1666830e-02  -1.5738001e-01   4.8628480e-02   1.2653925e-01   0.0000000e+00   5.9593320e-02   2.6073783e-02   7.8024565e-02   1.6477512e-01  -2.5081638e-02   4.6174230e-02   2.1068681e-03   7.7834258e-02   1.4045616e-01   3.1718195e-02  -1.1797460e-02   4.7197960e-03   9.6567621e-02   1.0264669e-02   1.4872188e-01   6.8664581e-02   5.9304997e-02  -3.0316060e-03  -5.1783383e-02   7.0788007e-02   7.3376930e-02   4.1378593e-02   6.1488305e-02   8.7111655e-02  -9.6444493e-03   2.6038292e-02   3.5925637e-02  -5.1244161e-02   1.0490358e-02   5.6414191e-02   4.5347770e-02  -4.1051558e-02  -6.5649827e-02   3.6362159e-02   9.5382677e-02  -2.8566603e-02   3.9586715e-02   1.0298389e-01   0.0000000e+00   2.8333739e-02   7.8206142e-02   6.7809254e-02   1.5651277e-02   7.6124221e-02   5.7697118e-02  -1.0097187e-01   1.8428634e-02  -3.0018208e-02  -4.5367724e-03   2.8919571e-02  -1.4411862e-02   8.4693770e-02  -1.2798426e-01   1.4513276e-01  -1.1069757e-01   1.8050212e-02   5.3843337e-02  -4.8604175e-02  -1.4534990e-01   5.2865863e-02  -1.5613858e-02  -2.3353052e-03   0.0000000e+00  -8.9685707e-02  -1.0532151e-01  -9.2774096e-03   4.5486594e-04   1.6684162e-02   2.0513415e-01   5.2788453e-02   7.3490929e-02   3.4321094e-02   4.6572686e-02  -3.6183201e-02   1.3374722e-03   5.7494770e-02   1.4833540e-01  -6.3335745e-02  -9.8258647e-02   1.9151096e-02   1.5869244e-01  -8.8198690e-03   1.4634350e-02   1.6858804e-01  -1.0853861e-01   5.0057684e-02  -4.3066027e-02   1.7392533e-01  -2.9911918e-02   8.2182740e-02  -1.3232886e-01   1.0997655e-02   1.1311876e-01  -9.1257249e-02  -2.7877016e-02   1.1672326e-02   7.1922156e-02   3.2064949e-02  -1.9334228e-02   0.0000000e+00   2.3613913e-01   1.9287713e-02   0.0000000e+00   1.3491925e-02   7.4521171e-02   1.6186645e-02
   1.7031692e-01   0.0000000e+00   3.2769068e-03   0.0000000e+00   5.1570875e-02   0.0000000e+00   2.1932662e-01   1.7259885e-01   2.3411676e-02   3.2154103e-01   2.6297925e-01   0.0000000e+00   1.2367996e-01   6.3288011e-02  -1.9868876e-02  -3.2507287e-02   3.0133120e-01   1.1774887e-01   2.4939047e-01   1.9602364e-01   1.4579019e-01   2.1471301e-01   1.5890918e-01   1.7421974e-01   1.9464569e-01   1.1074351e-01   9.7798525e-02   1.8807612e-01  -1.9243685e-02   7.3608895e-02   1.7143053e-02   1.8696336e-01   5.1707683e-02  -1.6893475e-02   1.7298876e-01   1.3215448e-01   1.9359358e-01   2.1596217e-01   2.5653591e-01   2.9633443e-01   8.8999901e-02   6.9833289e-02   2.2443272e-02   1.1002787e-01   1.6484482e-02  -1.3969887e-03   1.6378658e-01   1.5780485e-01  -6.0052496e-02   3.1941919e-02   0.0000000e+00   6.3319253e-02   2.6281552e-02   2.7332037e-01  -3.3872218e-02   1.9111625e-01   5.3130763e-02   3.1316938e-02   5.3849209e-03   2.8630704e-01   1.9336938e-02  -1.9698240e-02  -7.7232324e-02  -1.8904823e-02  -7.2540868e-02  -1.7254677e-02  -3.6696910e-02   9.9878048e-02  -5.6990694e-02  -1.5428750e-01  -1.5602120e-01  -1.8576398e-02  -4.2975592e-02  -5.7416295e-02   0.0000000e+00  -2.2681978e-02  -2.9122405e-02   1.5301492e-04  -5.6329807e-02   1.0682908e-02  -2.8947140e-02   1.6365857e-02   2.1002087e-01   1.3738987e-02  -2.1657976e-03   2.9838507e-02   1.0052337e-02   8.4639738e-02   4.6949590e-02  -7.2938854e-02  -1.6809723e-02  -1.1459922e-01   8.5868612e-03  -1.0312319e-01   8.7103653e-02   4.3424511e-02  -9.6811153e-02   8.5432587e-02  -5.0247214e-02  -7.1096028e-02   4.7222652e-02  -1.3950578e-01  -8.1717888e-02   6.6142237e-02   1.6402340e-02   3.0251907e-02  -3.2535329e-02  -6.6593882e-02   1.4500275e-02  -1.1777060e-01  -8.2723199e-02   0.0000000e+00   1.9021913e-01  -1.5280182e-02   0.0000000e+00   3.1909697e-02  -3.6067428e-02   5.9467151e-02
  -1.2395766e-01   0.0000000e+00   2.2852831e-02   5.1570875e-02   0.0000000e+00   0.0000000e+00  -9.4959485e-02  -1.4407314e-02   6.4829302e-02  -6.2962689e-02  -7.0724847e-02   0.0000000e+00  -1.4018326e-02  -8.8482026e-02   1.3198123e-02  -3.0080687e-02   1.0544102e-01   3.3201838e-01  -3.7215407e-02   1.6367837e-01  -4.2101090e-02   4.2158731e-02  -5.3762469e-02  -9.4485188e-02   1.8324020e-02   1.7855479e-01   1.1231567e-01   3.2367971e-02   5.1035514e-02   8.3760037e-02   8.4190396e-02   6.1953852e-02   1.4684349e-02   2.4480343e-02  -7.0418956e-02   4.4113878e-02  -4.4082317e-02   1.8290124e-01   6.6606382e-02   5.9513334e-02   2.0136196e-01   4.8231187e-02   6.9645964e-03   1.7357761e-03   9.8602145e-02  -2.9197673e-03   5.6447874e-01  -5.5812288e-04   8.3973097e-02   1.2844138e-01   0.0000000e+00   1.1819804e-01   1.1798520e-01   2.6113283e-01  -3.2044160e-02  -9.8503390e-03  -7.2536767e-02   1.2684414e-01  -1.6221505e-01   7.6273561e-02  -2.3235451e-02   8.1424244e-03  -2.3894061e-02  -5.1943125e-02   1.1880495e-01   2.7481870e-02   1.2167409e-01  -6.7691469e-02  -5.0383994e-02   1.3003490e-01   5.3331401e-02   7.9927644e-02  -2.8750303e-02   8.5787645e-02   0.0000000e+00   4.3752705e-02   1.5977582e-01   2.1284858e-01   1.3204737e-01  -5.8295047e-02   2.0344546e-01   1.1425887e-01   2.3212485e-02   2.3730158e-01  -2.8171713e-02   1.1409466e-01   8.7664946e-03   3.6740551e-02   4.9069117e-02   7.2791097e-02   4.8384938e-02   1.5043806e-01   7.8949203e-02  -1.0279333e-01   1.7919400e-01   7.2848544e-02   7.9603729e-02   3.6061427e-02   9.3525968e-02  -3.7684487e-02   8.4004463e-02   8.1097637e-02   1.7874414e-01   5.7744239e-02  -4.8878037e-02   4.2084934e-02  -3.7671489e-02   9.4308606e-04  -3.3022533e-02  -1.2748661e-02   1.2359211e-01   0.0000000e+00   2.1988569e-02  -1.5132347e-02   0.0000000e+00  -1.5791267e-02   5.0905219e-02  -2.6693602e-02
   0.0000000e+00   0.0000000e+00   0.0000000e+00   0.0000000e+00   0.0000000e+00   0.0000000e+00   0.0000000e+00   0.0000000e+00   0.0000000e+00   0.0000000e+00   0.0000000e+00   0.0000000e+00   0.0000000e+00   0.0000000e+00   0.0000000e+00   0.0000000e+00   0.0000000e+00   0.0000000e+00   0.0000000e+00   0.0000000e+00   0.0000000e+00   0.0000000e+00   0.0000000e+00   0.0000000e+00   0.0000000e+00   0.0000000e+00   0.0000000e+00   0.0000000e+00   0.0000000e+00   0.0000000e+00   0.0000000e+00   0.0000000e+00   0.0000000e+00   0.0000000e+00   0.0000000e+00   0.0000000e+00   0.0000000e+00   0.0000000e+00   0.0000000e+00   0.0000000e+00   0.0000000e+00   0.0000000e+00   0.0000000e+00   0.0000000e+00   0.0000000e+00   0.0000000e+00   0.0000000e+00   0.0000000e+00   0.0000000e+00   0.0000000e+00   0.0000000e+00   0.0000000e+00   0.0000000e+00   0.0000000e+00   0.0000000e+00   0.0000000e+00   0.0000000e+00   0.0000000e+00   0.0000000e+00   0.0000000e+00   0.0000000e+00   0.0000000e+00   0.0000000e+00   0.0000000e+00   0.0000000e+00   0.0000000e+00   0.0000000e+00   0.0000000e+00   0.0000000e+00   0.0000000e+00   0.0000000e+00   0.0000000e+00   0.0000000e+00   0.0000000e+00   0.0000000e+00   0.0000000e+00   0.0000000e+00   0.0000000e+00   0.0000000e+00   0.0000000e+00   0.0000000e+00   0.0000000e+00   0.0000000e+00   0.0000000e+00   0.0000000e+00   0.0000000e+00   0.0000000e+00   0.0000000e+00   0.0000000e+00   0.0000000e+00   0.0000000e+00   0.0000000e+00   0.0000000e+00   0.0000000e+00   0.0000000e+00   0.0000000e+00   0.0000000e+00   0.0000000e+00   0.0000000e+00   0.0000000e+00   0.0000000e+00   0.0000000e+00   0.0000000e+00   0.0000000e+00   0.0000000e+00   0.0000000e+00   0.0000000e+00   0.0000000e+00   0.0000000e+00   0.0000000e+00   0.0000000e+00   0.0000000e+00   0.0000000e+00   0.0000000e+00   0.0000000e+00   0.0000000e+00   0.0000000e+00   0.0000000e+00
   3.8399612e-01   0.0000000e+00   9.2418629e-02   2.1932662e-01  -9.4959485e-02   0.0000000e+00   0.0000000e+00   4.1419863e-02   4.8961990e-02   2.0283376e-01   3.0604631e-01   0.0000000e+00   7.3049435e-02   1.0342576e-02  -4.2107218e-02   6.3739968e-03   4.8449327e-02  -6.5967113e-02   1.6830841e-01   1.7092336e-01   1.6394580e-01   1.6199803e-01   1.0943082e-01   1.6077352e-01   1.9354938e-01   1.1908648e-01   1.3819957e-01   1.5041032e-01  -1.0140295e-01   1.3182244e-02   1.1371504e-02   1.8539235e-01   4.7024298e-02  -1.9589287e-02   1.5119179e-01   8.8271643e-02   1.7624807e-01   1.8657944e-01   2.4596295e-01   1.7995673e-01   2.2024140e-01   8.3670880e-02   1.7266160e-01   1.4655545e-01  -2.9236643e-02   6.4694897e-02   3.0966735e-02  -4.4650324e-02  -6.7933917e-02   1.4148762e-01   0.0000000e+00   1.1282355e-01   2.0719631e-01   1.3457166e-01   2.6932994e-02   7.1685749e-02   1.0346902e-01  -1.0466403e-01   1.7352541e-01   1.3374835e-01   2.4668155e-02   1.9456483e-02  -8.8970837e-02   2.6317088e-01  -6.8544661e-02   3.9861899e-01  -1.0596516e-01   3.7555976e-01   1.3561649e-01  -5.7624299e-02  -2.3591343e-01  -7.0747281e-02   3.4021814e-02   1.9177340e-02   0.0000000e+00   2.6819348e-01  -1.0030066e-01   1.4482351e-01   6.4512375e-02   4.7471896e-02   1.8768007e-01   8.5585449e-02   2.1845201e-01   2.9616907e-02   5.1816935e-02  -1.2880951e-02   2.6632278e-01   1.6351880e-01   1.6783667e-01  -4.1077750e-02   2.1051653e-01   2.6469438e-03   2.3260070e-02   1.5522878e-01   1.9251082e-01  -4.4412108e-02  -8.4181107e-02   9.1461722e-02   1.1369751e-01   8.9129536e-02   1.3105588e-01  -8.3980904e-02  -6.4336129e-02   1.2152038e-01   3.4405012e-02  -1.2214597e-01  -7.9219353e-02  -2.1152070e-02   4.1178914e-02   1.4879365e-01   3.9067742e-03   0.0000000e+00   1.0944967e-01   7.1513570e-03   0.0000000e+00   2.8255649e-02   7.9836081e-02   1.1685569e-01
  -5.4734560e-03   0.0000000e+00   6.1666830e-02   1.7259885e-01  -1.4407314e-02   0.0000000e+00   4.1419863e-02   0.0000000e+00  -3.7416019e-02   1.8841170e-01   1.7582722e-01   0.0000000e+00  -5.7065721e-02   2.2452881e-02   1.3822261e-01   7.2174801e-02  -7.5511033e-02  -4.0534746e-02  -3.8813090e-02   1.5188632e-01   6.0334866e-02   1.1300186e-02   2.4614466e-02   2.0034309e-01   6.0251150e-02  -1.4288958e-01   3.6828595e-02  -4.2045291e-03   9.0032048e-02  -2.8277653e-02  -1.4060661e-01  -7.1507619e-02   6.1243003e-02   1.0291023e-01   4.5102534e-02   3.7705616e-02  -4.5133882e-02   1.0686113e-01   7.2848177e-03   2.6256665e-01   1.1040974e-01  -1.3251717e-02  -1.5003761e-01  -5.1795850e-02  -7.7695270e-02  -1.1744563e-02   8.2540683e-02   2.1659227e-01   3.1360359e-02  -1.2772685e-01   0.0000000e+00   2.5608440e-02  -1.3155980e-01   1.5496221e-01   5.5209634e-02   7.4339639e-02  -1.6521201e-02   4.5537817e-02  -8.5558049e-02   4.0646671e-02  -8.9116453e-02  -9.7970986e-02  -2.2267831e-01  -1.1241990e-01  -4.0311186e-02  -1.6490689e-02   1.5311592e-01  -1.2789054e-01  -7.3342910e-02  -1.6920589e-01  -1.6501373e-01   1.5226590e-01  -1.4074543e-01  -8.1578402e-02   0.0000000e+00  -2.2295727e-01  -9.6056004e-02  -1.4836631e-01  -3.1517326e-02  -1.1974988e-01  -1.3368504e-01  -1.0850411e-01   1.1691051e-01  -2.2428886e-01  -7.3326009e-02  -7.6125697e-02  -1.5491913e-01  -1.2610919e-02   6.3688180e-02  -1.3500030e-01  -2.3029657e-01  -1.8569673e-01  -1.4278918e-01  -9.6066664e-03   6.9799156e-02  -4.9848232e-02  -5.3055250e-02  -1.4260860e-01  -1.5505481e-01  -1.3502618e-01  -5.4439275e-02  -1.7508001e-01  -2.6253042e-01  -8.4557929e-02  -1.4660255e-01   1.5837472e-01   4.9616497e-02  -1.2051996e-01  -7.8022633e-02  -2.4515742e-01   2.9507165e-02   0.0000000e+00   5.3550212e-02   4.6286401e-02   0.0000000e+00   2.2284370e-01   1.0973580e-01   2.0126576e-01
   1.0563345e-01   0.0000000e+00  -1.5738001e-01   2.3411676e-02   6.4829302e-02   0.0000000e+00   4.8961990e-02  -3.7416019e-02   0.0000000e+00  -2.8996431e-01  -9.6750601e-02   0.0000000e+00  -1.2065594e-01  -1.8409656e-01   6.8620203e-02   1.0779567e-02   5.1590391e-02   1.1249348e-01   6.8873978e-02  -6.6049472e-02  -1.1204000e-01  -1.3059903e-01  -2.7686128e-01  -9.4016113e-02  -2.1716739e-01   5.8524408e-02  -1.3161195e-01  -2.5867189e-01   1.2496883e-01   1.4139230e-01   1.1274508e-01  -6.2638274e-02   3.9257738e-02   9.0776877e-02  -6.2010014e-02   1.4740758e-01   2.1781947e-02   1.0715311e-01   5.1058127e-02   6.7472617e-02   9.9694155e-02   2.0885494e-01   1.2518959e-01   3.9187595e-01   2.8488617e-01   2.1609961e-01  -9.1597836e-02   6.3144210e-02   2.0971798e-01  -1.1419096e-01   0.0000000e+00   6.3188096e-02   1.6810220e-01  -3.2330744e-03   3.2945349e-02  -5.7227987e-02  -1.6117646e-01   1.6023707e-01   2.1793094e-01   3.5763829e-03  -4.4958090e-02  -7.6260010e-02   4.5761658e-02   1.9827465e-01   2.6998158e-01  -1.0036046e-01   2.9115559e-01  -1.5520157e-01   8.5588565e-02   1.5256720e-01   3.8321851e-02  -2.0225761e-01   1.1280405e-01   1.0707997e-01   0.0000000e+00   2.2236897e-01   2.2192454e-01   2.2731187e-01  -4.0212838e-02  -1.3705061e-01  -2.7262189e-02  -1.7395866e-01  -2.7013954e-01   4.8334889e-02   8.3799978e-02   4.6314851e-02   2.4543157e-02  -7.0870519e-02  -1.2059892e-01   2.5790393e-01   3.2805121e-01   7.0995985e-02   3.5479991e-01   4.5433106e-02   3.9709936e-01   2.0888020e-01   4.1322876e-01   3.5248783e-01   4.0165778e-01   2.2152455e-01   4.4825495e-02   3.3383786e-01   2.5874191e-01   1.1853229e-01   9.8786908e-02   1.6624521e-01   6.6016094e-02   1.8016811e-01  -6.9956669e-03   2.5683368e-01   2.4623116e-01   0.0000000e+00  -7.2564408e-02   9.7623340e-02   0.0000000e+00   2.9318697e-02  -8.3420440e-02  -2.1644691e-01
   2.0244651e-02   0.0000000e+00   4.8628480e-02   3.2154103e-01  -6.2962689e-02   0.0000000e+00   2.0283376e-01   1.8841170e-01  -2.8996431e-01   0.0000000e+00   6.0424031e-01   0.0000000e+00   3.4464734e-01   1.2833365e-01   1.6373999e-01   2.5345806e-01   1.1813327e-01   2.7530565e-02   5.7378208e-02   4.2113521e-01   5.1850637e-01   5.7593736e-01   3.5109829e-01   5.1713913e-01   6.6334494e-01   1.0781294e-01   2.8105516e-01   6.7711403e-01  -1.7829751e-02   4.0730155e-02  -1.7978262e-01   4.1327632e-01   3.0666960e-01   8.8129492e-02   3.8328829e-01   2.2970308e-01   5.6254042e-01   1.9164875e-01   3.8959418e-01   3.1574448e-01   1.3067483e-01   9.3109718e-03  -1.1561657e-01  -1.0245998e-01  -2.9032483e-02   1.9023895e-02   4.3578446e-01   4.4991717e-01   3.2770115e-02   1.4615168e-01   0.0000000e+00  -6.6005201e-02  -1.3118870e-01   4.1325701e-01   2.5982275e-01   5.1537667e-01   2.9694322e-01   6.3307533e-02  -5.2241759e-04   3.4820482e-01  -7.4380452e-02   2.3502409e-02  -2.0142055e-01  -2.4895236e-01  -1.2636548e-01   1.2758061e-01  -5.7049314e-02   1.2815040e-01  -2.8780695e-01  -3.0234897e-01  -3.4588020e-01  -4.8760743e-02  -2.6081705e-01  -3.4012309e-01   0.0000000e+00  -2.7201536e-01  -2.9820436e-01  -1.6928646e-01  -1.4833543e-01  -1.1891750e-01  -5.3273751e-04   7.6197558e-02   5.3984148e-01  -1.1193834e-01   7.1974790e-02   1.0976914e-01   6.9069076e-02   8.3910668e-02   1.6173432e-01  -3.8255027e-01  -3.4294909e-01  -1.4032437e-01  -2.7325833e-01   5.3378231e-02  -1.0258372e-01  -1.5318220e-01  -2.9270488e-01  -1.7191940e-01  -3.1204175e-01  -1.8728125e-01   2.5346303e-01  -4.1911925e-01  -3.6707008e-01   4.2939958e-02  -1.3039513e-01   2.0128108e-01  -5.0541844e-02  -1.1457470e-01   1.7203964e-02  -3.3624071e-01  -9.9391867e-02   0.0000000e+00   1.0321362e-01   9.8167800e-02   0.0000000e+00   1.1451737e-01  -1.7292990e-01  -3.2606338e-02
   1.5377988e-01   0.0000000e+00   1.2653925e-01   2.6297925e-01  -7.0724847e-02   0.0000000e+00   3.0604631e-01   1.7582722e-01  -9.6750601e-02   6.0424031e-01   0.0000000e+00   0.0000000e+00   3.8505390e-01   5.3219924e-02   2.1564795e-01   2.6566060e-01   1.3057173e-01   7.3822047e-02   2.3579483e-01   3.7556033e-01   5.2885103e-01   3.9257763e-01   2.7573057e-01   4.9617631e-01   4.5781861e-01   2.2210785e-02   3.1665341e-01   5.7892707e-01   1.3327883e-01   1.7516954e-01  -1.4977497e-01   4.4474062e-01   4.3019904e-01   2.5804016e-01   6.1062276e-01   4.1414228e-01   6.2838714e-01   3.6702023e-01   4.1909773e-01   4.0408911e-01   2.1608952e-01   2.1284205e-01   5.9447843e-02   1.5354531e-01   1.0254046e-01   1.6392753e-01   2.9565136e-01   3.3176364e-01   1.1168740e-01   1.0512467e-01   0.0000000e+00   5.3891150e-02  -3.7317556e-02   3.2458264e-01   2.3517718e-01   5.0857411e-01   2.0103132e-01   9.3439875e-02   3.0810719e-01   2.5751378e-01  -1.4666239e-01  -1.5327031e-01  -2.1348888e-01   8.8705281e-02  -3.8439402e-02   1.6385323e-01  -1.1593624e-01   4.1863139e-02  -1.8167131e-01  -3.2050298e-01  -3.9410092e-01  -1.0392964e-01  -1.6710135e-01  -1.0894312e-01   0.0000000e+00  -1.3803646e-01  -2.1853702e-01  -7.5836462e-02  -2.5170561e-01  -7.1991529e-02  -5.0622091e-03  -2.9629374e-02   3.0134239e-01  -6.7190594e-02   1.7171927e-01   5.9554174e-02   5.0135567e-02   1.6270925e-02   1.0048117e-01  -2.9076950e-01  -2.0788632e-01  -1.9042859e-01  -1.9307013e-01   1.1429365e-01  -3.9876199e-02  -7.5588482e-02  -1.0649705e-01  -3.4876342e-02  -1.6351438e-01  -7.9365716e-02   3.2466506e-01  -1.9706378e-01  -3.5300453e-01   3.5100812e-02  -8.7277080e-02   1.1125372e-01  -2.1089668e-03  -6.1904620e-02  -5.9940740e-02  -1.0704987e-01   6.0137941e-02   0.0000000e+00   1.5683062e-01   2.2412642e-01   0.0000000e+00   1.4582510e-01  -1.3637730e-01  -1.7019547e-02
   0.0000000e+00   0.0000000e+00   0.0000000e+00   0.0000000e+00   0.0000000e+00   0.0000000e+00   0.0000000e+00   0.0000000e+00   0.0000000e+00   0.0000000e+00   0.0000000e+00   0.0000000e+00   0.0000000e+00   0.0000000e+00   0.0000000e+00   0.0000000e+00   0.0000000e+00   0.0000000e+00   0.0000000e+00   0.0000000e+00   0.0000000e+00   0.0000000e+00   0.0000000e+00   0.0000000e+00   0.0000000e+00   0.0000000e+00   0.0000000e+00   0.0000000e+00   0.0000000e+00   0.0000000e+00   0.0000000e+00   0.0000000e+00   0.0000000e+00   0.0000000e+00   0.0000000e+00   0.0000000e+00   0.0000000e+00   0.0000000e+00   0.0000000e+00   0.0000000e+00   0.0000000e+00   0.0000000e+00   0.0000000e+00   0.0000000e+00   0.0000000e+00   0.0000000e+00   0.0000000e+00   0.0000000e+00   0.0000000e+00   0.0000000e+00   0.0000000e+00   0.0000000e+00   0.0000000e+00   0.0000000e+00   0.0000000e+00   0.0000000e+00   0.0000000e+00   0.0000000e+00   0.0000000e+00   0.0000000e+00   0.0000000e+00   0.0000000e+00   0.0000000e+00   0.0000000e+00   0.0000000e+00   0.0000000e+00   0.0000000e+00   0.0000000e+00   0.0000000e+00   0.0000000e+00   0.0000000e+00   0.0000000e+00   0.0000000e+00   0.0000000e+00   0.0000000e+00   0.0000000e+00   0.0000000e+00   0.0000000e+00   0.0000000e+00   0.0000000e+00   0.0000000e+00   0.0000000e+00   0.0000000e+00   0.0000000e+00   0.0000000e+00   0.0000000e+00   0.0000000e+00   0.0000000e+00   0.0000000e+00   0.0000000e+00   0.0000000e+00   0.0000000e+00   0.0000000e+00   0.0000000e+00   0.0000000e+00   0.0000000e+00   0.0000000e+00   0.0000000e+00   0.0000000e+00   0.0000000e+00   0.0000000e+00   0.0000000e+00   0.0000000e+00   0.0000000e+00   0.0000000e+00   0.0000000e+00   0.0000000e+00   0.0000000e+00   0.0000000e+00   0.0000000e+00   0.0000000e+00   0.0000000e+00   0.0000000e+00   0.0000000e+00   0.0000000e+00   0.0000000e+00   0.0000000e+00   0.0000000e+00
  -8.1275151e-02   0.0000000e+00   5.9593320e-02   1.2367996e-01  -1.4018326e-02   0.0000000e+00   7.3049435e-02  -5.7065721e-02  -1.2065594e-01   3.4464734e-01   3.8505390e-01   0.0000000e+00   0.0000000e+00   1.5387865e-01   2.6983750e-01   2.5053189e-01   1.3573806e-01   1.2722864e-01   7.5060594e-02   6.7574988e-01   5.7241777e-01   5.3521476e-01   2.8689452e-01   4.0942739e-01   4.5510639e-01   2.4287691e-01   3.6812681e-01   4.3463794e-01   3.0253493e-01   4.0993308e-01   3.8656868e-02   3.9104659e-01   4.6371086e-01   3.1620861e-01   6.7451208e-01   4.2469456e-01   5.6896805e-01   2.4327631e-01   2.2349573e-01   1.4728400e-01   1.0461747e-01   3.1164747e-01   1.2499176e-01   4.0213651e-02   1.9114180e-01   3.5829364e-01   2.8707134e-01   3.5762591e-01   3.3374150e-01   1.4930767e-01   0.0000000e+00  -2.0141296e-01  -1.2741760e-01   1.9803399e-01   2.5632701e-01   6.6460616e-01   3.4237494e-01   2.4593732e-01   2.1766848e-01   2.4815983e-01   1.3103554e-01   5.8560519e-02   1.5324814e-01   2.5055886e-01  -8.4490354e-03   2.2378063e-02   1.2904726e-01  -1.0391481e-01  -1.6064923e-01   5.5477430e-02  -1.0217732e-01  -1.5953884e-01  -2.7984174e-01  -1.0838805e-01   0.0000000e+00   6.5812486e-02  -2.2188576e-01  -1.5921529e-01  -2.0891851e-01  -1.4278340e-02   9.9196007e-02  -2.5291589e-02   2.2720594e-01   1.4321381e-01   4.5791075e-01   3.3038141e-01   1.1580635e-01  -4.4386932e-02  -6.4491915e-03  -7.9443078e-02  -1.4914988e-01   1.2917481e-01  -8.4148540e-02   9.4125542e-02  -7.9806807e-02  -1.2516400e-02   4.9395129e-03  -7.6246919e-03  -1.0125154e-01  -7.6823533e-02   3.0896421e-01   2.6043526e-02  -2.1092225e-01   1.6613010e-01   4.7001717e-03   1.0230205e-01   1.8529089e-02   7.1297855e-02   9.3422838e-02  -3.1273219e-02   3.6517921e-01   0.0000000e+00   9.2853763e-02   2.3722386e-01   0.0000000e+00  -6.3175653e-02  -1.4300666e-01  -1.9351887e-02
   7.2440383e-02   0.0000000e+00   2.6073783e-02   6.3288011e-02  -8.8482026e-02   0.0000000e+00   1.0342576e-02   2.2452881e-02  -1.8409656e-01   1.2833365e-01   5.3219924e-02   0.0000000e+00   1.5387865e-01   0.0000000e+00  -8.0967624e-02  -8.8372001e-02  -1.5233557e-01  -2.2354864e-01  -7.9813107e-02   1.5332239e-02   5.8641452e-02   2.6904208e-01   2.1222969e-01   5.3273487e-02   2.2151208e-01   1.0954246e-01   1.4443107e-01   1.4579609e-01  -1.1553510e-01  -1.0527243e-01  -7.0111853e-02  -9.1685328e-02  -6.9373445e-02  -1.4754784e-04  -7.8632286e-02  -2.5800347e-02  -2.0525385e-02  -1.2049720e-01  -1.3232102e-01   1.0544216e-01   5.9179303e-02  -5.0920290e-02  -1.3480222e-01  -1.3692948e-01  -1.8157691e-01  -6.1608051e-02  -2.0312177e-02  -1.4468085e-01  -1.2274553e-01   2.0418134e-02   0.0000000e+00  -3.4962213e-02  -1.5929301e-01   8.1555663e-02  -7.1815834e-02  -1.7921734e-02   6.8291070e-01  -1.4267442e-01  -7.4325819e-02  -8.5123059e-02   2.4682838e-01   2.5513039e-01   2.3319773e-01  -4.5519270e-02  -2.2532667e-01   1.5217438e-01  -9.5272002e-02   1.5480929e-01   1.1190721e-01   6.5630577e-02   1.6100773e-01   1.6686566e-01  -1.5507698e-02  -1.2329424e-01   0.0000000e+00  -7.3758510e-02  -1.8166542e-01  -1.3623725e-01   1.0033257e-01   1.5486709e-01   2.2111127e-02  -4.1199602e-02   1.7142479e-01  -1.4712252e-01   1.4611571e-01  -4.6494281e-02   1.7625011e-03   1.2006813e-01   1.3306400e-01  -7.3097112e-02  -1.1689235e-01   1.9911127e-01  -1.7901028e-01   1.2637920e-01  -1.3032404e-01  -1.1283040e-01  -2.2757947e-01  -1.8612625e-01  -2.3976232e-01  -1.6372878e-01  -6.7842615e-02  -2.3892746e-01  -1.4103871e-01  -1.0301447e-01   2.1586961e-01  -1.4176326e-01  -3.7482922e-02  -9.0151781e-02   1.4976720e-01   1.1261969e-02  -3.4750511e-02   0.0000000e+00   7.4203269e-02   8.2047363e-04   0.0000000e+00  -2.3153316e-03   8.1523268e-02   2.6907885e-01
  -6.7840414e-02   0.0000000e+00   7.8024565e-02  -1.9868876e-02   1.3198123e-02   0.0000000e+00  -4.2107218e-02   1.3822261e-01   6.8620203e-02   1.6373999e-01   2.1564795e-01   0.0000000e+00   2.6983750e-01  -8.0967624e-02   0.0000000e+00   5.0688510e-01   6.6100017e-02   7.3113348e-02   1.7439999e-01   2.0709735e-01   3.1234785e-01   1.2653154e-01   2.5039764e-02   1.0475262e-01   1.2859558e-01  -2.2536692e-01   1.8318810e-01   8.2030501e-02   4.8304230e-01   2.5200896e-01  -2.6331275e-01   1.4364343e-01   5.1481248e-01   6.5703264e-01   4.3676385e-01   4.4020913e-01   2.8297275e-01  -9.0489168e-02  -2.1987507e-02   6.2143884e-02  -1.3978088e-01   3.6852674e-01  -2.2638039e-02   1.6060787e-01   2.3360476e-01   2.5128212e-01   1.7726567e-01   5.8055707e-01   6.5103170e-01   1.0804140e-01   0.0000000e+00  -1.2114361e-01  -1.3108691e-01   1.8564059e-01   5.4426820e-01   5.0339689e-01   1.3118935e-01   4.1499253e-01   4.7138202e-01   1.8440434e-02   4.0155318e-03  -1.0047650e-01  -6.1828955e-02   2.3439400e-01   2.2121639e-01  -4.2527830e-02   2.3091252e-01  -2.8709068e-01  -3.7313949e-01  -2.2087221e-01  -3.8001176e-01  -1.2500730e-01  -1.0610688e-02  -6.1326324e-02   0.0000000e+00  -1.0274371e-01  -2.8384713e-01  -7.4152980e-02  -3.0951491e-01  -1.6837400e-01   9.0767186e-02  -2.3717253e-01  -8.9489455e-02  -1.1100099e-01   4.2256894e-01   1.5041050e-01  -1.2882859e-01  -5.5698057e-02  -1.1157253e-01  -1.8672184e-01  -3.5294888e-01  -1.6437198e-01  -8.6601037e-02   1.6254537e-01   1.0764187e-01   7.3425011e-02   3.5140154e-01   5.2764549e-02  -5.4536492e-02  -6.1751047e-02   2.1246018e-01   1.6734286e-01  -3.2460066e-01   4.2345112e-02  -1.2134247e-01   2.4759872e-01  -2.8366779e-02   2.4426838e-01  -7.5692438e-02  -3.5262697e-02   3.8306149e-01   0.0000000e+00   1.4256936e-01   4.3162407e-01   0.0000000e+00   1.2239025e-01  -9.3327909e-02  -2.4639802e-01
  -7.7918440e-02   0.0000000e+00   1.6477512e-01  -3.2507287e-02  -3.0080687e-02   0.0000000e+00   6.3739968e-03   7.2174801e-02   1.0779567e-02   2.5345806e-01   2.6566060e-01   0.0000000e+00   2.5053189e-01  -8.8372001e-02   5.0688510e-01   0.0000000e+00  -5.5848170e-02  -1.8747595e-02   1.2244056e-01   8.9068716e-02   2.9684949e-01   1.9730164e-01   1.2910342e-01   1.5636199e-01   1.6197788e-01  -1.3084115e-01   5.7127394e-02   9.0565993e-02   1.8285774e-01   3.8941299e-02  -2.7723020e-01   1.4683117e-01   4.6096739e-01   3.8916362e-01   3.3129769e-01   3.1420506e-01   3.1531830e-01  -7.9897347e-02   1.1000310e-01  -1.1683529e-01  -1.7973185e-01   2.7110713e-01  -4.8892528e-03   6.1038251e-02   1.0449160e-01   2.0915741e-01   1.8853649e-01   4.8893414e-01   4.2263165e-01   2.0762438e-02   0.0000000e+00  -1.6337520e-01  -7.5695786e-02   2.5621224e-01   5.8556265e-01   4.2595659e-01   1.4027019e-01   3.0287818e-01   3.3970776e-01   2.2582162e-02  -2.7532481e-02  -3.4005199e-02  -7.5838996e-02   8.4471865e-02   1.2826974e-01  -8.3588353e-02   9.0707295e-02  -1.2531624e-01  -2.1625142e-01  -2.6807409e-01  -3.7999488e-01  -1.0081950e-01  -1.1990453e-01  -6.0648124e-02   0.0000000e+00  -1.5505134e-01  -3.3636631e-01  -1.0512053e-01  -3.2855790e-01  -9.5808571e-02   3.7514285e-02  -1.4357250e-01   1.8936088e-02  -1.2356168e-01   2.8789163e-01   1.3326104e-03  -1.0508274e-01  -1.2403547e-01  -9.6746653e-02  -1.3987886e-01  -2.7505949e-01  -1.9231232e-01  -1.7680131e-02   1.6683211e-01   5.9219385e-02   5.4249750e-02   1.2486235e-01   1.0088175e-01  -2.7428151e-02   9.4721644e-02   8.5769347e-02   1.0330916e-01  -2.9990101e-01   7.8617886e-02  -2.5590467e-02   3.2878307e-01   1.6355038e-01   2.8928831e-01   1.6067112e-01  -1.1019565e-01   1.3564052e-01   0.0000000e+00   1.5548025e-01   2.2677755e-01   0.0000000e+00   7.1104647e-02  -6.6363712e-02  -1.7426637e-01
  -2.5633243e-02   0.0000000e+00  -2.5081638e-02   3.0133120e-01   1.0544102e-01   0.0000000e+00   4.8449327e-02  -7.5511033e-02   5.1590391e-02   1.1813327e-01   1.3057173e-01   0.0000000e+00   1.3573806e-01  -1.5233557e-01   6.6100017e-02  -5.5848170e-02   0.0000000e+00   5.1236921e-01   3.7403120e-01   4.0278936e-01   1.2502757e-01   1.3706500e-01  -9.0939467e-03   1.1381487e-01   1.0063548e-01   1.2103907e-01   3.1794340e-01   2.6838487e-01   2.4742126e-01   3.8892051e-01   2.7292470e-01   4.6598439e-01   1.9716714e-02   1.6429866e-02   2.4048064e-01   8.8988832e-02   1.9755738e-01   1.7042794e-01   1.4753831e-01   2.0211075e-01   2.2059369e-02   1.7655229e-02   3.1246640e-01   1.0901651e-01   1.6857748e-01  -1.0088971e-01   1.6340448e-01   2.1681983e-01   1.4478860e-01   3.4757107e-01   0.0000000e+00   2.2131590e-01   1.8170721e-02   1.2648432e-01   2.6280661e-02   1.6799799e-01  -4.6182715e-02   1.9655585e-01   6.3244843e-02   2.7693688e-01  -1.1168954e-01  -1.5832123e-01  -1.6991285e-01   1.1778579e-01   1.0537664e-01   6.5907787e-02   5.2920621e-02  -1.1521490e-03  -9.1488829e-02   3.5984007e-02   7.4266869e-03  -1.0522444e-01   5.1704403e-02   7.9360839e-02   0.0000000e+00   2.2775706e-01   2.0538923e-01   1.4803399e-01   6.6254479e-02  -2.4636075e-02   2.1756682e-01   1.7886855e-01   1.9423152e-01   3.9701710e-01   6.9817808e-02   3.9895381e-01   2.1595598e-01  -2.1296140e-02   1.0629756e-01  -5.7500978e-02   1.7638325e-01   3.0696566e-02   2.8774614e-02  -6.7646818e-02   1.0025455e-01  -2.7280923e-02   1.0682146e-01  -6.4511023e-02  -3.7234573e-02  -5.5876833e-02   3.5406179e-01  -3.5754427e-02   1.7049429e-01  -6.9369503e-03  -1.4580880e-01   8.5941575e-02  -1.9566671e-01   1.4994167e-02  -2.9270535e-01  -1.4931739e-01   4.0169148e-03   0.0000000e+00  -6.4119239e-02   7.4999086e-02   0.0000000e+00   4.3172097e-02  -6.5974379e-02  -1.3815631e-01
  -1.2072785e-01   0.0000000e+00   4.6174230e-02   1.1774887e-01   3.3201838e-01   0.0000000e+00  -6.5967113e-02  -4.0534746e-02   1.1249348e-01   2.7530565e-02   7.3822047e-02   0.0000000e+00   1.2722864e-01  -2.2354864e-01   7.3113348e-02  -1.8747595e-02   5.1236921e-01   0.0000000e+00   1.0022703e-01   3.7194544e-01   8.9670701e-02   5.5482542e-02  -1.1341797e-01   2.1965896e-02   9.6428773e-02   1.2431535e-01   2.8788560e-01   1.8277390e-01   3.1633848e-01   4.2991704e-01   2.8584135e-01   3.4604861e-01   1.1317099e-01   1.1943048e-01   1.9478484e-01   1.6360815e-01   1.2596608e-01   3.0139930e-01   1.7610151e-01   1.2316796e-01   1.9773129e-01   9.4402061e-02   3.1208372e-01   5.9935117e-02   2.3994433e-01   9.0034321e-02   2.9521489e-01   1.4547171e-01   2.0991980e-01   2.9900145e-01   0.0000000e+00   1.8156661e-01   1.5633282e-01   1.4481380e-01   9.4338806e-02   1.2623018e-01  -5.0601002e-02   2.0434710e-01   6.3621067e-02   1.6499939e-01  -1.7966252e-01  -1.8894550e-01  -7.8046702e-02   1.1429651e-01   1.5256959e-01   9.5104535e-02   1.9204798e-01  -4.1279400e-02  -5.3255316e-02   1.8323881e-01   1.5351790e-02  -5.1078154e-02  -4.9369263e-02   3.1671808e-02   0.0000000e+00   2.3113101e-01   2.1644073e-01   1.8057357e-01   9.9591144e-02  -7.1449488e-02   2.4461637e-01   1.7445655e-01   8.1488757e-02   4.3413526e-01   1.0972573e-01   3.7369372e-01   1.7520471e-01  -3.0378607e-02   1.6002611e-01   5.6228566e-02   2.0792255e-01   1.3537291e-01   9.7905287e-02  -1.0320118e-01   1.1804075e-01   5.4876483e-02   1.1787744e-01   4.8646941e-02   7.6213037e-02   1.3513274e-02   2.7758662e-01   7.2581746e-02   2.1274841e-01   4.2821663e-02  -1.1997576e-01   7.5555632e-02  -6.9819932e-02   3.0953779e-02  -1.9580448e-01  -1.1743196e-01   2.0845708e-01   0.0000000e+00   7.1375896e-03   1.4898872e-01   0.0000000e+00  -3.0551404e-02   1.0981494e-02  -1.5001794e-01
   1.2518819e-01   0.0000000e+00   2.1068681e-03   2.4939047e-01  -3.7215407e-02   0.0000000e+00   1.6830841e-01  -3.8813090e-02   6.8873978e-02   5.7378208e-02   2.3579483e-01   0.0000000e+00   7.5060594e-02  -7.9813107e-02   1.7439999e-01   1.2244056e-01   3.7403120e-01   1.0022703e-01   0.0000000e+00   5.4643098e-02   2.4268308e-01   1.8085417e-01  -3.6867087e-02   1.0173700e-01   1.3480418e-01   6.4697875e-02   1.3171265e-01   9.9697992e-02   1.4766479e-01   1.4195419e-01  -1.6015587e-01   2.7030275e-01   2.8733641e-01   1.9940672e-01   2.9408037e-01   2.8019620e-01   3.6254561e-01   1.6981912e-01   2.6081187e-01  -7.3135678e-03  -1.0897466e-02   3.1044410e-01   2.2134526e-01   4.2985522e-01   2.7310729e-01   1.4421659e-01   7.2410346e-02   1.7813276e-01   1.8419439e-01   1.7679704e-01   0.0000000e+00   8.5853376e-02   1.1138821e-01   8.1280306e-02   2.0418314e-01   1.9723668e-01   4.4948004e-02   1.8219924e-01   4.6333033e-01   1.8013989e-01   3.8753443e-02  -5.3419870e-02   6.9232579e-03   1.6259133e-01   1.2733589e-01  -4.5099571e-02   1.4612540e-02  -7.6075657e-02  -1.6399184e-01  -1.4951908e-01  -1.7356613e-01  -5.5463931e-02   1.4759853e-01   2.8403827e-02   0.0000000e+00   5.1798642e-02   3.7987517e-04   4.0648666e-02  -9.6543170e-02   2.4154849e-02   8.2655996e-02  -7.0911926e-02   4.6338327e-02   6.9890243e-02   1.7523540e-01  -4.5256539e-02  -1.1690012e-01  -3.2101243e-03  -1.5925748e-01  -4.0487968e-02   2.8480432e-02  -6.1428899e-02   2.5168852e-02   8.6469713e-02   1.9014703e-01   1.8547719e-01   1.8945663e-01   2.4402757e-01   1.1813403e-01   8.3901898e-02   1.1199629e-01   1.4231537e-01  -9.4786948e-02   8.6118791e-02   8.4106658e-02   5.5313121e-02  -5.7627761e-02   2.2893698e-01  -9.5626599e-02   8.2741318e-02  -4.2429552e-03   0.0000000e+00   7.7819967e-02   1.9462674e-01   0.0000000e+00   5.8496425e-02   4.2545520e-03  -9.1762259e-02
  -5.7311587e-02   0.0000000e+00   7.7834258e-02   1.9602364e-01   1.6367837e-01   0.0000000e+00   1.7092336e-01   1.5188632e-01  -6.6049472e-02   4.2113521e-01   3.7556033e-01   0.0000000e+00   6.7574988e-01   1.5332239e-02   2.0709735e-01   8.9068716e-02   4.0278936e-01   3.7194544e-01   5.4643098e-02   0.0000000e+00   5.3538399e-01   5.7267481e-01   2.6074620e-01   4.7074975e-01   5.4901489e-01   3.1970285e-01   6.7737173e-01   5.4426301e-01   3.9526710e-01   5.5120525e-01   2.1426933e-01   5.2747891e-01   2.5782314e-01   1.7445159e-01   5.3101097e-01   3.7564725e-01   4.4514264e-01   4.5639171e-01   2.5363196e-01   3.5284064e-01   3.1500048e-01   1.5477968e-01   1.4766030e-01  -3.4563490e-03   1.8096664e-01   1.8428841e-01   4.2501316e-01   3.7623733e-01   3.1887082e-01   3.1560745e-01   0.0000000e+00  -1.5182693e-02  -9.2006197e-02   2.2858508e-01   1.6097019e-01   4.6912739e-01   2.4419033e-01   2.2924992e-01   6.6188976e-02   4.8814159e-01   4.6098328e-02  -2.0748043e-02  -1.0271847e-01   1.5353916e-01  -1.6176877e-03   1.4793382e-01   1.5015286e-01  -7.4237656e-02  -1.7022595e-01   8.0360668e-02  -1.5231790e-01  -1.5587594e-01  -2.4458627e-01  -1.1110970e-01   0.0000000e+00   1.3683053e-01  -5.3771985e-02   1.4325116e-02  -5.3089675e-02  -1.0300421e-01   3.4690445e-01   1.5637270e-01   4.7447044e-01   4.2830455e-01   2.6809294e-01   6.3654285e-01   2.9700729e-01  -5.0784396e-02   1.7270311e-01  -1.5132893e-01  -2.5141017e-02   2.0855830e-01  -9.2492711e-02  -2.1793380e-02   1.0774481e-02  -2.5595333e-02  -2.5241647e-02  -1.0762804e-01  -1.3503266e-01  -1.6333020e-01   4.9259746e-01  -9.5082331e-02  -5.8780980e-02   1.7017504e-01  -1.6087054e-01   1.0033655e-01  -4.8804535e-02  -3.1558741e-02  -1.0719923e-01  -2.3449156e-01   2.5888067e-01   0.0000000e+00   4.5285402e-02   2.1336979e-01   0.0000000e+00  -4.6168614e-02  -8.1160339e-02   1.3289491e-02
   9.4728468e-02   0.0000000e+00   1.4045616e-01   1.4579019e-01  -4.2101090e-02   0.0000000e+00   1.6394580e-01   6.0334866e-02  -1.1204000e-01   5.1850637e-01   5.2885103e-01   0.0000000e+00   5.7241777e-01   5.8641452e-02   3.1234785e-01   2.9684949e-01   1.2502757e-01   8.9670701e-02   2.4268308e-01   5.3538399e-01   0.0000000e+00   7.6358290e-01   2.6929703e-01   5.8339338e-01   7.3175330e-01   1.6308340e-01   3.2353918e-01   4.5868525e-01   1.3389827e-01   2.3111056e-01  -2.6645723e-01   4.5294298e-01   4.5366479e-01   2.6427338e-01   6.2032192e-01   4.9443249e-01   6.6136201e-01   3.2811355e-01   3.7591237e-01   2.0921325e-01   1.2093589e-01   2.9424650e-01  -3.1207203e-03   2.0691065e-01   2.9769747e-01   2.4022240e-01   3.1716934e-01   3.6668240e-01   1.9397681e-01   7.0147984e-02   0.0000000e+00  -1.6054863e-01  -1.5686156e-01   2.5356045e-01   2.7071035e-01   5.4213832e-01   2.8071681e-01   1.7802979e-01   2.3783417e-01   3.6132424e-01   2.0928574e-01   1.2304631e-01   2.7498609e-02  -6.5218362e-03  -3.4528464e-02  -1.2405531e-01  -8.0563028e-02  -1.8659291e-01  -3.9647582e-01  -2.6211921e-01  -3.4134539e-01  -1.7450167e-01  -1.7142133e-01  -1.7691829e-01   0.0000000e+00  -1.5261631e-01  -2.4214232e-01  -1.0242816e-01  -2.6452201e-01  -1.5885017e-01   1.5527182e-01  -1.2089231e-01   2.3440289e-01  -1.3558500e-02   2.7382351e-01   7.5053990e-02  -9.9742312e-02  -4.1033403e-02  -1.6518453e-01  -3.1081250e-01  -3.5745566e-01  -2.0806099e-02  -4.2936001e-02   1.2960781e-01   4.3116198e-02   8.1936216e-02  -1.6826466e-02   6.1234607e-02  -5.8773118e-02  -3.7068488e-02   3.1925842e-01  -3.9467591e-03  -3.9250379e-01   2.3413461e-01   1.4980893e-01   1.7412101e-01  -5.3610653e-02   8.7083324e-02  -2.6362745e-02  -2.0538290e-01   8.9608074e-02   0.0000000e+00   1.3497823e-01   2.5994156e-01   0.0000000e+00   7.2295157e-02  -1.4309064e-01  -1.6163910e-01
