   0.0000000e+00   0.0000000e+00   0.0000000e+00   0.0000000e+00   0.0000000e+00   0.0000000e+00   0.0000000e+00   0.0000000e+00   0.0000000e+00   0.0000000e+00   0.0000000e+00   0.0000000e+00   0.0000000e+00   0.0000000e+00   0.0000000e+00   0.0000000e+00   0.0000000e+00   0.0000000e+00   0.0000000e+00   0.0000000e+00   0.0000000e+00   0.0000000e+00   0.0000000e+00   0.0000000e+00   0.0000000e+00   0.0000000e+00   0.0000000e+00   0.0000000e+00   0.0000000e+00   0.0000000e+00   0.0000000e+00   0.0000000e+00   0.0000000e+00   0.0000000e+00   0.0000000e+00   0.0000000e+00   0.0000000e+00   0.0000000e+00   0.0000000e+00   0.0000000e+00   0.0000000e+00   0.0000000e+00   0.0000000e+00   0.0000000e+00   0.0000000e+00   0.0000000e+00   0.0000000e+00   0.0000000e+00   0.0000000e+00   0.0000000e+00   0.0000000e+00   0.0000000e+00   0.0000000e+00   0.0000000e+00   0.0000000e+00   0.0000000e+00   0.0000000e+00   0.0000000e+00   0.0000000e+00   0.0000000e+00   0.0000000e+00   0.0000000e+00   0.0000000e+00   0.0000000e+00   0.0000000e+00   0.0000000e+00   0.0000000e+00   0.0000000e+00   0.0000000e+00   0.0000000e+00   0.0000000e+00   0.0000000e+00   0.0000000e+00   0.0000000e+00   0.0000000e+00   0.0000000e+00   0.0000000e+00   0.0000000e+00   0.0000000e+00   0.0000000e+00   0.0000000e+00   0.0000000e+00   0.0000000e+00   0.0000000e+00   0.0000000e+00   0.0000000e+00   0.0000000e+00   0.0000000e+00   0.0000000e+00   0.0000000e+00   0.0000000e+00   0.0000000e+00   0.0000000e+00   0.0000000e+00   0.0000000e+00   0.0000000e+00   0.0000000e+00   0.0000000e+00   0.0000000e+00   0.0000000e+00   0.0000000e+00   0.0000000e+00   0.0000000e+00   0.0000000e+00   0.0000000e+00   0.0000000e+00   0.0000000e+00   0.0000000e+00   0.0000000e+00   0.0000000e+00   0.0000000e+00   0.0000000e+00   0.0000000e+00   0.0000000e+00   0.0000000e+00   0.0000000e+00   0.0000000e+00   0.0000000e+00
   0.0000000e+00   0.0000000e+00   0.0000000e+00   0.0000000e+00   0.0000000e+00   0.0000000e+00   0.0000000e+00   0.0000000e+00   0.0000000e+00   0.0000000e+00   0.0000000e+00   0.0000000e+00   0.0000000e+00   0.0000000e+00   0.0000000e+00   0.0000000e+00   0.0000000e+00   0.0000000e+00   0.0000000e+00   0.0000000e+00   0.0000000e+00   0.0000000e+00   0.0000000e+00   0.0000000e+00   0.0000000e+00   0.0000000e+00   0.0000000e+00   0.0000000e+00   0.0000000e+00   0.0000000e+00   0.0000000e+00   0.0000000e+00   0.0000000e+00   0.0000000e+00   0.0000000e+00   0.0000000e+00   0.0000000e+00   0.0000000e+00   0.0000000e+00   0.0000000e+00   0.0000000e+00   0.0000000e+00   0.0000000e+00   0.0000000e+00   0.0000000e+00   0.0000000e+00   0.0000000e+00   0.0000000e+00   0.0000000e+00   0.0000000e+00   0.0000000e+00   0.0000000e+00   0.0000000e+00   0.0000000e+00   0.0000000e+00   0.0000000e+00   0.0000000e+00   0.0000000e+00   0.0000000e+00   0.0000000e+00   0.0000000e+00   0.0000000e+00   0.0000000e+00   0.0000000e+00   0.0000000e+00   0.0000000e+00   0.0000000e+00   0.0000000e+00   0.0000000e+00   0.0000000e+00   0.0000000e+00   0.0000000e+00   0.0000000e+00   0.0000000e+00   0.0000000e+00   0.0000000e+00   0.0000000e+00   0.0000000e+00   0.0000000e+00   0.0000000e+00   0.0000000e+00   0.0000000e+00   0.0000000e+00   0.0000000e+00   0.0000000e+00   0.0000000e+00   0.0000000e+00   0.0000000e+00   0.0000000e+00   0.0000000e+00   0.0000000e+00   0.0000000e+00   0.0000000e+00   0.0000000e+00   0.0000000e+00   0.0000000e+00   0.0000000e+00   0.0000000e+00   0.0000000e+00   0.0000000e+00   0.0000000e+00   0.0000000e+00   0.0000000e+00   0.0000000e+00   0.0000000e+00   0.0000000e+00   0.0000000e+00   0.0000000e+00   0.0000000e+00   0.0000000e+00   0.0000000e+00   0.0000000e+00   0.0000000e+00   0.0000000e+00   0.0000000e+00   0.0000000e+00   0.0000000e+00   0.0000000e+00
   0.0000000e+00   0.0000000e+00   0.0000000e+00   0.0000000e+00   0.0000000e+00   0.0000000e+00   0.0000000e+00   0.0000000e+00   0.0000000e+00   0.0000000e+00   0.0000000e+00   0.0000000e+00   0.0000000e+00   0.0000000e+00   0.0000000e+00   0.0000000e+00   0.0000000e+00   0.0000000e+00   0.0000000e+00   0.0000000e+00   0.0000000e+00   0.0000000e+00   0.0000000e+00   0.0000000e+00   0.0000000e+00   0.0000000e+00   0.0000000e+00   0.0000000e+00   0.0000000e+00   0.0000000e+00   0.0000000e+00   0.0000000e+00   0.0000000e+00   0.0000000e+00   0.0000000e+00   0.0000000e+00   0.0000000e+00   0.0000000e+00   0.0000000e+00   0.0000000e+00   0.0000000e+00   0.0000000e+00   0.0000000e+00   0.0000000e+00   0.0000000e+00   0.0000000e+00   0.0000000e+00   0.0000000e+00   0.0000000e+00   0.0000000e+00   0.0000000e+00   0.0000000e+00   0.0000000e+00   0.0000000e+00   0.0000000e+00   0.0000000e+00   0.0000000e+00   0.0000000e+00   0.0000000e+00   0.0000000e+00   0.0000000e+00   0.0000000e+00   0.0000000e+00   0.0000000e+00   0.0000000e+00   0.0000000e+00   0.0000000e+00   0.0000000e+00   0.0000000e+00   0.0000000e+00   0.0000000e+00   0.0000000e+00   0.0000000e+00   0.0000000e+00   0.0000000e+00   0.0000000e+00   0.0000000e+00   0.0000000e+00   0.0000000e+00   0.0000000e+00   0.0000000e+00   0.0000000e+00   0.0000000e+00   0.0000000e+00   0.0000000e+00   0.0000000e+00   0.0000000e+00   0.0000000e+00   0.0000000e+00   0.0000000e+00   0.0000000e+00   0.0000000e+00   0.0000000e+00   0.0000000e+00   0.0000000e+00   0.0000000e+00   0.0000000e+00   0.0000000e+00   0.0000000e+00   0.0000000e+00   0.0000000e+00   0.0000000e+00   0.0000000e+00   0.0000000e+00   0.0000000e+00   0.0000000e+00   0.0000000e+00   0.0000000e+00   0.0000000e+00   0.0000000e+00   0.0000000e+00   0.0000000e+00   0.0000000e+00   0.0000000e+00   0.0000000e+00   0.0000000e+00   0.0000000e+00   0.0000000e+00
   0.0000000e+00   0.0000000e+00   0.0000000e+00   0.0000000e+00   0.0000000e+00   5.9272283e-02  -2.5233980e-02  -6.0211499e-02   9.1041358e-02   2.2790954e-01   0.0000000e+00   7.2129939e-02  -2.0890543e-01   5.8705481e-03   8.1744350e-02   2.4688419e-01   0.0000000e+00  -2.8487000e-02   1.5638784e-01   8.8892086e-02   2.0327632e-01   1.7239264e-01   2.0361903e-01   1.2633858e-01   9.6629714e-02   1.1232924e-01  -3.6619321e-02   1.1609668e-01   7.7854591e-02   1.6812071e-01  -2.5608981e-02   2.0447723e-02   1.4699880e-01   1.4999524e-01  -6.8189922e-02   1.8119941e-01   1.2911865e-01   2.3088220e-01   9.1966221e-02   3.3124113e-01   2.7469000e-01   1.2075820e-01   5.4197236e-02   1.2853997e-01   7.9426763e-02   3.0250570e-01   0.0000000e+00   1.2679803e-01   1.1674614e-01   9.1757849e-02   0.0000000e+00   8.6207354e-02   3.9369533e-02  -1.2720799e-02   1.5026206e-01   2.5795776e-01   3.9894766e-02   2.2237678e-01   1.9701170e-01   1.1629766e-01  -7.9929869e-02  -1.6815261e-01   2.1748467e-02  -8.8484675e-02  -7.2706715e-02   9.4248209e-02  -3.8794559e-02   5.8161591e-02   5.1705899e-02  -1.5014738e-01  -3.8922604e-02   0.0000000e+00   0.0000000e+00  -2.2122793e-02   0.0000000e+00   1.9643601e-02  -7.0994906e-02  -7.5727031e-02  -6.6158348e-02  -5.2253496e-02  -1.5956196e-03   4.4716574e-02   1.8632654e-01  -4.5397832e-02  -1.5473234e-02   4.3278004e-02  -1.4478895e-02   1.6059091e-02  -2.9359208e-02   5.7005779e-03  -8.4296274e-02  -1.0450831e-01  -4.1800688e-02   1.7240851e-02  -9.6957760e-02  -3.7245053e-02  -5.8646892e-02   7.0083984e-03  -4.3720895e-02   2.6055439e-02  -1.2852967e-02  -1.6168392e-02  -4.1617781e-02   1.3815444e-01   3.7014886e-02   8.5305639e-02   5.4174726e-02   1.6721711e-01  -1.5821919e-01   1.5769180e-01   1.6912314e-01   9.5069412e-02   1.7990064e-02   2.1958172e-02   0.0000000e+00  -3.7413502e-02  -1.0771163e-01   7.4379528e-02
   0.0000000e+00   0.0000000e+00   0.0000000e+00   0.0000000e+00   0.0000000e+00   0.0000000e+00   0.0000000e+00   0.0000000e+00   0.0000000e+00   0.0000000e+00   0.0000000e+00   0.0000000e+00   0.0000000e+00   0.0000000e+00   0.0000000e+00   0.0000000e+00   0.0000000e+00   0.0000000e+00   0.0000000e+00   0.0000000e+00   0.0000000e+00   0.0000000e+00   0.0000000e+00   0.0000000e+00   0.0000000e+00   0.0000000e+00   0.0000000e+00   0.0000000e+00   0.0000000e+00   0.0000000e+00   0.0000000e+00   0.0000000e+00   0.0000000e+00   0.0000000e+00   0.0000000e+00   0.0000000e+00   0.0000000e+00   0.0000000e+00   0.0000000e+00   0.0000000e+00   0.0000000e+00   0.0000000e+00   0.0000000e+00   0.0000000e+00   0.0000000e+00   0.0000000e+00   0.0000000e+00   0.0000000e+00   0.0000000e+00   0.0000000e+00   0.0000000e+00   0.0000000e+00   0.0000000e+00   0.0000000e+00   0.0000000e+00   0.0000000e+00   0.0000000e+00   0.0000000e+00   0.0000000e+00   0.0000000e+00   0.0000000e+00   0.0000000e+00   0.0000000e+00   0.0000000e+00   0.0000000e+00   0.0000000e+00   0.0000000e+00   0.0000000e+00   0.0000000e+00   0.0000000e+00   0.0000000e+00   0.0000000e+00   0.0000000e+00   0.0000000e+00   0.0000000e+00   0.0000000e+00   0.0000000e+00   0.0000000e+00   0.0000000e+00   0.0000000e+00   0.0000000e+00   0.0000000e+00   0.0000000e+00   0.0000000e+00   0.0000000e+00   0.0000000e+00   0.0000000e+00   0.0000000e+00   0.0000000e+00   0.0000000e+00   0.0000000e+00   0.0000000e+00   0.0000000e+00   0.0000000e+00   0.0000000e+00   0.0000000e+00   0.0000000e+00   0.0000000e+00   0.0000000e+00   0.0000000e+00   0.0000000e+00   0.0000000e+00   0.0000000e+00   0.0000000e+00   0.0000000e+00   0.0000000e+00   0.0000000e+00   0.0000000e+00   0.0000000e+00   0.0000000e+00   0.0000000e+00   0.0000000e+00   0.0000000e+00   0.0000000e+00   0.0000000e+00   0.0000000e+00   0.0000000e+00   0.0000000e+00
   0.0000000e+00   0.0000000e+00   0.0000000e+00   5.9272283e-02   0.0000000e+00   0.0000000e+00   2.2666328e-01   1.3149427e-01  -1.8511066e-02  -1.8458195e-01   0.0000000e+00  -4.5739586e-02   2.2630517e-01   4.7696381e-02   3.9634066e-03   6.5837081e-02   0.0000000e+00   1.1087409e-01  -4.1953907e-02   1.1567081e-01  -2.3546229e-01  -2.1900420e-01  -1.2044383e-01  -1.6078936e-01  -1.4817835e-01   1.9732743e-01   8.4204742e-02  -2.4228717e-01   5.7732022e-03  -1.2873912e-01   2.6333038e-01  -1.8286431e-02  -1.0843620e-01  -7.4968129e-02  -1.4582317e-01  -1.8508834e-01  -6.4766953e-02  -5.0276821e-02  -1.4789546e-01  -1.2724973e-01  -9.6203522e-02  -5.9514526e-02  -5.7686164e-03  -9.0449383e-02  -2.2660517e-01  -8.3163460e-02   0.0000000e+00  -3.8067315e-02  -1.1839239e-01   1.7103081e-01   0.0000000e+00   4.6090952e-03  -1.0692896e-01  -8.3912783e-02   4.9775066e-02  -1.0139580e-03  -1.6487873e-02  -9.7559442e-02  -1.6260500e-01  -2.7446223e-02  -3.3772743e-02   8.9244377e-02   1.5813223e-01  -3.7118926e-02  -9.3964834e-02  -1.6781012e-02   8.7330954e-03  -3.7718337e-02   9.5522638e-02   3.1780389e-01   1.0506035e-01   0.0000000e+00   0.0000000e+00   1.7013823e-01   0.0000000e+00   1.2638557e-01   4.0729182e-01   5.1675553e-01   3.7904124e-01   3.7857849e-01   1.3492639e-01   3.4759740e-01  -1.2077094e-01  -3.3739019e-02   2.5295422e-01   1.0250515e-02  -7.3531690e-02   2.5116842e-02  -2.7146987e-02   1.7043573e-02  -1.8324145e-01   2.6086137e-01   3.0667093e-01  -1.4170410e-02  -1.3846974e-01   2.5814448e-02  -1.1578573e-01  -7.3551119e-02  -1.0374812e-01   5.2986303e-02   2.4946564e-02  -6.0614770e-02   2.2883631e-02  -7.9026023e-02   8.0443287e-03  -8.4944725e-02   3.4252966e-02  -4.0739928e-02  -9.0750492e-02   5.3096860e-02  -6.0013701e-02  -1.6193715e-02   1.5559944e-01   7.8101746e-02   0.0000000e+00   2.0041026e-01   2.8350838e-01  -1.0314981e-01
   0.0000000e+00   0.0000000e+00   0.0000000e+00  -2.5233980e-02   0.0000000e+00   2.2666328e-01   0.0000000e+00  -5.2116254e-02  -2.1594553e-01  -5.2377793e-02   0.0000000e+00  -2.4366462e-02   1.4798770e-01   1.0240428e-01   3.3227949e-02   2.7834211e-02   0.0000000e+00  -3.3973129e-02  -7.4620954e-02  -9.0769002e-02  -1.2574053e-01  -5.2130841e-02   4.3595489e-02   1.8645272e-02  -4.8649396e-02   1.1118603e-01   5.9069430e-02  -1.5497402e-01  -1.4534772e-01   2.3771179e-03   2.6169153e-01  -1.8862791e-01  -1.1390964e-01  -1.5804563e-01  -3.0998739e-01  -1.5859591e-01   8.0655438e-02  -3.4688304e-02  -1.8919165e-01  -4.0895737e-02   4.5657055e-02  -1.0868733e-01   1.4391066e-02  -2.4714417e-01  -7.6326684e-02  -7.0825063e-02   0.0000000e+00  -1.6529104e-01  -9.9204150e-02   1.5288864e-01   0.0000000e+00   4.3433518e-02  -2.0708941e-01  -9.5660039e-03  -2.1950831e-01   3.7990806e-02  -1.5268285e-01  -5.7589457e-02  -8.4016642e-02   5.4038565e-02  -4.1176629e-02  -1.0627759e-01  -1.7093126e-02   6.8518332e-02  -1.4518651e-01   3.3432671e-01  -1.6338319e-01   2.2998201e-01  -1.9113338e-02   1.2191554e-01  -2.9189630e-02   0.0000000e+00   0.0000000e+00   6.1293158e-02   0.0000000e+00   2.6158330e-01   4.3892751e-01   2.4438350e-01   1.0154748e-01   3.0132123e-01   2.1054278e-01   1.7260135e-01   1.9204966e-01   9.8212696e-02   2.9561601e-01   6.1837422e-02   6.7792343e-02   2.0147869e-01   1.6682084e-01   1.4039575e-01   1.0169684e-02  -9.3704298e-02   8.2631241e-02  -3.5494462e-02  -6.9707018e-02  -1.9234362e-02  -3.4534046e-01  -2.5788645e-01  -9.6202425e-02  -1.0359280e-01  -3.7889810e-02  -3.6656822e-01  -1.5552840e-01  -1.3356001e-02  -8.9987760e-02  -2.3563672e-01  -7.7972866e-02  -1.5686063e-01  -2.1635239e-02   1.6156836e-01   1.9230371e-01  -5.7974099e-02   6.0517960e-02  -1.1255868e-01   0.0000000e+00  -6.2577005e-02   1.0894157e-01   2.3105514e-01
   0.0000000e+00   0.0000000e+00   0.0000000e+00  -6.0211499e-02   0.0000000e+00   1.3149427e-01  -5.2116254e-02   0.0000000e+00  -1.3214172e-01  -3.4726177e-02   0.0000000e+00  -7.5052566e-02   2.0202930e-02  -2.2260135e-02   5.3495690e-02  -1.0639633e-02   0.0000000e+00  -5.3734229e-02   1.7118630e-03  -7.4166662e-02   1.3461714e-02  -1.0908650e-01  -1.0792934e-01  -6.8213127e-02  -1.3898589e-03  -2.1108390e-01  -1.5804611e-01  -6.8524168e-02   1.4205605e-01   2.0974590e-02  -8.8132401e-02   1.6794869e-02   1.7927491e-02   2.5230431e-02   2.4380972e-02   4.2773755e-02   5.1282821e-03   5.5246598e-02   3.7402290e-02   2.0476829e-02   9.0336948e-03   3.5662870e-02  -2.9342483e-02   1.0059913e-01  -2.0258956e-01   1.0239767e-02   0.0000000e+00   5.7097756e-02   3.9942343e-02  -2.4357443e-01   0.0000000e+00  -5.1597526e-03   1.2742676e-03   3.9624519e-02  -1.9793353e-02   4.3293269e-02  -8.5586927e-02  -2.9687463e-02   1.3354065e-03  -5.2237631e-02  -3.4006300e-02  -1.0233198e-01  -2.3341709e-01   3.5351055e-02   5.0821213e-02  -4.1090068e-02   2.3191865e-01  -1.9808617e-01   7.3325948e-02  -6.0044329e-02  -8.5867530e-02   0.0000000e+00   0.0000000e+00  -1.1156649e-02   0.0000000e+00   6.7911650e-03   2.3163977e-01   1.2279301e-01   1.9998287e-01   2.1562674e-01  -2.5226883e-01   9.8494900e-02  -1.0947681e-01  -2.3154296e-01  -9.1662195e-02  -1.7338840e-01  -1.6254912e-01   1.0479155e-01  -1.1146562e-01  -1.0692170e-01  -1.2352491e-01  -5.1721608e-02   2.7247989e-01  -1.0269813e-01   3.7684176e-02  -2.4085652e-02  -6.5488165e-02   2.8533361e-02  -7.6435188e-02  -1.5650506e-02  -1.4768862e-01  -4.4586286e-02  -1.1882819e-01  -1.2872310e-01  -6.4806402e-02  -8.4380163e-02  -6.6141740e-02  -6.0841219e-02  -1.3484808e-01  -4.2769523e-02  -3.6641090e-02   9.6980442e-02   1.2998099e-01   1.9755367e-03   0.0000000e+00   8.5464907e-01   6.3890966e-01  -5.4688770e-02
   0.0000000e+00   0.0000000e+00   0.0000000e+00   9.1041358e-02   0.0000000e+00  -1.8511066e-02  -2.1594553e-01  -1.3214172e-01   0.0000000e+00  -1.9201556e-01   0.0000000e+00  -1.6847541e-01  -5.3131483e-03  -6.1063370e-02  -2.0040165e-01  -3.2784821e-02   0.0000000e+00  -1.4599417e-01   3.0417670e-02  -1.4795091e-01  -1.3753268e-01  -6.3711762e-02  -7.8153898e-02  -1.6585766e-01  -1.7296504e-01   2.9315068e-02  -1.7868661e-01  -1.2099210e-01   6.9036221e-02  -2.0100243e-01  -3.2564705e-02   2.6520226e-01   2.1367024e-01   2.1472210e-01   5.2026621e-01   4.3483364e-03  -1.1821933e-01  -7.0982787e-02  -1.5177876e-02  -1.2747128e-01  -1.3955320e-01  -3.8476855e-02  -2.1120872e-02   1.0823563e-01   2.4627394e-02  -1.4405876e-01   0.0000000e+00   1.6893372e-01   4.4897416e-03  -9.0823837e-02   0.0000000e+00   1.8431879e-02   4.2466019e-02   3.6226285e-02   4.5147667e-02  -1.5297515e-01   1.7475226e-01  -9.9661034e-02   3.0768420e-02  -1.7078083e-01  -1.3817881e-01   7.4076978e-02   1.0209505e-01   7.7902177e-02   3.3218782e-01  -2.3954395e-01   2.3616426e-01  -2.5615414e-02   5.1703601e-01  -3.2774914e-03   1.8071923e-02   0.0000000e+00   0.0000000e+00  -1.1094842e-02   0.0000000e+00  -1.7920704e-01  -1.6091455e-01   2.6224476e-02  -1.0121689e-02  -2.6429196e-01  -1.8009208e-01  -1.6926203e-02  -2.3900682e-01  -1.0221531e-01  -1.4154736e-01  -1.5014568e-01   2.2048860e-01  -1.8593000e-01  -6.9804608e-02  -8.9945446e-03   6.3570546e-02   1.6055983e-01   1.6698917e-01   2.1329304e-01   5.2525669e-02   1.0550292e-01   2.9616597e-01   2.6973012e-01   3.7462416e-01   1.8984904e-01  -1.0341967e-01   3.0219565e-01   3.0918045e-01  -1.2383139e-02   2.7768298e-01   1.9184737e-01   1.3573853e-01   2.0272966e-01   2.1300698e-01   1.1867265e-01   1.5780487e-02   1.1417203e-01  -2.1809431e-02   1.9112099e-01   0.0000000e+00  -3.4881177e-02  -1.7874374e-01  -3.1388063e-01
   0.0000000e+00   0.0000000e+00   0.0000000e+00   2.2790954e-01   0.0000000e+00  -1.8458195e-01  -5.2377793e-02  -3.4726177e-02  -1.9201556e-01   0.0000000e+00   0.0000000e+00   2.1790817e-01  -3.3622101e-01   3.0250112e-03   4.2634644e-01   2.0917093e-01   0.0000000e+00   8.7943110e-02   2.2459206e-01   2.3207928e-01   6.8049713e-01   3.2281460e-01   2.0798974e-01   3.3113253e-01   3.6567766e-01  -9.8806054e-02   1.6409215e-01   6.1163631e-01   3.0591213e-01   5.6492657e-01  -2.6454265e-01  -8.1681453e-03   1.1946020e-01   3.6134659e-01   1.4431265e-02   5.1252078e-01   2.9490404e-01   3.2484679e-01   3.0040467e-01   5.9723025e-01   3.4509900e-01   4.1374926e-01   3.7277590e-01   2.7818049e-01   3.3233686e-01   4.3231771e-01   0.0000000e+00   1.7623026e-01   5.2013879e-01   2.2056231e-01   0.0000000e+00   2.2365582e-01   1.2231407e-01   1.2581560e-01   2.3301784e-01   4.5472941e-01  -1.4499783e-01   4.3484858e-01   3.4961272e-01   1.3285286e-01  -1.8063617e-01  -2.1205053e-01  -1.8212540e-01   1.7437333e-01  -7.4416208e-03   3.4154173e-01   5.1195166e-02   2.2132947e-01  -6.0997189e-02  -3.4895971e-01  -2.4580996e-01   0.0000000e+00   0.0000000e+00  -9.9192781e-02   0.0000000e+00   6.5544933e-02  -2.5514402e-01  -4.1041090e-01  -1.8259776e-01  -2.1728797e-01   2.2446438e-01  -5.3132180e-02   3.9523645e-01   1.4038619e-02   7.3514042e-02   8.1518795e-02  -2.4345593e-02   1.1275967e-01   2.2629333e-01  -4.6381904e-02   1.8238831e-01  -2.2095820e-01  -2.8467565e-01  -2.2684326e-03   1.8832003e-01  -8.8617132e-02  -1.4481871e-01   8.2827503e-03  -5.2475215e-02  -8.0837670e-02   1.7594300e-02  -1.1224601e-01  -4.2194553e-01   1.2461530e-01  -1.3478323e-01   3.1626161e-01   1.1811914e-01   1.4798715e-01  -5.9571311e-02  -6.4463644e-02   2.9416041e-01  -3.9154987e-02  -6.3407955e-02   1.2071064e-02   0.0000000e+00  -9.3200872e-02  -2.2075580e-01   2.9401451e-01
   0.0000000e+00   0.0000000e+00   0.0000000e+00   0.0000000e+00   0.0000000e+00   0.0000000e+00   0.0000000e+00   0.0000000e+00   0.0000000e+00   0.0000000e+00   0.0000000e+00   0.0000000e+00   0.0000000e+00   0.0000000e+00   0.0000000e+00   0.0000000e+00   0.0000000e+00   0.0000000e+00   0.0000000e+00   0.0000000e+00   0.0000000e+00   0.0000000e+00   0.0000000e+00   0.0000000e+00   0.0000000e+00   0.0000000e+00   0.0000000e+00   0.0000000e+00   0.0000000e+00   0.0000000e+00   0.0000000e+00   0.0000000e+00   0.0000000e+00   0.0000000e+00   0.0000000e+00   0.0000000e+00   0.0000000e+00   0.0000000e+00   0.0000000e+00   0.0000000e+00   0.0000000e+00   0.0000000e+00   0.0000000e+00   0.0000000e+00   0.0000000e+00   0.0000000e+00   0.0000000e+00   0.0000000e+00   0.0000000e+00   0.0000000e+00   0.0000000e+00   0.0000000e+00   0.0000000e+00   0.0000000e+00   0.0000000e+00   0.0000000e+00   0.0000000e+00   0.0000000e+00   0.0000000e+00   0.0000000e+00   0.0000000e+00   0.0000000e+00   0.0000000e+00   0.0000000e+00   0.0000000e+00   0.0000000e+00   0.0000000e+00   0.0000000e+00   0.0000000e+00   0.0000000e+00   0.0000000e+00   0.0000000e+00   0.0000000e+00   0.0000000e+00   0.0000000e+00   0.0000000e+00   0.0000000e+00   0.0000000e+00   0.0000000e+00   0.0000000e+00   0.0000000e+00   0.0000000e+00   0.0000000e+00   0.0000000e+00   0.0000000e+00   0.0000000e+00   0.0000000e+00   0.0000000e+00   0.0000000e+00   0.0000000e+00   0.0000000e+00   0.0000000e+00   0.0000000e+00   0.0000000e+00   0.0000000e+00   0.0000000e+00   0.0000000e+00   0.0000000e+00   0.0000000e+00   0.0000000e+00   0.0000000e+00   0.0000000e+00   0.0000000e+00   0.0000000e+00   0.0000000e+00   0.0000000e+00   0.0000000e+00   0.0000000e+00   0.0000000e+00   0.0000000e+00   0.0000000e+00   0.0000000e+00   0.0000000e+00   0.0000000e+00   0.0000000e+00   0.0000000e+00   0.0000000e+00   0.0000000e+00
   0.0000000e+00   0.0000000e+00   0.0000000e+00   7.2129939e-02   0.0000000e+00  -4.5739586e-02  -2.4366462e-02  -7.5052566e-02  -1.6847541e-01   2.1790817e-01   0.0000000e+00   0.0000000e+00  -1.4455544e-01  -1.5875436e-01   3.0656144e-02  -1.0273117e-02   0.0000000e+00   2.6827101e-01  -5.2533083e-02   1.4338645e-01   5.9051943e-02   5.9492569e-02   9.9718296e-02   1.5488709e-01   1.8973906e-01   1.2278925e-01   1.3251362e-01   2.1118015e-01   4.1217988e-02   2.4354865e-01   1.1373329e-01  -5.2244005e-02  -1.4226648e-01  -1.3288682e-01  -1.5259277e-01  -1.5228506e-03  -1.9540881e-01   9.4560858e-02   1.3390486e-01   1.4662405e-01   1.1610284e-01   4.6768508e-02   2.7169281e-01   1.4531156e-01   2.8266450e-01   1.8534157e-01   0.0000000e+00  -3.2348240e-02   7.2334391e-02   1.2016051e-01   0.0000000e+00  -6.7043907e-02   1.4390441e-01  -1.5072019e-01   4.0246366e-03   2.5378516e-02  -4.2429936e-02   3.0615673e-02   7.4449527e-02   2.8119273e-01  -8.5735017e-02   5.2593508e-02  -2.9704995e-02   2.7255401e-02  -8.4492728e-02   1.5139089e-01  -2.1349296e-01   2.2664245e-02  -2.0372687e-01  -1.7474645e-02  -9.0649343e-02   0.0000000e+00   0.0000000e+00   2.3507147e-01   0.0000000e+00  -1.2598851e-01  -6.0936017e-02  -5.3714304e-02   2.5732639e-02  -1.7227154e-01   1.6272268e-01  -1.2982325e-01   2.9167065e-02   2.3519760e-01   9.6297011e-02   2.4081048e-01   3.0664452e-02   7.1212368e-02   1.1026984e-01  -6.8648886e-02   4.2059959e-01   3.6447816e-03  -8.5240623e-02  -1.1786007e-01   1.1362542e-01   3.1526458e-02   1.6324195e-01  -1.1326162e-02  -4.9543492e-02   3.7496404e-02   3.2890379e-01   1.5819671e-01   8.7543088e-02   1.7319316e-01   2.3599489e-02  -7.8063338e-02   2.8398977e-02  -4.4859520e-02  -3.0542975e-02  -1.1692422e-01   9.3039993e-02  -9.5439149e-02  -7.8497950e-02  -6.3326202e-02   0.0000000e+00  -1.5019240e-01  -1.4619410e-01   4.3991858e-02
   0.0000000e+00   0.0000000e+00   0.0000000e+00  -2.0890543e-01   0.0000000e+00   2.2630517e-01   1.4798770e-01   2.0202930e-02  -5.3131483e-03  -3.3622101e-01   0.0000000e+00  -1.4455544e-01   0.0000000e+00   4.4036692e-01  -1.2340511e-01  -4.6183292e-02   0.0000000e+00   4.9909319e-02  -4.8272602e-02   5.6681873e-02  -1.9537984e-01   8.6027136e-02   9.3949337e-02  -1.5838226e-01  -1.1526953e-01   2.8343027e-01   2.4402017e-03  -2.7011841e-01  -1.7496721e-01  -2.6438326e-01   2.7823432e-01   6.7063023e-02  -5.5140992e-02  -1.5249714e-01  -1.1726791e-02  -1.4911208e-01  -5.9494961e-02  -6.8111780e-02  -2.0601090e-02  -2.4680651e-01  -1.5954211e-01  -1.8656548e-02  -9.4944214e-02  -2.4965032e-02  -2.3386465e-01  -2.2241385e-01   0.0000000e+00  -6.6337360e-02  -2.5520056e-01  -9.0091232e-02   0.0000000e+00  -1.7890231e-01  -1.2630837e-01   6.6763004e-02  -4.2339923e-02  -1.2322229e-01   1.1030479e-01  -2.3563515e-02  -1.5712562e-01  -5.3994012e-02   4.6293739e-01   2.8284760e-01   4.9878573e-01  -1.5594313e-01   5.3701755e-02  -1.3058427e-01   9.0558804e-02  -1.6965949e-01   8.4194185e-02   3.7446017e-01   3.2587482e-01   0.0000000e+00   0.0000000e+00  -4.9685501e-03   0.0000000e+00   2.9265853e-02   3.7863133e-01   3.3062445e-01   1.4672390e-01   3.0738674e-01  -1.1489459e-01   1.1576893e-01   1.7382457e-02  -2.1635125e-02   1.0098483e-01  -1.1139894e-01  -1.1218703e-01  -1.6720013e-01  -1.7577951e-01   5.3511750e-02  -1.2290342e-01   2.8760514e-01   3.0627725e-01  -4.0041652e-02  -3.5714267e-02   7.5019810e-02  -1.3615285e-01  -8.0685124e-06   3.8614931e-02   3.1020441e-02  -6.2419253e-02  -2.2427436e-02   1.1015034e-01  -1.1836445e-01   1.4921941e-01  -1.6039111e-01  -2.4765033e-03  -1.7765281e-02   2.2321137e-01   9.2607557e-02  -1.2968283e-01  -2.1413681e-02   1.5730266e-01   5.5416435e-02   0.0000000e+00   3.4396160e-02   2.6124706e-01  -5.1199542e-02
   0.0000000e+00   0.0000000e+00   0.0000000e+00   5.8705481e-03   0.0000000e+00   4.7696381e-02   1.0240428e-01  -2.2260135e-02  -6.1063370e-02   3.0250112e-03   0.0000000e+00  -1.5875436e-01   4.4036692e-01   0.0000000e+00  -1.3514983e-03   1.1594190e-01   0.0000000e+00  -9.6342132e-02   1.0576070e-01   2.6815565e-02  -3.9502051e-03   2.1914442e-01   2.0558075e-01  -1.6781514e-02  -2.7306019e-02   1.2707093e-01  -3.9079025e-03  -1.2755340e-01  -6.9510245e-02  -1.0304294e-01   4.2532729e-02   1.3563608e-02   1.2310557e-01   5.5862868e-02  -1.5645139e-02   3.0497886e-02   1.7436840e-01   3.5092077e-02   4.2436405e-02   2.2361941e-02   3.9213418e-02   1.0471514e-01  -1.0939792e-01  -9.2952671e-02  -1.2807614e-01  -5.2226303e-02   0.0000000e+00   1.0172712e-02  -1.0660524e-01  -8.3192546e-02   0.0000000e+00  -1.9737753e-02  -6.1371861e-02   1.0630143e-01   4.8977271e-02   5.3020240e-02   2.7966086e-02   2.4920676e-02  -1.6070424e-02  -1.5400623e-01   4.6440282e-01   2.0841632e-01   2.7835661e-01  -1.3068270e-01  -5.6171551e-02  -1.3652420e-02   1.2647878e-01   1.1585583e-02   7.6317998e-02   2.9665532e-02   1.1500928e-01   0.0000000e+00   0.0000000e+00  -1.2814054e-01   0.0000000e+00   1.1903191e-01   1.7049303e-01   1.5298589e-01  -4.3118380e-02   1.5100098e-01  -1.6756559e-01   6.6705025e-02   1.7844718e-01  -1.5070826e-01  -3.6184531e-02  -3.5272174e-02  -6.3564091e-02  -1.2926370e-01  -9.9306328e-02   9.2472129e-02  -2.1785873e-01   1.0294845e-01   1.2973783e-01  -8.1747549e-03  -1.6625755e-02  -6.5920219e-02  -1.5804855e-01  -1.1740555e-02  -1.2892652e-01  -7.2596654e-02  -1.7250639e-02  -4.1386291e-02  -7.4162780e-02  -1.4276469e-01   2.2833720e-02  -1.1763066e-01   4.5287272e-02  -2.4768837e-02  -9.5032619e-02   8.5514396e-02  -4.4454294e-02   7.8399599e-02   1.2385935e-01   3.2834434e-02   0.0000000e+00  -3.5982971e-02   1.3741649e-01   8.5010101e-02
   0.0000000e+00   0.0000000e+00   0.0000000e+00   8.1744350e-02   0.0000000e+00   3.9634066e-03   3.3227949e-02   5.3495690e-02  -2.0040165e-01   4.2634644e-01   0.0000000e+00   3.0656144e-02  -1.2340511e-01  -1.3514983e-03   0.0000000e+00   4.1859142e-01   0.0000000e+00   2.6452129e-01   4.0875020e-02   3.6351439e-01   4.3513701e-01   1.7632239e-01   1.1612794e-02   2.1560922e-01   1.1346076e-01  -1.2595940e-01   1.8886734e-01   2.6309013e-01   4.0896028e-01   4.7385955e-01  -1.0135967e-01   1.4300732e-02   2.3658917e-01   2.5822364e-01  -3.5621571e-03   3.1303717e-01   2.6039734e-01   1.1505033e-01   9.7386578e-02   3.1152195e-01   1.8736303e-01   2.5739503e-01   2.8170376e-01   1.7249338e-01   1.7024166e-01   2.3376897e-01   0.0000000e+00   3.3281641e-01   5.3357323e-01   2.0572477e-01   0.0000000e+00   4.0008358e-01   4.4107656e-02   2.3497389e-01   4.2843795e-01   7.0151953e-01   1.0304216e-01   3.6389026e-01   1.4490510e-01   1.6470708e-01  -1.4184146e-01  -2.5558732e-01  -1.6126846e-01   3.4368131e-01   1.2139920e-01   3.5370964e-01   1.7549087e-01   5.4885872e-02  -7.4395232e-02  -9.0505268e-02  -6.1257321e-02   0.0000000e+00   0.0000000e+00  -4.3308886e-02   0.0000000e+00   1.6316144e-02  -1.5598810e-01  -1.7259947e-01   2.4129966e-03  -8.6406279e-02   1.5525727e-01  -1.3492944e-02   2.2231734e-01   6.0930185e-02   1.0472956e-01   9.1089963e-02   5.7879559e-02   2.7005964e-02   1.6541482e-01  -8.2609258e-02   1.7688139e-02  -7.0345693e-02  -5.6866775e-02   1.1664853e-01   5.8964503e-02  -1.3307251e-02  -5.3750909e-02  -6.7985846e-02  -8.5500691e-02   3.6334997e-02  -7.7557783e-02  -1.8652412e-01  -2.8540006e-01   2.5353586e-02   1.5724936e-02   3.7846613e-01   1.1722791e-01   1.9016670e-01   5.3847039e-02   6.4663285e-02   3.5216750e-01   4.9789440e-02   1.6370397e-02   1.7741624e-01   0.0000000e+00   7.4948817e-02  -1.0702694e-01   1.3457535e-01
   0.0000000e+00   0.0000000e+00   0.0000000e+00   2.4688419e-01   0.0000000e+00   6.5837081e-02   2.7834211e-02  -1.0639633e-02  -3.2784821e-02   2.0917093e-01   0.0000000e+00  -1.0273117e-02  -4.6183292e-02   1.1594190e-01   4.1859142e-01   0.0000000e+00   0.0000000e+00   2.4223270e-01   1.7566326e-01   3.2400416e-01   1.6907021e-01   1.9532881e-01   1.7871756e-01   2.5619141e-01   2.5633747e-01   1.1026026e-01   2.9031644e-01   1.9656474e-01   1.7870571e-01   2.4218665e-01   1.4256273e-01   1.7282638e-01   4.3508645e-01   1.8133918e-01   7.9319412e-03   2.1957908e-01   2.6317073e-01   1.5692282e-01   1.4707074e-01   2.4302597e-01   2.6678654e-01   2.7040713e-01   1.6541755e-01   1.5692302e-01   6.5657958e-03   2.2227135e-01   0.0000000e+00   3.3807955e-01   1.7158547e-01   9.2480720e-02   0.0000000e+00   3.9574009e-01   9.4768244e-02   2.8216826e-01   7.4013339e-01   6.9588326e-01   3.2775606e-01   2.8382531e-01   2.0881072e-01   1.7133832e-01  -7.3511093e-02  -1.4776195e-01   5.1994848e-02   1.5191222e-01   1.3662103e-02   3.2343283e-01   7.9791677e-02  -6.7341153e-02   1.2664965e-01   9.3886404e-02   1.6527077e-02   0.0000000e+00   0.0000000e+00   1.4673985e-03   0.0000000e+00  -8.5311903e-02  -8.8386266e-02  -1.1940484e-01   8.3141227e-02  -8.5313764e-02   2.3865952e-02  -2.5377856e-02   3.0418383e-01  -1.2786213e-02   1.0780445e-01   2.1923381e-02   3.6028491e-02  -1.2408931e-01   1.1610176e-02  -1.3883646e-01  -1.3973631e-01   8.7041337e-02  -2.2857059e-02   9.3575936e-02   6.7214973e-02   3.1314017e-02  -4.5374797e-02   9.5742764e-02  -1.4643164e-02   6.5920927e-02  -9.1353391e-02   6.4000765e-02  -1.0034537e-01   5.9251391e-02   1.4969755e-01   2.7845546e-01   5.8317514e-02   3.3892351e-01  -2.4949748e-02   3.8841889e-01   2.8095151e-01   5.7336704e-02   1.4144820e-01   2.9029061e-01   0.0000000e+00   3.2314955e-02  -1.2526847e-01  -3.2072299e-02
   0.0000000e+00   0.0000000e+00   0.0000000e+00   0.0000000e+00   0.0000000e+00   0.0000000e+00   0.0000000e+00   0.0000000e+00   0.0000000e+00   0.0000000e+00   0.0000000e+00   0.0000000e+00   0.0000000e+00   0.0000000e+00   0.0000000e+00   0.0000000e+00   0.0000000e+00   0.0000000e+00   0.0000000e+00   0.0000000e+00   0.0000000e+00   0.0000000e+00   0.0000000e+00   0.0000000e+00   0.0000000e+00   0.0000000e+00   0.0000000e+00   0.0000000e+00   0.0000000e+00   0.0000000e+00   0.0000000e+00   0.0000000e+00   0.0000000e+00   0.0000000e+00   0.0000000e+00   0.0000000e+00   0.0000000e+00   0.0000000e+00   0.0000000e+00   0.0000000e+00   0.0000000e+00   0.0000000e+00   0.0000000e+00   0.0000000e+00   0.0000000e+00   0.0000000e+00   0.0000000e+00   0.0000000e+00   0.0000000e+00   0.0000000e+00   0.0000000e+00   0.0000000e+00   0.0000000e+00   0.0000000e+00   0.0000000e+00   0.0000000e+00   0.0000000e+00   0.0000000e+00   0.0000000e+00   0.0000000e+00   0.0000000e+00   0.0000000e+00   0.0000000e+00   0.0000000e+00   0.0000000e+00   0.0000000e+00   0.0000000e+00   0.0000000e+00   0.0000000e+00   0.0000000e+00   0.0000000e+00   0.0000000e+00   0.0000000e+00   0.0000000e+00   0.0000000e+00   0.0000000e+00   0.0000000e+00   0.0000000e+00   0.0000000e+00   0.0000000e+00   0.0000000e+00   0.0000000e+00   0.0000000e+00   0.0000000e+00   0.0000000e+00   0.0000000e+00   0.0000000e+00   0.0000000e+00   0.0000000e+00   0.0000000e+00   0.0000000e+00   0.0000000e+00   0.0000000e+00   0.0000000e+00   0.0000000e+00   0.0000000e+00   0.0000000e+00   0.0000000e+00   0.0000000e+00   0.0000000e+00   0.0000000e+00   0.0000000e+00   0.0000000e+00   0.0000000e+00   0.0000000e+00   0.0000000e+00   0.0000000e+00   0.0000000e+00   0.0000000e+00   0.0000000e+00   0.0000000e+00   0.0000000e+00   0.0000000e+00   0.0000000e+00   0.0000000e+00   0.0000000e+00   0.0000000e+00   0.0000000e+00
   0.0000000e+00   0.0000000e+00   0.0000000e+00  -2.8487000e-02   0.0000000e+00   1.1087409e-01  -3.3973129e-02  -5.3734229e-02  -1.4599417e-01   8.7943110e-02   0.0000000e+00   2.6827101e-01   4.9909319e-02  -9.6342132e-02   2.6452129e-01   2.4223270e-01   0.0000000e+00   0.0000000e+00   5.6646933e-02   6.0040255e-01   2.6402299e-02  -1.5961942e-02  -3.2972265e-02   9.8731205e-02   7.4603110e-02   2.3718367e-01   4.3287244e-01   1.9751324e-01   2.3849188e-01   2.3902086e-01   2.8840593e-01   1.5495456e-01   9.8874964e-02  -2.3462458e-02  -2.3720912e-02   1.3817465e-01   8.2538628e-02   4.6824421e-02   1.2693537e-01   3.6392780e-02   5.5700989e-02   2.4257686e-01   2.8132144e-01   1.5789331e-01   1.1017557e-01   2.6536708e-01   0.0000000e+00   2.0400078e-01   1.9266235e-01   2.2774016e-01   0.0000000e+00   1.9716568e-01   1.4532727e-01   7.7944263e-02   3.3569704e-01   2.9135147e-01   2.8956828e-01   1.5980984e-01   3.3445653e-02   2.0729003e-01  -4.3849069e-02  -3.2745935e-02   7.0195516e-02   1.8558417e-01   8.8542164e-02   2.1962516e-01   3.6219208e-02  -9.5674464e-02  -1.0914651e-01   3.9313635e-01   1.9020777e-01   0.0000000e+00   0.0000000e+00   1.9774917e-02   0.0000000e+00  -1.0113365e-01  -2.9657473e-02  -2.3470426e-02   2.7188659e-01  -1.5673263e-03   2.6161841e-01  -5.7863855e-02   1.9224625e-02   3.1551975e-01   1.8824636e-01   1.6607959e-01   3.6232871e-02  -5.3465590e-02   1.3293482e-01  -1.7595596e-01   1.4685153e-01   3.2774640e-01  -5.2905404e-02   2.3651628e-02   1.0106233e-01   6.4723046e-02   1.1173690e-01   8.4266244e-02  -1.1152444e-02  -7.2117393e-03   9.7143757e-02   1.3184252e-01   8.2163171e-02  -4.6912857e-02   1.4631746e-01   1.7778943e-01   1.8940158e-02   2.2246883e-01   1.0079058e-01   1.3761989e-01   1.5925623e-01  -2.1740606e-02   4.9936860e-02   1.7668269e-01   0.0000000e+00  -1.6734181e-02  -6.8993159e-02  -5.3027074e-02
   0.0000000e+00   0.0000000e+00   0.0000000e+00   1.5638784e-01   0.0000000e+00  -4.1953907e-02  -7.4620954e-02   1.7118630e-03   3.0417670e-02   2.2459206e-01   0.0000000e+00  -5.2533083e-02  -4.8272602e-02   1.0576070e-01   4.0875020e-02   1.7566326e-01   0.0000000e+00   5.6646933e-02   0.0000000e+00   1.9307116e-01   1.8209839e-01   1.7618331e-01   1.6869370e-01   1.7196231e-01   2.1808387e-01   8.3212982e-02  -1.5863347e-02   1.2979869e-01   9.9233949e-02   5.1255627e-02  -2.1891439e-01   2.0206357e-01   3.2098366e-01   2.3490477e-01   1.3172991e-01   2.9853227e-01   3.1277652e-01   2.8180768e-01   2.3160253e-01   2.7209821e-01   2.4753502e-01   3.5017322e-01   1.4229483e-01   2.8392896e-01   1.7854028e-01   2.8970166e-01   0.0000000e+00   2.4016381e-01   9.1014357e-02  -2.6628940e-02   0.0000000e+00   1.1866678e-01   1.7447127e-01   3.4581046e-01   2.4888228e-01   1.4224568e-01   1.8469819e-01   2.4132962e-01   6.5244578e-01  -1.6709744e-03   2.0562195e-02  -1.0243914e-02   3.3928258e-02   1.1307607e-03  -5.3409895e-02   1.0122443e-01   7.1293742e-02  -1.2436289e-02  -8.4751856e-02  -7.6607213e-02  -1.0643442e-01   0.0000000e+00   0.0000000e+00  -1.0266763e-01   0.0000000e+00  -1.6781878e-02  -1.1685408e-01  -2.6178520e-01  -1.1832879e-01  -1.4197323e-01  -7.4876029e-02  -1.2379222e-01   1.4910966e-01  -9.3583836e-02  -1.5640252e-01  -1.2134392e-01  -1.1938921e-01  -8.3950041e-02  -1.0412124e-01  -1.0027603e-01  -1.1011173e-01   1.0008503e-01  -3.2145380e-02   8.6670109e-02   2.3213595e-01   2.0921241e-03  -6.5827659e-02   2.8546640e-01   1.2086095e-01  -1.8119846e-02   4.0421529e-02   2.9441467e-02  -5.0751386e-02   2.5692790e-02   2.0500709e-01   2.5701716e-01   1.8589812e-01   2.3845571e-01   9.7299092e-02   2.6121137e-01   1.1244809e-01  -8.6311968e-02  -2.7210604e-02   1.9829565e-01   0.0000000e+00   9.1794107e-03  -4.0198332e-02   4.5326349e-02
   0.0000000e+00   0.0000000e+00   0.0000000e+00   8.8892086e-02   0.0000000e+00   1.1567081e-01  -9.0769002e-02  -7.4166662e-02  -1.4795091e-01   2.3207928e-01   0.0000000e+00   1.4338645e-01   5.6681873e-02   2.6815565e-02   3.6351439e-01   3.2400416e-01   0.0000000e+00   6.0040255e-01   1.9307116e-01   0.0000000e+00   3.5013308e-01   2.3050005e-01   1.8187483e-01   2.3229482e-01   9.5716756e-02   3.2296230e-01   3.2633317e-01   3.1653416e-01   3.3588204e-01   3.3481321e-01   1.7318381e-01   2.0495227e-01   2.3358797e-01   1.8277417e-01   7.4798602e-02   3.3208570e-01   3.2612076e-01   2.5816313e-01   2.1649706e-01   2.1473221e-01   1.6048337e-01   5.4213071e-01   4.0642813e-01   2.5113732e-01   3.5626795e-01   4.5683744e-01   0.0000000e+00   2.8515408e-01   2.9146221e-01   2.9508671e-01   0.0000000e+00   3.1993907e-01   1.6476889e-01   1.3831735e-01   4.1367329e-01   4.6990760e-01   3.5448844e-01   6.2372362e-01   1.7893538e-01   1.9898087e-01   2.0599445e-02  -1.1974660e-01   8.0745080e-02   1.6825228e-01   1.0373056e-01   2.8090017e-01   1.8777466e-01  -1.0273362e-01  -1.1027589e-01   2.5428275e-01   3.0515396e-01   0.0000000e+00   0.0000000e+00  -1.6483355e-02   0.0000000e+00   6.3327301e-02  -9.7095432e-02  -9.8315386e-02   1.1695390e-01  -6.1837912e-03   1.8506569e-01   2.6685412e-02   2.7101658e-01   2.8695781e-01   8.5340527e-02   2.8471650e-01   2.3156092e-02  -1.4133571e-01  -5.5988855e-02  -1.4820398e-01   1.0472352e-01   2.1920139e-01  -8.4939253e-02   2.7699904e-02   1.0459684e-01   8.3122345e-02   5.1591443e-02   9.4950245e-02   2.3828960e-02   1.1520628e-02   1.0361013e-01   4.4488634e-02   1.3350826e-02  -1.8239946e-02   1.9576355e-01   4.6130447e-01   1.0320249e-01   2.3704021e-01   2.0593568e-02   1.8022506e-01   2.5534793e-01  -4.5654978e-02   3.1521871e-02   1.6314040e-01   0.0000000e+00   3.1445455e-03  -1.1692297e-01   7.5442950e-02
   0.0000000e+00   0.0000000e+00   0.0000000e+00   2.0327632e-01   0.0000000e+00  -2.3546229e-01  -1.2574053e-01   1.3461714e-02  -1.3753268e-01   6.8049713e-01   0.0000000e+00   5.9051943e-02  -1.9537984e-01  -3.9502051e-03   4.3513701e-01   1.6907021e-01   0.0000000e+00   2.6402299e-02   1.8209839e-01   3.5013308e-01   0.0000000e+00   7.2511518e-01   4.3643143e-01   4.2821465e-01   3.6863628e-01  -1.1715933e-02  -1.2694156e-02   5.2629902e-01   1.9203612e-01   4.6912068e-01  -3.7530572e-01   1.0024880e-01   1.7486263e-01   4.3507287e-01   6.7462679e-02   7.2592056e-01   3.9999317e-01   5.0133223e-01   4.0789422e-01   6.9601214e-01   4.3214990e-01   5.5241230e-01   2.1418136e-01   3.5881451e-01   4.3469186e-01   4.9460510e-01   0.0000000e+00   2.8782228e-01   5.3248560e-01   7.5013373e-02   0.0000000e+00   1.3408429e-01   2.2229390e-01   2.8585522e-01   2.2457048e-01   4.6994560e-01  -1.8234128e-03   7.2260065e-01   3.0478905e-01   1.2947195e-01  -3.6378041e-02  -1.2813741e-01  -1.4406242e-01   6.0933055e-02  -5.6661392e-02   2.8641009e-01   1.9160198e-01   8.7388128e-02  -8.2279135e-02  -4.5110971e-01  -4.0016544e-02   0.0000000e+00   0.0000000e+00  -1.2586461e-01   0.0000000e+00   1.1637742e-01  -3.0477889e-01  -3.7667660e-01  -1.5840535e-01  -2.0474271e-01   4.1206055e-02  -3.1534889e-02   5.5300547e-01   5.2022247e-02  -1.2697318e-01   5.9540376e-02  -5.6151212e-02   4.6880057e-02  -1.0115286e-01  -2.1769509e-02   1.1236383e-01  -2.4298763e-01  -2.2636242e-01  -2.4342472e-03   1.8481253e-01   4.1161764e-02  -3.0535371e-02   9.0533237e-02   3.3036108e-02  -9.1198627e-03   4.1344748e-02  -1.3919536e-01  -2.4120997e-01   1.4513249e-01  -4.9464945e-03   3.9569735e-01   1.6682104e-01   1.6029065e-01   9.4811674e-02   1.8894513e-03   2.2840593e-01  -2.2192629e-02  -7.8871920e-02  -1.8671391e-02   0.0000000e+00   1.3465472e-02  -1.7761731e-01   3.0645522e-01
