   0.0000000e+00   0.0000000e+00   0.0000000e+00   1.6622848e-01   8.1567914e-02   5.1107368e-02   2.6282769e-01   1.1236530e-01   2.9933818e-01  -5.0316800e-02   2.9710103e-01   8.2986059e-02  -1.2211028e-01  -1.9648568e-02  -2.6439907e-02   3.0123975e-02  -2.2613745e-02  -4.5502091e-02   2.4639837e-01  -9.9841381e-02  -1.0521999e-02  -3.8974474e-02  -6.7393345e-03   3.3584816e-02   5.1463242e-02   2.7383933e-02   7.5673135e-03  -3.8026295e-02  -1.1047368e-01  -7.9171158e-02   1.0040422e-02   1.4649503e-02   5.7848298e-02   2.0905862e-02  -1.0025569e-01   2.8569218e-02  -1.0239729e-01   9.9299931e-02  -6.9315272e-03   1.6807097e-01   6.7607883e-02   9.4594726e-02   1.8138720e-01   1.3527337e-01   6.9523743e-02  -2.5319846e-02  -6.6370661e-02   3.2553715e-02   3.7901894e-02   1.4725046e-01   0.0000000e+00  -5.5189113e-02   1.9323322e-01   8.9920167e-02   1.5369537e-01   4.5960080e-02  -8.7289147e-02   6.5069008e-02   8.3224371e-02   1.1595240e-01  -1.8608473e-02   2.8466841e-02   1.3012162e-02   1.8895894e-01   6.1546978e-02   1.0967188e-01   1.5596403e-01   3.3238640e-01   2.1890095e-01  -6.5109015e-02  -1.1521427e-02  -5.8004688e-02   6.3580874e-01   1.7596099e-01   3.2709057e-01   1.8910798e-01   1.6553633e-01   3.8373392e-01   9.5978638e-02   1.2821565e-01   1.2002165e-01   1.5338050e-01   1.3521267e-01   1.2444037e-02  -6.8401648e-02   8.9875476e-02   1.4569339e-01   1.0602500e-01   2.5386749e-01   1.1774941e-01   1.9263439e-01  -9.0996567e-02   1.5589517e-01   1.3389928e-01   1.9630388e-01   1.9240285e-01   3.0321906e-01   3.0467323e-01   2.7534498e-01   2.6111077e-01   3.1019956e-01   2.2856048e-01   2.5248774e-01   1.4686343e-01  -5.4548602e-02   2.6429603e-02   2.0051745e-01   9.0332083e-02   8.3293234e-02   1.8410857e-01   1.2657715e-01   1.1762260e-01   1.5420653e-02   4.8971204e-02   0.0000000e+00   1.1037644e-01   1.0031889e-01   1.2973866e-01
   0.0000000e+00   0.0000000e+00   0.0000000e+00   0.0000000e+00   0.0000000e+00   0.0000000e+00   0.0000000e+00   0.0000000e+00   0.0000000e+00   0.0000000e+00   0.0000000e+00   0.0000000e+00   0.0000000e+00   0.0000000e+00   0.0000000e+00   0.0000000e+00   0.0000000e+00   0.0000000e+00   0.0000000e+00   0.0000000e+00   0.0000000e+00   0.0000000e+00   0.0000000e+00   0.0000000e+00   0.0000000e+00   0.0000000e+00   0.0000000e+00   0.0000000e+00   0.0000000e+00   0.0000000e+00   0.0000000e+00   0.0000000e+00   0.0000000e+00   0.0000000e+00   0.0000000e+00   0.0000000e+00   0.0000000e+00   0.0000000e+00   0.0000000e+00   0.0000000e+00   0.0000000e+00   0.0000000e+00   0.0000000e+00   0.0000000e+00   0.0000000e+00   0.0000000e+00   0.0000000e+00   0.0000000e+00   0.0000000e+00   0.0000000e+00   0.0000000e+00   0.0000000e+00   0.0000000e+00   0.0000000e+00   0.0000000e+00   0.0000000e+00   0.0000000e+00   0.0000000e+00   0.0000000e+00   0.0000000e+00   0.0000000e+00   0.0000000e+00   0.0000000e+00   0.0000000e+00   0.0000000e+00   0.0000000e+00   0.0000000e+00   0.0000000e+00   0.0000000e+00   0.0000000e+00   0.0000000e+00   0.0000000e+00   0.0000000e+00   0.0000000e+00   0.0000000e+00   0.0000000e+00   0.0000000e+00   0.0000000e+00   0.0000000e+00   0.0000000e+00   0.0000000e+00   0.0000000e+00   0.0000000e+00   0.0000000e+00   0.0000000e+00   0.0000000e+00   0.0000000e+00   0.0000000e+00   0.0000000e+00   0.0000000e+00   0.0000000e+00   0.0000000e+00   0.0000000e+00   0.0000000e+00   0.0000000e+00   0.0000000e+00   0.0000000e+00   0.0000000e+00   0.0000000e+00   0.0000000e+00   0.0000000e+00   0.0000000e+00   0.0000000e+00   0.0000000e+00   0.0000000e+00   0.0000000e+00   0.0000000e+00   0.0000000e+00   0.0000000e+00   0.0000000e+00   0.0000000e+00   0.0000000e+00   0.0000000e+00   0.0000000e+00   0.0000000e+00   0.0000000e+00   0.0000000e+00   0.0000000e+00
   0.0000000e+00   0.0000000e+00   0.0000000e+00   0.0000000e+00   0.0000000e+00   0.0000000e+00   0.0000000e+00   0.0000000e+00   0.0000000e+00   0.0000000e+00   0.0000000e+00   0.0000000e+00   0.0000000e+00   0.0000000e+00   0.0000000e+00   0.0000000e+00   0.0000000e+00   0.0000000e+00   0.0000000e+00   0.0000000e+00   0.0000000e+00   0.0000000e+00   0.0000000e+00   0.0000000e+00   0.0000000e+00   0.0000000e+00   0.0000000e+00   0.0000000e+00   0.0000000e+00   0.0000000e+00   0.0000000e+00   0.0000000e+00   0.0000000e+00   0.0000000e+00   0.0000000e+00   0.0000000e+00   0.0000000e+00   0.0000000e+00   0.0000000e+00   0.0000000e+00   0.0000000e+00   0.0000000e+00   0.0000000e+00   0.0000000e+00   0.0000000e+00   0.0000000e+00   0.0000000e+00   0.0000000e+00   0.0000000e+00   0.0000000e+00   0.0000000e+00   0.0000000e+00   0.0000000e+00   0.0000000e+00   0.0000000e+00   0.0000000e+00   0.0000000e+00   0.0000000e+00   0.0000000e+00   0.0000000e+00   0.0000000e+00   0.0000000e+00   0.0000000e+00   0.0000000e+00   0.0000000e+00   0.0000000e+00   0.0000000e+00   0.0000000e+00   0.0000000e+00   0.0000000e+00   0.0000000e+00   0.0000000e+00   0.0000000e+00   0.0000000e+00   0.0000000e+00   0.0000000e+00   0.0000000e+00   0.0000000e+00   0.0000000e+00   0.0000000e+00   0.0000000e+00   0.0000000e+00   0.0000000e+00   0.0000000e+00   0.0000000e+00   0.0000000e+00   0.0000000e+00   0.0000000e+00   0.0000000e+00   0.0000000e+00   0.0000000e+00   0.0000000e+00   0.0000000e+00   0.0000000e+00   0.0000000e+00   0.0000000e+00   0.0000000e+00   0.0000000e+00   0.0000000e+00   0.0000000e+00   0.0000000e+00   0.0000000e+00   0.0000000e+00   0.0000000e+00   0.0000000e+00   0.0000000e+00   0.0000000e+00   0.0000000e+00   0.0000000e+00   0.0000000e+00   0.0000000e+00   0.0000000e+00   0.0000000e+00   0.0000000e+00   0.0000000e+00   0.0000000e+00   0.0000000e+00   0.0000000e+00
   1.6622848e-01   0.0000000e+00   0.0000000e+00   0.0000000e+00   3.0444680e-02  -5.6321280e-02  -1.0102507e-02   1.0048335e-02   3.9504423e-02   4.7787108e-02   3.9751462e-01   1.3383435e-01  -1.2138525e-02  -9.9590883e-02   9.4901766e-02   1.4454592e-02   9.7026391e-02  -8.5924410e-02   1.3613243e-01   3.8933375e-02   2.2588380e-01   8.7744691e-02   2.9053344e-02   3.5192800e-02   1.9953279e-01   5.3067213e-02   2.9356888e-02   3.5186766e-02  -7.7420246e-02  -5.2047105e-02   4.2233250e-02   7.2633326e-02   1.5212235e-03   6.9955416e-03   4.3067078e-02  -3.3156692e-02   5.2736208e-02  -2.3909318e-03  -2.1219675e-02   2.8457907e-01   1.0321110e-02  -6.9835394e-03   1.4694596e-01   1.7087928e-02   6.7677910e-02   1.5165696e-02   2.4218483e-02   9.9367293e-03   5.3979738e-02   1.0590484e-01   0.0000000e+00  -3.2359250e-02   4.6849563e-03  -6.5003965e-02   2.1662133e-02   2.1719518e-02  -1.4211740e-01   6.3185663e-02   2.6097622e-01   1.2516112e-01  -1.2708985e-02   3.2183770e-02   2.0847203e-02   1.3139412e-01   3.4889801e-02   1.2514436e-01   6.6520734e-02  -7.6438123e-03   3.9200865e-02  -1.7252303e-02   1.1346527e-01  -6.6983751e-02   1.4455652e-01   2.7940561e-02   1.0054213e-01   7.1151426e-02  -6.9573402e-02  -4.5545805e-02  -2.3572864e-02   8.3941067e-03   1.6041433e-02   2.0347403e-02   8.0447741e-02  -2.5880060e-02  -4.1255430e-02   1.7345186e-02   6.5727014e-02  -1.3520590e-02   1.9285788e-02   3.5090182e-02   5.2065677e-02  -1.5979932e-02  -1.8941577e-02  -3.9323210e-03  -3.0902030e-02   1.0156948e-01   3.4703496e-02   4.3490738e-02   8.6354627e-02   1.9019602e-01  -5.5765697e-02   6.2094328e-02  -3.0806597e-02   2.0746916e-01  -2.9109101e-02   5.7387993e-02   2.8340325e-02   1.1410462e-02   4.9660582e-02   4.7039145e-02  -2.3534089e-02   1.4394895e-01   5.3183182e-02   2.1420625e-02   0.0000000e+00  -4.3584801e-02   2.3686382e-03   4.9586721e-02
   8.1567914e-02   0.0000000e+00   0.0000000e+00   3.0444680e-02   0.0000000e+00   8.5295255e-01   3.3476792e-02  -5.9907287e-02  -5.6722977e-02   5.8077856e-02  -1.3663599e-01   3.4889269e-02   1.0917384e-01   6.5015318e-01   1.6432645e-01   1.1382798e-01   4.2489089e-01   3.6405575e-01   1.1995345e-02   1.7479171e-01  -1.4111717e-01   1.5464118e-01   2.2601699e-02   7.6398193e-02   2.6732446e-02   2.5335154e-01   5.8940289e-01   4.8466281e-01   5.3843195e-02  -2.8581702e-02   3.7234477e-01   3.4991469e-01   2.6946743e-01   2.4350972e-01   7.3795983e-02   2.4237845e-01   2.3812320e-02  -3.9870283e-02   1.2516663e-01   3.9097920e-02   8.8880705e-02  -4.2501550e-03   1.2006535e-01  -3.9078987e-02   3.3031806e-02  -2.5769643e-02   8.0665681e-01   2.9057705e-01   3.3331906e-01   4.5600733e-01   0.0000000e+00  -3.0647226e-03   5.9579757e-02   4.3998884e-01   1.2654883e-01   8.3624232e-02   5.4019839e-01   2.8241641e-02  -1.3331293e-01  -1.7323878e-02   9.2738718e-02   1.3685720e-01   9.2438937e-02   1.5397820e-01  -2.0374189e-02   1.3594472e-01   8.3573291e-02   1.1464776e-01   1.3089547e-01   2.2721905e-01  -7.9017559e-02   4.1215941e-01  -5.5972213e-02   1.8610406e-01   1.2067926e-01   1.5385966e-01  -1.2682842e-01   1.2485111e-01   4.1203774e-01   7.7433965e-02   5.5171140e-01   4.0679971e-01   3.9043910e-01   3.1145008e-01   2.3649939e-01   3.3720326e-02   3.4556153e-01   1.6308033e-01   6.0697894e-01   2.3321911e-01  -1.3900076e-02   3.7851188e-01   3.5141291e-02   2.3548446e-01   1.1760083e-01  -6.2777396e-02  -8.5703002e-02  -1.8917235e-01  -2.3820741e-01  -2.6214734e-01  -1.5538220e-01   7.4825714e-02  -1.6696556e-01  -3.1005067e-02   2.1126208e-01  -7.6561974e-03   5.2965077e-02  -5.6641481e-02   1.6396812e-01   6.6562692e-02   1.6668693e-02   3.5549380e-02   2.2417909e-01   2.2998462e-01   0.0000000e+00   3.5722109e-02  -2.2712977e-02   1.6287590e-01
   5.1107368e-02   0.0000000e+00   0.0000000e+00  -5.6321280e-02   8.5295255e-01   0.0000000e+00   1.0872879e-04  -4.5296209e-02   1.2902841e-02   4.3913141e-03  -1.9500854e-01   1.1558660e-02   4.5128533e-03   6.7954185e-01   2.8607274e-02   1.0855276e-02   1.8264530e-01   1.7348643e-01  -8.6827503e-02   7.8347428e-02  -2.3244587e-01   3.0897824e-02   7.6113687e-02   7.4831415e-02  -2.0845442e-02   2.5947397e-01   4.3177532e-01   2.6447277e-01  -6.5770087e-02  -3.6483074e-02   2.5834964e-01   2.1367581e-01   9.1913943e-02   1.1127779e-01  -2.6762105e-03   1.3310868e-01   1.2640031e-02  -1.0553138e-01   1.6885728e-02  -3.1764457e-02   7.8239556e-03  -9.2612346e-04   6.4341708e-02  -4.4884391e-02   1.1600326e-01  -9.9347025e-02   4.3239566e-01   1.2511857e-01   1.6360682e-01   3.0904077e-01   0.0000000e+00  -1.7252546e-02   2.0071140e-03   6.8611246e-01   9.4165000e-02   4.8265181e-02   3.6758874e-01  -3.6552702e-02  -2.7846721e-01  -7.9405904e-02   1.4938746e-01   1.2100360e-01   6.1480670e-02   1.0885797e-01   1.1214255e-02   1.2204960e-02   8.1869775e-02   8.8042262e-02   1.5325159e-01   1.0456959e-01   6.1677885e-02   6.9556763e-01  -9.6703419e-02   7.9217384e-02   9.3144312e-02   7.0052975e-02  -1.7121338e-02   2.7499589e-02   2.0079141e-01   1.2605896e-01   2.5206945e-01   1.8224281e-01   3.0640571e-01   1.8772461e-01   7.1321170e-02  -1.7316250e-02   2.8460245e-01   1.7486565e-01   2.4990607e-01   1.6495598e-01   8.9255562e-02   1.1618205e-01  -5.0033199e-02   1.1603861e-01   2.2180666e-02  -6.3903800e-02  -2.5647783e-02  -1.5805999e-01  -1.8840772e-01  -2.8935210e-01  -7.9444642e-02   1.3961758e-02  -8.9724750e-02  -1.6991261e-01   2.5158046e-02  -9.1651518e-02   6.5305600e-02  -9.3323512e-02   6.9684268e-02   1.0942285e-01   5.0863007e-02  -3.2755227e-03   2.2009047e-01   8.9571202e-02   0.0000000e+00  -4.6027443e-02  -3.4022104e-02   2.3399881e-01
   2.6282769e-01   0.0000000e+00   0.0000000e+00  -1.0102507e-02   3.3476792e-02   1.0872879e-04   0.0000000e+00   2.8869456e-02   1.1867932e-01   5.5089257e-02   5.6176524e-02   7.4905871e-02   1.6713503e-02  -5.0220682e-02   6.3109902e-02   2.9914936e-02   2.2664064e-01   2.3419430e-01   4.9537127e-01   2.3570742e-02   5.9325788e-02   7.1156169e-02  -1.4166042e-01   7.9807434e-03  -5.9425278e-02  -9.6918652e-02   8.0749171e-03   8.4912783e-02   1.9245632e-01   9.1028085e-05  -5.4070070e-02  -3.7374609e-02   4.2099372e-01   1.2794248e-01  -3.2925149e-02   8.0393736e-02  -1.3243230e-01   2.4350888e-01   1.9345770e-01   1.9454888e-01   3.8101195e-01   9.4002945e-02   4.8551293e-01   4.8480571e-01  -2.2841639e-01   2.8007810e-01   1.4437730e-01   3.2976553e-02   2.1931523e-02   5.9668535e-02   0.0000000e+00   2.8317543e-01   3.0175289e-01   2.1623910e-02   3.2076881e-02   6.2996534e-02   1.0622466e-01   1.5104827e-01   2.9151214e-01   4.5275162e-02   3.6566220e-02   6.8668779e-02   1.5371841e-01   2.5991020e-01   4.1434147e-02   4.3664381e-01   4.5186955e-02   2.0650847e-01   1.9815385e-01   2.5302176e-01   1.7707253e-01  -9.5431141e-02   4.4854336e-01   5.3914242e-01   1.5464741e-01   5.6142140e-02   4.4064925e-01   5.3109762e-01   2.7493485e-01   1.4752721e-01   2.5394533e-01   2.1603726e-01  -1.0413870e-01   1.6722680e-01   2.0283340e-01   2.4176110e-01   1.2674713e-01   1.7756247e-01   3.2787844e-01   1.0196253e-01   1.6687750e-01   2.4888038e-01   4.5325948e-01   1.8224290e-01   4.1326976e-01   1.3664846e-01   1.8494067e-01   2.6661834e-01   3.9565765e-01   1.3809785e-01   5.5221378e-01   2.7942938e-01   5.0824054e-01   1.9756755e-01   9.4331356e-02   8.7483932e-02  -1.5477832e-02   1.3844421e-01   4.8050709e-02   2.7562142e-01   2.1068892e-01   8.5780553e-02   5.8599819e-02   5.7175198e-02   0.0000000e+00   2.0206935e-01   9.9310572e-02   5.0531849e-02
   1.1236530e-01   0.0000000e+00   0.0000000e+00   1.0048335e-02  -5.9907287e-02  -4.5296209e-02   2.8869456e-02   0.0000000e+00   8.8327368e-02  -3.8566996e-02  -2.9618207e-02   1.9838720e-02  -2.8698471e-02  -4.0449905e-02  -6.0975454e-02   9.6757527e-02  -2.4529281e-01  -1.0172566e-01   1.8640355e-02  -1.7858454e-01   8.5660471e-03  -1.2348162e-01  -3.6992149e-02  -7.7538926e-02  -8.0346462e-04  -2.9204152e-01  -2.0132770e-01  -1.6094575e-01  -1.3064216e-01  -2.7366114e-01  -2.5191941e-01  -9.5277149e-02  -4.3795180e-02  -1.8901693e-01  -1.7818603e-01  -1.8954762e-01  -1.6704772e-01  -1.1324109e-01  -1.3583586e-01  -2.7426339e-01  -1.3673179e-01  -8.7449516e-02  -9.9407745e-02  -1.9312923e-01  -2.2975129e-01  -1.4632831e-01  -1.3425486e-01  -1.7013270e-02  -2.6576939e-01  -7.1597899e-02   0.0000000e+00  -1.3202120e-01  -7.6921797e-02  -2.6709723e-02   3.0265742e-02   4.9326939e-02  -1.2454796e-01   6.3092817e-02  -5.2976271e-02  -1.5937649e-01  -1.1685156e-01   1.2252778e-01  -9.5916714e-02  -6.2259760e-02  -7.7696549e-02  -7.3104211e-02  -6.1041145e-02   1.9083342e-01   3.9077497e-01  -3.2834599e-01  -4.1648629e-02   6.8249507e-02  -4.0433482e-02  -4.3896073e-02  -1.7593913e-01   1.7688915e-01   1.9963994e-01   7.0395685e-02  -1.5323812e-01   7.1877986e-02  -1.6356106e-01  -1.0073532e-01  -1.2002389e-01  -1.2116365e-01  -1.0221657e-01  -8.4746519e-02  -1.3096296e-01   1.4005713e-01  -5.4147060e-03  -1.3608021e-01  -2.5507343e-02  -1.2358904e-01  -5.5014937e-02  -3.7679751e-02  -2.6000132e-02   7.8359820e-02   1.2256699e-01   1.0204794e-01   2.3954102e-01   1.6854382e-01   1.3815314e-01   9.7065513e-03   1.1158950e-02  -1.7818065e-01  -6.4392420e-02   5.5023819e-01   2.1494752e-02   2.6300560e-02   1.8875163e-01   1.9630273e-01  -7.4203014e-02   7.0913698e-02  -9.9225752e-03  -9.8230800e-03   0.0000000e+00   3.1563506e-01   7.5184548e-01  -1.0928372e-01
   2.9933818e-01   0.0000000e+00   0.0000000e+00   3.9504423e-02  -5.6722977e-02   1.2902841e-02   1.1867932e-01   8.8327368e-02   0.0000000e+00  -4.4097279e-02   7.6970638e-02  -5.3617315e-02  -1.6463572e-01  -5.4196370e-02  -1.5017318e-01  -3.8189371e-02  -1.4573635e-01  -1.3413156e-01   1.5435929e-01  -1.2763670e-01  -4.9464822e-02  -5.4031596e-02  -4.4869888e-02   3.0956652e-02   6.0232402e-02   4.9360600e-02  -1.0687133e-01  -2.9591520e-02  -1.2586799e-01   2.1566484e-02   9.3094801e-02  -1.5733311e-02  -1.0322532e-01  -1.1168975e-01  -9.2571412e-02  -5.6183528e-02  -1.6587545e-02   6.7695901e-02  -1.4792617e-02   1.1165267e-01   1.2287301e-01   8.2759220e-02   1.6000113e-01   2.0063238e-01   1.8787066e-01  -1.1726765e-01  -2.6196401e-01  -7.7543412e-03  -2.1583935e-02  -1.0734391e-02   0.0000000e+00  -1.1450873e-01   1.9049015e-01   1.6010803e-01   5.2952161e-02   2.0899980e-02  -1.9434075e-01   2.4745191e-01   1.0044833e-02   2.4217125e-02  -5.6535435e-02  -6.2693634e-02  -5.5518901e-02   3.6625638e-02   6.2661051e-01   1.2572732e-03   6.7944931e-01   2.2320333e-01   2.6367547e-01  -1.5634163e-01   7.6447711e-02   1.2261197e-01   3.6192534e-01  -1.4955073e-02   2.9311923e-01   1.2851398e-01   1.6715961e-01   1.6165673e-01  -4.2187318e-02   2.3305940e-01  -6.5231843e-02   7.8272053e-02   5.3512529e-02  -6.3524862e-02  -2.0737560e-01   8.8145357e-02   7.5113613e-02   1.1754497e-01  -1.7414067e-02   4.1980543e-02   3.7633867e-01  -2.9668022e-01   1.4736127e-01  -9.4170890e-02   1.6609124e-01   2.8274254e-01   3.7429561e-01   4.4170425e-01   5.3382896e-01   1.7075770e-01   2.5929525e-01   7.7353313e-02   3.1107092e-01  -5.0957523e-02  -1.2901694e-01   4.8234812e-03   3.3565559e-01   1.9508745e-01   2.0765994e-01   3.6639348e-01   4.4029545e-01   8.5647696e-02   5.4958116e-02  -1.4327848e-01   0.0000000e+00   9.5167786e-02   7.9735367e-02   2.5944459e-01
  -5.0316800e-02   0.0000000e+00   0.0000000e+00   4.7787108e-02   5.8077856e-02   4.3913141e-03   5.5089257e-02  -3.8566996e-02  -4.4097279e-02   0.0000000e+00   7.2674297e-02   4.8300714e-01   1.5615795e-01  -7.6046834e-02   1.4293754e-01   2.1346541e-01  -6.0756706e-03   6.7594754e-02   1.6664347e-01   1.1460462e-01   1.4793398e-01   2.9605675e-01  -7.7996294e-02   1.8744309e-02   7.8525069e-02   2.8575436e-04   7.8765896e-02   1.4983112e-01   1.2868759e-01   4.4632002e-02  -2.4812605e-02   1.5856236e-01   3.1698172e-01   1.8299993e-01   8.9291781e-02   1.2452554e-01   3.1278585e-01  -1.4101090e-02   6.9198250e-04   6.6375430e-02   2.7408506e-01   1.3063786e-03  -3.6443111e-02  -6.0355310e-02   4.1628840e-02   6.7833849e-02   1.4930958e-01   1.3672461e-01   1.2069639e-01   2.2005926e-01   0.0000000e+00   1.7261792e-01  -1.7953799e-01  -2.1188459e-02   2.1663672e-01   2.2526152e-01   1.7569281e-01   7.6951449e-02   1.1053566e-01  -4.9440995e-02  -7.7360078e-02   3.7842935e-03  -1.2882293e-01   1.4126679e-01  -2.3942952e-02   1.7103098e-01  -2.7812244e-02   5.9011669e-02   3.6621391e-02  -1.9281453e-02  -2.2030488e-02  -2.6261512e-02  -1.6957270e-01   3.6649150e-02  -1.4112547e-01   2.0743199e-02   2.4182722e-02  -8.1967326e-02  -5.9339959e-02  -1.0871652e-01   8.8280028e-03  -3.4278271e-02  -8.0933253e-02   3.7556777e-02   2.7487914e-01  -8.2840325e-02   7.6943085e-02  -4.0013680e-03   8.3114301e-02   3.8412623e-03  -6.5224868e-02   1.6172261e-01  -1.5020344e-01   1.2848538e-01  -8.5472946e-03  -3.9444835e-02  -9.7418901e-02  -1.4702670e-01  -8.5985327e-02  -6.9552320e-02  -8.8875043e-02  -1.2317328e-01   4.3860423e-02  -1.2117839e-02   1.8636010e-01   4.5469905e-02  -2.6952441e-03   1.2895646e-01   3.0793251e-02   4.7379223e-02   9.3708652e-02   1.2305109e-01   1.4216217e-01   1.9145464e-01   0.0000000e+00  -5.5475351e-02  -9.9898945e-02  -2.9877388e-02
   2.9710103e-01   0.0000000e+00   0.0000000e+00   3.9751462e-01  -1.3663599e-01  -1.9500854e-01   5.6176524e-02  -2.9618207e-02   7.6970638e-02   7.2674297e-02   0.0000000e+00   1.0203469e-01   1.1129198e-01  -3.6464799e-01   2.6250590e-02   1.7001442e-01   3.2337816e-02   4.6272433e-02   3.2044374e-01   1.4915660e-01   2.8595509e-01   2.8356069e-02   1.2612767e-01   2.3465547e-02   4.9720023e-01   3.5203931e-02   1.3250472e-01   1.2371507e-01  -8.8439216e-02   8.7694961e-03   8.2015540e-02   2.1214746e-01   1.5372933e-01   1.3640962e-01   1.8378769e-01   1.5632449e-01   2.1547865e-01   5.2767061e-02   1.3197435e-02   5.1709885e-01   5.8663493e-02   7.8722492e-02   2.5191554e-01   6.7125950e-02   2.4233739e-01   4.0594562e-02  -1.3921851e-01   1.3719893e-01   1.5678391e-01   1.8782111e-01   0.0000000e+00   7.3406691e-02   4.4562277e-02  -7.9117717e-03   9.7336233e-02   1.7117577e-01  -1.5851400e-01   1.7240251e-01   5.8862655e-01   2.0664715e-01   3.5532255e-02  -1.3359516e-01  -3.9583307e-02   3.2372786e-01   5.7575855e-02   3.1836346e-01   9.5598310e-02   1.8829925e-01   9.7992124e-02  -3.8612698e-02   3.3679370e-02  -2.2741150e-01   2.6923579e-01   1.5312365e-01   1.1993347e-01   2.1194866e-01   3.7891481e-02  -5.5655903e-02   1.1745406e-02   7.8761610e-02   3.8938375e-02  -1.1516521e-02   1.1059405e-01   5.9252964e-02   1.2146507e-01   5.7260665e-02   1.4236924e-01   5.4204675e-02   8.5847235e-02   1.7706990e-01   7.4279221e-02  -4.4027831e-02   2.0226976e-02   2.0038221e-01   9.6809366e-02   1.4732490e-01   1.0696844e-01   1.5917043e-01   1.8554052e-01   4.1246007e-01   1.9517634e-02   2.1323895e-01  -9.0929367e-03   1.8901194e-01   1.3566248e-01  -9.5596303e-03   7.6637676e-02   8.8195140e-02   1.5776554e-01   1.2054014e-01   1.5340842e-01   1.5010319e-01  -4.4908729e-02   7.6281639e-02   0.0000000e+00  -1.4971982e-02  -1.0004959e-02   1.0537981e-01
   8.2986059e-02   0.0000000e+00   0.0000000e+00   1.3383435e-01   3.4889269e-02   1.1558660e-02   7.4905871e-02   1.9838720e-02  -5.3617315e-02   4.8300714e-01   1.0203469e-01   0.0000000e+00   4.8340140e-02  -1.0320290e-02   7.3790058e-02   3.5396915e-02   5.0852540e-02   9.6652963e-02   1.3691743e-01   7.7385830e-02   3.7344097e-02   1.8825214e-01   5.9429689e-02   5.8918936e-03   7.7744436e-02   2.6217338e-01   5.9601419e-02   2.8038248e-02   1.2541456e-02   7.0423639e-02  -1.5508596e-02  -1.5868845e-02  -2.0713134e-02   4.7769225e-02  -7.5307447e-02  -2.7957994e-02  -1.0628288e-01   6.2635812e-02  -4.5095103e-02   1.9058803e-01   1.0395623e-01  -1.0632398e-01   1.4212658e-01   1.0776103e-01  -8.8320791e-02   1.3889158e-01   1.7583295e-01   8.3810995e-02   4.2161873e-02   5.0233030e-02   0.0000000e+00  -3.1412312e-03   3.8767849e-02  -1.3272883e-01  -5.7068303e-02  -4.6661927e-02   7.0060572e-02   2.7919285e-02   1.5209883e-01   2.3532705e-01   3.2320301e-01   2.2763879e-01   2.2286049e-01  -8.0637346e-02  -4.4520520e-02  -4.7857508e-02  -7.2691001e-02  -1.1735795e-01  -3.3408244e-02   2.5861402e-01   1.1402047e-01  -1.6700768e-01   6.4658614e-02   6.1593317e-02   3.0197265e-02   1.9676156e-03   1.4083838e-01   1.6929752e-01   1.6977915e-01  -1.1380044e-01   1.3747333e-01   9.5797947e-02   9.3448301e-02   1.8129652e-01   4.3537525e-02  -8.3782784e-03  -3.1633875e-02  -1.9537323e-02   4.1867465e-02   8.1269650e-02   1.7470554e-02   1.5763088e-01   5.6832060e-02   1.0802294e-01   5.8088440e-02  -3.7744602e-02   4.9077154e-02   1.8477837e-02   4.1391912e-02  -2.9084318e-03   2.8894050e-02   4.2448213e-02   1.3989323e-01   2.6157989e-01   3.3885248e-02   4.8313102e-03  -6.1876940e-03   2.1677234e-01  -5.7431163e-03  -1.5798798e-01  -7.0729695e-02  -2.4266926e-02  -6.2640404e-02   2.9781071e-03   0.0000000e+00   1.5376818e-02   1.1263340e-02  -7.0133335e-02
  -1.2211028e-01   0.0000000e+00   0.0000000e+00  -1.2138525e-02   1.0917384e-01   4.5128533e-03   1.6713503e-02  -2.8698471e-02  -1.6463572e-01   1.5615795e-01   1.1129198e-01   4.8340140e-02   0.0000000e+00  -6.3688062e-03   2.0407098e-01   3.5384855e-01   2.5318863e-01   2.6406033e-01   1.3422764e-01   4.8505655e-01   1.3610600e-01   9.3425166e-02   1.7757902e-01   9.1460409e-02   1.3689633e-01  -2.8658461e-02   3.1670458e-01   3.1252419e-01   3.7510302e-01   2.1945857e-01   5.7885713e-02   3.3192053e-01   4.0343320e-01   2.6179035e-01   4.3839780e-01   3.1217190e-01   1.4978013e-01   1.9122242e-01   3.3490914e-01   4.8118274e-02   9.0193352e-02   3.7043123e-01  -2.8223209e-02   3.8106608e-02   5.0370990e-02   1.8504310e-01   2.8236192e-01   4.9792894e-01   3.6760753e-01   3.1149297e-01   0.0000000e+00   3.9156078e-01  -2.4007525e-01   1.6022757e-02   1.9727688e-01   4.6826972e-01   3.7961850e-01   8.4947175e-02   1.9092678e-01   4.0206760e-02   6.0668302e-02  -3.6956437e-02   5.9051883e-02   4.0317355e-01  -1.3520961e-01   2.8265031e-01  -2.3988579e-02   2.3562878e-02   2.6153757e-02   2.1952792e-01   1.9334993e-02  -8.5042533e-02  -1.7280446e-01   9.8879205e-02  -2.0459921e-01   2.4312343e-01  -3.0207563e-02  -1.6075692e-01   3.1990041e-02   5.1721491e-02   1.3881554e-01  -7.9288485e-02  -4.0733249e-02   3.9221512e-01   5.3311019e-01   2.3372164e-01   1.3467732e-01   1.0131148e-01   8.5274099e-02   2.1897519e-01  -1.2384553e-01   3.2713705e-01  -8.9362426e-02   3.0600469e-01   3.6095736e-02  -1.8486571e-01  -1.5392387e-01  -1.9138933e-01  -1.4373599e-01  -1.6856238e-01  -8.6970451e-02   8.6583665e-02  -5.4362933e-03  -4.3106198e-02   5.9590529e-01   1.2231540e-01  -1.8024414e-02   6.2431250e-02   2.4635489e-01   1.0351495e-01   1.1296259e-01  -7.1526661e-02   6.3502744e-02   3.7349084e-01   0.0000000e+00  -1.1674915e-01   2.2632409e-02  -4.2974456e-02
  -1.9648568e-02   0.0000000e+00   0.0000000e+00  -9.9590883e-02   6.5015318e-01   6.7954185e-01  -5.0220682e-02  -4.0449905e-02  -5.4196370e-02  -7.6046834e-02  -3.6464799e-01  -1.0320290e-02  -6.3688062e-03   0.0000000e+00   1.4409713e-01   3.3163115e-02   1.9562114e-01   1.6133242e-01  -1.3180055e-01   2.1824881e-02  -3.9621582e-01   1.4174051e-01   8.7680029e-02   9.0117517e-02  -2.2091447e-01   2.3515602e-01   2.8288988e-01   2.5748496e-01  -1.0945282e-02   3.4586914e-02   2.4638204e-01   2.2034079e-01  -2.2169142e-02   7.5404906e-02   4.6565801e-03   1.7667880e-01  -8.7184211e-02   1.6183910e-02   1.5670794e-01  -5.6187335e-02   8.3328096e-02   8.2921503e-04   7.5597877e-02   3.0953542e-02   2.7652132e-02   5.8576511e-02   5.2778854e-01   1.5088180e-01   1.1158322e-01   1.7010005e-01   0.0000000e+00  -2.1905811e-02   1.4110228e-01   4.6596721e-01   7.2728172e-02  -3.4455142e-02   6.1117534e-01  -6.4045928e-02  -3.6095030e-01  -1.0378107e-01   2.1924073e-01   3.3232301e-01   2.3071942e-01   7.7451678e-03  -2.3426778e-02  -2.8193876e-02  -1.0139067e-02   5.4288387e-02   8.3161772e-02   1.9819562e-01   7.2243009e-02   3.6168582e-01  -1.0025369e-01   1.0375785e-02   4.9456371e-02   1.2256668e-01  -2.3409718e-03   1.3819567e-01   2.8489626e-01   6.7806290e-02   2.5095689e-01   2.7488795e-01   3.5510271e-01   1.4027301e-01   6.0679918e-02   7.1345776e-02   1.7880591e-01   1.0637737e-01   2.4462079e-01   1.4354377e-01   1.0023093e-02   2.2863994e-01   1.1178074e-01   1.0031897e-01  -4.5050857e-03   1.0021369e-02   9.2746585e-03  -1.5342745e-01  -1.9404164e-01  -4.3646714e-01  -9.0522112e-02   1.4636571e-01  -9.9422202e-02  -2.3307803e-01   1.1770061e-01   1.3754598e-02   8.0532120e-02  -6.8574885e-02   1.4279568e-01   3.1028484e-02  -1.1363875e-01  -6.7953969e-02   2.1816016e-01   1.3584985e-01   0.0000000e+00   3.4760833e-02   7.2268102e-02   1.6959105e-01
  -2.6439907e-02   0.0000000e+00   0.0000000e+00   9.4901766e-02   1.6432645e-01   2.8607274e-02   6.3109902e-02  -6.0975454e-02  -1.5017318e-01   1.4293754e-01   2.6250590e-02   7.3790058e-02   2.0407098e-01   1.4409713e-01   0.0000000e+00   3.1775428e-01   3.3684780e-01   2.6015582e-01   1.6497118e-01   2.1975783e-01   7.5105767e-02   1.4334913e-01  -5.8939959e-02   5.3631591e-02   2.1056085e-02  -1.7161854e-02   2.4150544e-01   1.4657480e-01   2.8737790e-01   2.1543689e-01  -1.6953717e-02   1.1406941e-01   2.6412931e-01   1.5603168e-01   2.7053726e-01   3.0499320e-01   9.7385577e-02   3.0710240e-01   2.4506541e-01   1.3352900e-01   1.8510803e-01   2.5042653e-01   7.8384375e-03   1.5786703e-01   5.4724098e-02   3.5073144e-01   3.7409673e-01   3.9187586e-01   1.4913789e-01   2.5126940e-01   0.0000000e+00   3.1527437e-01   5.8960952e-02   6.3554718e-02   3.8146759e-01   3.4761080e-01   3.5157538e-01   4.5811891e-02   2.2099291e-01   3.6971875e-02   5.8096915e-03   1.3698812e-02   1.4160318e-01   3.7145620e-01   6.9739969e-03   3.1910132e-01  -5.1287267e-02  -3.8325928e-02  -1.2225737e-02   1.9431527e-01  -1.8345058e-02   9.7749000e-03  -3.8569093e-02   1.3688594e-01  -2.7779294e-02   9.2086545e-02   2.1752163e-02   7.3035316e-02   1.2300317e-01  -1.9627529e-02   2.0160049e-01   6.6411557e-02  -1.9541147e-03   1.2504372e-01   2.9607908e-01   1.8143121e-01   6.1782176e-02   2.4659599e-02   1.2658647e-01   1.7288354e-01  -1.5958526e-01   3.5179571e-01   8.3575472e-02   2.0310320e-01   1.5043694e-01   4.1439837e-02   5.0106029e-02  -8.1864573e-02  -1.6516314e-01  -8.3906813e-02  -2.8729420e-02   8.9131927e-02   2.7695714e-02   8.7901172e-02   2.9547050e-01   1.7520340e-01   3.2624017e-02   1.3254521e-01   6.9891441e-02  -5.7721619e-02   4.5418476e-02   2.4030859e-01   3.8624525e-01   5.5167716e-01   0.0000000e+00   1.0084195e-02  -1.6321805e-02  -6.0538657e-02
   3.0123975e-02   0.0000000e+00   0.0000000e+00   1.4454592e-02   1.1382798e-01   1.0855276e-02   2.9914936e-02   9.6757527e-02  -3.8189371e-02   2.1346541e-01   1.7001442e-01   3.5396915e-02   3.5384855e-01   3.3163115e-02   3.1775428e-01   0.0000000e+00   1.9784312e-01   1.9883342e-01   2.2636551e-01   3.2164989e-01   1.5700316e-01   1.3360652e-01   6.9328071e-02   8.5881299e-02   1.6636776e-01  -2.2642948e-01   3.4898582e-01   3.1894417e-01   3.7960429e-01   1.4878473e-01   1.7078826e-02   4.2454119e-01   4.1691390e-01   2.3208815e-01   4.5910684e-01   4.1349695e-01   4.6624616e-01   2.1999521e-01   3.1456640e-01   5.3654088e-02   2.6886995e-02   3.3290762e-01  -1.0103336e-01  -6.1167012e-03   1.0675870e-01   2.3102922e-01   2.8093973e-01   5.9278224e-01   3.5823352e-01   3.7599001e-01   0.0000000e+00   4.4610303e-01   5.6351708e-03   2.4314346e-01   7.9632819e-01   7.2920806e-01   4.3205436e-01   1.9725354e-01   2.1366551e-01  -1.2169593e-01  -1.9121842e-01  -6.0485121e-02   7.3203428e-02   4.4377556e-01  -2.3764127e-02   4.2221473e-01   3.3813825e-02   1.3182529e-01   7.4465664e-02  -1.2072599e-02   1.0461499e-02   1.3090489e-02  -1.6430663e-01   1.9166183e-02  -8.9499593e-02   2.7538001e-01  -8.8393615e-03  -8.8093396e-02  -8.1069132e-02   1.2476795e-02   3.5804448e-02  -7.0456812e-02  -2.6279164e-02   9.1570351e-02   5.5230087e-01   2.6467307e-01   3.9377969e-02   9.4519285e-03   7.4876322e-02   2.0867641e-01  -1.7357581e-01   3.2098878e-01   1.0591596e-02   3.2616594e-01   5.1539711e-02   5.6409037e-02   1.6624981e-02  -8.2286884e-02  -9.2656745e-02   1.2714379e-01   3.0167150e-02   2.0244005e-01   5.7813467e-02  -4.5807062e-02   6.2221799e-01   2.3268355e-01   6.7491680e-02   3.0924244e-01   4.1536829e-01   1.8964709e-01   2.1723133e-01   9.5202116e-02   1.8756032e-01   6.4626056e-01   0.0000000e+00  -1.9179363e-01   1.0933957e-01  -1.1805797e-01
  -2.2613745e-02   0.0000000e+00   0.0000000e+00   9.7026391e-02   4.2489089e-01   1.8264530e-01   2.2664064e-01  -2.4529281e-01  -1.4573635e-01  -6.0756706e-03   3.2337816e-02   5.0852540e-02   2.5318863e-01   1.9562114e-01   3.3684780e-01   1.9784312e-01   0.0000000e+00   6.9609202e-01   9.4447390e-02   5.4057371e-01   7.8850201e-02   2.4320198e-01   3.4514989e-02   1.1583009e-01   5.6376188e-02   1.6822057e-01   4.5812156e-01   3.9520767e-01   3.4063909e-01   2.8447286e-01   2.1505804e-01   2.7862578e-01   4.2887015e-01   3.8794182e-01   4.2206364e-01   3.6805740e-01   4.7061575e-02   3.7526830e-01   3.8831559e-01   3.6720121e-01   2.1818527e-01   2.5303530e-01   3.2336586e-01   1.5799767e-01  -1.5985010e-02   4.4028355e-01   6.6146229e-01   3.9486544e-01   3.4134224e-01   3.2777783e-01   0.0000000e+00   3.2803832e-01   1.6510988e-01   1.6369903e-01   2.2248090e-01   1.8222087e-01   4.9275086e-01   4.3720643e-03   1.7912022e-01   1.4716913e-02   1.5557904e-01   3.8258788e-02   2.3414690e-01   3.6154976e-01  -7.6526607e-02   3.8758700e-01  -1.0129589e-01  -1.0726888e-01  -6.0300978e-02   6.3739345e-01   5.2000707e-02  -1.9721396e-02   4.1775858e-02   3.6009457e-01   1.3022082e-01   4.8037511e-02  -1.1701785e-02   1.5249834e-01   3.7575279e-01  -2.2469230e-02   4.2132057e-01   1.8484521e-01   5.6525707e-02   4.1739973e-01   4.3772133e-01   2.9865784e-01   2.5255775e-01   4.1029947e-02   3.5575342e-01   3.5875340e-01  -1.2548957e-01   6.5593729e-01   2.5964608e-01   2.3454979e-01   1.6808929e-01  -2.7728454e-03  -1.3464667e-02  -1.2844976e-01  -1.8122547e-01  -8.0075413e-02  -1.8499104e-02   3.2485697e-01  -1.1660524e-02   2.1213921e-01   3.2195843e-01  -2.4480750e-02  -3.0622141e-02   3.9760724e-02   4.0335066e-02  -7.2715091e-02  -3.1525986e-02   3.9917365e-02   2.2572357e-01   3.8446872e-01   0.0000000e+00  -4.9537831e-02  -1.4729689e-01  -7.1732753e-02
  -4.5502091e-02   0.0000000e+00   0.0000000e+00  -8.5924410e-02   3.6405575e-01   1.7348643e-01   2.3419430e-01  -1.0172566e-01  -1.3413156e-01   6.7594754e-02   4.6272433e-02   9.6652963e-02   2.6406033e-01   1.6133242e-01   2.6015582e-01   1.9883342e-01   6.9609202e-01   0.0000000e+00   2.7283110e-01   4.2926315e-01   9.8716536e-03   1.8148522e-01  -1.2465529e-02   3.3521431e-02   6.1261455e-02   1.8940211e-01   4.1029616e-01   3.5140955e-01   3.6333315e-01   2.9479992e-01   1.8477267e-01   2.8554216e-01   4.0827617e-01   4.0023857e-01   3.7021824e-01   3.6447869e-01   2.5111982e-02   3.1509169e-01   3.2923770e-01   2.2672658e-01   2.4455401e-01   2.1462135e-01   2.5413360e-01   1.2774625e-01  -8.7805154e-02   3.6883698e-01   5.8052217e-01   4.5533249e-01   3.5682494e-01   2.8498534e-01   0.0000000e+00   3.2510390e-01   1.0136778e-01   1.5104464e-01   2.3316037e-01   1.8735292e-01   5.3003386e-01   1.1191461e-01   1.9172066e-01   1.3384356e-01   1.8277228e-01   3.9066736e-02   2.2061658e-01   2.8578685e-01  -8.4650546e-02   3.4910639e-01  -8.7336222e-02  -2.3439226e-02   6.5175868e-03   5.6226717e-01   4.0023460e-02   2.0202601e-02   4.5292473e-02   3.4768255e-01   1.1718909e-01   1.1142049e-01   8.0094450e-02   1.6711663e-01   3.7693992e-01   1.0904744e-02   3.8099794e-01   2.3049044e-01   5.1719190e-02   5.5920938e-01   4.3702783e-01   2.0975740e-01   2.5597965e-01   5.4114166e-02   2.8241405e-01   2.7670901e-01  -8.2136729e-02   6.1410037e-01   1.6434243e-01   2.6203188e-01   2.2026297e-01  -5.1641121e-02  -1.0159753e-01  -1.3228283e-01  -1.4810318e-01  -9.2946324e-02   2.4795557e-02   2.5902665e-01   1.3315064e-02   2.0800968e-01   3.2441244e-01   8.3880106e-03   9.0830154e-02   2.7145426e-02   9.3290947e-02  -2.9708804e-02   5.0445020e-02   1.5972336e-02   1.4600804e-01   2.9983159e-01   0.0000000e+00   2.3272505e-02  -4.1402683e-02  -1.2661717e-02
   2.4639837e-01   0.0000000e+00   0.0000000e+00   1.3613243e-01   1.1995345e-02  -8.6827503e-02   4.9537127e-01   1.8640355e-02   1.5435929e-01   1.6664347e-01   3.2044374e-01   1.3691743e-01   1.3422764e-01  -1.3180055e-01   1.6497118e-01   2.2636551e-01   9.4447390e-02   2.7283110e-01   0.0000000e+00   1.4672303e-01   4.6501478e-02   1.2518823e-01  -6.1892108e-02  -6.7602876e-02   5.0853481e-02  -8.1054202e-02   6.4513856e-02   1.9058361e-01   1.9367670e-01   1.7711754e-01   7.2523405e-04   2.2793675e-01   3.8023551e-01   2.3816029e-01   2.5338178e-01   2.8233964e-01   6.0942677e-02   3.2452485e-01   3.0539850e-01   3.9225371e-01   3.6683817e-01   3.4279469e-01   3.7858846e-01   2.7707936e-01   1.4076987e-02   2.8759114e-01   1.9423687e-01   2.8635585e-01   1.5842499e-01   1.8217391e-01   0.0000000e+00   3.8222699e-01   1.5996500e-01   1.0982963e-01   1.7078449e-01   3.0017469e-01   1.2181217e-01   2.2479505e-01   5.0751561e-01   1.4534902e-01  -5.5486748e-02  -5.1562833e-02   5.0089314e-02   3.7978982e-01   9.4779309e-02   5.3078267e-01   1.5540729e-01   2.3592325e-01   1.7730611e-01   1.4633621e-01   1.2831585e-01  -1.0251454e-01   3.4663400e-01   3.7297714e-01   1.4296125e-01   2.2408852e-01   1.5363498e-01   1.7490888e-01   1.3592260e-01   1.4988218e-02   9.3823348e-02   1.8384100e-01  -1.6164738e-03   1.0631846e-01   3.4435186e-01   2.7247880e-01   1.6341656e-01   2.1470109e-02   1.8532689e-01   1.7485774e-01   1.6664672e-01   2.7040893e-01   1.5808852e-01   3.7439855e-01   3.7700220e-01   7.5217012e-02   3.4164796e-02   1.3755058e-01   2.7517980e-01   2.0128364e-01   2.5164546e-01   2.2503255e-01   2.6673267e-01   1.9705471e-01   3.2318246e-01   5.4758062e-02   9.0463365e-02   2.3685053e-01   1.3778916e-01   2.7596397e-01   2.3505649e-01   8.0398985e-02   3.0213432e-02   1.4370741e-01   0.0000000e+00   8.5653993e-02   4.5888859e-02   4.6382725e-02
  -9.9841381e-02   0.0000000e+00   0.0000000e+00   3.8933375e-02   1.7479171e-01   7.8347428e-02   2.3570742e-02  -1.7858454e-01  -1.2763670e-01   1.1460462e-01   1.4915660e-01   7.7385830e-02   4.8505655e-01   2.1824881e-02   2.1975783e-01   3.2164989e-01   5.4057371e-01   4.2926315e-01   1.4672303e-01   0.0000000e+00   1.8618327e-01   2.4999703e-01   5.1779132e-02   8.5706969e-02   1.6706102e-01   1.7076533e-01   5.3629653e-01   5.0900836e-01   4.0567115e-01   3.9396354e-01   2.5047684e-01   4.7768341e-01   4.6511751e-01   5.5340159e-01   7.6264839e-01   4.5765532e-01   9.4473185e-02   2.7362962e-01   2.8533516e-01   2.9204135e-01   1.2440178e-01   3.2441628e-01   1.0996923e-01   3.3263242e-02   2.0194314e-01   2.1754470e-01   3.8574218e-01   4.9811211e-01   4.7097037e-01   3.9371455e-01   0.0000000e+00   3.0153543e-01  -1.7128836e-01   5.4975303e-02   3.2440908e-01   4.0220644e-01   5.1687419e-01   1.6118465e-01   1.9356938e-01   7.4377005e-02   1.7762625e-01  -1.2765122e-01   6.7562101e-02   4.3301420e-01  -3.6130132e-02   3.0695836e-01   9.9553549e-03  -1.1635703e-01  -1.1081468e-01   5.5030038e-01  -2.7958834e-02  -1.2687314e-01  -2.1289459e-01   2.0364905e-01  -1.1829517e-01   1.4885120e-01  -8.7589294e-02  -2.3735134e-01   2.2141581e-02   8.1581153e-02   1.9134661e-01  -1.2485083e-01  -1.4696788e-03   5.9653837e-01   5.4781217e-01   2.4444257e-01   2.7150456e-01  -2.0610888e-02   8.9652048e-02   3.9209323e-01  -2.2832670e-02   4.7305704e-01  -9.0867834e-02   1.6252182e-01   2.0416814e-02  -1.3452049e-01  -9.5639735e-02  -2.8170157e-01  -2.1965140e-01  -1.1792333e-01  -2.2584902e-01   1.0812859e-01  -5.7858627e-02   8.0416440e-02   3.7375136e-01  -3.3122077e-02   6.2864405e-02   4.5313901e-02   7.5375014e-02  -4.2282547e-02   5.9511908e-02  -1.3665284e-03   5.0080310e-02   4.1495566e-01   0.0000000e+00  -2.1085823e-01  -1.0503813e-01   6.0053480e-02
  -1.0521999e-02   0.0000000e+00   0.0000000e+00   2.2588380e-01  -1.4111717e-01  -2.3244587e-01   5.9325788e-02   8.5660471e-03  -4.9464822e-02   1.4793398e-01   2.8595509e-01   3.7344097e-02   1.3610600e-01  -3.9621582e-01   7.5105767e-02   1.5700316e-01   7.8850201e-02   9.8716536e-03   4.6501478e-02   1.8618327e-01   0.0000000e+00   1.0888409e-01  -5.0436920e-03   9.6474519e-02   4.6814242e-01  -2.4158020e-03   5.5144381e-02   7.5739657e-02   1.7520624e-01   5.5030028e-02  -7.0818539e-02   8.5721224e-02   1.3200593e-01   6.1620502e-02   2.0913267e-01   5.9964497e-02   1.0598300e-01   1.4343445e-01   2.4634792e-02   8.8714652e-02   6.5786927e-02   7.8337713e-02  -1.6445577e-02   6.0578356e-02   2.8295971e-02   1.7991296e-01  -4.2518498e-02   1.0297084e-01   5.2832796e-02   8.0594288e-02   0.0000000e+00   1.1185339e-01  -5.6530448e-02  -1.8141285e-01   5.1983812e-02   9.8378218e-02  -3.7235198e-02   2.2938509e-02   2.6329824e-01  -1.8094069e-01   1.4721281e-02   4.1526107e-02   5.8748995e-02   1.1909402e-01  -4.7987854e-02   1.1380659e-01  -2.5212363e-02  -1.0215476e-01  -9.2916053e-02   6.0766105e-02   3.0258009e-02  -1.9764488e-01  -4.1707866e-02   7.5329272e-02   2.0275360e-03  -4.3169327e-02   4.4618987e-02  -8.7077361e-02  -5.2971753e-02   1.4005921e-02   1.0940777e-02  -5.0356304e-02  -1.1305372e-01   7.7100704e-02   1.8677054e-01   1.2006827e-01  -2.2403690e-02  -1.8621112e-02  -3.5657698e-02   5.9223867e-02  -5.4313037e-02   1.2302090e-01  -3.1327149e-02   1.0976739e-02   2.1058311e-02   3.5022911e-02   5.7842868e-02   1.6177455e-01   8.4351121e-03   3.7053033e-01   1.1165056e-02   6.4497475e-02   7.9815738e-02   8.3727663e-02   1.3938923e-01   9.0009577e-02  -5.7745134e-02   8.9118270e-02   3.0040541e-02  -6.4582611e-02   6.3610265e-02   1.0054667e-01  -8.3329477e-02   1.1848309e-01   0.0000000e+00  -8.3218977e-02   1.9629147e-02  -9.1971967e-02
